326665662
1262776610
4384194979
21497872
1664387664
2880411169
910590307259043840
780630807631138816
1003006431543558146
837077888134443008
172033952
155357275
988586813743878144
4343137167
2352186526
813640928
971336343405170688
961363572872896512
985421928973430784
997439983265943553
48971936
815501598847856640
4709584942
1663580828
225403195
39096856
989664672465989633
905843005105598464
712685425941487616
3044674169
14481746
988047216744058880
981191238991925249
996573756385648640
911577610261549056
867359492
976856036022849536
997417211584286721
994328110135955461
861554889297711108
308684183
70479143
846446462703734789
707286812427993088
793139430697668610
973928839083626496
996779926060756992
868226643529281536
973679263613366272
2467732853
996583798799323137
14993272
995332758439415808
727575818088632320
993874422275690496
236917670
728274836557008897
183318592
978590667319463938
212923945
2960402519
846061952216522753
296387250
472187162
933651841841291265
995610794686599169
842154691765145600
856489901235343362
4836255562
982630903720632326
4821253223
885795567200325633
870567764133597184
947902807545466880
314594256
979963426847027200
3684823528
72142725
1029744438
54224210
586879009
1280860466
992427299596271617
937045569184370691
725777824360071168
3300491625
2460353955
23989387
3361962014
952886929804193792
3027366755
2778437531
984170527983054850
970046270311190530
975840851103485952
917389141033324544
711927183107891200
395530325
976108696056094721
768067238779883520
790594554311376896
596691425
951161257561935872
757490905
985907524552585216
985907789221564416
391318757
41308606
824989213628178432
442403228
3840920249
635728893
706056685836759041
985834606648799232
2278226682
881430337850667008
408563576
935885238852517888
2878654509
983685746199617536
760983343605223424
875189381870477312
2717616195
986520554353152001
2978336441
20675346
895383908023455746
236866598
985492176934260737
771426049741746176
966312534683930625
982453443808956416
1268626148
18284850
313199716
759724802785423360
3233351129
431589276
75030804
1079145026
4753821675
238071433
28365943
982306468350386177
956142350123847680
954348429127319552
973479352301117441
143391000
34247411
857647784153014273
3248838311
963808592544632834
981073059166785536
19243536
28076664
2870983977
873487517487702023
978724564820783107
2745576409
980554646623346688
551689231
723568084162883585
932961168746012672
979541305779945472
86023020
722410938280894465
1375030639
252870678
2976740399
434149284
976549365639733248
3400982513
931562672335802368
977838070463631360
971839300949217280
854406524
911631304097243137
777872554564411392
847875079547625473
973305733587652609
3132694567
971201018871648256
3196020711
908026134079647763
790878006826962944
428547835
962725569824780289
1099080674
932256433688649728
972358173104443392
710442619516657664
952182293233307648
3121646975
4748698525
1631278795
976839404403810310
973855368412585984
312853479
576530903
2904210134
976134977749438464
950643061620727808
965347467947540480
967368654965936129
200980447
84114065
523554201
430619777
928507326163595266
320075522
709095893916635137
957599026274324480
906514698396368896
2279973489
893730882024079360
968686099882299392
1693831574
972018678718959617
966694267631685634
972622344794583042
972415404856487936
965339043012759554
67333343
733917059634081792
971679194575986690
968741584266199041
971051993463697408
970522243561345024
951929373057257477
956295219972014081
126873172
967373901432049669
209594633
920246109653651456
841753372495646721
2861789108
904330981804519425
951759955291500544
940553509614866433
40540782
545088857
958354082057646080
967917522883313664
2576868105
1349310631
19453808
22247127
3258790142
624131846
1314584706
108693822
185386886
20159794
4845041729
411530185
1853853918
218257109
29455155
2370627199
301084082
339792676
415600624
277669385
1909915657
59470999
122691469
963923861573111809
533920753
955788726394851329
963324550955044864
945648378515415041
964667492869246977
405005102
2554814694
335903265
743250751166636032
464522074
429401264
953234150026129409
910129532983799808
825412314509762561
2745516207
20377236
961333655451955201
960165710830895104
891599460
782944208965476353
773058357066358784
746623374835724288
742780442592579584
959790916012773376
956559534948081665
957583292609462272
167146354
237768009
948658429865938945
697900361626083328
2370519739
924379686150529025
4882743003
947217648055615491
956435394748387328
956001086011256832
929731351301017600
31137881
636923419
1961043109
951222939113938944
952184816182710272
414070898
3323433773
2381051491
4175550795
950774338357096448
897516717139791874
943815002376540160
809911429520388096
729678127585185792
263084216
947136967388655617
943818490695311360
437364477
3698081355
805016052
943490638926008320
943489481440718849
943466370351751168
726295364211490816
942604971467345920
907660600905519104
801536263132237833
940139563363782656
3047268466
941716642513354752
873099024865280006
1438413150
373311917
74810798
400155136
924161266830024704
915810772470554624
932218763587604480
938528537321013248
84146673
723561230967906304
936636610375905280
56452684
1618403126
1550068753
144582977
936705989063135238
936695672929218563
936672753729409024
934795938094346243
898485524112916482
934827362239369217
934678026884911104
934574243001651201
934507010749583360
85859293
932579510918184961
168770976
931240495707238400
931887693289721856
591199720
928779767175933952
925087999737688067
931996710154403840
931208383985848320
4017224103
3061341219
209304686
930531536402821120
927554542685827072
929756780384718848
928925243422392320
889516827717636096
929685813302124544
929433051297452033
922067480612360193
2893184481
929307687120187392
753777535
878797830277693440
120531114
2264983748
86868062
925330173762920448
916684818913435649
588244020
926851806642212864
924385299597230080
917021311800696832
924651429964517377
389679244
893992675430375424
2967922611
921852897264132096
920759227798388737
921658254949744640
881978950943211520
921074754215391232
882697721492246529
860596592646205444
732869022002388993
4344929487
1110475417
2170050756
917005430446051328
70702774
747353564
912150277548941312
919281844729901057
919121864504602625
165062546
916635798191079424
748450905578668034
844959383633219586
559281016
1357018698
1447205173
3190952669
913013858205409280
747910859675033602
1308836335
720585104821719041
2552720712
3315137943
901182578790739969
246886684
793658798
909153538202329092
882395736800993280
310187810
31095945
771980702631993344
814200644051603456
636722307
2235420089
214614191
905251182800773120
2794133372
3047925973
634080378
825479078019002376
112384476
2200847266
4180653891
900605190478417920
196298395
761948114638995456
3072376457
1648402189
2902247985
900455200971948033
48834856
900767053010939904
3186447063
43372852
212978473
520792317
818596020145754114
891903291273207810
897253716558057472
75246236
893413196865961984
20092175
896878657809121280
2147485273
75684570
3015607005
876085965361688577
4566364035
894406085322219520
849328229232070656
883297086237810689
4219592015
893038546310791168
892489010785996801
82151872
208979349
890563552242782208
891871628719783936
891597198059642882
253016590
707150870
2265022818
890097565663932416
209420236
338908860
834074144660660224
751846593448599552
3898675060
860072076471922690
2886226879
3302961281
848983726742622208
942989514
879463282054123520
879676704704344064
869604875071574016
878036689813471232
872836028540874752
867133812966404105
878553019830456320
870236543239294976
2973069083
829390241299570688
872906243853221891
878004045130203137
19120341
839632879764267008
874777901643726848
534784077
728970307831091200
709048984648560641
873646539700416513
760410627877638144
874440845121822720
833733724651081728
2257898873
3532664603
1138452794
2939943760
870389772908417026
835105591668387840
28324144
36670996
769857934440398848
871094938762485760
862050086133673985
870423863582224384
2766768008
823340063618715648
556182430
359317366
867436493467516928
4924927084
849157111112192001
3342452651
281246799
864979912930729985
2884952788
859802612903718912
861575610019205121
3256736184
73310835
789003673833734144
846954104043851776
754436291329159172
2966023354
845282254683340800
776746971252002816
843128061528817664
815622864527302656
364308070
803675899937714176
1374117102
999640040
3234272191
16073173
2291117371
2751136737
215685077
325163455
1179334009
821396092382220288
26509054
849470024
589931487
1502975706
856071426079682560
3450537616
826959148432707588
2406790848
3548994141
855347126586531840
4846374645
836374630218637312
2229302544
836864014923751424
33499481
19852437
3375722183
709386363
65648399
749354015964684288
28313794
766527608603287553
3045421032
507035401
3230330172
850574155376451584
147622355
301527332
3020289501
849258733800763392
878290668
848320285589741568
340182168
848527023538454529
424326821
514933292
320790649
694919949194825728
846651317179334656
808271093987442688
822102985933258752
813248127377571841
3328068824
47626010
846055621870915585
845979263471890432
2945852032
2572830134
700493266114850816
845405607393931264
826527409239375874
975916260
735411630578753536
3012302925
332940556
1002682765
187633573
839140020984381440
776710347805847553
20080244
390482361
274164167
837863273156468736
513677481
835758052821319681
832134948748480512
36306255
3272085846
821077850912653317
533494858
4873291700
124572357
201282285
20785386
827476591399813120
4591396098
728286502267064321
1264760400
253480402
3306516131
819868934937649153
3039981586
896216287
69953066
3682822515
3194570676
785823523897880576
824980578437099520
373292065
701381808076750848
270064609
843665742
2308950428
720565202
251752073
770620174672224257
2570666448
219724165
820383245346938880
818419728498720768
26218396
811293707739734017
159049692
4284266249
4360802422
883696070
19492594
3303206386
3754325603
22796961
814427637011611648
812439896069578752
20098674
32373007
151160533
3698441428
703262162181976065
760851038253441026
2981217525
801767965326708736
804330514731692032
762997737096904704
764164847785349121
735211630858997761
4744509987
355714338
159421523
4175327500
786599433941032960
785110162369634304
794488558308458496
761169729319006208
1113836640
1490556943
787989239321489408
3061907026
2681284021
4172554349
29737525
739799536692953091
298162238
3589339098
775812484150140928
2359999094
1464726582
1412451325
412144809
2834809458
765031792017408000
733716280562339841
293515297
3055215583
23778815
35778539
33221788
727866193235877888
1680988172
763262149028306944
759355290831687680
757005854449238016
741284794907168768
201723844
727854618768748545
756518119007543300
3075248650
123661059
754379283959779328
2755601453
752327091400548352
3227910182
114808212
72698086
351721063
748210996418842624
747845648729378817
35513165
2189203662
125675553
733965721512742912
103693615
4184325972
1097711546
146960199
742718213671129089
730362716574076928
710780890469769216
41799537
734813203121721345
736954268553510913
735957241690390528
734539368652771328
124111085
77525513
4426009397
3207860657
569265603
730164092347002881
3189581989
704599066366353408
594156345
725473750523740160
3317599256
342697424
1552637701
218263376
2488921538
155202983
715076270204305409
4121671333
3775469723
454098479
3944686032
437161298
4917327280
137128466
3096115749
22024458
4861389558
702822455061176320
1728840074
3288470950
3362262893
84375510
2820241821
3321168781
4689170180
2551188847
3816598588
4593037707
1564254486
1579722853
4430377894
3717909377
4443537976
4431729377
316431928
1965226544
4250667553
3863009560
1009797164
332355706
20327781
35110363
3645275133
879482107
1964693936
3405276106
3346269784
257189785
181239227
3669675313
14324816
2353339531
3001738606
891334830
2782289437
1155104274
340599825
3094015501
227247303
2414945941
578048524
3156386380
886066130
432017036
144861260
494195446
400047296
960665035
2789679932
1304155226
458482628
27111787
156406791
19672152
483958633
3061683415
80008925
3001796217
27851998
2864355028
1031376384
1681695750
2436124225
230920298
2318029520
766511635
316369430
