4128325343
592483957
91593332
885006823316652032
2304190757
1109968586
1123399627
704864505172348928
3038295012
939704093681037312
4648254978
1000152646324453377
1126577142
2812768561
14942701
2957978891
759265974465994752
609571356
2610234338
391037985
2326475078
514908287
846137120209190912
942400326359019520
932879114574249984
3481000409
622354905
887010284166144001
2304392090
398421466
854519771282452482
845257253687058433
888505177191452673
21526685
750751206427860992
393852070
2261592272
580097412
988962636162191360
163297163
44196397
181572333
988391709611577344
379408088
2332777598
4777834048
606817871
34464376
973704115338600449
850340946663186432
609531021
724780928464097280
1383264181
3078587307
4789273467
4107719539
821926660098428928
2544117585
1955251399
981591053030559745
1614375631
948040980980043776
2690403391
900318463
1333154209
15429316
423667177
2266263029
894040277610004482
1257539816
724716911666163713
632816661
294807082
784542632437579777
2724580348
3233506507
1056741949
966811733145915392
624056226
3922183636
31339831
448188052
765710408716017664
16801904
3149384506
732699457402212352
2151770299
420569380
896493632269766656
830098549
484167936
958084101503967232
39364684
82749775
3886920022
3020685991
2447915891
2916229504
1387132087
241382835
2845705185
2705421295
4685328618
848651060
837078331
1374375582
430353013
3291887327
2351026435
176566242
2216531967
2790363897
351335161
19844880
363002061
95285206
727600169265573888
3945972795
2397182551
2609045519
2811458863
837863000501542912
853959679
27093057
3307457754
913812620
820697271335612417
750557550060380160
845377417883602946
2893511188
3773293043
1042635493
2177217495
868642493197418498
57641001
2350951130
871931768340918281
2456818009
2964742778
3192272705
821860412736098307
1852644804
1365343134
901208516148551681
744950839974961152
2592109171
3027474364
1590318283
3500616252
2842954795
4886846019
614632513
1609004383
753335476329775104
2577629370
736356891958358017
784102522801664000
4915569021
701518053209726976
3497474777
3289340201
821359834066980864
16298441
2488987200
449367624
4142437817
714587673109901313
443215941
860317136
864201444647464960
1723685016
4687882242
3308309039
2967296650
2725836357
635871074
2865212077
3202581705
738686209
2240208386
3388186739
787501195648704517
2290405374
1378985472
52487349
627627518
2281038372
320920025
2287331382
1363003824
3017108533
731526053609373696
765338548295835648
4003647395
3162014724
855173155652079616
776981874279325696
616743366
4758938439
1460885120
2538342506
2495576006
587905344
769387601228926977
2878900984
1587217921
239991863
2457298842
860588054
790363173865926656
4480229114
786000532603150341
843546054045974529
2880526570
749411201570910208
2822773952
3589550990
1606462026
2309460090
3240353844
17364412
2490326292
1681901166
795380709015908353
3035356977
782382215414022144
2972138250
251865762
836735611176386560
2579869555
2388059382
3007204676
4598954484
2683675885
1651570268
946992553
365692548
3645126322
492687080
232704072
449157396
1573721358
2381483233
3946946182
739280203613081600
184085048
4615546576
2723179986
3097755255
2800684110
4183385066
3013981882
769730927295664128
712055903277719552
77578426
3047477130
635330790
103382346
716276091887947776
2767174197
2984865762
2194922577
1093377192
178690996
3020791157
1567378699
483476929
321775538
3488741237
312418107
1458301369
466741215
3033725427
718480176582041601
2551244767
800804445831340032
4049257395
781305408409440260
1606455176
380567397
3004468074
2934357700
36201151
395104995
3292130428
3236449242
3310197173
3297471155
4454448988
735638873104093184
2220523296
3220834716
4653265266
2770688980
4828087117
775299328038408192
3000688073
2725770425
590141360
1428899310
3146615072
166747718
300220216
3184593504
3047423834
22326665
2422037664
2986414860
1164760471
4085319976
4857420500
2566083968
2616595429
3266633802
1214092015
2936227662
1122111253
751170529571196928
471527544
2220007184
746103168224927744
247510464
2536345815
4842116902
2457262417
3923249536
521153976
4272261192
1873921771
738387248773791744
1033238917
2909274710
2159340289
726201916104032257
1672387981
3303735305
1639124352
3533546482
4603227027
53338746
1664260675
354696554
2261920502
2455927621
3246474522
1679933341
1054182679
2897937432
1906296121
1480878642
3125646905
711664322586390529
708801356526542848
1969973558
2951981783
4889856592
2565741577
1573921214
1431579194
1240491098
2960994568
2914278203
701573973654507520
3013644634
4867387078
3592772777
2790403767
699780243364712450
1106952619
3390581787
3342296794
2778407836
2590573340
4825946019
864110370
3303268900
534884369
2200668800
4603452861
1104387974
2954503228
4518008536
3101812466
2928076748
2506007976
3884592552
2480633906
2615960570
2234882588
30576467
4420529533
258214579
2276242866
291547392
4280724136
2241436844
545443555
450067160
2292029168
2233982688
966620454
893577884
2540193645
3136020271
627916798
2622251565
2357179236
3054019964
720556071
3961514896
3233127379
2765206808
777005658
1681935470
3077980750
3183589194
1198847498
480060572
2281091750
2247467977
2735515431
2919231491
2936650146
2738105288
2470241304
520674077
3158483510
210877716
854945996
2492182195
3569916677
1368462810
2522329799
174037735
3304395818
2312456958
342902075
446544693
1073330503
3310870002
32676327
2886831828
227324947
266336410
928853005
3082726857
1547337786
2390053022
2487273983
3223773241
3388336211
3283897560
3284811751
591661900
397400299
2787058139
560018527
2680279549
1884414823
1033566794
1061015197
3307373957
3124776879
3050907780
1093476889
3184663248
3196800062
2439262044
3005870256
3020725847
261981821
709723374
2769630915
100046697
144213960
2485967797
2803441288
2707529743
1084870999
2630789900
2573265984
111699444
2352499242
496090605
1853027329
2322696680
2565512854
1400420450
605972275
889888398
393170428
1864459836
2417573965
2221085167
1583813064
2388409399
1132898257
1148856073
2349109626
2318486291
60709760
2265256212
1895512603
320228115
1792131504
616552773
485668428
1595015552
1596814434
209708391
158314798
181561712
84279963
105119490
