1000843726162481153
3293543186
843112066949042177
711333313
629116467
960150348345245703
949615870426406912
43458381
3121080499
2157653569
835893676249399296
914072686099345409
2338195455
3146930397
218215435
1000332255171137536
1120167192
495798905
19464030
453511268
952446380
3400155731
902271938810310657
1000411765417631744
35425777
790313235018870790
896929688177840128
3569924619
355479994
878296625088790528
938117130867937280
999832434379239429
521484860
612408234
859802497560522753
2584725623
2663566008
476834729
2474016543
876160103665332224
4621904483
2264975383
732132534537048064
3075412581
819523996484063232
1000056650949124096
727166397898432512
1167010458
522564067
1000023990751068161
766403178543902722
793457902522621952
3863318907
499748264
2530938682
3816990436
2760211703
629128510
738435066863456256
488483318
2278985821
2906338594
1471646778
2987262773
996043215441719297
2879491954
816036695334391808
753538766
3622582337
3311022981
460330693
1238396048
3431888693
711220051890806784
4266356777
985452939350347776
955708447487676417
2869460271
703634965402132480
202697450
1972253522
365401801
1000014753899728896
3320645913
3422315494
3560853502
3136460988
825237772520677376
35595347
958057252233019392
370754131
3353827341
2780403383
1714941679
772124303361998848
30281298
2330572904
963439034771976192
4058815168
29434378
797724901964660736
89382446
993707254602846208
2570655673
890186085430689793
992832949694365698
700396329919451136
991047173260406786
869438363694006272
899032840616235009
932248130745225217
858618391
2333735934
78926478
21554517
943818408742842374
49349784
1123496605
843603473904128000
992717352616824833
778267471992061952
1965094716
746694674673508354
3553313416
3949217463
955141465646206976
980396211537661953
970038984373088261
2293562734
487589385
2722111944
4665506294
819301641199427584
4783083060
4164449056
967615371296452608
962187922559721472
3372323679
982155482314883072
773464999985549312
937319851382771712
965298320729149440
858354662
230298698
123016527
567574568
966243924
3355518933
1588279261
506349391
896693867260420098
980863570895360001
961721936979152896
881621768766672898
952992092359397378
142019361
2814482435
973096563131199488
2560424747
944574873099227137
862272771019112448
965236721569943552
2414050201
956942046027239425
3420467219
823511407
962815324990173185
4242086369
984385566
966317705816104960
893788165
509156012
979272180805578752
958699126711050240
2977496908
981971625754185729
280117226
3310209088
904525154209890306
1470729164
804341438385418240
950315995842928641
1601877685
851296451045076993
52753409
2997638343
858464535405092864
234897587
2372196303
1462843602
755462447906037760
834885660968386560
362306058
855979334816808960
704024153934962688
766438567749058560
838783633959813121
810230322759692288
179756181
621838346
729730446
858170483891728384
1900313622
788289114411978752
854701362352926720
2969788119
1130446914
2271211929
4084005317
2569086761
2568770381
831793546684403712
196415460
4893001316
904396855
835072936457482241
771287052155514880
1630164799
1030788300
748974328935481344
769124384061652992
735581640479629317
832998667615363072
832914213035208705
590277445
2322087479
1042663411
161342149
724738617667629057
2481453232
812407340175622146
891187891
809172156626173956
494280106
806267173194842112
737584139629535232
2785558901
827066609940496384
3979058961
825753832764366848
788160671334723584
545140408
2858915920
2304836706
817179232166092801
271376862
3309284709
130129611
817851985412100096
821351277716242436
307045211
813725608282882048
811901296726970368
20132655
363047566
4845135472
1390705477
820766036375044096
819612820383920129
2335418814
3007525451
814479183917228032
1723561350
3041182792
754261876914196480
806884395592404996
813149919166996480
198578678
878519106
417335311
569189279
2837169135
819186139164803072
817730669904269314
1122693996
2273021322
807336948784386048
817294073052753920
232867957
771722737018699776
808999714263855104
4900742001
4265697699
816330055190245377
2393303589
3138708154
3222279838
799993107517505537
339219479
2460299567
814144014245052418
805220741184704512
268945066
1223584532
2707274981
409367149
767076993460531200
805074223702114305
804677827270443010
3331553981
804857406589169664
552024170
800097703451443200
795641171901091840
783528259984224256
1465063034
710879051137880064
798261897825030144
798262483513384960
216252758
796743421952163841
2864981335
2759948218
616455647
773838931544662016
1627669122
3391703271
715222554026360832
1089630374
1176583819
3095364586
3422022082
1198522242
1620197034
758413602990718976
3406332550
268986620
787154524934930432
794530458293784577
347332405
793098521725526020
721693144459423745
251844918
793600870487298048
720395946287206400
383603926
834637897
791600442094522368
4311186196
760768496997281794
779707084329934848
2900759323
1596649003
500514589
770219808189054976
4231062133
2913886232
3372581001
792063162833043456
733498995654463488
2967872955
99929419
790719762812706816
3956671406
737039455
791624182488506369
851550391
781471448485486592
124501919
790167251676782593
3092938857
450556677
14102860
3331312774
1024607310
481376138
491003396
153252061
3298347316
200626140
170459130
55954221
717369112117321729
2816008761
2589945845
738778314068889601
2824876835
2933002157
2212424905
3293415532
3303519021
766313616463323136
1660757306
2335864802
788013174553505796
740260507664449536
740257970454433792
740256523922878464
740252876816158720
740251230367305729
740249786788499456
716568510508494849
716567454646931456
716548845275103233
716540866744172544
701480379912478721
3010899670
787631406184890368
2949964349
2843485769
785210825556590592
2235399797
723566778488631296
2363167954
725065240682049540
1617772146
741949534696316932
787575524281487360
761205447739183104
2951288812
1867283558
28328725
702883538
708686656983977984
1069659440
1079949870
4096561996
2429036488
4872717466
1241580355
2762007444
784467296551075840
86868062
1456176385
911290122
2767212223
764812620415336448
509250872
776728851233767424
1443914742
778636859832500224
1630056248
3188046027
4801923076
2838658081
3759166701
4504741037
720262041156476928
738096810951122944
3341854365
734782712943398913
3152513585
714169530
338515598
267834473
705499106861514754
4210769001
578026783
2646844122
2343402493
3391426391
547601616
24627132
757667716002185217
295550126
734108021840715777
757682266290151424
755704003284131840
3121465314
755320966528499713
755064005169930240
2905666486
753527249861767168
3400450340
754105969529921536
731128092048130048
131302297
3379104171
722858745693347840
703250561261572096
522413417
3002403877
2216232324
2998686845
2697948181
706603931187744769
733718057537941504
3298110168
707733787
2232478016
750168869562642432
1470010411
2266715671
749405062926139392
782250506
2246169905
714144759833575424
2660388103
731474551419342848
748275193890627584
2835000940
4863717473
912864848
456178697
1716657499
707166945427243008
743555058231615488
740504060646674437
3304411149
3056205774
1709518363
2718818135
3096462811
1283938884
2368855106
2884153487
2646066416
500872462
3149441258
4694648652
739754366354132993
739741623018393600
739740096195239936
739738351356370944
739735063957360640
2422405580
275120994
1092075816
1393000698
2151702566
737075004827926528
432832791
1849704061
2532923387
393615180
2801934874
519671126
734836499389292544
728904052294205440
4517625617
1598286505
1018064587
3644036837
1299403057
1277742205
427578135
483796620
4247248761
156316316
213739607
4871911588
710154177385734145
4467227179
4825042682
2929827088
710049160846811137
960710384
4829597307
1444260038
508923674
2458049905
4898240417
4889166183
4895755905
1880324196
435194311
1444704696
2156235667
2485584253
858361429
4885629658
3503917515
4887516869
141605195
4096590754
573528836
4775990287
4831375175
437187392
140025308
2354289367
4697580667
419064533
3061587538
4536025217
1896558462
1496504604
469856882
1218002762
1387565982
4604572888
4568949322
2753614991
3536244257
4237044262
4289054065
4209922875
4079045962
3110564055
3628913777
544726409
3311936792
3620042117
3522866668
3515056409
3411450412
2803706323
3397716017
53335945
3480054617
1558715077
3380189289
3147777832
1615943264
3020544016
1274985572
2626152784
757756298
2559520584
595568560
952165622
3456204496
282204394
809004912
327553415
2716489367
447884064
3343081623
425116010
1831748948
2402100301
2814820256
2899466151
1653336409
1485740119
3458217797
2477386650
3381089879
3427651612
2566380637
123001232
2512413806
3410869793
3323749473
2945030805
1643674608
466320191
3357617404
953655511
3348194800
2899630889
600264639
743689478
3403014567
3397174553
2830545333
205957912
3388009402
3386989707
2737529531
2264269098
2305096038
3321205181
388284767
465851469
1120331700
2875621226
2385676734
2809501922
3321562984
3291292126
425948260
466371617
2510263008
284645262
2684418130
601108149
605216623
3366757828
2940608921
2186160727
2656960321
166079503
2728358255
3127623563
3375760991
628415140
3377653487
3278924263
3372624735
2258343396
2315843868
3369736977
434727810
1510678207
3369380860
3115472805
2822878054
3367440249
3360958852
3080086755
3288471741
859412876
2924454710
303966347
2523291102
2933879692
3121549583
3365554821
3361991685
2430732131
481946365
2738235119
294129042
2759688461
1086938136
2505262652
3365552799
746746027
3270681902
189468973
3357344175
3321492671
3118708372
3206164438
611156337
348869303
174811123
572427160
1703070486
1267671127
2397284231
2900900386
793734342
981436190
2759093642
830705222
3325867025
3305869061
535444880
73509664
2942881186
3000163828
2159163649
793295436
2709963007
1053146983
3347527090
430178700
2338228835
2908149191
3297977962
1615183830
2715837012
3345407253
552697528
3254470512
465303273
2158831900
3143691117
2536964272
2623323119
2669536294
2354595617
3340960331
2731553717
793111010
3328957960
1606674398
3296573807
2976477795
215460886
1050847206
861421380
3335284091
466823127
2664060717
3135230620
3148240967
706897849
3058844755
1381718172
829316306
367294114
183926642
3193886557
3329669321
3330964977
595597579
2209438044
2472389790
3059369856
626789202
3319585479
614643017
572714701
2450258179
1257884203
3326620246
552236619
466251978
547736598
1433177737
703668377
2936780974
617577514
2665062467
3327051951
2156250537
2688562718
3243935141
3239332840
298449175
2149429622
2955502060
2934110002
2413042868
889085479
289881653
2242484167
1589374566
3326614167
3030594509
2673826104
3036320115
3317752763
2669072350
1430339029
2916170247
3323595694
3031317018
2171872741
3320358285
2493503832
267437596
3318934486
242637589
2714605107
2516494681
2729815936
3191735013
347630046
130687735
3128685850
3306318789
2711936893
1062531349
3136464671
2974954613
2964035404
2902883385
3100333467
707816297
1300319234
2864541771
2875371057
3089285363
3074627098
3053168317
3065336668
457365499
3055931013
2385516701
1635298514
1861661948
2889189969
3014603362
870428184
3030179887
158473964
3039963099
991390567
3011688195
3040590406
1721522010
3040712380
2855438739
3039154799
1315386656
3016673678
2507620596
2719687870
3023941067
323944058
2991368666
2822357822
2916176910
507194555
2938067253
2961040403
2598035081
3019572923
1893819782
1399727760
2256991583
504622955
2926876853
2856687557
1477569979
2953096367
2823239973
3017509678
2802189018
2866280741
1565439938
1396092794
2988141730
540028746
285822174
3015057459
2987690044
2944350037
314681875
1541163318
2520980536
1201423483
2730344435
1231273417
2606122288
2939765985
2319601183
1249938134
3004248531
1295952056
522411227
2537832916
895714291
2163174636
2825121665
1410703800
507692200
2991968003
1903772130
2467283950
2473891578
771864734
28635928
465374176
3012784030
916682220
3012410920
2161832799
573782914
1323404239
1596754844
2692499073
2972368776
414426267
418067814
847810994
587210707
2959517666
2963009662
2935377256
472009153
1308450601
978679687
806617752
2738761624
2262571853
2950170831
1883326651
2613734729
1979211638
1444266218
2960210919
2291626075
426042922
1424139752
2461002873
506389784
1493171054
1737346910
2888399391
1230029970
335354345
2798035421
1897571948
2744778911
2876446345
1951556828
1331235968
2904458497
2189525170
2455142318
2855695139
605372068
490666538
2209265852
2840558425
2839297002
2826816330
961134624
2478970282
2369450528
2515356480
2580318574
1536571921
2184393190
2752010655
365194924
2806224140
1695821702
2375082470
2571259932
63954406
628873799
1146564804
379923255
2616432799
2349454063
758920003
1541519071
1376804904
1863797654
2537444744
2523143598
2574269344
786622885
