494259240
863771498498203648
2593191949
1028302788
2904685114
923140964
33008594
15091063
586721244
16931180
841910365
8615592
70762205
1547027054
28725551
3226784322
1596043861
4020432441
38480601
703923734
897583544553193472
76256255
1134800358
165225992
2888678241
19204565
1668647460
879112863029264385
180497735
946380419326386177
1325881831
24089648
1140597810
870277570394296321
785885527647985665
18581911
22644527
1173131425
925638659117867009
2184824472
897414949017964544
902160010637185024
17494649
848366745572134912
286990344
901968229664526337
3331367499
835914172936368128
717603676974657536
801098677947285505
381699248
40612916
243476647
710491494415601665
859838388190543872
882236839574294528
713436397
2801928911
877808943787114496
878323820670603264
867043040740986881
161498953
1040306048
134539954
61627676
2608694312
14746430
2612232530
286297737
366927135
4832264412
573868692
15103460
1040600046
213523787
470795677
842668684254613504
4780415783
113465971
844572201252720641
2195358534
2929244651
821806428
836556101453766656
711375113451536384
14796340
102225915
17787705
814961207920754688
83676785
33923443
2433779809
807316752577208320
420479711
490636229
3323702645
1494715914
17447441
702986621411532801
550394978
2448450577
788133415061118977
188944835
77084201
334936611
778678214235336704
18603088
413352266
769647784932671490
768438417499619328
3285542300
40623559
334237311
748996370762174464
720734366876491776
14363201
37764028
4923237547
156538623
3412108521
715867776003473408
741616560666611712
743186770221727746
729731905512472576
3061834158
141232118
719650999309320192
521767976
1656151958
730962880309301248
2400960422
730493827434209280
727547577361530882
2496856376
352256241
42192014
63766670
483491656
4151908096
275354119
697715220425347073
3039849752
930169358
3054757013
4837044493
4859706358
3981408923
2217014257
3095021752
328113544
401042436
39836458
3187114208
715014955
3716389512
390822751
4563066745
3844316003
2346082116
1923509976
4464897253
44152709
4270216512
4194774320
20444731
228942175
15445129
215617846
4037366238
2208239727
3531061694
2444124050
70683270
4178071
138103659
16193539
368420389
3396087977
3437023191
2466621427
51716865
2935427282
3373080263
3280781095
181694983
1720238803
2864495279
3258259285
278098811
1449685386
2855942521
217429569
416292547
14515860
3192314083
3236708367
55990898
3173913129
110782268
3130352175
2810598572
3071181741
2157720962
568547701
2993489285
1678494427
1514548022
1122250904
1478315233
165165020
484057265
345505590
38239870
341831893
2874059401
2800179923
490516800
183012810
140920889
55109781
33958028
55750934
75161891
12522702
568653581
2598079298
2195201353
24772077
2550604332
16022697
21151441
444623928
2535871256
2584934878
203696172
1264737476
2491746697
373402393
15645974
14231470
2426129532
2382574717
14579271
18974685
2370933300
57062163
716626609
2402053877
1589461550
17005251
123434294
345454327
17335231
123436137
57749410
2273492571
2209973221
194820822
2233606224
2174677594
486012648
19120850
453294916
521781718
22535483
1332531120
2178440550
17469983
213321840
68811313
153779364
76348185
2151448662
1286007314
77343018
241185961
56415398
180035251
73632301
317332132
17007398
41038516
513135379
1563865344
293231464
18078914
26891063
620135689
809506890
45228094
8195692
196460164
620513058
33497375
75353492
122857291
14399552
992448198
27491908
1088974178
29220452
16865944
59570138
41715939
45208822
23429932
14345333
14059991
1486614776
253151320
223562714
23512795
1422057673
27283263
455852661
212593885
36160521
14353226
93987972
19458615
16280308
28365132
28639278
1395286928
41697083
1037322523
286478121
334241706
15100410
117090273
17291166
1180325234
44545661
522414861
19330716
86440519
459596741
892193977
65332974
142814976
500189916
39567471
275660020
1287234804
20265706
309815434
23283828
536547036
140221644
499118095
16258127
1160236051
18622273
2947351
247969117
9601322
525627833
23014736
568712194
46531988
615415898
455058097
197465855
119599600
1046156282
44392634
19161958
474027370
40396881
974813215
28312018
76124660
444312539
262158655
318698885
23634944
14421746
198345953
851207473
14113905
14515680
590184126
1014821340
415180097
351209703
440199052
9805322
14463848
16141161
21322978
233041478
634954394
65161188
15121677
277197008
554936538
57455837
26688538
498443190
103406910
494160603
376256100
16687596
36395841
28482121
434623298
45864145
168902884
78082841
14822749
12583982
145843378
17115456
217583155
423066330
186067703
30358505
29261619
14836276
40147977
158503650
119491129
253771953
35529367
110312406
19244813
69014227
173638424
23707019
22312546
14372746
22820615
40239504
38283505
52839000
16732864
30915038
44453493
15990473
5187401
14578821
22504602
16629704
28812311
17315069
25303304
