21411395
2793897765
612473
425719102
1331773748
71380659
20694607
895249505922285569
20086450
19565397
21741404
585086536
240118314
876052398778843138
181928036
63688131
101582708
239122802
973650888450625537
21761603
981776489673904128
818484563739545601
2798677327
873982045281812480
19073866
906953277287387136
876129472612880385
131728671
2429698513
2576779346
1590314124
26713469
16973333
1002624802736271363
2734953286
2422114777
2924439074
378007485
123117608
621403191
241382835
600957869
1599942854
788783500879138816
2366052048
2321107436
964074284581765120
1000474607290404865
957988057357041665
883016728426536960
3118830293
933439656338718720
802168222212587520
1512341124
2833229802
2899351925
2397018138
874060801
295852803
875549772
3246118081
24282701
253186378
37042180
22213638
124598450
33008078
1135716128
984875548601147392
967324193464385536
960909459982880768
209693752
37485565
543761086
116753092
78004061
19535900
20345464
3968566875
198407525
794267753179992064
732030296657256448
221323009
155441844
249655092
18184607
1343763337
898299978
2279260579
860412910602006528
1917820128
222895194
485082352
75292331
771613488888160256
859407766141718528
868431645766012928
359637953
19884146
2527387370
988711343841857541
944485150494093312
898321068431200256
538410583
968382260
840585449978634240
381692269
31542699
924423890344054784
179274592
249615767
53320844
974980719020859392
1183863792
69049453
988983943797051393
925338666704211968
226954905
3253329415
55141447
253016329
227104820
158292831
294609514
41575886
570344820
856890828924628993
924706997550960640
795660151197822976
2602441790
2925137960
267226791
375780398
2669109953
3828566302
51679465
393453224
1123891286
357502458
482232550
18667222
64510593
57018084
866765828720443392
356934072
1289526362
476466839
2715551029
708884457885802496
985968290416734210
985966003661107201
26410101
233713885
549411045
602807855
146465781
102459597
1405292749
287486585
19567154
265571816
64776896
62596407
408027280
233226561
233508661
818582939160158209
2963581964
86993064
42222237
196269329
18241502
962859907912425472
577106286
389907978
165457669
904245513515663360
831484540040380417
4059877096
925940992196399104
78223484
69732238
79962221
856487329464242176
22748523
838908316386476032
107938869
31473634
218078430
2675523256
274082138
2348865674
444104873
3459976215
934611520788553728
2944015666
737713630460956672
594375695
986631292379942912
42770005
32294708
977584007989878784
378807655
139243634
354804510
451784470
1608681506
21302710
54335777
14631482
333633948
46231496
2767256731
38459440
3405030261
2302131782
986725912015142912
981588564822511616
928659740732940289
1379841486
50258703
50589896
49934559
1893036336
28693884
916090736835289089
4699577173
4866972627
986335140954689537
1429056919
156478717
100766356
985380618501423105
1273995667
167857683
3690414741
170237115
84201137
2987512634
20168096
299230774
82959760
984355537746911233
3134507540
52877501
301161232
1449872748
83367875
215783954
742089158248796168
116005242
947929379727925248
2157394194
511402689
2354755067
334261061
80829126
66288602
742175398671306752
977213924859830272
440366765
977314582019694592
2602973341
982753229976096768
2383236098
1094922224
951022363637936128
195284811
2296946829
978059855629115392
968965264833503232
215059017
744310740
21025855
739515599840284672
2402278462
857655828
895335706016575488
186828200
786505134058582017
874790479975432192
874710554807418880
17359946
22151193
464074349
2977276985
15777543
901161193129246720
33494328
918686747180933125
1426230672
20197927
190738132
933591732612034560
1009585008
2325498018
200422108
781427301472874497
3267791911
169016164
3331555709
979199313472573440
224740968
788928876395241473
910556273002901505
373447526
80339516
19237777
237670274
2266724522
980049014308655105
712097765271056384
940903030068797440
703729779250487296
979543583345737728
800346519534604288
3304231900
274892680
2538843245
8857372
392414409
814707371100536832
318081803
821802740
16993759
281480151
65619387
29663472
284005959
130458367
24113137
897764443463061504
22582992
20435270
978741063056871424
825183566535417856
938905413856256000
939277277271134211
969141157644128256
352052230
28973913
31642764
968152241965338624
3585178997
17874544
836997541703090177
724685342712946688
123418119
27970832
3654212837
82993502
3030643218
758952832993140736
113585609
950039103948644353
273357294
3308395237
2168667400
15579360
2504621990
494325266
862053714
2620503415
1715717767
114534852
781650505542012928
2482781456
2312564346
28928751
2499670026
85776170
84291656
701387667007807489
183585551
2749420192
13615722
309683158
364331782
946495470209138688
35181989
2274929359
1448024318
4175397573
482457738
1323272005
974312488538849281
357816281
2850399146
1287607358
2769371558
4784015673
706175540261216256
352657692
15981505
868587847577677824
1173345582
854464194
47561055
946900116593446913
874353788739436544
17882770
21791622
90173824
42300064
66967746
20235032
19348713
22313814
116830525
82795231
3687721995
139386379
296023958
1622475194
785159379154788352
3695810837
2922358500
862136598
21158797
2216621586
34101768
3385400307
347268076
3094656062
735178587012108289
14563376
860908283137282056
3522957681
795597892828491776
897201533502279680
3000222144
705651250
28128986
804798957104877573
465830293
485370684
24704505
959525710732910593
150312846
959408682403495936
125370749
75843341
1421420107
17106881
2399192935
199233367
70440968
29477388
311012195
791378343052636164
966447663200776192
1610510532
2745317909
1281373171
578184342
949369448242262016
2540664564
4163006583
214614191
745289910
857985137816068096
4814789537
954784461606064128
928771666032803841
580134178
45807077
2415817343
1673447480
11816032
116177142
883300516842876928
1093179380
392130661
20442279
795469214874112000
32849942
718414187777499136
893364688695705600
1849373504
85391453
1327265455
899975181455765505
851820761757208580
599588965
1228949030
793126087
553323788
715547835450658816
959071406851002368
932840057987149824
903716591560425473
818954043439665152
96989833
883512956
910943719553064960
945456654245605377
47264441
948059666688479232
782977209124302848
22039500
2189108582
28089556
23625041
25608664
27270473
27287191
29209019
30748284
35335367
49403883
44123606
54654202
65855285
339540414
373150301
425228786
219548555
17683520
278060279
614413932
1487649446
103950199
20136585
20510522
346073298
544206541
390000120
938122854259970049
811971313510318081
803017968984662016
804538503333814273
19859318
15518000
138439574
863174735559045120
894516831502966784
819632078073565185
15651914
331839548
877338575783825408
958850874645860352
402755967
284658578
19291952
1604444052
2911480821
19109424
452837737
957590648755924992
826980416120832002
23079139
958506008929763328
4748624955
778918255872311296
136980689
398623354
202546218
1350385609
104255777
473921264
28004156
954902571839361025
77187402
57986230
277710395
300995436
37534679
109359476
38057518
2981104565
565787165
252040788
1378000488
26642006
46233559
38600791
848528384552513541
544041726
20516119
23348364
741158448646258690
21506437
2949509350
76997832
816024662111035393
791799101063041024
4882743003
956501235217190912
882005454414630912
3596464547
55727320
33188827
19413393
29008826
775846579425206277
422747108
958330946
282066088
254681750
245405411
123600583
785922455651119104
2391392400
2382502824
2307531240
948893930736836608
77120585
20527466
276911876
3865902976
177885967
4423599613
40519218
921613219097083904
86399861
776022472714022912
3257297803
50264677
2452141839
704439452945534977
1511021060
71026122
3068594637
928557468346589184
778423482174484480
887420219819311104
38857814
3245070357
951869724584853510
2795012298
732678376306188289
1460343506
22067198
919985754863935488
950855688179286017
78023164
764275715957153792
25273394
491143826
114713501
724983102
868991127705313280
57107167
738452179690868737
227785724
738402882333122560
22982905
417113080
822238477018394625
2205788333
960814254
19405774
386056280
34175976
875268922089537536
937852179653722113
723090293462032384
235174782
1260783590
942526557788229633
826065720823971840
868186317594791936
1663565114
946071226291769350
1081505604
866947505078104064
880425358570475520
41220844
2455394864
2788256997
733376550419238917
707637876910112768
27218726
3085290856
764835695676497922
1646364613
837589720901242880
791441166751375360
948305775818100737
947965183800037376
98320682
852618608073220097
804088897051512842
891821739621195780
76480547
376508317
21923104
759551651036311552
859350257540399105
928387599965786112
899719302374465536
866463813637251073
3430115463
787088113420099584
847761227203854337
3188173885
845030508039983104
697089377072119809
24679911
20111713
66430807
1008151898
734925920
944326488719003649
256511128
269413133
618509315
214142530
2911361116
933023740983758851
702509288040865792
57052844
3171208076
212157218
46877981
22801114
326697153
101849153
777781841352859648
918917185539657729
726091760930295808
234126095
705751628
718799630
68552375
1205974434
466405493
437215361
231753473
1497388296
2421908550
850058738
715177919438577664
174912265
2286572630
3339589804
12908462
346862445
881801812025761792
3136484823
311029465
382218838
425297033
880611824839806976
362391461
42446805
617179952
878789210379046912
174060561
864232967773851648
89789892
1394987785
834172313960595456
4211386685
382535503
208224953
382652238
246464565
170917988
752664201118650369
709518540
833427865450450945
3026780664
514778168
138427246
715221111
30828285
701777257388490752
1642699237
37634734
302785756
239911073
733330828319657984
4196983835
115405290
154494287
774973171975987200
2539535473
2265724739
2277957751
2756910036
703688194106200064
819147171664642049
3845705379
3374822230
73969652
58545637
2310981280
48410591
37183278
1428423776
19929206
604615276
140074003
208665191
69927840
21024838
809036837994070017
135502751
758063252840611844
4773131189
747443930057293824
231183280
39240629
3161564275
154261186
1633867896
40641478
625046267
456097327
44880136
163059866
2214135115
760503274080526337
619441636
760132598328922113
49088000
16889476
2689744656
3672360915
287614559
21769107
15483927
150924914
2899704195
450604906
3164375542
196585870
2558705101
4707022049
86925202
331311644
20149198
4849675546
235509304
4150631805
3236580299
97040343
278237968
553000921
16312576
138749160
731007289985880064
2272215468
770915501472149505
302089735
4919867068
2900628052
467479525
163460171
947346722
720984395130281984
871686942
249733084
3252894305
760284345466707968
870581654
1379824135
634471725
256061171
49707487
554165267
753561592902651904
2839430431
3898598357
1114210302
2781652266
74853227
2386108343
180060874
918346674
32847483
395817545
3145153972
2970616323
50157639
2488301377
741542356437094401
834370320
56693984
57545021
313615384
29644617
1545993126
425720573
61259649
2193607094
1349082427
36991422
136909460
106759550
786796010
143145579
2354128850
3244195876
149679293
171116545
614307720
1401215426
731924255672242177
349589993
66308687
3343224178
568825492
70009161
22266041
65873591
724560781015154688
79829474
1135646388
43765010
1625874085
2955319781
19876365
403790296
266252585
458451445
2654219620
2457240073
106753602
1630182978
3222047418
53517193
3240459912
3060210854
708341655070441473
228871379
31076243
2402093941
2877172906
18709211
2986486266
3167675402
1648416750
2178744220
4697484440
90202078
602039655
4098557189
3547991535
22374417
37841664
1553706547
309787837
4136307328
125132578
2154320518
2923612346
531615537
543728251
394216985
12611642
2944091847
328418866
1587678775
429704283
4238269573
28314885
16548023
2762059017
1345702333
834316544
2365816214
2332880552
313438808
19341973
19914711
4350799395
3309721344
1530459984
192068952
29484376
92191056
2922266132
48686554
628279173
1019571924
925389540
4098121394
4189193403
302930288
562120761
457741800
54514307
348058612
487736815
2201794429
2499065947
271044669
62327883
2857574543
472967330
199110089
596572961
38012544
457692129
2927206450
2151353397
2865647695
2744721845
2251396188
2632716033
3907170326
40312148
508370809
370699216
2655830472
3639601152
3049248742
3095129086
1337152250
3313736627
741157214
864504314
587895927
309701588
16494321
3899136434
14123751
3235992038
303950400
312551214
384341615
1552509673
367818064
476234589
4045030828
396157021
2834149127
3522989295
195522276
471074051
2987487958
3165838028
2945366992
218224800
618426084
17634276
2557362007
187229601
1544430715
352145373
28382622
2906607191
23946000
130548872
299651334
186292035
48834774
3422221911
46115259
111986793
3397171228
353231940
1640589187
82596521
592151376
3881799471
2322663695
34201880
85986415
257468207
901558734
166101679
2492830209
21879888
2761058249
266441376
35786399
312586001
441542218
2914044609
476199422
3346165270
836181289
843112550
1438162062
132133339
148068977
17115377
137056047
104261416
3058630855
65277968
3686362036
320840023
3085979532
132175413
3179926561
38131621
169449700
41582924
1381205629
2850245257
3021801886
1071629592
1624136396
605704734
122543958
38550668
36623980
177694689
41339352
2281929600
41888257
2702013870
1427982151
29052165
61168807
3331608135
44371048
2969004051
953278568
379961664
507289550
3379006787
375883477
3122470001
1465155510
2957429625
2201430186
17605548
34056757
546088633
22484810
3534677776
31393600
1023072078
3409079157
705530263
376091214
142611379
2350362573
21609831
3212860012
1305204294
1078680727
2216016852
18073623
3300966644
3464713277
3093201981
3062268127
292196319
20260290
3083086519
2575484612
21310583
40346196
1138419156
2743047447
1272775200
69645409
803575351
24960287
287467504
262547770
67566921
1680071287
20743939
311663105
327011831
73357651
194409143
1658284352
2445809510
1237040346
19464537
55296432
337384221
1685809729
17416936
62605957
16549720
2960062013
2914264758
1021467392
3246031347
777779522
344385230
257587910
188780057
619235357
1700081556
59703952
362067556
90538354
3331537631
545450214
90817400
131123396
36981880
436411543
43951503
116838461
3241276311
442272349
3162059671
633005402
3053403392
21221247
436119812
2446858217
121228722
3341843565
233996115
18520053
316243571
3288416883
23792738
613703970
748449818
2687199692
3093209715
3001159867
80399755
406611894
3070359858
25854032
22720074
1584704515
2363140465
3252484355
1112881285
3153153316
2411641411
857495414
559950550
17129462
30967546
2178307434
64222807
16945319
1926376886
3230763449
197428033
66792457
15270559
2961378078
1547593243
19242281
97249240
3226928746
127019220
954590804
1413700526
2745403300
2329920583
482563942
1172415289
1377806436
3084071431
19768990
317463678
68291414
1545733969
206769628
61717997
1401236340
525808515
22190668
2286385868
2292555009
139255868
117576219
42681724
3165224747
29492863
2609203313
397993662
148505222
540183332
1146582818
19607734
18570829
1240121550
2222289612
141856570
2227414171
1153760210
3131032707
2859491962
2328064783
2400671683
2517908310
3113532539
3129474441
3085057563
2158329331
2869900966
99590188
3111782620
15023872
163460737
2184295513
359955568
356314667
37506688
372847751
55966450
264100086
143050159
3004731395
38209517
974172433
3048209498
141996666
259496976
2473672081
3060996345
3092521570
569119483
2885875439
2949853775
17230513
411109976
378753337
1158374887
75272919
2888020251
24917787
2747454875
36836613
3043601349
3044326703
2764632382
23663075
3020620281
627688434
2999761117
23964375
2858695248
1964801102
42461692
34568634
129027697
2331282624
2996422830
108675154
609246923
2484654143
2902638274
2883306130
2981827031
2996316956
851693168
2613562692
960886388
2343087488
60856378
340234449
175592815
479015448
18947645
2271127063
24982003
312926554
2299829935
169064298
461690877
2948725228
2949537188
933128688
2811223584
367776293
2936319521
2416113787
2659358912
22540631
555424217
108927187
2291973519
2798588041
54525177
60299044
7861312
24423935
166340762
43270169
36637586
526884063
119823715
125770152
2607648876
1613928212
296761476
598627950
129659787
238287888
2883163665
2570510498
506487600
2729229749
298699251
2455682987
17650358
279274275
405502532
2729285335
62810145
1339811772
2757564287
2785396124
41087687
250390335
2167156437
26571984
14499788
26831880
2809006798
2346909263
2679077138
161801811
445422693
384685037
2743113943
2654774297
106047523
992242622
30312871
2744239191
2168491443
2572134556
272505947
322120145
1077784704
218956972
46334212
2316027877
471938086
456238488
20533552
196655347
1965814584
2608292750
2208824519
2670832232
431683607
47502100
2488143679
1635373628
2453526966
1438256587
2216243472
2290348602
2543496198
884673859
2217099931
1689419970
46686058
2426498988
935299430
1276163766
41855013
2208445222
2582108130
1598571691
309121822
346965259
2609066115
890436626
1917044588
134772528
211663708
367641532
2549510335
594789385
20558907
2561514294
29193399
74947616
724381164
1046080956
588084779
47031322
185669551
2561142057
2438603743
419034259
127228288
65724243
1171462314
206042566
17170800
1012287296
169417378
516721274
237845487
122838162
2488698350
22260171
246211603
431847028
53461088
394215640
584095578
15038887
27067194
463171330
31676112
281010281
406383652
2226199141
2340074766
537834962
144464880
289178061
1114987068
1364074538
849399062
2455881884
1964021682
234683679
47619534
366812646
19852984
386292595
36394014
19830490
1664761332
2423730316
31200235
563606335
29735305
1629137342
576466851
542445166
40055338
37712792
23326585
2153078672
62496390
102959219
103967865
163139918
191826301
259385832
264079464
281223766
292532375
350357591
442176890
727700623
557442105
568024895
514143917
1610384599
2323755036
601862912
25521422
1154252186
1017675738
34732474
20867979
355532160
1321085022
20197953
15437688
191590942
92337402
2306866002
250815051
20315820
17846025
249254292
440096504
108803510
19358432
26283326
1196065609
82439221
353265373
65628515
139219222
427574165
300828437
234429613
48413842
1172866825
346173888
1717020444
1068902432
1447249422
147294548
1898053374
89668485
141304434
19267589
40445562
50774064
81081264
86274298
22182673
334233239
41302071
1901400793
1067938548
1219747585
1074601802
389016100
418701577
1613696066
1169675462
19071366
35447337
20014933
1213584210
119529523
97716483
115521330
2163389526
2345306438
2344111405
1357743260
609967064
114258871
498292566
222534135
221404256
105314993
31323356
327908883
56492050
15500672
183485832
1347709304
145471010
343420501
280601912
480475067
419036084
23923594
212038182
277152731
2303517126
311414964
2295246527
1355188351
43171999
1022789779
24580688
2246804474
456290899
283662971
69519253
1395329460
387934935
2170520857
20921364
327699484
104572437
383655596
72474028
1564184126
17679727
930846020
2170708267
559420016
1890507348
882810464
175782596
2206439511
2174402482
198740083
1359502898
603807906
602043509
38080099
32364200
2136181
20982609
45860560
45482893
276631894
1970177640
186633933
23921310
1216123002
1246446421
1135331522
553822451
1671569299
1308757536
355027151
131600153
57676535
20304350
133737864
122375230
1262105948
3412571
1192978904
206298015
1612584811
321600327
25333197
31144011
571050266
276403758
140488370
120118721
371569278
534844005
111861538
157655196
49423842
392436816
30639944
73688822
16820575
1427694246
1450087165
40097822
30282704
57035522
49503181
332564562
396381360
105024042
46781837
41844794
321368645
139983281
21029024
153809582
180526040
218754444
193930774
22083910
118757167
306982281
224450775
104021147
25465356
80468100
132918094
132917435
25382170
310687757
226880591
47665193
39689218
