16127048
97737655
927594927298551808
735854810017243136
4804785672
4741287256
981863635
144914836
2357142594
209003577
958383637845733376
65269718
155519209
842566011438206976
749085116836618241
214411666
957239785055227904
3950477674
18018355
407379294
732027915894824960
97040343
828640738065805312
526682349
872983796
313374642
276100166
926795378552221699
39364684
17026688
313298657
2350110186
902986543299747842
181572333
384407846
864168233292660736
785520949105950724
48436234
225540697
763382314629992448
2847028078
17338082
32780218
704881118000971777
166215202
139890388
3799802902
526316060
104366652
825852047006322688
356825060
3240143771
801159713035612160
822517901294845953
123093705
3063124155
3131094489
504020426
18829050
230653661
119906002
2722454130
706847893735387136
1244230662
4489959864
1394399438
2317351705
223047786
17836882
2795641089
26274648
26524127
3409091620
18747993
11348282
3061734398
3156142626
3254285577
2715164892
1480852530
761604241
26369893
17139599
29417304
2782179431
2233356206
89525420
91033402
313023732
45285230
16254381
2438808708
73269264
3019981535
3019361476
18794485
2941058680
1908492817
124227282
1361867629
52102296
2466899838
3026193592
915726438
316389142
14417563
16143507
145357274
14982804
37836873
631669280
25025756
2433667077
180445196
2335072347
467975991
2889969941
755113
765860935
23497233
1966393806
2480954209
114589771
228439014
179732982
78004883
58751839
973698530
147759009
17525171
2409765505
19057174
1188435716
30238832
365658546
365657175
1714095673
2552132174
14445920
29061705
21621930
393732771
90162331
986001198
269102427
346699769
1126699693
462233947
33904849
119886310
32431082
1093813626
1466178560
433935266
1347631158
2389706838
2325332827
1701768487
2523358604
1093468681
2369865554
1028810210
382833803
318424356
45167704
2300704693
349589637
2267807786
16037008
306060102
2579417754
8071902
84888177
195137176
14629315
24987131
2319947989
1148398124
17349755
30114946
365657821
40848717
223941023
181620591
713003123
487249114
733161836
421945221
890229985
24859104
351465866
598527947
1104882762
211428163
1950089419
1435055737
19464956
96747030
21273590
19623009
270729511
208091480
44504392
341808743
2423797621
19691332
2400298850
314616443
16304899
761110783
23444100
227490968
2383969754
438032579
23711472
351390500
866933371
2450634454
785869008
39047949
94194183
180648214
2384383826
1568498287
416370934
2302474718
204356919
149742971
251934258
162691514
258544800
505670781
348845436
74036960
45067139
16909049
32318557
222534494
46223229
2420012924
169997085
74239682
23884517
2413388264
596300869
2393300070
84186153
36197779
371700794
20110424
66636875
78525538
215506582
15819295
14580349
361563239
56840948
2406325012
629700379
361312031
378120788
993360248
227485232
55719243
299743379
126541245
142134813
42071044
94908954
291859435
26929882
735848456
372153470
44513003
1483116386
317005063
2328766344
2383643883
2363247476
2274907850
37806184
163554946
554508569
1645884554
2372999529
863860676
12276132
20043786
1528449374
1287741464
15731309
125077786
24644754
1895211954
2291353478
1724267161
2211823729
407517788
455138883
220266778
417373521
1706405796
1215471510
222416483
285299121
619550385
1023096199
1173685621
460361029
1125762697
2307149347
233866528
17905508
2278360836
300755895
17900402
21816648
29023565
191371482
487637660
2255389681
330780068
392581661
19575665
19791490
23458520
36710998
553306589
2237056602
234482247
19844311
2189853348
628031246
53112612
26941928
355307031
429156845
72249190
295371055
32896052
1561506468
1183685479
58525147
59026000
479438502
36295559
1854984506
1246552988
193465688
932392447
248864782
95214377
253357445
154713916
51968100
1186226905
2231294444
220343896
2163838020
15617631
55748107
40366842
17929859
14691200
23995748
133030573
18872519
33632599
237419257
24082138
721513292
85728309
65155102
702121489
390463818
322179239
1471319660
368214750
27807073
459547108
23215379
1362603482
588903068
820312255
1876916966
1403410285
153753978
1260380474
135973489
33910678
484588665
2223749616
1493819347
220121595
1914911154
189493492
1327271534
1942149793
497267535
298219017
61153063
625901969
314518153
175050404
1703709332
71829905
23561980
930091
384683092
408268837
590133904
1589582142
326025363
1625740332
1522211233
19384438
1388449999
244280163
1851308508
117314478
518340481
759808536
1724146687
297059066
19463555
187634830
1725795187
996105134
776601458
168721630
121596221
355935638
1570141640
1096587552
372809879
195459251
33064939
156568329
33549858
36399484
452554486
139990070
63824469
579330773
308006791
137144052
262480159
987262033
248984862
1411476324
1222177862
480537028
458836357
543593485
249096055
187709339
279612469
283537834
581180650
230293920
254717520
289453539
252509008
336246939
57904105
1206226568
787761434
338407735
186523313
564107298
362936595
109048682
138234621
751474321
69681766
120036324
790754221
18341430
59355478
17070787
247251008
190804002
218648007
215426266
987248558
114250917
886797960
121642952
140989598
169701996
142645062
212885942
602190876
235062161
122032568
37877645
24636191
1560789018
472554546
266929200
787867152
773572272
62554155
317378810
1436706054
436875229
38976017
1526792766
288913727
1574066246
182325159
35099519
360781272
54486186
434853901
836529745
1396208510
95943762
434767773
439530473
287252580
419135766
1048084646
701399208
309331444
28450872
531291518
1321076820
349264382
175159830
425217318
209265675
941902758
227093540
362539812
1578120019
40713311
298317641
50747606
236242525
731696702
247484386
283588416
160413039
48320268
167760471
1169646978
91267688
16722919
1583476237
349941493
455051657
193504286
236020256
318383192
277164221
849479496
35584127
398789075
189770284
492267860
288149205
393576972
1022377002
284234987
81658522
257452661
17398213
362599729
1430778415
613426070
430202547
237098811
253519927
231630139
453070712
16506186
22589921
283660297
214528339
1066277856
1305130892
37237976
17431578
1431835140
442433452
820470194
16216589
449596927
274868280
267215104
199757611
1369174273
562163885
121883701
194132092
100554896
501960036
184065976
1344319885
477901657
1361769673
261258519
489926033
105623556
528254170
549438902
498407099
286019121
383360754
175536380
637189351
244746802
41446355
70462892
454256164
297626273
212489510
735879092
486296307
108320844
167176831
1165877575
188174759
366720693
567603347
282189720
114628033
200694474
895164578
192024694
629002081
338647195
601574703
31272698
427633624
134732502
380456847
471483852
327681098
459502080
274091548
394146241
44126993
353912499
354419751
128367130
88829709
317113519
289798016
441737120
30282464
1383042769
1383029058
844086414
16383523
499255449
33074088
54661353
123179677
1467964236
41211760
275213572
459790799
261383723
622110793
61701258
263384909
396957412
366345085
827562612
336891252
29193744
18265410
989444130
1408552016
46324551
1539621066
458078957
830668860
159072025
179246922
236254828
64063558
511286982
19009248
31281605
197017633
341165745
96454003
359614889
226508798
260970941
31393282
242786013
895226600
44499506
334254303
596017828
284942731
230175499
1361800118
1316403192
1539292664
178689117
1425773180
1231947728
1474980049
348245608
223728670
38657173
196093341
1267263704
924491616
144344823
95175739
719367349
229702385
279637396
229736698
257482364
293399181
315315331
204071861
493231315
34912196
1490865577
120870445
58098124
186553509
802953
40693279
213516009
309974567
19343236
376511195
161990523
234629575
416662142
35125698
56365034
268088646
1454371399
245597886
55032306
158880329
437025506
388692330
27184869
380650880
750649710
23375723
39517882
437886707
63216669
239161360
288871113
16493191
67678621
31269766
34943702
327814612
284103442
380790904
1451548206
476487951
1281728748
179690368
360250538
265148636
83607167
566957406
97284810
201138458
279702918
37477110
76912369
300337645
587998884
68445909
37934926
602188858
116049408
209636211
439724577
75604865
410079457
147107242
16364697
1278717427
862314223
373471064
787132099
72727101
56259379
786796010
749952350
1345110602
330124519
452540168
442849012
34735111
151480026
620498283
447531122
25222575
121277076
15978225
135543067
66944205
86584390
30917871
53925059
16635956
242114073
276139999
409547762
606638452
443041640
97469011
331408219
453449726
367342587
512669769
460757592
128473630
467047990
1398445740
83719237
141347725
5943942
611587482
16876983
442040106
1286904499
30439817
67630948
406933788
1283573389
475561576
19904900
1252441632
14416124
479949986
971232223
23245220
27167795
225997403
152322885
245775399
29575209
283832322
514576646
209612138
380677885
410034379
743596616
33459822
147609274
553853491
573454601
1011931938
798078170
860347278
30297377
480819245
34484060
93560317
446736214
24765344
374860250
987941095
986011068
868532053
23222958
253921979
200181099
396215225
340655114
120524697
136286025
6539592
356256031
797312299
34675923
289909493
6351572
288505420
96676903
18345389
97590685
22024609
92698647
39758544
30503245
750341220
14094741
592370711
635904789
623342286
273922832
28381571
573339012
28060815
110456513
38228095
334449010
242737660
379250680
269826817
191269429
295815856
34335124
281325360
352048949
24925573
163112979
356563796
223172209
560676412
26489586
20018057
584320668
113405841
134035614
232397143
573715165
526842583
543516413
240613801
457580166
347580294
236059482
197980832
454139827
31615625
110721158
554882311
382556938
400419336
62395116
34468134
30300648
349061171
247905529
198389458
514534981
262676799
25242668
479052167
529363724
325139906
100165592
190565587
213895269
229257084
556253071
292943627
115556717
538973071
405023091
62637497
18088038
362139646
180505807
180500213
47304712
358104222
163893241
55339194
539763086
70702741
178909121
41464402
418898193
250727137
27181758
204543701
286897086
243237206
353506941
479961889
522639778
25211073
457793508
212808511
261061083
30882712
170032992
520865820
358980027
501104762
517142334
188876890
412420439
410603866
493234759
25223432
74595476
342256013
166274977
168889673
199883561
26444449
31598705
161595629
172833036
336787964
25887109
382286689
493239165
337071286
38046164
424226044
353068472
232505260
130734452
236357075
22123525
357958489
253074141
304901037
214999322
25487262
109482970
325140637
45187977
325573376
30276637
145592392
153683080
458317038
234752788
123079159
139500935
332106850
350343822
427682406
172068053
192623622
142731787
84880025
240368194
282062283
228267111
32660559
68571964
353008204
192808204
419864099
76815340
94490329
28637645
15304141
168870773
42379273
193683739
352674046
196085856
329496309
50870554
236930881
418966217
413992833
419851423
210952874
420475343
333590376
88255760
367419332
337385257
156269046
197491019
276205606
42779148
285658036
225738812
282614049
66030167
252287606
420059762
416699232
344045339
367242372
285393275
18371605
20750321
270066597
95149182
388559194
127443011
295515209
374835472
216501207
404510646
183650452
75112612
44467171
228826153
374627570
188809568
82460173
63195984
291976780
23446912
58027402
41599965
157386756
241024667
309654143
125993999
48180288
366747346
119244956
403047830
406550335
32707114
31446412
136281126
297686767
295660842
384558803
28945223
407721170
70266297
25049173
361472024
17939480
97474409
393874321
17929027
47771556
16986635
39076895
28537136
285898443
294579537
2660761
110976391
294290785
27087844
374109092
155483064
34702920
199457066
288936705
170442493
381459883
341584803
181940671
30724493
195652562
293732413
38241951
33939765
391464722
29327290
23008116
305187093
64173563
15338492
389604837
13547812
14950380
109983417
21788038
18825961
219455456
335890929
29974888
61115166
228042744
47769955
213885610
188661348
334273250
92686819
219580982
140183942
82968508
71156696
119589549
122034393
188045551
50716900
389273377
33177530
382110758
273558323
16279527
286972987
110693961
308583703
14060372
316110308
117982625
26102521
106242514
363445989
26074499
281972572
34077445
319149812
44278508
41622545
167635557
166698317
81582883
81583267
215528387
374980511
362839250
156021341
320822521
384494456
24383714
308987667
200978217
342062651
203252320
69299274
45729854
169783179
383083210
60359618
44075923
242066234
231879007
151571852
129032033
235009299
373364121
138388291
37682412
315973667
372580682
126224773
303967163
374299010
26946061
282743491
193384042
197521772
362803249
180676957
308599458
370005706
222978603
307682488
26223972
59617354
52646206
119649241
50931050
66807805
87130325
193377392
164230599
287646041
27279258
96815249
306948918
128404685
299509388
226851558
306799331
212037480
301408438
340199729
240704654
199169882
312615874
289208989
355804775
73384517
246725102
93338396
161717975
223590997
257147403
119480392
255537117
37435901
972651
13
14885549
20506424
17909306
25581444
289724736
85035342
321265569
96985099
297515848
259959292
269329676
267437040
22043246
309562723
112098597
368700630
215753693
52328456
354503555
238028993
324928287
177775890
126227960
224782513
19728725
19459902
330849262
368637759
18933832
305018584
349169178
200921763
78731853
34061224
168304327
217880416
354925848
365105104
253997633
151687276
59307556
115416614
99834190
116206882
112478831
25090554
235248485
214267902
274607485
297474392
271696042
325529837
281153124
292616520
322516342
56440764
74586267
251307001
52689846
118135027
361706378
225893691
123091672
257168326
185634847
257135658
116211289
218750890
240256807
315486785
213312687
91435374
219426899
21401466
94378996
221788706
277657660
34093841
253760345
25493942
164744329
178213767
199211144
307709263
84020674
34780334
43317000
287728935
38979069
75663755
132184316
198143666
333728720
226803315
279184607
92118917
83245724
41081280
323174152
240450219
123328117
117172406
181020534
108217765
171780927
35912815
258661828
91394404
74552109
296854807
315267238
81974865
47801155
243664705
235617494
59841268
350288268
99783002
52278264
191897144
229907125
168978313
175464653
127402455
114272474
196194188
127061670
216349073
51231402
286295033
118028227
51170031
187302327
40596150
300548496
324914419
323660088
81240934
27271781
178414010
327333628
256730827
29354657
42163212
26604331
36377470
28529492
330663777
16408834
98270260
160977410
234489847
336488121
52114630
29556538
351517769
50114390
115522436
59947378
46474156
23778123
28503915
238787649
38721899
77725938
151959257
28051326
38193630
35994194
47133478
27296745
71633506
246444272
65756567
286981033
193834605
350386713
279158954
264218800
295399972
86830116
297642680
191457842
148530169
69615397
27439619
17230018
17740885
186242413
227476043
183013618
18121619
22086481
130798021
195456297
177455517
25422712
246592449
38238859
26551204
301954423
191227210
174513264
17452084
30537125
345614540
330455132
88821697
12266442
10228272
18713254
112508240
17169320
16998020
335787997
19928353
281969820
176679557
22063870
138516405
15933910
39445023
336559933
238459326
124666143
94704101
59384750
121659314
138806017
313433688
235811239
190139050
14640060
305324241
18535177
170311456
254858221
165090476
117778179
24787260
263349566
308836057
13557972
128990079
304868166
269486713
287004209
41389523
19028953
31312355
14175375
19867571
134021136
15339701
32309773
46769281
149639383
17696167
21771224
79293791
22940219
14939981
20518710
23748699
9051482
304875406
167116486
