19234620
1312407768
2193044670
284188758
540125438
4893377132
2749604691
30233410
14752915
800414768024518656
58917352
424711422
4652974993
853679245251444736
89682453
4848752759
2704395055
989926366102605825
3152791390
4846866581
250568163
947939128347414529
2198071855
131441369
1002291161111891969
2441497363
3497928914
874031422960537602
358464377
715516191016615936
313880477
745599853
2939942884
3202080154
214762415
925822901454036993
20806376
3324982626
2446169102
793950044743409665
1560161102
854142493134344192
870700418
3246863060
29623479
796764481762299904
745670006424338432
2370627199
12687952
773581648063496192
39773587
784825303038324736
997034807946334208
2404672095
58684360
1098776132
2871538124
950036335485767681
2450565163
859217109225787393
2998939079
888247466230816768
1061770747
1375547618
884520821930291200
981285417042395136
777758114506563584
834879092801560577
782005851062202368
747878086683824128
935460027711700993
981913655284523008
912842592802476032
1942970707
856509637088210946
989107063946170368
823606898
3329930602
2794119331
32356800
2469432049
3128045373
1537527338
243679353
745751982753873920
952651358456434689
2238218136
2759749000
3641052677
3127144859
526308930
982588444173000705
2247018752
2336356956
1285980817
2412278749
712565254392320000
951603308
920747946500599808
953498411340312576
612111900
983483059428261889
17571573
387181116
884790646254563329
2285746465
3255544476
188525525
2207482639
905530314
803251521827770368
2929424688
1689338184
802193022087823360
1411992715
2541413052
2973553886
785178068
1637526974
345965379
900261083172052992
17628712
766058630
760124689
789474139287334914
953553854229970944
545235190
621202387
805009528618156032
296150557
819237257601290240
968674731250483200
883992509852114944
96082963
305012548
4870803525
3027278530
1069368001
2779621551
172373546
700950868493991936
4106194816
750343322
415905634
1383132374
563946002
986123312
841661602260746240
2957320841
768286405508280320
3300063586
2882474866
518842256
877876760280526848
332696199
1357161078
368030268
17261066
3787929792
2533033880
3389874434
578486556
70298712
962700674537582593
827627937029566465
765245597188227073
442515427
3162972638
964644404073025538
3597650116
1459703402
2551250270
3313576844
816748379787116549
891817073642426368
1393355826
968508495048990722
860658267290300417
401542034
1444313197
3745515315
543751139
2899109548
553396754
970344182236762113
356336253
788889619236589568
349401458
973935097438142465
217865380
1136574486
2303257388
2819864922
325316906
3005189614
2286629740
317871841
2197290196
250943646
4824038918
3439298740
3129682246
313025775
916342956122091521
1589428567
956253629559828480
946527667565641728
371479986
185156915
745867495261802496
14134204
3393922246
748921914
944942265377673216
928429955683414018
4213351334
2557346532
1123476631
3567436755
770322163098320896
4869675245
904233170999984128
907395565612277760
908195166946775040
826340957893361664
408091290
135251339
3081786572
1156024314
2696243754
2796334270
76780580
154398519
1262776610
973308382852546562
914394249059295232
932535661063823360
899494453974577152
21820489
799016274298830848
789141069187416064
958108897990070273
2396424968
956331006138597378
2286487057
929873062555557888
788784174547083265
844964743894880256
716022729468731393
960845733673959424
950106814686822400
49359273
934500442364559360
16741321
1449005977
16249938
1474272996
4896023595
789188241396109312
3007570188
2589428648
478123361
389578779
3071230769
927843966371864576
789125227577876486
788789138841407490
755474083
403450037
381327034
789133237658398724
789109833085562882
852439036169932800
1431378265
74050936
935240536746790912
891272161293479937
923145068323725313
90115916
2433035562
946611629273243653
22326665
789149750939389952
3315465709
4911144210
3158499373
721201709817716736
1728466116
786917606934609924
4770633740
946112845447598080
818437413450215430
950595090
804923987771813888
2897593697
2191790107
744646208505839616
14645160
1245355310
2985037894
26248093
814856064751439873
408008627
32595825
295583963
444103737
14400622
2155339694
3165038153
947768187419889664
341631487
200286417
884065455643688960
840578453380423680
4836863892
966319132298838018
981407965
4671967165
956598997745008645
826069333050789888
1548143624
740259631277056000
2951622098
2590201579
4889704887
946179028037255168
870202127670489088
908892165123788800
931209379273089024
3103441236
965675850472464389
433964452
713373761366532097
4831666427
947166994033463296
2181240337
959570260566224896
872695783
604036363
15206736
888512917175504896
82329216
2345841325
945486651459031040
396601079
3125465939
831512878305964032
524581127
133854498
222810860
730376113
823801378401193984
2473789096
725759911867473920
284241195
20980636
247466604
3257908987
841579388688879616
20977776
1902721495
121496579
744187052
700513098243796994
889974259
229075434
959889450783428609
848312643907538944
138906028
40434781
23483816
3405361023
225048854
251634768
2328527097
860614786299576320
37482767
155681529
940245844195934208
929451783696482304
541574223
4247980034
730890271441993732
519594800
958156834925350914
3219593760
17955081
128389804
812029393455431680
966772477
165808050
2711059713
1435718940
2922685031
287455636
2353328083
896767834528854016
718036801013882880
832422451
309487356
3188362972
17071236
3260543773
3222817235
891191762689150976
866589914044932096
2909806519
834393420256931841
2329755805
2155563823
2962464960
469255573
760304680358391808
873685824419778560
905764310877696000
867003250662354944
1438905518
856455769171951616
4002396939
939990870274711552
3066356243
3091373190
3303025153
921151384631808001
1444229702
2541713174
2893536972
77729357
2398622665
2906087955
2911963342
2889053737
851624601989767168
190586896
19642069
2512494217
3609633195
313269222
892482388076486660
1464779923
20853276
49518404
760279517340381184
2569315364
762057772053700609
854948137219366912
3004005723
939879956531892224
948632267471060994
27960045
2716008736
2407996856
250292835
116016186
448357932
1885553887
739532769064308736
42290868
590538520
881193912
924061293182582784
2860570469
902561478292774914
942789224532766722
931956800676560896
862121148816994304
16801580
16703305
947063005853966336
2359311132
26104827
4795230534
3328884245
776693222521184257
481926866
885317962495700996
3180517350
107244305
715714833228951552
924343872
709287140216020993
2271942302
783731783846268929
2303327166
1454390323
364224436
2786282417
3005401617
708498846809264129
839149051253784579
858150875444822016
84423098
745855852482015232
3077669740
910362683538640897
941686267288285184
87710468
15210670
15518172
939074646774710272
2414140678
767225875058216960
116263243
461338202
3251849287
139142269
224408198
795792194
2594093873
35129691
720036325806637056
4624051758
75742264
844664989575135232
2904896338
539335420
38485371
615393326
887048799948070912
39611537
903919830054535168
2559854808
216147418
170298137
16696633
326665662
39795718
930883664019361805
936558324878921733
48662259
238341450
220133084
384955793
3078942992
788775195825868800
51290044
466782283
205360046
1243057506
818456152249929730
755176121726009344
868130947836899329
882131344767066112
489814714
909990449900859394
930179687954841600
831593475829268481
2914169049
819758534091018241
3351280055
909761969585979392
1345356721
12505222
157920406
3234099793
2769965139
777354032390234112
28757835
883723683109457920
386997820
556193280
3379345061
750706735170682880
83236323
311903342
804416034740416512
920999288263577602
750700753312940032
859075528732618753
314041021
716991981952622594
832642453
894638164798828546
1260278268
902586466676723712
898559516
32338228
2628041741
835850652844617728
897794270442213376
39020790
18602971
3272778079
3339795425
25458378
911922654206091265
769339609369153536
787684083505717249
803420840851279872
1061038518
833678154430631939
887441732413136896
1969630836
839590210417500160
356397091
709701406098399232
780158995939983361
822830020070666240
4669068553
449031957
91673645
182631148
34612471
189764627
785487766930927616
40736486
2310938544
22894742
2937621532
89117543
38950120
2711855321
43192340
723322818599989248
759767930225778688
42070873
3294389542
873761820833570816
889708373465153536
2973922690
3843217519
783716847900299264
540208425
17709126
1194174638
84288053
35599836
802153948991918080
2852378032
834059672650993665
190906140
2898173232
711674979423817732
329165922
17393362
2766073483
148301773
3107251723
550253069
3004218904
865657814579986432
633075839
4712857711
2835307932
271474142
872076951653101570
2229326005
745565933406654465
839854751441383425
3064814379
323984903
2338261784
786486038227197952
771918540760817664
446572967
747801554095316992
861901045
4281694518
154498853
854647891
782600771418349568
2248660566
3369744911
2981291687
713270486
45730229
869339724955082752
317378810
785520243313639425
103888057
835475029848653826
1852550209
704696687701286913
55721640
22209201
386263630
976439634
1398194666
2938490511
3201695745
50742247
4482294142
735397485976399872
3883287148
3244097236
834842162638446625
21064165
712347347041136640
17420557
78587111
2699802440
861260627108655106
859111808426049536
278903615
863845248899964928
3229252880
851530533448417281
1511279934
6888992
611724094
852355662126493696
36456619
388454092
606412878
714055431304273921
4661829257
137391834
106703933
3264334684
3394639354
564000560
2174835097
381860861
23989387
523257004
2895951606
40262562
78704561
584710383
35767916
4494521174
37199699
18746811
1884747138
3380271472
3240286377
3274963387
16074627
299230774
49349784
853849831999188992
1969302535
272442338
737210025920364544
125447508
168851290
22946669
1027426651
787281542506696704
170404126
1088003593
252304247
50324720
475687785
3187292558
753569521760370688
851809668825591809
211800056
95822725
23172966
19006148
2573440922
102758365
756663138
59581076
839217112270979072
393974056
851633879454801920
721735704959590400
4788047793
2790426668
14367719
30917871
379033359
976923020
1257645007
508188259
545836065
103930553
824549178000805888
3011646768
3187848737
3287488622
3852389909
4496486734
575582719
308025298
798087444
4679697355
825060087110725632
3964720575
16419153
616509322
2885566502
15066876
1952848759
284981341
293243196
4846537081
2892864117
2501986493
32135630
42730608
146053997
808819495590653953
607330676
844929802540892162
465196667
844187638701744128
2165777426
1283445542
749384441202520064
3114440647
3240269915
3240279022
3240318743
30449115
1417042772
846081735154683906
2939987217
2335384843
66221612
718414187777499136
314502124
778541951591313408
726143092135354368
2184320539
577426516
3225567514
738148029803302913
277648471
21666642
32679851
2200700480
411404797
710023802273472513
732971228181504002
2283792517
124829064
548023447
1449744306
476781955
1860281588
34063961
2386003449
3240372202
30201677
3910160536
3519298634
718317846183419904
261449118
837644748357795840
837147216
720407143073972224
2461098308
783934057424031744
2232222488
3229025315
2205388728
2915882015
3240325433
2874762916
14677953
91942071
3473923093
10140772
776504130
22516489
797391694480035840
1396478970
4582587375
620381863
218132338
3292550997
1243158608
4647829047
367499971
32164801
1064681570
1898480737
207323988
94435327
300383470
97479255
762951917865689088
169364387
578412819
15695513
822027746364837888
35120520
764870417513197568
37391190
18867844
834574500805169153
740597986846203904
293338829
19478383
721365405193797633
793182243451797504
835567611777777665
84152859
31237884
1693499504
788127015874375680
782923996023156736
21440866
19483372
818886613593825280
715950951262248960
3184548451
1478204994
4909834755
308863653
732314743
3533991973
3018564527
2910571860
852970466
702359964803842048
779103363401027585
3355012347
324101520
811523428247158785
3568705275
703689823907872768
67242707
3375316513
831960856078516226
1858770798
2197587482
3294306879
139529558
3896871493
4760704584
2391374616
478124343
2925013058
22097544
833170111
2613971798
3402504885
769546007751356420
34809486
701975804872232960
800603256279810049
963351054
2787125401
859702616
819297993677504512
4647140897
729159666282848256
3862622674
828768339090690048
387711015
16496156
820766952348119041
3981393566
48701170
830998634254761984
434540731
128832535
2565347660
743473231659675648
4832549112
800429465004183552
2715466601
829436658428805121
1423682053
805830603610423296
1389624325
1360077103
793007166936510464
503486713
566030767
1241050146
269007837
24206066
2413335799
226365433
262923409
280971700
163097196
3528933557
2744891777
778767210202341376
415642284
1047444853
327944415
269401456
716205178458914817
32668095
2837632321
2372579912
2898519772
715724669131694082
38883415
728102661271126017
2792653896
586943621
2363025493
1378300344
256203095
4089409454
719174199265357825
48735474
89555648
4620684676
3004013411
200033598
1143009320
3752262976
2810247196
2974987139
286117007
2837210936
486875718
1196716656
483725419
829169761644736514
18407019
66207373
2275011721
545743023
3526047899
798198578476908544
4426164575
708863649
2876813675
828614291142045696
2900775397
3074100828
4644775817
3182188290
27356610
1933256298
2995245663
3131245155
176910331
43030391
3202621383
908553546
3323067973
39551707
2986598560
458922245
4884639118
821193349159862272
3152155194
1925371908
156229652
774252223383670784
3316333982
802651253977313280
374394453
3233862776
2865482613
724120161368694784
4884350289
524743559
1476220495
822877464208633856
3338086033
704664219409629184
1611708830
2770255129
825966685215719424
3290072632
16046258
33014441
824754804857696256
3718139842
747938977987035136
823977384877707269
1374848251
196415460
1927066908
805607620467752960
516827869
813920521083559936
33923443
172854735
114258396
821154379549941760
814153979869401088
138925333
48593411
818376577427931137
721245434354745344
233966512
1949311592
765206378063466497
1470052502
4162471247
4904609787
2848663822
277120302
814071051814600704
707072418896961536
701311301126004736
15889727
4895864833
4843196401
3038707555
3342223449
59454488
1004876916
817355662216806402
12151932
1610792905
386297787
813993385799385088
1149340585
773497131374088192
472132412
797528122216316928
573649171
3578483715
766700842917429248
2808566649
2437662536
3730367113
5485192
38139057
785974729198931968
719547970098737153
4888722701
794873387701141504
2729437062
805795012667547652
88515943
2977623778
370852491
107498722
2745107897
751143404076052480
66064952
800210030708408320
799113645644922880
2843768360
775337040963481600
763674910141116416
783292440799285248
15081182
4888114341
706007879342379008
302731548
60630907
4741228814
716945519235489792
794087503074652161
3171299664
5514192
548504186
761853411172028417
1416858218
350397662
385625684
440366765
2867627061
2863628199
11992092
2983601583
3013656475
188929163
2685678253
2855864495
2445459474
29118967
987779437
759553987087446016
1108914284
3006126706
4883387397
1932821688
761678571844743168
3270397747
150066666
741310336502890496
3391396545
6108862
2513271938
237219446
779548762008121344
745448905
570867466
153966123
714149836594028546
3218697192
126506647
322116425
752669568028385280
2710439021
304271678
487256024
779591050608467968
1543144483
771642745043628032
2729966535
831118495
420112221
53686349
3301171864
985400317
340182970
3923770402
225403195
248925062
769586060695220224
717903151353962496
85021241
69138611
2889392663
34436190
752722951288528896
732363663181381634
1080792253
720635270102663168
770316593960214528
14855279
76365687
1054819242
122014550
252020392
2157387439
305622513
1384403300
31544959
3320776549
2872661847
4475823015
3759166701
279450707
758962013405974528
194935412
36723029
438002088
761279142696456192
36986138
2902407087
732535149728931840
4872132276
746040932429070336
1772205768
2733242731
2883089621
4881961024
588559501
3594763280
1933042237
458322044
729985303272947715
3301993205
259674489
521484860
755110470256889856
437674175
3280310850
612408234
756204876116402176
722420952152350720
2904646534
459837202
31589284
621950703
2150366809
753251910577115136
1589744360
2270901096
1205486647
2768803731
3295902108
905078286
2241160442
84860555
4603471948
4483435395
729992542067015680
740265498072453120
4882743003
3012726516
15704194
389114013
3241980733
583245674
735369029695746048
1360718155
315356100
3524146997
3053078049
178483398
702968664853778432
712993985128710145
27676222
4280613853
3420668289
188446449
1541225378
702298863843962880
706588002
176430561
1379824135
2387434827
2929400884
3009256211
2613974654
4912062641
241695664
4893739961
126426089
41115798
21048644
723457494077444096
742461716215279616
346703179
440780061
320600293
4888239184
120906763
80029584
436608286
539626435
175954697
341596632
48404967
1392255278
60504439
492540255
3081806014
2934791134
331721645
738118463349104640
390241410
415008718
2979570651
396074579
335848627
614674464
294704923
3319264458
720146285622374400
2782183681
742158126032560128
47747708
4884602753
2954839276
175743717
715582620034314244
1386338108
276440904
2579814948
3302180818
3297957747
4738310007
3008279186
183667695
709461702564311040
357668606
739262372020248576
241988992
2685783728
4188813019
1132205024
45390020
23334094
622411661
379831367
2941512936
4858753947
2384654269
164282840
185819603
1967106918
1354574178
392042181
34094623
318667162
4327367719
17536486
229238319
486490334
17881816
4888190806
730666653445439488
53210455
25321643
290919853
726060154622337028
2485274377
22629005
158841311
1325742596
1455738998
3022024842
703147236499193856
2479412041
707415912035397632
732310937663901699
3246624564
52795856
4114491493
615496840
2277948512
3166593646
353062807
25343565
2584131224
4218508996
505580920
732233108154634240
3383740943
152118494
323998361
33778988
14765416
379988514
172342474
4493446775
268063408
3529466114
1606150332
23931276
2417332544
4822045101
2821637160
24218152
4107920831
20132655
73407253
1075301726
59602796
3131686349
4230963928
261210514
3131506091
224408868
3033054533
732105397507624960
1573438136
540201787
509030740
734119690998579200
331620114
14763734
3419779977
808639410
727487228906209281
4888224346
1628899188
348532643
273529580
4575711613
701322659330654208
15836067
710558924861104128
729128785463812096
292537886
4164158795
719453986647064577
4869777009
4902747137
731115465137881088
2447341464
377658513
280295255
2909304186
727422809383800832
107086297
721870354700873729
4208621782
223247606
861065533
79243628
3624599543
449788138
2435690629
18758318
221848023
2752565720
716029388739862528
3661386613
3285489752
473381300
4909885524
961130220
151370286
4001201133
3291043658
731614800032219137
3277999267
40941731
43963750
2999895234
714512386804285442
1421214470
1259746166
4821253223
1899242300
781319274
3068771553
3300892587
4115242454
4795918346
2750513041
2180093418
719245960879149057
4511011513
479925916
35595347
862658852
706714148948807681
22959589
729014272194383872
720262949533646849
2174022908
1909232906
2873974078
68247622
1859824632
15346833
2429530548
3661556479
1874773387
720427668332634112
2330901392
2938451916
2856142558
180459156
4268123055
3142051377
4854923962
21169078
4813381653
403179950
5800582
706452312286326784
718518917862334465
2329967993
263894296
2298191996
373492721
254656156
833714875
3016055695
81774795
264141358
245218619
1696034671
598432686
2989776823
228826153
33367525
105445946
4502810175
2245775322
900022902
3237314905
363189270
3003703612
62059385
17033708
2738926248
19826802
770626915
285217524
3031707882
2821492452
633188785
718919499798347776
2540573335
721292277340049408
1342838222
334984455
2451131084
3397896742
3087380587
709321350163337216
2228644270
5548212
100150576
486358649
444940567
252694478
707604426693976064
1615913222
101870982
3158074481
211202967
2302555176
3259968175
3053452095
318691278
1438543111
2413247078
708314945637720064
715364777422372864
720528240
1195233104
3427497833
1117832744
714814675553292289
1037323686
21233922
718089031670636545
3310875561
3270195240
2686628156
851569728
5980142
3948245837
707682608788930560
3105899222
565773188
4135945994
152568491
2258352980
251012121
33480363
695939573470359552
4830834527
2308792418
1132790683
4749255086
2501559841
2723171460
602641540
4743858552
425947496
268556198
2817373081
392111934
4704392173
573461332
76266840
702546181386313729
187021407
710725277660229632
3306634849
3324428852
1047420062
3178750362
703962342359490560
2421295405
3388208980
4732278195
63485764
1852011716
50397179
1852818678
3100254493
3071268497
1695326954
4574674276
383240251
135251922
139993742
44197057
3773323636
3129798420
4725373364
36365373
3428107859
3247941871
1395503150
710808406479773696
17617356
351418484
174953869
705183832467595264
96955870
702554524599324672
3318192802
2157417348
4702448101
43635444
2982479663
229385617
186175602
379476398
422289762
161933568
2203759645
3004684061
710112445595922432
2713358824
2361519769
2701987350
710877459240058880
2854168612
1633044060
1858957674
4436036414
4886809827
50282356
2840352092
2838000911
304404404
374755520
4147838711
2594573772
1354900495
309306984
207799137
124158998
222941874
330509973
928917745
87234523
3300971971
4757749110
167760471
2241040903
503838627
2981991683
3217900072
247632850
128447498
2460488833
21233472
4777843107
3024762212
22759706
211072702
4885126193
2988483194
45774895
463337324
1903029522
4697799992
3293886549
251809067
544998165
2896052759
136986438
3994774043
2563656001
19569136
30317113
4264425075
3402302571
4856060124
2941438106
308465313
216502053
4852239250
2590563444
1489404408
621246763
4859385994
3093443262
4772371969
78984605
3460102995
4165446433
9843782
2584075007
137727876
4858038791
4766843836
2870607297
2291345335
3321110480
4805194634
42717651
3271451252
2587867814
18787733
700692341800042496
3345804291
4530074420
3321727556
4746434310
1967714696
3321174625
3306602433
383093045
2926158914
268536859
305315869
2380944356
2987920696
2690598462
4128838714
2859906479
4193661914
3784832175
4091056932
357840387
42952944
2690165209
4514645069
132955268
2288632549
54924529
2990246977
2905543623
4816695897
561930913
328281085
20022608
3995842274
432824948
1447023979
3290724822
3289945685
3162517796
631029361
52123526
582755154
3025955181
614837898
2883743458
2922245762
3332678386
1743632868
1666069219
23391334
3446532262
33306938
3284444479
4785031582
2800473330
4842173427
37599351
191938697
18020640
1575731102
582763140
1270493731
176062580
4083986833
2468657994
4133564593
164322849
3554775797
456178697
3296747653
21360280
392191266
18953266
231887352
3145106639
27062536
37649237
44591358
4868018649
2911655537
19170906
29674344
1536870960
2354854206
2564854013
333416968
46117928
221250067
4565198594
2904361306
1213169030
268607705
65665818
36043997
61623882
19006709
632831753
21703107
381160873
2347449511
3906209967
135178878
24921910
4632700335
3698918175
1705869840
14550939
1965480625
4560097633
1103238374
604119323
3281425825
3299890701
4498570156
960460867
1301608392
248010850
3881961498
38713414
4429185521
346246513
28700553
3402045161
160327258
482457738
4831699318
1143861355
2524788367
88621782
3146179341
3286032548
3079711485
3048900145
2331508183
2466384210
47714847
4346408232
346270200
47146766
321364429
3540954432
1349866494
35113926
1450394340
4784211569
2879027297
2938843726
126404413
4759484561
3240545090
4796803378
3437796711
4638724528
1408989498
3095224282
3996672976
4767958762
4267940835
2250557851
3131990543
3267419382
401563492
310914988
15807837
3489444733
4718391552
2989054250
2922026304
294291873
4200323840
3894819315
4694107844
4499044818
4603691293
2910380766
23483073
4665540873
2911023553
2701492915
3420701513
737502871
3260461698
3253188548
2785599747
2213574914
4057251632
162704252
4692305401
3004531123
4691021658
2896521287
3015844432
602701133
3416184975
4532547554
1860869911
4622806753
4423092617
4223828122
596303702
3312069815
4634127803
23217361
76785769
620204353
25291961
37207396
1377797540
4537921515
223230293
147759009
3097002408
41818055
4144276693
4540799172
2715815976
2906220563
39263296
2723551188
19816812
3332266119
248870405
863740165
4590476632
2717697042
4483517007
140067631
2918092542
304912237
4340295076
919947757
4276710220
4552939883
749426005
19430780
2581695386
23062720
4125599592
210931140
4582764273
412674549
447421329
16151935
3339508599
40849223
99427640
62554155
2711039001
287285192
319962159
778228910
25723378
365211821
4635364411
988725697
4037381062
4037248161
3148385455
38619478
4401361876
193978434
4561914565
4639700150
139732111
3313609608
732538482
3397535667
20326812
3065982291
3131042770
273140717
15210888
18782063
3360339123
34826262
153252061
19539314
3353722992
2525292080
229087823
3313792782
3054387716
2523474710
743298224
3233938723
3419931317
3090120034
43424842
3768442218
4548497327
4136556453
105761199
34971242
2679358555
4251360979
4291638917
3895285153
3320489689
4402256955
4501710077
4319105716
2218464332
2904554547
814088000
4413434114
31345175
22283639
83758686
3280431765
568018650
1257600470
222433252
46476526
38607586
56452684
3122756065
1650467617
27200364
4178407827
965375342
1695735967
45672225
2822932205
4439574434
15795653
3119393326
257526453
4483741881
3252598580
3830333110
3060860222
3201628258
1549223533
4166988015
4518582214
1582889364
3025827185
3325492166
4171952542
2797738004
4402520537
16713288
2866424384
114925260
35347079
1061364744
728786725
3898143732
1500258500
20951092
353289048
599444146
389764595
3061691971
1301709182
2419779698
343420501
2371306238
4497427217
4497514300
3367248033
3096367983
18213229
3272355620
2352511700
905875783
4477887525
33025341
324984144
2550199736
1580977291
260340277
3457424135
4463000233
3172600908
386790884
4439052627
466277373
429062277
32464269
1444965884
2740018225
2350318927
554507815
142737183
3741497620
18723297
2461911331
3242870148
4199034196
4301794409
187201368
3148918078
3612134904
4495893139
4075822893
3304115522
4018569492
1121501432
3664468041
4462746407
990500054
4424421976
2569338613
2772239724
4384841663
483739534
313469807
4270068432
3093134318
3321080965
3864514274
619566654
2990378572
4250461960
3052895098
4451021789
16326727
2363290530
4164330075
2251042746
301578987
3091845766
2726920645
2731589470
2819314441
1882078243
476020625
4234734149
2674309448
48238543
2335893746
246883767
3624959295
6987642
4344001873
4440763115
4162553114
103076944
3066025894
4395602112
3153552501
2222411630
1307964654
1681730618
2338981514
2500208041
2981782721
3234062262
1583295452
945089516
529623923
3248516032
4089212895
1898011363
31291444
3340995874
134889262
2896418516
2615765004
3965047294
4118179641
3061848637
1378479920
3004203448
24773072
3711605475
3889387457
2802980811
2541887444
16521858
15459073
1310354143
3298935818
167575404
2426413352
2778103062
2888868142
3190871519
49859891
1417301352
3266090930
2821238044
4466312653
39577331
16494321
495169549
281716495
3604300637
134977767
160047813
2802642781
2394241507
3070745096
1489444692
1260595735
3837277176
170053735
3061720654
4234513948
4376860522
4325490749
174123879
3081510383
4484850631
612931307
2429467767
65130553
1222622869
3598126941
3930221717
14355510
3003925858
539189067
133769431
2208117437
1542484784
183485832
16975868
746801028
124596859
2887790891
227255053
2286864444
2797238576
348667570
416949345
4307720352
44150150
2649963439
4215723433
2813678052
58575346
735609726
310831156
4093255096
69314323
129627917
211256679
2467013293
1140101335
347887423
1898424662
1611620750
22328240
2802911281
3058787440
1663729712
3003681309
405693215
193532540
87852625
4382295399
1571653993
91460306
467205556
200583835
1538256728
3294618820
12874852
3483836716
4184893882
1458387907
1339843488
17911227
2574103094
4177627279
2375187150
3148866373
3148606096
1558731486
4236487527
148800323
1205196522
3408798586
4294745001
3816948389
3953353528
3075181277
3056374657
2538166105
939846354
410411134
3430374263
2284780736
54373845
3696098595
22239212
862192710
2396841318
520314699
465729427
3449973197
3290447104
2547514481
33177385
1139744372
464513077
2855694848
2467598774
2799885691
2666403512
30197199
2486054191
93210744
2426201857
581811026
3181089888
2824022297
2337189625
4135757613
3799131792
3468510974
1651745263
2580562602
194350702
40047790
2472128569
1272031254
76767601
3715084460
136396265
3188774398
2908213771
3254883228
3236246213
2842844908
609318775
3308670487
3239956944
354309948
2838339189
124457378
470489295
231125939
1975445077
476248887
2462988686
4416378198
2316419894
22025022
3190365060
3191036078
196019934
48893830
2838001025
3794999954
42035272
4331430267
237796056
45627811
1628106126
4138494736
3072312415
465047990
104356887
1325244324
65894962
91741446
2722277287
3037618537
621028070
2711846804
4203809243
4032661512
250708329
61242633
3316546573
3234002041
371099663
427124533
4101272065
35247174
234955082
2305862587
2521019880
3132036658
18266223
4167824247
4298153116
2897717827
20481308
2580990793
2835610593
4248856491
4311079163
3374805106
1936670696
1700426708
67175124
2829616226
4315162338
2834730071
2466339073
32691725
325667174
3601182139
479857796
4248952035
2506426615
4256730435
2665593223
4198664961
2645773660
470810726
3122793488
1869543012
2276868259
3961733773
1912862353
4175550795
2892415991
2904913023
3402634573
3093711781
380961450
2985496816
2373706916
554578610
3322177154
30862237
3303805105
631669280
204366191
302429022
379369612
759562399
127030142
3230537372
220627785
4359773695
3298292206
1445417424
391708727
4190355492
2886382089
1377195985
56980475
1071629592
3292121661
875962572
4250925852
1544068398
1906340281
2386076485
88338146
23181999
283824663
4199832252
40418809
2396963676
3956353873
197799557
224322161
29143012
25539759
3302008389
2721951850
2983316750
1596939493
4191938232
463100911
285041343
4068134069
3526053495
2307049753
3300498561
3002369926
616573748
1525689241
18408384
1722468235
540949116
792222362
456895067
3298023422
1649703320
2842270648
3346890867
299062149
3198323875
195900677
520938512
2745594224
3038511801
3045508942
3243921167
2565336072
300235956
3121607294
3128089098
2558748788
2953557033
107087487
2565403538
248890013
4264488554
3240890768
568666342
44730989
4307023519
24809595
2846580298
107146721
927839215
19833930
3433671052
91685435
466131292
3813848061
37115912
4100716823
2416307101
3067697419
3042850310
2342387252
2596953535
2521049040
3069171203
3106427481
1569421542
715329906
29997206
21226484
133984183
5940642
2911633203
15459588
216426466
2406861742
48060039
311758867
4230830026
2600321556
3204406199
320903052
3082021333
2969249458
3312590123
3035874371
4134380002
117088433
3876853102
2595602678
106230055
1683770155
386025311
557241661
3144402645
2929088708
4234277296
2776472202
1166763595
69398066
3314034271
2379995545
4194481415
3411465269
2250585715
3551085553
4053132130
2569865365
52398471
1021440288
341105794
3152991015
2404125769
2280594002
2350808685
604261155
3054101414
3201706312
3237583226
125233653
164822273
3023296026
214489590
3145758013
362084030
3749983813
3097852024
31891798
21729540
14003142
819181700
3340709001
50345120
3321057678
2945117562
420987009
4277443814
17943171
2830434669
188823353
3329834423
16248319
2282902766
3126702598
2968751100
810841860
2610504638
4126175594
2304905659
3382543093
794155129
475648525
2687836388
18404955
3083958885
3662565924
2736831705
3935908337
2876608473
222876790
190383926
3684149095
2787104861
2778820716
262313593
3901384515
350984901
3160782163
277407449
3301427285
103834985
2880884960
3318394088
244206578
4122299052
964865576
1580973936
59219028
471560358
2465084779
3019247193
1263193286
2157743257
3021314001
1129834818
4171205776
2885646921
3976761559
1602730458
3836532887
2898424491
27124078
540938173
555734126
2823890536
4099038681
2683673244
2887970519
2695842920
610985663
3415320070
3241211237
550578976
3199601543
2857976519
3875370446
27915542
322858882
997589958
166584813
1428672054
1090611865
2352709218
3109028075
3822682342
3958726978
138584469
154426706
3498263775
3428200817
2272279302
2925724377
4170404067
3390665254
3229800211
457196618
4139219446
1058358865
499851365
1563012548
4091981249
3382121055
101151129
19729568
28096916
2856824889
2353629902
2453562690
4190287573
704321748
205399718
28718157
50214850
3643603102
722473598
2923327751
3701261603
3027432249
2934181047
2445577673
523572569
2226804362
15787325
144738549
2950076333
2196105151
3369275374
3666889216
3995553803
4091058526
242903023
3233105276
2702585652
33704117
4158033552
2211835920
2788883538
2842026258
3796437075
1549079918
417927586
29151815
3820698072
1658294108
3982718783
4121985905
2959407064
2445913952
825664554
1222868959
20787981
4046256552
16279880
379424158
3833582477
2329982532
132754381
44054686
58272571
2797613190
1199313716
2873301816
19315409
934991618
4100949383
4130463385
3029721231
377228380
3354733996
3934478194
1411613695
2298405554
2918628777
59771693
2919630544
4127014932
2151292398
145747018
3547594466
4017578712
218545384
1977075762
3679248432
2395705902
611120289
3135249658
3248275576
4134475460
4002836093
296398581
4054622113
3112766680
4080800772
3823150513
2450612906
2405080898
261228888
973216166
3743248334
3160466299
4085064373
711532268
198565074
4068688455
2943149806
2375613379
4122814732
378588599
2313291746
378930505
3301747272
554487897
4039700729
1165481719
330534654
3184631660
3264267895
19980092
280808948
4112512334
447939845
3986289254
4133884153
204238180
4121817854
3477681492
3902751507
3219057234
3618536777
7872292
2512334376
135194356
3037876276
3158497010
3297552872
2756446229
3035834326
80361269
4013406616
490857705
75157472
4129455374
4064072534
90019908
2332922785
4086695673
21681963
592121449
737927700
3351281217
2923436311
2423885591
1697383021
3293351582
739013040
1718448012
17937269
4089979822
2378499680
3362727554
2614411218
293699055
3956448317
1177931012
111369184
558252030
1473794754
2778557496
4070104819
1312222128
4080715754
430727193
283943556
95020727
1614865933
3643018453
148295088
4100397078
4121789772
253357445
3317350872
3741274517
4110235257
575478757
2973690804
436132315
1611669086
3105656928
2834469214
2235082016
3227841883
858921774
576149420
3142205650
3027094060
3286910875
2506128748
3270749790
815076716
2829428812
138851547
179149250
542443395
2490068635
197866219
3351020746
2351114448
1248185738
4083303801
464312468
3373487777
3400742530
3916069572
2800519721
370754131
850114778
407003104
3308240738
3892319566
3062153582
3929166084
2728816334
4018454427
87081270
127941747
2281165890
3843298632
4080772574
3338260727
2934078309
25748323
142963564
3907952366
37035794
41022553
328695608
143388925
614165574
3247832175
1676972539
160773107
405022806
1842494786
37377809
3323192248
20034758
1452507248
975006956
1310700384
1864281787
2995717293
337896911
4101428127
218299831
4107606259
4016825474
2370848606
3328617972
2473585214
2467266577
340342748
2279210012
3853023134
75890188
264579898
3941745860
3416805075
211949793
465739446
2455597124
3793305323
71443142
4049149819
2824105711
2889355460
118447616
3408352661
1659724682
18003702
4027695917
3793665161
4097640593
3002353708
1726047662
2888310709
134770671
1083849655
2904974801
1336266985
3844758886
49441779
3165991682
3690045082
1337678305
3023919807
2460701294
3147407143
16782604
2398417658
226962705
256467775
456324644
42953271
2567149405
114851139
21839695
3440033452
2822702694
20640729
2805986419
44912323
2893790285
75584152
1375371229
2976701583
3356902451
344196055
3351219712
2994697615
26878274
28368416
29421751
250371780
14530875
56381545
1415898583
230111173
185520234
361181996
17944711
2951292959
87839537
568740443
289735869
2338462088
2731214480
4035753449
399040925
50822416
284861256
3017826237
2905046957
3109805151
1538182164
3374674162
2536078659
490968081
3238458571
3244520934
2375980506
443039520
2834773080
2807267707
2634953605
3339138005
2984863267
99058650
119414424
219305886
1362772508
18971478
455869880
965069406
3004422158
2830487135
136992788
3233681707
3352789161
2466174554
3275482143
1043533116
3866979199
4046623257
1288442766
3815694312
2960530976
476362131
4064996654
2163637673
