2730066025
145499533
918594956477980672
105715305
199999865
262454289
29756339
21219827
8318902
24024778
310687757
2743113943
21024838
935671132967002113
29403387
757416255645179904
44177383
65707359
1703151301
160272734
932743305758097409
965266179836252161
238475531
236699098
200913899
243442402
890359850106007553
236956880
54330182
2360595235
24963961
41229669
43283406
27911944
742143
807095
30602016
196795202
56783491
23375688
17696167
201308621
31355401
2364876918
462398759
26090319
22312032
7111412
760284345466707968
864840537630756864
143664456
1653075950
119199038
39133880
46233559
148838434
487736815
1740059106
916008032781381632
16143507
857293887832043520
150914816
45090120
23497233
19028953
85452649
192468772
35094637
22940219
14230524
27457788
19671129
229943617
105001940
268414482
20015311
50374439
90420314
480930665
26020351
31304821
862048443660812288
701732472
866953267
913812620
135019364
116362700
154280902
335534204
27368199
2983827689
51104447
255388236
21247989
1566338034
1557315432
32767015
80706281
45709328
760708472908484608
796286765942378496
815814565
422798683
2601175671
2776676325
31239408
29724393
139636675
39838420
874511506045620224
24740625
744454819285442560
3179977818
3063032281
1480251510
431765325
361564025
18278629
263872769
2176998871
1198406491
1325621532
322152865
1417334210
17925031
87320284
48259431
2276631768
124335068
72915722
321970500
305694283
35031708
602993818
445659911
3038295012
176566242
34507480
16409683
15485441
81480697
23827692
3180018774
250831586
96846955
2768169971
442237496
63302020
61391304
293314555
2893511188
189248614
27825390
107556834
586136477
3731317694
165552004
19058681
15888142
37000209
466777455
64496398
1130156892
43269420
416963802
316756361
163755960
407977463
14824849
52613032
502135911
75974281
2439032786
17844280
152801977
28221296
1238016421
19879313
31312972
23027237
6480652
18704659
1391259187
22657153
6480732
18548221
80700514
38536306
393053595
23151437
50184013
58745897
102278356
101879887
492399548
133880286
58466292
57097104
1048279315
13049362
555448499
142157505
260109010
57084769
500042487
26642006
36686415
494699660
399444662
373570833
19636959
19397785
373617611
127245578
462495192
462489802
366010246
423501586
22544911
38293759
18091925
191737201
23561980
23544268
14222518
227148572
23544596
38991195
19637934
52551600
41259253
241382835
24859104
53297035
38913318
97082147
443215941
92464299
23779324
18369812
14622632
48672487
16998020
339239285
6427882
82939583
29896200
29840295
40981798
32910351
20450186
121626258
37982492
89503894
66561957
562381032
21035409
26604904
139162440
88749392
6480682
115485051
15693493
153694176
266367426
14175375
20322929
27195114
184910040
19018401
39325978
28706024
26565946
79293791
35787166
251496825
23690344
256573865
38531995
28208983
21447363
15846407
21111883
3004231
