708401907476389888
800515206078005252
998819238457491456
985999589449887744
970364339554324481
984814235313197056
932395309937852423
928072604719730689
880963219623489536
983788604534161408
914126038371897345
982406541285310464
955619345438093312
955493938911211520
943906783235592192
931646870828601345
923752694535327745
900280664834154500
906537651687378944
903717603192995841
902132070708895745
901698899764813824
901878508695277569
880381303870418944
899553953381314560
898709322787680256
897045707160510464
897880403616378880
890502287008944128
894756363078836224
891974297157349376
892694066424631296
892684023218229249
889508727635795968
890643912351776768
890644059227918341
890506900701368320
888856233251307521
890012892388524032
889316547864514560
889254171286929408
888917787011362816
888864046493163520
888880855657140224
35528989
784381018589593600
885475769140486144
439398914
884119296598822912
3386558915
874434767311319040
3040529638
3244832188
877233250669924354
876564923798753283
876523323789910016
876278654770315264
865624984902746112
874284322953547776
719200255917584385
728623295160045569
865660277932544000
847181140813328386
836289114425208832
858957260235689985
860683217053130752
860149569698627584
777252655668264961
856984919184211969
2354524682
858460549264355331
857612013186494464
2759961422
838099060229799937
839432533557325824
3983374589
849800005489700864
752853592416063488
854976573824520192
846807321099599873
849559355137642496
854167916186677254
854059962934464512
853253185091358720
851139714493054977
849285803406745600
790749556333907970
848588997190459393
846766482587615232
847367552455946240
842142496733970434
842573552708653057
841152891264073728
1642898634
799736591401029636
839720324539252741
824490704441315329
836985088923611138
833889340526907392
832364850219147265
813178692813934592
783478979097341952
820378859380113413
828153130500182016
827821800151216128
825795522791350273
826300970929909760
825754962659520512
825487416567828481
810299978656649216
2942258311
781940760736333824
745463633723817984
812298638231818240
821782374820282374
821528130812780544
786253798176088065
820663608115941378
1676654209
3137812609
4559977773
818514422838632448
803080449274716160
4810228161
810397386644291584
791249104915443712
814189793043222528
707288822640300032
351927856
812400019219369984
812099538815221760
2353987362
811464500276826112
770604640383537156
788374219243610112
810421308324507648
730133044363984896
809023152424701956
797525047783124992
806086816327749632
4593812833
4828023914
806654190659452930
805428972024721408
805155112293429248
803873002857308160
803804620552171520
4856850016
701160397848637440
801612907977052160
802982944910417921
782427771339284480
801105601656922112
782388121908318208
800497631910760448
799873963534979072
798205071729291264
795068955257749505
783819113126846464
3818177194
787103779799830528
3153324465
772911043387527168
783910336030048257
3120182222
792810037978750976
761224145279586304
4725841856
3304289412
2728731501
792188443233103873
3233732572
4446651503
769750757025452032
756200347429896196
781899083602534401
2217256498
789953611744813056
316819832
786304404479741952
740576051764461568
785227690085195776
765954481158758400
744581356890488832
781602734046838784
783814581021847552
3064618168
782438161867825152
782545470258372608
782455417230155776
777353387134164992
3562476617
780036733987614720
1323341204
777872124987838464
778070276667998208
744838969905418240
723588303396712448
777134934003769344
774290965834129410
701636281256779776
775037409465511936
2786091286
757075533070860288
774787725396480000
774785360035471360
774613467487756288
774605614928400385
773655608302178304
749987267406655489
772913047526453249
772812465948078084
772544811878395904
770390637350879232
771914612103151616
771927096922894336
1041358590
768828120057151488
3620923936
762759502789767168
746812270798209024
3183779349
2768722647
3487795578
760452253916463105
764841920602447872
767779399806644228
768210569015033856
767797719876374528
733011605189955585
767524163225587712
766679934291046400
756230014140461057
707631275591467008
3633208695
753415515507421184
763674011855446016
763524031295488000
763480946939138048
762547259900768256
762087102183944192
761699426201055232
761195205311750145
761122195938521088
760472064952328192
760837204813963264
708868174821892096
759910582615060480
731712057003921410
2770878729
759225667041067010
717381145499820032
4873824899
758066832003698688
2495537721
754706730332880896
757624322311749632
756153630663651328
1643545909
756930011962208256
756884479185215488
708830695158747136
3437443252
755306039415889921
751803102617964545
3389164462
734795737674993664
2344171411
1623700932
2424459380
3290855192
754146011442843649
753668959069540354
752735272693932033
747443267264909312
745384593033990146
750130224663302145
748749633782882304
734043419878821888
747297561917030400
737332423642501120
746371558298484736
744197235236306949
745362702726463488
745014137923592193
744673422190338048
50563789
1048938829
706656800754540544
742893103347052544
732720925540421637
714601779250536449
740517449062338560
736295277578096646
3115979642
726157168676900865
738355306644672512
731959336860143616
4767342401
4010506706
4842613522
3207469828
2384763343
736644571824689152
735995010286374912
737038192025567232
