974571015580786690
334927674
1003688965587816448
850002992484933632
953273383302475776
846791349072515072
879596982
850588963936927746
915215748233961478
855850328389976066
888001818382417922
2824185121
956129079954046977
2356290679
4632818089
965533049113866241
3263204166
816914108
843053337373298689
965496950010232833
914093426798297089
909273436345847808
2327403793
29024510
953647366657138693
911507263851872256
914092821887434754
949883943674822656
938682624326995968
927663645491912705
894435350784819201
765136769058680833
927370733344264192
719146483639934976
858952983203110912
863895155635605504
4078046954
738313643264253952
858654741370347525
895225221312954368
873846409933369345
880727884469420032
888161909933002753
875769039636877316
885873706446094336
879574250553724928
860453163400183808
877201014067126272
865292980596420609
854697538313572353
1319981100
1020732619
868255458364080128
871013433189122048
849976678889668608
709713791722848256
831210282710077444
851677005733138432
871981864847683584
776946927262834688
869932328721711105
864683450036404224
857687644280508416
810048692879179776
3385477504
845687437095428098
865181403197124609
863015003401535488
844581230007894016
863336336471805952
844714183786672133
764787117813661696
3117157118
775219588707471360
814081442611240960
