780791854631522308
842658100142374912
916261531674914816
982547830794436608
337357252
777054260617850880
996000256423874560
722305012542619648
959350234840092672
993168335578849280
963622689205141504
950673187288727553
4345817544
756223728002953216
988031884427870209
978894308622372864
2901046231
167025026
892597174722191360
2765201402
859883496495607820
999047014334717952
1001607115692109824
977242517371604992
350087130
3925531694
788143946362941440
942575381751713792
2530904324
1852768818
999067621763956736
822703383513399296
940366473691791360
974630938003980288
996154428355837955
950248188966924288
940594559263879170
3051387061
898329650975342592
971839507178967041
810871106865246208
881662783007318017
960905990164987904
951989058938445825
859096341338869763
903999000533020672
967752357411999744
988193965521317894
886343142512963584
877607698744754176
994518722407788545
921922827711758336
2539199282
964419617094475777
252816766
992773007050526720
972263877755875328
972746576962596864
863107974646181889
961422154393731073
759368019357339648
914117304132292608
951660220987650048
946890587852197888
968424173369360384
797727522012020736
970264107843809280
968071786473533440
3013846621
833620382095544320
972291276656791552
859400000392093696
857800597084356608
958740270652239872
968358961
287882413
823922946418700288
2652545718
790714497295974400
1672221157
719391238214914049
851166502350839808
2337851382
873002037037776896
704641759
968141550008938497
732963765239472129
803462271548596224
4633773679
991806437386063873
959907112435494915
2514006361
841256536932511745
2961996014
935017382602403840
757390018667163649
888763553724985344
816914108
795269830580408321
981682056248750081
815127831894032384
781320759054569476
4623634932
859388848547274753
877535188372398080
965478853475840000
741801963797499904
915197055571828736
946826999359836161
952734214914371584
970958112088719360
880925843396186117
2611354470
991717556112080896
930101364327247873
3130852854
997226422283440128
972764886332665858
877339914865475584
947891057169129472
860125431164395520
980225951194800128
3131557841
956924224823873536
994996979464843264
845133766074912768
275384177
2353220417
859035545363652608
992749673554165760
1931795396
3302718477
3828878353
983987772
895043017257738240
987891825489788928
971828101465411584
970186707071942658
117574735
955092122159345665
965957161401634816
836113363117563904
189184971
899503665748164608
835297634780909568
970201057174458368
780399988366901248
780608466234675200
801700665902829569
909292554943959040
2956388785
981963208473960448
916293694357147648
50520863
923828154791284736
972089891134824448
990697299914436608
146800951
895802342695620609
942894504197152771
2909369474
992936720034283521
875446463572000769
2208055752
858293106332094464
768893153805905920
2945590010
995342368546078720
1514215777
726237017483276289
958535706086789120
766816096884170756
956356516143132673
847560469703348224
938442905454178304
3225612733
958523637866233856
898612321974706180
979704004165980160
990782739354935296
984107140997701633
932190191292334081
991786749650141184
879646038042189824
949848662691143680
867546538293080064
728750337125801984
840457795476512768
823551455042961409
3073197240
3266438953
906915711083094016
4711990820
3220052774
2669946973
865100075860606976
2280834240
835342860203372544
2183987364
971327854159032320
921196190078824448
27161109
71966839
952102923017666560
922198271560368128
975175680534069248
917197183216160768
930964607363174400
811560115601948672
895819206783975424
2412690110
800518448887402496
4802822036
727836093387669504
941697909535383552
926460273594109953
971336459264450561
906729403006234624
740788973799415808
988115989274411008
4859536973
3138608617
4906908626
888773301853618176
959903999653658627
4733302086
917350937085300736
871253538122350593
791800784102973440
714486872370614276
989995312981868544
874792203675029504
802166698144997376
782129275717750785
886811239376068608
772400913428287488
536138679
920486385764548608
147237818
879574108110938114
2891965046
888989977903640578
897820406
984533820237123584
833209706113937411
727773823454556160
979570234955911173
869940790692257793
3062016792
859712548471414784
551000683
870999707165769728
881400766187147264
555103278
885509146404995073
880150206230155264
867076230939652097
935395076703784960
879546918128336897
853749230514708480
520063863
937324356287565824
939754725980889088
959198282630119424
898544325910421504
974187715368386560
858440629369454593
873927942232985600
738793830871367682
816988345549123584
1872513794
402019188
1214693149
2349680696
2606056224
809509801667522560
2922653960
991734671024246784
767699642515468288
904744345160392704
898172001801560064
798529955579596800
941627487477305344
4673642593
572700429
3269306364
2925747151
2847638881
2405428574
823956978296848385
768110252138954752
839350794423955456
915941333667213312
921026730017607680
939847056713138178
885110554217431040
886431527894097920
817762530273599492
922164912088117248
1491899568
999559844448288768
850042407408340993
301854062
871149326189305856
2218679406
733959964880830464
870439748308934656
981930468840017920
428906323
884733914329227265
876922926842490880
986549823078838273
712918447471112192
999273045981188102
827196494952304640
418031652
1599858176
1445104832
4798720906
804897031705755648
2793278945
3243343986
896561351748800512
943936779769573376
962963042223861761
846112272078524416
2472738966
855621216777846784
3865960639
780972352007921664
991239832172085248
766576326622851072
928993838135414784
973249626668257281
978511926044086274
994214144344670208
930238873958957056
969308905980530689
960339748815450113
852894554059616256
3393171432
244387004
4333371313
991791302550441984
705923657034412033
977284647381098496
804066114565066752
978993653442949122
908945273287729152
891396043522396161
977077220828069888
947398915426365441
982168499328962561
967540319746064385
4248579267
1324901407
926739753847832576
284998376
952604334717620224
2723917476
939667933785149440
931402474967113728
975452803098439683
858772228565086211
944780139480547328
1187054144
3082338689
4791696736
858996259218219008
977408870082428929
960109492645089285
909483772898295808
901113274221174784
4890959699
3280748437
720264118050037760
827029859528380416
835047872299065344
914680613910614017
791294657661591552
790050185120362497
860939269837172737
914423875802296322
742344463041757184
730550181242920960
908087808765644801
3247861856
724570930672869376
974051593879412736
768746989307568128
732926369743568896
742035378077499394
4157944939
261983408
3245713008
866517955328090112
3131529752
842730849451687936
20119578
819471284291543040
3285486260
265558256
3168110251
420349737
875584476046278657
934503960924344323
705882976647823360
804866931857584128
792577210976567296
2283159762
957778287186534400
939480835685789697
810125271189831680
956476343872454656
281471871
1900386992
990771210475720704
719576625218772992
935272360126664704
899212793076830208
783165433058848768
954887105347452929
937320933978546177
951732212495351808
904677317183545344
723856529997205505
554167116
3604006633
985925658332319745
935310387226075136
961273561020272641
859116498304077824
915918290081398784
961554351377403906
961892319854243841
961894183832293376
961895230176772097
961903907336318976
866557820744761344
958945137391841280
867107511329054721
2474018322
821715134561288193
2575219062
3385442645
743823446266773504
1373932604
1668298164
726655000932417536
3318379177
3262915172
3373185675
3247149975
899204320792518656
957360016813674496
783214
919094524214788096
855371981939593216
986075731674333189
2348590070
817336315054170113
961458341607194624
3387514852
787778195131170817
4925247503
746544525657706498
989102787387588608
922623846422806528
898968101173080065
843093144799526914
972611390757310464
3054731747
913339256633880576
979002716629413890
887360262973648897
878100143534243841
972139659814895616
824254548428455939
821724677143810049
3404774427
972850765269209088
708035633294536709
1579909904
904241401742876672
926680717286715392
923357892673028097
3282185924
964964538834710530
954466514022948865
2968345950
942442595271155712
955079902352392192
982753959998877698
866624634598203392
710307804972765184
2912336186
952302335291740175
969828901831626753
960803009084223490
982361096123133952
974599369218404352
983009934278180870
983346717448744966
983350376756797440
930346301069320192
950985996820103169
809175277876035584
833296988791672832
981133747037790208
973389982466433024
974161732506566656
977444352350826496
975244976282980352
823747307329961985
961709087884013568
966246162641469441
2368959847
964919923586711552
964431909655797761
962095871583182848
959164188718383104
926315704516620288
962418172161769473
774044251470589952
872347656944857088
17874544
1964208978
743432841371885568
723941582072872961
2911004630
3162161238
1165049130
961894067037642752
839831368548835328
1569301536
726156501597978630
824716780727914497
416711165
870938775869808640
830163490765549568
961857675368677376
961892414402080769
4746548520
940012339583225857
2614616357
942295573557841920
1513854438
824835361062793216
702175912377380864
961895819124260864
961895102443536384
961894648972115968
961893029031264256
859452726031376386
862145729472716801
961893321697214464
961891791912890368
961903381005590528
957864464195379200
275206959
960719628837076992
901662986917601280
873893019120013314
873741620423921664
953663868659798017
818623158555181072
961893392287346689
952467914229104640
961897578223648768
961893593232191488
961894374090203136
962337643739557888
921745007899496448
961893292932661249
962239762407989248
833793199189565440
741488305288544256
958444919571402752
958071306091601920
968212133463773184
967564235252277249
848841916313739264
858859472739028992
181799137
802052849899143168
803168466375090176
2692067671
1878450026
967560627630751745
2934423981
2934697057
817052056125108224
975000510
791865335120928768
2296563338
786928877188751360
735462185573351424
858858063855362048
746369864097357824
771990807989497856
335141638
1409798257
168683422
920160588650516480
134710787
33933259
894537112225067008
930424438083919872
849706821950615552
921725010384896000
951113665423405056
773218019677835264
915469756337029121
839139151387758592
906920538030743552
904336875472601089
968954263
772381287071911936
774214932749438976
2561338447
816155950755168256
957875076849745920
946001693665140736
959840246249615360
3230941206
938165959512162304
802594969424891904
921338490775773184
909903460522496000
794780851779211264
2467992500
2761464558
234212881
901941242707062785
826571766717902848
1108908174
806179924407107585
728337313411923969
2877627180
894564021315092481
921545842871304192
808177880949784576
815676584204128256
746424331220115456
830157861942607874
920019286676172800
950946171933126663
947096857871708160
1173787748
947095464079269891
952546725373210625
917340888547729408
925757321174597633
961055369261797376
1591131403
921439396645060609
947096460725706752
955964084591116288
957387511197663232
957399370948685824
951793188087328768
957402403996774400
961879744634503168
3295199614
864525927438536707
809550621279821824
847293467860410369
853279312979664896
4237074254
951791952797646848
817582049217363969
957968883977043970
870895803170041856
4508692453
1402988305
948660693984784384
949993768995799040
4859011673
2916981602
921463282275295232
