895067023738384384
3342518019
2587591140
858380598011932673
955665110
339037948
3252528612
986599619504336897
4493833697
983701272124706816
4128717250
910085311723708416
3349422209
962093972666667009
1299005275
952292961529851905
822750002028179458
885527999545835521
830725374849855489
1940608874
759356552545464320
773422127668137985
908523311889567745
3511781789
513319908
898828224561651712
962413262338973696
885824154460717057
1082161086
702586202025803777
1900263774
182750781
3863837559
958117955451195393
3978183592
88157952
962703666561077248
1531908194
959768418911248385
2458435388
388983706
926310464501485568
949170712329248768
285497217
1266880022
911917665836560384
944690655632216064
3505603697
14116807
16586401
6134882
3208863347
599001082
3272326423
837985170468765696
847051931738624000
893928835
3351103941
703135428040261633
764342549318406144
236891946
39975533
815529482
856420769705844736
846940170687582208
3085558021
780899694813872128
1269273930
741184122505289728
85796380
869438144680218624
432557320
272730461
816657515580706817
538049255
186813890
4011786921
57320024
2902676331
2464990570
2412790308
2683299690
715434592925270017
256901144
403357747
2944071676
797411777743093760
215971578
2279483874
359017598
1965236834
806079283974275072
755475120081305601
15987296
2751101902
116664404
118158475
856603439241080832
854046921689878534
856198310276853761
911086524
737692792785375232
722765910700912640
287560552
835502550916956162
516049396
567667489
385701568
2188834622
764416050117087232
3299161191
759435633244897280
413428207
20667905
4708836563
713564619483164672
3509728757
803368804508172288
837723606314594309
702906461270183937
1082839705
1721577680
50484609
730653925603446784
126733638
2329908066
2481155245
17801749
740473468920156160
17409452
125346858
798636480323342336
2721007539
3331492330
17469492
825283610898989056
4338241421
2580789621
317223956
14260960
798559849726509057
3002645285
821742290095861760
2538033704
2644413584
3296464028
801140808833449990
818065286381400065
818559177782071296
820605394154385408
2166428888
4174396445
18911142
358510405
823356862762516480
823628501601423360
775005781875838977
822110024579182592
61177263
3181486624
2281876399
2786977025
297562837
7309052
73657657
3069681082
1338126848
274891222
34010462
3344118095
1652541
822215679726100480
875454402
2793371089
2942978628
2411447383
16973333
217344013
69271273
1378274551
2419692891
882341030
1954402777
3390911919
2773624846
3121865392
1327843160
412273704
2187732998
725870553853100032
78523300
17374731
1276407132
811229675758505984
2278053312
809547432
48665546
2188976274
3801443849
4882440996
2968330587
119132605
82212001
1284245192
18213483
38398351
190584183
430297317
759061564922232832
782957256434409472
3205388261
4071088492
773073270862032896
18643437
1621526552
52544275
3629912121
25073877
4136429524
2916305152
781220933365329920
1354570123
771547715087896577
3133194527
747426555417198592
580758327
5518042
48926143
2526085831
569053466
767804933680852993
3347341653
727135687292669952
243152986
1657895070
846330048
267002552
4047032541
716008522
29975469
19139963
706189400829513728
2417586104
2187728012
2900871212
180729569
16211073
4798179683
4609180529
723863588159557632
4717892303
16589206
3270876877
727565916746190848
2458476536
3204912748
227604907
180749610
237851661
727599050766290944
266295968
4233875189
3663489857
3740091681
3340876349
700661256135421954
3407891368
738567206494208000
38490899
3982528557
4157381963
762725602042445824
999860240
746640006454796288
3284680262
749270935384055809
19178148
2995502383
757217142
3154563449
755133519131774976
126531646
20545055
32150862
704463744978567169
1104785683
17872106
255123975
761677248655130624
755351189911400449
365182629
746754022376349696
80055483
719117844202594304
728826456479047682
489410977
732261848024809473
52045702
273542042
2712587901
3231756975
2571872893
48037184
756569847052443648
3521555955
736219249233022976
2434349835
1581515239
379411054
315779591
351120282
141084952
45139191
49570307
725325784152420352
30122242
16884804
2444893800
3669452654
91316071
4807939000
756208697957908480
4186629436
380648579
2901556261
701548683565793280
1197603300
333547858
373978904
4910251161
745348357288304641
1883570137
402428879
4828116292
1883527866
1138819656
353092925
2338239848
736616524342022144
3965409385
752171137652654084
3341073867
2934559456
3350827715
2175576742
743168613415149568
2756125863
576574594
607198980
4867031578
2297279938
374314204
747146593770541057
551660068
3434805490
746404360809218050
2881652059
701885643685814272
3399268685
729218910407536641
2571950255
1327747872
3250931534
741622455089954816
2953969424
3341806409
743699977466064896
4579554879
740856794357075968
2924527836
720116425852108800
3403285384
724320596453154817
1305019513
790852094
716657249884749828
1667334505
2187410251
4690856839
3382020563
728028645881581568
3033578968
571586598
3633962895
628724079
1514355565
708799929397936128
3380249656
2873768027
711641632102342657
3258192703
3400632850
702209395833364480
2327552221
299833029
4351950015
2832978568
2479907900
135857034
1604954443
1525083000
408013456
3431389192
354815071
3389161150
160184037
17804262
588565838
205622130
1207446608
192229988
578772929
3341910478
82093305
2799895176
521257639
3098223802
452499312
712236130264064000
158032487
115179302
2530390719
391439492
4402032383
3028259427
813017202
318204662
21049730
2779012365
765515454
1593542180
140178615
450241139
15416374
1479708565
45182880
2612531854
3344738026
428333
704388842627993600
3342000069
3351152440
751992552
1220500249
471421385
3342781571
982797416
308171897
2177336926
1260422221
410787829
4636875475
1543592318
597758650
1173943710
4331280329
3251987912
3562619114
3351195280
3290350490
3062956350
3165267964
3341790820
777513582
2216336281
2185175343
3742469667
3402097235
297035489
3261123452
44914646
180380677
4869201105
4045942222
4038137415
1075541353
19489239
21022281
31499866
66664753
264962685
18469492
358579984
2769922481
3525969973
3356945541
16671007
2232851308
4391825021
3353243068
2775900603
153785801
2884771
100779526
76525772
102918905
2871229787
3378552089
15669672
283184393
18472330
14095052
15243853
783001988
3380063728
2436323530
1565938286
47617232
135184183
2919509573
146257185
4885594553
115681686
2788058135
3513098536
6433472
2186755171
2678039515
3490201401
980929628
597989369
4891881664
3915906675
3350818859
301579240
3354343510
3714809175
3859266747
4653539968
1133928223
3341063421
4853564188
3083798229
164202562
2868754356
268835845
1262011580
3048471864
3353213543
4091753525
47916714
236842863
164427365
80803819
33960482
16683014
196708869
3949765534
166084314
359995992
162522826
3267386456
3293555130
2494237140
365024119
2411485364
3351984597
3346000648
3380231325
3532772836
4054046547
3094892198
362437916
3349367584
930380713
27443744
3004427605
1472456232
4655468648
37350044
46494369
457516073
3394457277
598684128
115393565
1056204469
270470351
369430275
782502636
499818554
11695472
40139016
4122718595
19017466
372755940
460163041
4795003635
4419260963
3014054033
2393063119
139135962
173778697
2171294164
2969899899
4492508003
3340960481
2847898283
120846690
283117698
222748037
831483464
5988062
18728233
395501499
124170781
17839398
368768894
3460286848
597224882
3149895787
17061263
3147325772
2862263425
19977759
16693599
3390336371
69281027
234043502
17385649
3619387216
16432083
583561154
1367531
14173315
28785486
742143
1878794304
14367719
36670025
14281853
2817166873
183227964
43236258
123471093
33933259
188019606
69231187
21744554
75896448
1994321
52709670
476256944
247334603
29201047
73238146
2962994194
2933760046
2953494478
2964222544
515822213
58876796
349290706
320327987
117778985
445428656
18814998
21329888
23976316
18916432
490126636
3149823888
2190086509
2190361261
2205899719
2171427327
2236752439
1724506626
2785364442
3098164395
2281895224
818876014390603776
1093090866
932196612
15007149
813286
358552910
2628514687
103073663
9855382
7402662
3381137499
2214831733
727688822
3597832455
3339560315
3377156247
15363308
3496828344
1262623074
2944914207
2918911173
359638660
3586448057
256453675
2881795581
2396751540
3543175576
3433857825
3071016518
30313925
822215673812119553
20796069
325830217
818910970567344128
51241574
22014140
157981564
103065157
148517828
8161232
2716396878
354778701
