515957482
721387099623198720
866941453704056833
119435787
2828509378
2711893033
197381697
715462200
1897610551
180505807
600811552
532159624
950131669905870848
833037091
472217374
3305508753
3027906581
602831367
3374143733
227675424
1978806080
2474516336
109409822
48673814
34713362
2494401560
326869253
61847314
59482330
51194804
82379087
333453687
261420181
2785427777
182009795
78328637
20600923
1425499993
44385241
920975216
109298535
93587181
500135474
2472760212
455369161
616522334
1264185078
204073246
253555140
579192158
3079531613
80837818
899762069846847488
3246238641
60716506
1245910675
552054099
305542741
14613723
852205770653487104
15634642
239992576
1613226439
384876202
8973092
259427014
104277752
117087044
768807259094839297
841661129277489153
39014313
257994256
3598265848
326833712
707842189
55925415
95638917
52732407
370904538
4208790387
4832715869
825091388
3365518131
70456706
18972519
236825272
516569457
1428104798
987331519
115428920
133241378
105096397
4054383449
14532122
27016209
28122086
17452280
372996303
388518018
21773655
2437228193
3030303732
110403621
258320718
702336525
55869906
280636529
170275786
154579036
41830140
110450252
435225922
187179219
2189125921
612494857
459826476
2459705096
237038853
6134902
302036171
2735993925
973940790
799267255
370082444
29989460
123219018
265902729
485263252
378777360
314654538
1369948772
2186996695
158489580
538321783
128854361
3128560144
289221034
267958909
177266455
184878497
183710206
174810707
71046217
2435209886
186158186
348379198
21896535
147740944
90414301
2923327751
2975163551
3290416725
2472473526
467926152
21701993
216537682
76962103
1878648355
2529514094
281532522
1098599269
236385307
864997658
483817794
213286136
140833073
257591059
320082353
360581191
2637345406
2887292813
329622053
53417012
2896115501
525580086
60575311
83870573
91478624
205915163
602008999
104450124
15084853
2377180886
27847673
233548833
40206633
121626258
23594447
216033877
825810540
1881450464
419604782
223112101
21559817
150997002
24177470
505869794
257522741
1291091208
379096727
348109473
809352378
20980252
561123667
73361259
90880632
271652682
243204177
196214019
474074449
370890575
171194828
988843152
957388693
50980409
369583954
1189889046
148872468
245320407
74224730
448196764
132240272
193303801
399971626
237909006
26309016
127903007
280430548
208490036
22128494
240663429
588396393
1630182978
416343444
113447429
18760904
214090901
25996204
91334232
8973062
192876706
496860385
64693972
221122127
111557626
245390367
208186092
355077284
27870686
98352697
106156986
2273351794
27457788
8974682
130462368
166696863
60726918
176842884
185826799
52051517
1209336942
132123068
387328114
866551400
15439395
302612956
472254428
434646155
120450869
335278186
939208040
166600916
150246405
17753033
113276240
115485051
20244875
252040788
212232149
287639720
68690605
581719903
107022704
348785149
43383705
124641075
19106004
15089404
85452649
306025835
95023423
89700550
331311644
496518061
562750948
808968480
422578202
128837378
20015311
207616322
55220201
21356261
78708449
69838723
23003978
278090672
17336372
215952307
17336417
24725357
386654472
394372398
259379883
25489250
19111767
155864272
342964940
18704659
46345843
20609518
813286
79293791
17020962
44874400
581831188
575215867
