816289642228183040
987840551260184577
2480936977
51259456
1001735525735260161
1002249495516733442
998190087115628544
1476220495
834095549208989696
959252368662687744
49760807
828452915224272897
874106117886005249
986576107792105473
17138840
906083580580913152
384075177
979556916530626565
838351435595149312
43192340
1014249685
750012859
270516218
2495771354
758062584
918604212044468224
33481504
358464377
16220605
15379585
369705071
28728366
2518046329
893900539083313152
971288487784742912
22962349
22553300
19558732
461199191
924488136813633541
19570960
958072897477758977
935085985
16944266
3451986623
4236578538
3886950313
930635968498954240
3938214077
4376835677
1012344390
2185686692
22855659
766379764722593796
387833476
1088330292
2496335227
607930311
828039338655105025
28981768
862882482387025921
4855815293
260564828
967071151775240192
809769590435758080
1351007551
867634876899393537
190757511
742152378741329920
3939852072
133397127
886032877011558400
839945280
139956991
857457629592989697
2824261985
448891258
2609617987
38210453
838063759
961003154644045824
125845160
35728669
610021318
64229716
294991606
805112058631114752
97931697
19994282
21035326
2356507513
826982179204915200
816290840985354240
796934030293798912
51944245
154311445
46784467
24451512
305921401
540472551
18000480
750470830774190080
2786365974
933451792523911168
474284715
238206084
819723919108153344
3312631694
426578718
179732982
431071870
310063202
3938173949
823620177006907394
797808639738314752
2230463880
890437578
103654311
60644777
29104019
547699457
55310956
3187848737
797547199928422401
493822843
37990581
887698839100116992
178362634
889222072001597440
795446189902745601
30231573
816000464458280960
3078942992
2869056617
29309901
706297852268515329
132339474
843556423548067840
782966269431648256
901589099907125248
104016988
110623706
25974308
61149653
859992452022882304
104857970
27453762
35221306
827378322149515265
810052597289664512
895039357316366336
211643094
887999554381119488
17564484
895662002428715008
882472660550250496
29275869
893136938630356993
894577919506427904
42447494
260819116
743849972
594237983
894155694877933568
820596516582780928
894151754224480256
2329498706
891313601339953152
64409863
459269265
489975747
885514635855712256
847942138545422336
763941157688651776
877429802168455168
250989902
1213884294
806598620736851968
848772589493387264
133938408
841238079792898048
2530219285
836255097009004544
278098811
807386428783083520
808062373986791425
42758105
790341840671088640
296938524
165795871
1059821580
706907503125069824
2424552134
708533290462945280
762538919284146176
33671241
733307353416798208
720348337434537985
151991171
704094455855345664
3107882060
935225936
63183304
4499216476
3177142856
3786723492
4324990468
246931440
4009749378
3646470692
1155078235
331277615
2273339795
528930932
49881576
18347926
3135330520
3117189514
2562400936
930285157
2988514999
2334376950
2902380166
2910490885
539677491
2789672776
2834109432
2769431596
250951156
2725221030
1179812490
244719756
2700837031
1238353694
32593384
1377505698
2573884658
267729509
2551103372
1629561139
19294856
45684134
17721318
176617616
2468064576
615066972
93788369
69750724
36767634
58975906
