3911349916
50325797
145711196
1431976862
274306350
969688546373193729
1169981785
344320127
158238919
1434052620
633403087
20023252
116919659
741286752615321600
24836750
880066602166886404
742131261695791105
103051646
2513438476
18781641
25291859
846585830747652096
476907667
62606201
224311355
455066615
35070298
822671123318009857
965608758494851072
800906652463398912
450941680
1787201851
1915033663
965231053119148032
964032914626359296
965266179836252161
18622869
29417304
820585
148529707
2334193741
15174710
1017637447
834081571493785600
830908366377611266
115710058
4119741
947894837218492416
704967105402114048
79923701
821782476515409920
16056306
18061669
19726613
18018355
293131808
72198806
875461576748261376
21406834
851211
188803750
798729566126829568
809420163711909888
460703819
155784594
26642006
186667011
637338906
738080573365702657
132496568
22187085
373564351
2889924959
43910797
1433475649
15846407
19397785
18393773
14260960
77764733
50374439
90420314
24024778
27782837
17494010
1106501
15220768
299802277
4797361833
49698134
15754281
14135426
7334402
21059255
33537967
1055907624
875029068223315968
19107878
171968009
29501253
246939630
271725689
30354991
816869611480186880
3420477195
250386727
97040343
5741722
15458694
1917731
7713202
19394188
237845487
9855382
7402662
45443925
14606079
43963249
1537558634
800704496246484992
810590628727914496
158414847
1000783368
19697415
113795716
1071777608
804015436979277824
15693493
2836421
818564412852367360
36711022
2922928743
174110843
820354372827758592
244655353
18509818
21943045
818282957618216960
819958359776497665
816438390862282752
832064194996498432
1647619146
803694179079458816
824315778866417664
824264707641057281
824332206952714240
824190260338954240
824473943931293697
71294756
69181624
59157393
172858784
462143773
23593446
168674628
16686144
157009365
757303975
65698096
1330457336
4091551984
22771961
2863228577
939091
2863996955
20479813
14700316
13393052
15764644
73238146
18909919
242555999
14159148
4207961
14529929
16442379
301750247
15483390
61285110
875580120
1468548817
15905103
37999041
14062180
20150502
284602545
486694111
95431448
800942537083068416
93069110
12354832
39000115
409486555
29450962
1965420800
62513246
357606935
35773039
2097571
15164565
16815644
13850422
22677427
17074440
20522862
22799750
16232843
760424898498035712
20866918
5988062
14677919
5392522
14511951
2884771
14293310
3108351
612473
788524
87818409
742143
1652541
51241574
2467791
9300262
16017475
17004618
17006157
29442313
200205177
423745588
1357975226
970207298
42995067
8370082
245395687
41525789
813286
130496027
14434063
39326430
1536791610
822215679726100480
14280299
216776631
14354091
5695632
66369181
16521206
15725469
240778059
20868794
18734025
428333
18916432
1180379185
11348282
5402612
25073877
61504755
158426909
296374298
325830217
818910970567344128
14125800
65647594
16547992
76348185
1093090866
818876014390603776
15224867
16129920
822215673812119553
30313925
39132894
1451773004
15976697
21253935
22650211
23022687
110445334
28785486
807095
1339835893
759251
3283005144
1367531
1013498540
110213431
26487169
80676273
123980626
