275616211
328260787
1627905810
703575516280987652
91754319
819176997037473792
989585037283733506
2334282788
752686172430794752
825010861257355264
16315143
251337817
1086720908
885203193034153984
830946630819991552
847922864854577152
950822564330393604
914567786
730666776170631169
1365440881
1004347948845666305
999786375527485440
902725445334044677
140372345
821572435
377601385
198688169
606042057
1094173350
999755999375380481
67845225
899089762576986112
3492479723
27098818
877263166425763840
222002799
3343454290
282275320
253319889
3409912846
728344211729186816
20352497
145481813
146213826
740736783126790144
718659630444974080
829702207255805953
896464643899744256
339285243
873597637513150464
3021758809
984899428959047681
989334914075058177
2375714753
34816564
941820928073220101
819027102674599937
898333569914986496
822998537059201025
214113965
25785311
822583295233982466
3439164489
1325041488
57519308
992833938182823943
32189132
23894377
888473738974552064
924756173525356544
284699908
3058713120
999275702699614208
926524993655078912
49192084
869529486529675266
243814975
971051135996964864
821420676766662656
16801580
50698579
989952908052520966
954665455
1173602827
1141219506
574219756
317538553
862746688510976001
2480936977
58247771
1640929196
449600949
18082945
132339474
810619093749559296
133938408
845833560611340293
580312540
825518870421180416
46197784
759088783539081216
946771427188969472
724037074110783492
870382375905107968
2333566868
845392971381927936
711258630574596096
905227595557609473
1004352027592417281
968135537927303168
42416303
759873180060221440
945876215033880576
2496335227
913485110858665984
854770181221920773
854822156315877377
1002622626861342720
57978228
926440784982786048
153227552
38462820
152076607
585062702
469847527
22551132
943269805083189248
119576067
7512002
509021416
976155225919811585
102223165
35862271
416041985
4918733197
208711291
4382833333
1104188971
625139461
718003371639066625
64412179
2363383779
55060090
2918768610
3310215452
947209724684103680
948687527703179265
509543707
29385824
32135154
896044435041136644
191167764
33117173
1003047320597024768
825481227545214976
718193927136759809
1720881115
3265321562
876507741061136384
889589208846827521
817562289683447808
807962299
3299918803
1158269520
368760126
2922403601
47710269
871004526123397120
829796107869945857
778281444
907404836135731200
3233066724
1434703376
17099112
21331492
981033244857597954
901651051404812288
109762133
922860924028858368
193644739
51998556
986629228396466178
983710864493527040
21139938
1553124985
41445656
914217423900938241
814570896652464130
821382039832264704
2991255007
29180302
2853865474
43650621
1001294330437427200
1725866178
740710632769654784
1659185610
139910170
259527297
811881169016893441
958963825579094016
15961483
4900296857
579440065
2538371106
1002642252487905286
247055208
260798471
3106693805
757118699212009472
1223228534
810344402535137280
29505532
214266683
797914563739955203
904881707203088385
820862856677785601
245827197
812107118
41378381
799345170
1361711563
488948336
956325314157826049
16851877
827077360776146945
85846043
561169770
925942794442629120
807407311375372288
827919653032882178
2848802507
37698070
156765413
780591304422023168
704125665881141248
128763579
357262809
32450479
754139985448542208
319436171
2551747426
956758408073367552
1420944151
851711263
42790254
756279975586607104
834115529677774848
987788037982773250
3402288123
827207695619018752
3011786203
32129348
23853692
1013785868
3497941
3990094887
858863879383908352
16303106
443215941
50374439
52551600
30364057
21148293
1510654326
2412580496
341190477
834078524277456897
18689581
899303216378253312
32671625
2841392876
3240896298
45895231
518744362
291868762
798782417930592256
23094875
281055314
365181207
34571618
54631859
992895640869912576
776030176052252673
1367616835
2832096234
2247966660
277229509
3938173949
936236963698442241
190149987
979191552693231616
37087294
866571596424781826
3187848737
789931658891759616
3090280011
307698512
80756570
1000939504180449281
892163164921528322
1053717816
18698555
3558177675
116601812
1585983950
757015643896082432
945814887950946304
53003701
798547004477599744
958072897477758977
825822656431849472
944019739348754433
51259456
735615282
825746988079656960
488799600
916274395
2253253631
597121996
164422451
1499530610
2169774516
3124664090
960938387258691584
822567864259510272
827934520112472065
817923454456373249
832670174
923732753828290560
870396788288741376
958088669373648896
2358278094
1403277871
727595749844910080
1001080873897242630
11347242
85643463
29951609
828400393705058306
762622133105078274
1633058688
137794015
996881785291190272
3553356374
919477255633547264
282323293
109266664
44661077
776224664922230784
1859214974
915748411126829056
954015027622764544
594808486
17524394
252229421
943221026661416960
711973103258173441
996784829256667138
2527770668
888030081343340544
976513905982889984
3166023404
17444647
87445520
850170003349438466
897169097536008193
982095920
845795943479959552
543077003
146729092
824457525948919808
17172091
776907908923609088
1087893799
851940726430515200
863593337005023232
824315132461187072
2327963935
97699126
825486311956045824
358884728
981555960899604480
832664337542098946
711516077935697920
62439819
2191568058
936159237696249856
937134535627612160
785346728518115328
551993269
51606770
744674240532725760
799010005655633922
31513556
832616065259614209
37270422
832094441796087809
30594624
2915026708
824627655022694401
959810792462995456
39922703
843556423548067840
743253102598438912
929532833823150081
130333181
635660359
4253388732
811154526631772160
122963563
763260388750176256
990648647347048448
887158219419787264
22793360
4163728040
817914836315230208
832411341336014848
860469702
939927675984064512
2270963622
2782501668
24594997
15215742
2987823817
942721785707016193
43987148
4552096272
940812850867646464
820396211744178177
967938016361832449
758050879354175488
836280381175443457
3308511382
269798459
155977930
17495447
2683527475
1325447688
902371206652985344
750159352544112641
1428368551
1567462272
46587428
14260960
29183317
50393960
481228158
2989529917
15636550
991507021252919297
218396108
2581682284
21613213
40946199
733320974028824576
825230340704735232
936684271707627520
838351435595149312
142873765
3363848398
79784897
914997456202371072
17142239
42750153
2151640098
314337154
22962349
865178073603465216
883449393138982916
21973900
997334781691154432
1969346438
960568117373165568
460369306
4698221814
246652085
493663450
1966996177
63204128
978021401729777665
4697036054
754087695073288192
830763415245299717
772234702329643009
825094681923055616
178362634
930370964705116160
995284633108426754
827985456184844288
830191554509811716
289001404
2678176142
857388354056466433
4250238793
2319313106
369813488
35664564
464815693
942434196370243585
50354341
263982175
4751045952
24100503
2350224744
93254036
827237152836685826
760554163226963968
24381999
793045204794310678
23304729
987475130413563904
824454076586950656
1912297520
467856061
4857443134
29457719
911442383677673472
476276253
17227757
873191426573651969
3910760593
842115982483152902
80054701
374199331
191221701
864066454567747584
739844197935644672
64306543
47152353
921140071390162944
16430089
857457629592989697
825724977894789120
3473549662
867634876899393537
1450167409
742578779692896258
398687783
308335124
914199264024072192
3063725919
217236028
24733117
2844364176
839773831
989699123660996608
809124591100723200
954475780876197889
271075882
17282022
965245843073880066
3288113998
937581670915592192
827682668582023169
2256583035
883419560241762306
822893322414923776
48954042
892950215866679296
2301628435
826982179204915200
165071554
1430651965
885605563689836544
939856490659237888
139116684
899115459517202432
196985412
139956991
828652191200182272
17816504
711031364
37886783
616750587
717149686176550912
995661048748347392
1340310878
777616574203170817
2247424050
1041485360
1391015396
2975042875
826474901448032257
925021595885821953
35013608
349372439
987817704072495104
829047355433504772
802607028
28635200
995023312173416449
963184434307616768
36143907
911622432171200512
879608059068387328
58302800
794936258
915063600288555008
30288937
138600717
406605027
897067011808907264
881174262983254016
24734287
3334843313
801549353227841536
3238093166
785288741434916864
2864196442
49518536
127363719
1291534676
93432502
19943886
976963752816992256
2918161040
847081094621118465
220824996
433697321
600261468
2182569964
260604820
73012148
34771848
224315603
3017888000
352368399
991153942523535360
785281530281259009
727964429002809344
234234048
821355319284604928
952523428401053697
3312352786
816000464458280960
1382395974
363314430
18541773
15545122
4248802152
846934487355273216
46953757
906843627338510336
557652049
302991001
780556729289367553
3513956295
1610680604
15449744
3886528580
20643785
2369117648
849372179535990784
887570782359965696
992036490019565568
793278250130825216
890216312840081413
158941578
900589437574410240
1046854441
849287003262898176
785682613574918145
2260899926
988830243216601088
862470633086525441
825123248132104192
892907980001357826
350655950
886599840133677058
907333914913423360
3194457716
3244963479
1959524407
1235308500
114641899
842620095226699776
345017404
828986598930915328
896378980281929728
25950130
731843395
25145141
2228916782
808125841
69400330
900587053066444800
63302020
22476416
832821715105349632
790277398268960768
969138694308421632
963846414605455362
93068062
59839834
228144288
2986215834
42397363
973261298816430080
992190896501338112
25771289
15808765
787406167794331648
143017879
918285692999950341
478735292
1560879775
1110132056
35094637
23690344
50332490
705414595
711026018048286722
806710368609267712
18267131
920023898154065921
833664976829169664
886999759948574720
700889108131004418
827011405165559808
1561509979
89544556
40004349
1084882290
988252552075476992
511301448
978376837079248896
972946316560093184
15317324
988164733768318976
435231582
35108906
18919835
881336677138128897
709091543089414144
2834297017
384075177
30367834
874106117886005249
73804504
829481216629895168
2761026926
981983699414614016
2182208461
98780959
821454811954487296
1215919146
2740178837
2289906541
823171093854912516
901538246412439553
24806248
321631653
798953701972938752
20597460
379209090
824694254307930112
859849640086089729
837091326730645504
829307115814649856
915675563838312449
2953804785
755057897583804416
818237482454151168
4699987686
711513266
797215904085975040
3312766008
820691241268576256
750270207759773696
38584381
2246402237
2860602249
932027464288743424
825127507032670208
16317987
1286798574
967448700875431936
180844628
827993128833388545
797920536357720065
289118612
754478404515328000
900701035
1201545739
15764644
3239443772
31869934
63549462
782292383450955776
965347428919533568
815797269119107072
55863383
856651513330106368
23462183
802184729235554304
1081295810
896928094463950848
805787526489206784
755946560794558464
985182457384255488
2152971122
57476417
879821271873212416
2595693330
823389151726882818
985686096188203008
148974063
3347237649
23998558
73573657
2339053037
73272011
44794454
737648898
1496282988
224426183
393447282
854193051740360705
958158515629187073
3218824596
934500442364559360
1089907718
953868635294044160
832674511459807235
940783113734680576
246502138
902605254
17137364
865581194
1341289135
164679813
170840293
16559874
126172070
223223376
36473948
171352533
979528807731249153
15760637
832360293346979841
785538086281154560
14247236
1017637447
250386727
18382184
246939630
823260757722660864
742812465390587908
710549160366358529
2316383071
75974281
32453930
961414951184158721
976895972
964481775606140928
32443514
886032877011558400
731132367058968576
215207998
2863996955
1915033663
18948541
45985345
25958076
475486671
1222616833
141664648
942878337806032901
32871086
111330398
104196666
1388052049
349803020
52070270
268414482
69181624
262223982
28785486
56223278
499073990
58528137
216444984
20609518
47786101
17494010
124003770
90420314
407977463
228794007
14790817
386244525
15651878
41265813
17074822
2334193741
235157481
86972419
304679484
14529929
16129920
60919240
811647338750111745
16579345
30503160
2835886194
26548315
1355448000
17169320
409486555
16889820
16529069
17878491
17882773
17017636
14920785
17074714
85603854
76997832
5509762
54633213
19346002
46265376
18082224
316449565
197224469
1198406491
822215679726100480
39344374
22203756
471672239
52544275
29547260
79923701
47285504
166669818
519072324
1249982359
23022687
15745368
18916432
25203361
73303753
284602545
21258337
602317143
784890784273215488
62513246
312326409
139823781
413274241
23083404
45924487
24024778
500704345
939091
757303975
65497475
139162440
358464377
857626598538792964
813286
250831586
21619519
18734310
926620369
738080573365702657
19725644
58598187
15224867
17074440
267921808
21232507
113560280
29442313
970207298
803694179079458816
19397785
15846407
15485441
26053643
1330457336
1339835893
25073877
21378036
36801002
100220864
27698202
284089166
1124922301
115388387
32853813
16409683
2339939118
4068876317
2595777949
40255499
1581186332
75087670
512613427
785154949650878464
67374508
19784333
232193767
2845561248
34507480
844180496
18334887
130997057
134234000
51263592
320086196
15987376
2828522213
18465682
14230524
15632943
228164369
24874721
739253317
22965039
27935214
20239281
19426551
318194612
174533632
21111883
307215176
105119490
44409004
21447363
2314793970
1569321146
19269089
425223091
