944264444502306816
981094308265721856
204989164
2324245351
2919956533
1189469396
3322471515
996339697214525440
715491821539864576
561265027
859624418
882290224268795904
862812692
731197338350407680
3398634748
541616142
243456489
906119806193209344
930444056148217856
735343542537707522
1330957406
2541850398
2246381850
718804407782137860
3673005916
995969333250555904
342192446
278989467
3375457426
4170194661
3137096350
991027996915007489
4891284423
904082742
763491680
81129246
990592581305294848
813584070928175104
3216261628
719149637727350788
1661722056
318914524
905185883502075905
159919257
2514384050
1495417634
872031476
378453762
984768909680218113
519852079
383225839
894954730929213441
269290587
730643108870934528
357594112
401434339
813134671068413954
235110798
355755368
360450725
3195542896
594431308
948193964947107841
754275419331956736
279041705
2558382741
2886648994
765531950
806901470046068736
497022246
964645280
970085124648947713
699934136580988929
1330328492
2922524818
2893208663
381023115
930832656501235714
768906440572624901
2614654899
283974587
976364798983262209
1853375042
2738474742
853349550
944519151044964353
974150267829673985
973221291011530753
907588139761455106
971582756185628672
953275315966676992
822810523003682816
937679117440471040
778689450427633664
966954644722405376
4156043854
3482492357
23646094
969131786084257793
965491640629592064
806545886
941447258675048448
1290992688
242754800
953241265814032385
724215564449751040
854104149390106630
2730590265
2325962241
226235520
1311677538
903424790836502528
773071218496901120
956466469990273024
956408639006347264
537350194
1537908132
876874961570365442
762993503831924736
1153157108
2353675398
926840214986903552
964854854
65607304
849625036201885696
17955081
272372133
227913530
807149278766526464
1379165846
83215326
870648533346648064
898080977704157184
717275486662049792
100612482
4430819386
800703082359205889
929037936267550720
4841493442
290558233
329550517
951812399849525248
363177562
1148324972
266133770
925323109699162118
741633051399192577
951002241397223427
4076455528
889242251259506689
266141214
925812264850083840
939768616920272896
950710496717672448
2433001857
3727791681
75296617
1444172444
566372259
162247786
845856146665750528
2623858099
2213894881
1905077617
786217934964350976
2438512297
231129020
834107556645711879
542764823
340721222
771096630972051456
1147329422
81703663
831065245099687937
894496577821302784
814454815292084224
837261926
845617856
938165848845381632
3564586882
925484536724688896
795408473718738944
444707081
1469008321
754283131121831936
780091304785117184
64651800
3022887671
2782162463
533205272
345903568
730872841
1299327840
858952032622956545
494261645
904359987018956801
403942389
216618985
349076976
542356925
551770104
2712111883
3380271472
202663892
339692784
763990235118133248
146595646
4157733915
819237257601290240
911152314374868992
588992831
1685233412
331607744
3234850410
870538961822920706
858514987
491619143
913092464378023936
14897168
1291061156
2215527552
334635978
2977422557
110546527
20175019
473760530
450552783
397842176
864013735416954880
818008818
158603348
2372352906
125512325
980320711
2762049647
905069538190000128
830083011928584197
851884536711573504
1467836712
860765804845047808
76943885
896289251058253824
1385481768
3021034335
1477509672
893713641954062336
2726185258
450815034
897289255260741633
906871137627459584
2530873065
2370796719
599161778
4126471755
1479752395
870581687520034816
865219870199250944
535590287
38737371
2656879949
284205889
955266888
364308343
102619105
241097281
102817207
257872480
2154953458
1677399038
440601702
497684266
3380411687
832525984888913920
819120865279352833
718601293657468928
805761044584996864
2258226686
218934084
2815488736
811127434418552832
810845782819635201
303067429
487538655
766947798533214208
874142868
760778137768697856
722716323873165312
2259964252
139752371
752203672235438080
286322186
940934910
728186622
3902091915
1356549066
726751659775397888
725733442030321664
717816678118195200
361904043
1251432517
261236588
804713653
707075230150299651
699146646794432512
3126873168
4899150237
4858103800
3129358060
218064891
3380697521
413764818
2978483446
2268521699
13472172
1289479718
4484051116
3742642281
2528907071
250361229
1162217876
957571579
1635937056
736491642
240402757
3106117270
335326799
4104509175
587553312
20944649
399343811
3993907101
3958226422
3412591583
491214444
376055517
3375682229
280489660
198502717
1137565183
3360484126
3695892555
327270854
2365734090
2864763788
209050181
622968312
3607703355
3606098963
2322786876
1572140520
2228519967
3460938137
327940196
3433899689
3433832891
704709552
1337467951
3415129001
3308081954
3231182698
3402391703
3303640086
582896631
3396961211
2586019622
3296098076
3390380103
314579054
2844126603
3380027405
477682484
3277106497
2471453173
1603098936
2313689812
429835157
583924530
3351892269
3340371419
3342672821
586395530
91344223
1850561730
2619672107
421173129
3232765116
183583225
597615462
3144794601
1878863834
3175520339
3168133713
2306292606
442481355
2924362977
3126334203
358039073
1450629157
2257683179
3069392985
2294458754
2182997009
2912706743
1105526438
3021064517
2994887032
1076150238
3005022057
1859703344
2986350434
706432934
2904758307
618071835
471809309
1150449186
2929445680
2925216072
2915013099
1866883111
2898010431
2906239031
2903640029
2184593060
904407204
2884442943
460955234
588245346
939186482
2864543685
325160785
1247887405
292189832
610870474
2845055230
420115010
475735216
475617083
237214255
532886540
1004651822
1381516706
1371404827
231476922
305064564
2435203158
2368617871
1908280434
293436507
2443910716
491999960
2649312485
815254357
2505793186
2349029969
2597910880
2237619524
214370283
597651066
2515420446
386181878
2228913047
312549329
875518092
380464723
288316216
2359949330
839100679
2436262947
282853105
777978625
475671088
2408873383
1940683170
2375060905
608091921
2231632256
2317019557
477559128
905846924
1075846039
575439911
2227187594
1895425813
384183503
485976108
2213647087
518009945
1908081133
1145559260
2195592908
1412117540
412940635
416427754
280531355
493214483
1404300726
342714044
701371056
85268479
552570428
1924574755
1005979470
1908720056
1907370284
376073574
220673827
1470046224
236357075
1642964935
149486875
1620047569
1405151766
1287031567
1438316252
1281264822
1496463576
129340678
1378769130
51412032
103700974
1540702856
736511150
386541336
521638248
1320936300
335377847
1467184658
854462214
386718972
562944495
1087081994
1188782400
75053471
1396448432
249656426
940649978
985964748
880138250
487342661
1180335583
357418847
303190690
346480908
149089641
1341424254
574013938
354434991
1331786912
545408809
245041016
381023572
487884984
564608133
298961488
51990492
260620352
886277761
571071284
475984471
465374760
576422570
268848540
383822542
175690725
411479258
1050363343
62581129
490364503
859214604
376842533
340994966
335159497
96287077
298384797
920472920
348435797
559660788
916470566
570544738
338965882
285477717
266499507
19737888
407103216
634320305
70631304
278640807
215433725
707091997
162556780
627665161
548475163
359738865
70092049
793839949
762189534
544225953
373005791
632802779
251679263
352852620
606980257
183576217
622551535
616945202
606111451
112107771
449827162
592746656
183570559
547049894
490206274
248092224
276045825
544517296
529319589
288742815
404883381
517381122
280964021
306842936
419576562
462750785
343182357
117685967
292202807
454743824
252086012
446805518
301417769
312110359
257835677
69558344
214367839
410239585
273314320
308115180
402548697
330282343
386929619
214913249
235034150
386502940
173139794
250765838
381363353
374652290
346497504
136425718
332268747
216004985
302811580
376251079
65574549
367820556
320662182
249152530
348366767
312028406
275069679
138767587
266739763
220421988
45548155
319103124
128568724
64402314
94493202
245208066
87021086
74411022
224170901
67870523
317093680
276940804
33237328
291767836
267330578
33474735
295722747
242733011
283169086
91788501
244943914
275037285
300341171
134106003
