15554072
17907987
14260960
14747825
29417304
717302150259412992
61018648
2434051392
286476728
4215296176
20597460
555355209
3347237649
810178352871047168
1355218452
16246911
829848913268056064
295285502
1915033663
16547465
22310731
895118556504797185
251918778
965266179836252161
1058520120
342863309
1055907624
2688612697
32876210
853380753211752448
820181197523390464
232650394
715680312844541952
864999774
933693704128184320
616737225
3938173949
476256944
225189494
19162756
454071012
863788052652621824
1452861104
34023470
2876041031
718375439367028737
17017636
835762912996249601
304679484
34858992
15115280
2480558070
21733692
16893171
76837768
1042951616
334937812
942754965528895488
949934436
812053738525519873
785209740
35516339
404151139
30017786
509450951
922372289743659008
934494196177817600
792340678466568193
409486555
707628064734388224
85293919
818149828203085824
431071870
2385669854
1130042420
867634876899393537
29275869
2437816520
222659219
248999264
86052196
18698555
411815749
3949525095
248100395
869553937468145664
262856460
3037322650
40179264
405080058
2334193741
1140451
2289770467
339185452
223166587
584760752
805587704910086144
33089321
272396530
19558732
2875896584
13393052
2800581040
4602240394
28395645
45055696
336654624
258127708
846801440706351104
1140341359
358464377
19877186
124003770
9840392
855567777268027393
876558081026600963
23947806
799997149576622080
748946826972332034
2866385391
39324761
489475164
817188719501447169
21268897
30739842
18880069
851456899
730901891094175748
761985912456613888
98247788
62439819
33923443
18228898
603025587
755057897583804416
279098520
2930113687
252357183
88734180
297242407
540472551
811647338750111745
414223947
736617953718767620
270921976
841381342885625856
14246001
3171093349
153860327
264476338
857636499466092544
39603710
872605532217122818
781940105032376320
3153694555
134975165
769641584
239548513
50643744
4235379015
35586563
59425003
513714411
27493883
1381088924
25203361
594116718
787373558
73450877
55775810
303361757
540543234
890975807555764224
870077183028604928
22138134
110213431
46534201
372536101
582538817
16247850
537476067
4267059257
275864378
146865906
171343229
701725963
15586316
468828679
18208368
826982179204915200
4799397552
27032207
3439164489
900142582725988354
817166972764962816
738080573365702657
15976705
15220768
215207998
848148994102611969
24024778
2360170550
48325671
728412535334916099
753442435858968576
4751882834
622024793
890255306516836352
3240656661
22080404
821387408
2283960169
1395923928
382685028
894283859038093312
836831922412212224
792427942940770304
78728798
7019512
4249826728
16431075
826826928590057476
858924511
1069086500
489975747
88471724
14298769
53130511
800111181058838528
1393486296
3098129598
3433028235
3611013914
160244947
233156894
30726383
2408584271
68330395
26548315
62513246
1717330770
713266727434326016
91929684
211152017
124474283
875141800184467456
241197724
2984781465
291282549
365545586
261538972
857332702047068161
855156763091492870
886138568074293250
1334491789
829977013888782338
4211363894
3108351
841074671709769728
416370934
68342564
261825291
880543353024241664
3231412925
60057696
15476712
809819942279221248
132339118
74508260
218396108
292083207
3269638129
556277062
52119056
108552921
223083302
752959574135738369
249739297
146160591
799773099667226624
422798683
2871777826
937499232
12475182
1250078874
17442710
738767160395321345
761573034259996677
325385270
868565158569754624
866963146208051200
771138951071600644
879799147938926593
847627361566695424
759570314879655936
707209121855086593
837719366481375235
2674746996
193533914
37844996
874986928822771712
14867288
710924174919774208
2604198258
3124890029
436415302
1131278516
2400284491
23078317
861927176
3011961009
881775558731935745
868130508
819204602117689344
61734492
16815644
18686907
373564351
1051396218
19084896
3223426134
2362567844
825006265784864768
22963273
340343999
513884181
470847932
3387586653
1106501
186755547
1969346438
21001599
1640929196
45381821
451764669
31069618
283335371
186667011
857447150333992960
876427695005065216
36686040
299802277
17494010
86129724
21059255
4091551984
1965420800
713839291210792960
704967105402114048
820717123618148352
2969760609
867515165113057281
734080232580382721
67338903
720053255875739648
60743126
1372623656
22644491
346015198
785327755214725120
1328206963
2988785197
4864840215
751664087965151232
798954703891628032
777850152778432512
701921933437218816
871125830923153408
871949089944031232
824460816
714225291
875029068223315968
3560003234
41404203
130617778
15458694
1917731
13850422
182503471
1286312880
49698134
4207961
32871086
93069110
19107878
874827606260166656
721252763263328256
1290361687
2338736401
19569136
2259236035
524024759
2869033083
223261463
580312540
729588580700524545
240493633
848739490554298369
863161360129159168
349285303
2862410867
3947487387
3192686610
875941454572535808
1488675907
875568685720551426
819134197944025089
1423707932
462179436
15998509
114085514
29501253
28173386
15441965
839599581004345344
271035541
21251668
863149368039411712
16711026
370366433
3295319385
55044457
17261066
711309501119520768
182596354
283721629
847226236552085511
22397314
122241278
720335136
869202193244704768
873708520864194560
2674734559
2811485305
2727192831
465298601
717803408518938625
21027387
873201466139447296
873284689032884225
55948054
873158411864748032
793199797
707051696602525696
862716052039507968
888650520
44883029
56430884
49800332
620291951
74810826
871295178551697408
14700117
104016988
853923533768077312
871704368164122624
3543238696
788127015874375680
857790655787151360
751283435382067202
3167508269
314513298
782580887854559232
860878464752156673
1612310400
755570180319653889
4092555226
2705812737
4054927997
814824288163348481
1214417917
700712008623087616
190056198
2208245428
3404294771
36712233
868929433998168064
868972104422764545
3958975534
2467791
75314847
83014184
820431635145510912
847734807811338241
3334862661
16023409
812351747343679488
54139139
717802419225112578
64229716
2169254929
746015974042656768
244149914
29938262
154252504
316095979
20852175
524758328
3455796672
109025212
239496179
368509167
3268375567
17692273
325220064
809769590435758080
283646483
184764367
244619289
26214873
1305818593
308155020
865857324069552128
246103
26346508
807989942
825326114105065472
564000560
776903357390688257
85124669
745848427142078464
1350064255
16051399
22083799
3290321747
54604587
1118170309
14601733
724120161368694784
14026702
2680173672
39279821
160856325
2401843872
167024520
25443684
35413775
829221838869889024
795451319930814464
163639637
12314962
171331846
4845994031
818417262591807488
17517477
2649366409
247084658
2618843767
172854735
738576612
217428733
856037461
944771214
3092570206
603471405
134312089
19346439
769878574052548608
801389719489757185
841762780969615360
352098617
1922193992
761669649104633857
2881377238
500391228
2615725926
25259782
822102838897733633
378206995
23255247
363885855
863067205625417728
341190477
794774642867060736
23968696
42887383
15964350
132390009
1694709636
40900709
2869056617
3340073541
17642747
1365805831
45882011
15166145
2733194172
847942138545422336
849630840170717187
22129280
703633296668884992
2913734092
151621776
42282305
766547376
24897739
857072784975032320
42447494
856439753360723969
801209579673526272
19607639
711149456301797376
814685158704037888
2985197002
135576770
3342263507
847173071425355776
128616673
822057557137256448
1004876916
841207154161856513
2994983093
2868663736
810123569925619712
793902637733146624
46197784
3433187174
852699748138184704
24428699
309258839
854037415970750464
49532208
778933753150251008
853926233524064256
23636341
21132877
3728825112
57275398
1541086118
3058016756
16912124
3319891576
159541084
799748204963065856
419239903
853224889364262914
164386441
2889924959
5800582
708137380419477504
852973521936539649
852625332956008448
848823935068143616
2316383071
1446853159
739146201547702273
346762328
129795709
18018355
216131295
743856512
957273434
486191342
1345580348
832377671300558848
10289462
4149952280
95755596
590538520
769694691054931968
22970364
22114231
1011049045
850566363550711809
850526853420994560
2573480784
834081571493785600
845418794419965952
844779963559567360
757756573858926593
418227153
849757919142871040
116579971
73756221
128943538
2379700903
74347842
277648471
1087364868
233842454
2863996955
811643548697292801
804827304321028100
237845487
2473562271
298503082
832715557816315904
2803335229
15754281
757642734467284992
2863659155
836226687272632320
2562852312
798936281954668548
846674159170207745
96648433
39930454
759839872169287681
846295932954198016
714516354095845376
254117355
18227519
21619519
2836421
205864193
48802204
1652541
5392522
8953122
15764644
970207298
131497030
731132367058968576
1901112902
54228009
19088288
1489795590
3351156525
406784040
48662259
126903716
3401013893
810876750385336320
4379939474
732982088052277248
424711422
2791350752
2832475948
4813822574
14443412
703269683831533568
744121790423769088
116909087
718969006087081986
366587205
1372513081
2829428812
29309901
3066025894
839508785618108416
580895618
777671333379313665
564138146
3408279802
822271425348108288
825733551282864130
808687076615004161
759129594880520192
135630245
943857320
15075999
20767933
15464697
581649432
735301250196111360
973153975
1854620118
757215616973496321
2786489313
3252855056
127624661
889274484
3358893676
811021482432270336
131169281
386263630
823219869684498432
4854332050
300305304
798781107705520129
94154691
2526529889
1084638889
1909483010
12330752
429549919
18087450
2614247443
833329641280638976
51735659
252925906
113047940
701944694616563713
319777415
1389824197
61149653
3235194666
3040106943
321774180
709229757108387840
19750122
1019597568
508006873
116048117
799921776905990144
178362634
1588324837
726575400458051584
28225322
831667966882217984
517538024
2704787294
2720571343
1597496460
2392197152
4623573334
3307025969
713403472750714882
2496335227
828546269975085057
59331128
2885915789
3379934837
362306058
4180434507
4846959261
1536488724
825381771302883329
525368907
435564722
132339474
2916305152
301425350
822680829965041664
2402229505
138409823
828805717184348160
717379321266987012
825083216277209093
2841015311
158426909
108617810
30043495
16129920
20608910
71294756
17074440
2614319443
822941482076295170
2218368704
2886648994
2572956582
828472200655155200
744286775875670016
217791323
1862771521
295769771
133938408
3546182472
309705905
579221693
25508986
1092188078
21461359
2945102449
216470299
216558300
825310410
827305501516034048
26735842
42780235
700531480146157568
754359874113380352
3817330693
823936412567236608
707578305139048448
633980404
3039667360
245196333
824473943931293697
22771961
814430508704735232
449600949
191284686
178778119
606412878
16600574
1867382731
54156294
19697415
1289482598
115638660
221445245
340418291
2161953938
14376279
26283307
22891564
76456274
236511574
40971736
27187343
3295944304
550499936
4170674893
1649521868
62928920
796513830465662976
4751361314
797608760109694976
450242085
2369117648
810286706335383557
1465884818
15474609
77764733
851711263
9300262
713721447382917121
3230403832
14515799
4297922967
339029998
135909586
2865488295
749896358493052928
80414884
135677350
492213809
221334900
1472013426
2800466323
2414968046
3384217595
409995856
1899996115
249859434
746419018135801856
4860747211
1329989862
4158060267
427915455
524051415
527888141
805624682309414912
2535428173
279390084
705522154285064194
14247236
780955609394884608
16589206
22041124
302881437
50325797
756869444211585029
53090314
42790254
778076649137078272
426578718
808852473523732480
4894095909
3290079874
345401648
459310999
7025662
821722420348338176
821691892178059265
2971637417
727104075762913281
60681283
821395050244558852
709728250742906880
2152989585
2604128265
360369653
2761396564
5695632
115040032
1609360616
701883319667990528
1633259659
18464266
766814234915303424
39795718
80617430
3242683628
26184107
3187985080
261157191
743135039416733697
469508969
14529929
2814243870
260491450
810176689661771776
2827860090
707850044590977024
712727070896427008
2176661248
2570649057
563575189
4451875053
4646390307
16672644
177369877
732249951711965185
316560490
812004100414050304
166669818
2336633354
3273839730
2748762957
2814782611
3380271472
747465845178138624
107186754
23746411
997682274
149685915
3153182400
599089814
740982114468909056
817026262069813248
3092443319
753344161172946945
3272993983
731355125126594560
1239715004
195436551
718437081085845504
3311448605
250235606
44666348
711173148
815588896536834049
728952784947654657
372693900
751698990777892865
24175323
144299825
2724277795
4060918168
802184729235554304
910649928
748316411920023552
15508106
450197799
28786581
1063299470
92038218
3909892479
107880181
713762394246422528
316557414
813604997988548609
2214078176
744969226021003264
4418839514
4884430107
113684099
281763585
723519437572308992
763674419931803648
89052176
2578347877
3054855791
217907401
3300541372
1367656296
1580956490
956422508
2199831698
812646095042048000
477611842
226407516
729781035744038912
811984449864925184
4138211777
741511603946950656
303446190
2875147861
1319920610
1238653050
3505441818
774737092450529280
18909730
2485658305
2870475259
786286377302364161
714833508536070144
3294424847
790244079778930689
1309050470
2243215568
2814033253
970921482
1892312702
811979632950046720
493097369
1437673321
2746940134
3187848737
2816850032
2905838423
224940210
809127393008975872
3272411
761927429476745216
714705049
567010052
83108370
797080559839309824
2740547934
799754264272744448
14993272
2185522500
81837724
706418392262049792
2455384160
2205379124
34455762
2920033789
3232734689
805646968739332096
1723299091
242693289
746836306735534082
3818255249
34139961
2747202865
842472846
2190377608
2492113956
2419324656
2520000468
1551101437
74087670
712779203863818241
790511098822668289
110007447
289176806
4783822706
705422800681447424
3820748125
765191508572110848
261874382
17968150
801159713035612160
581123612
4211742339
805968710611636224
4578118108
46420374
2799342306
316837082
157195092
268288464
19422491
3166599803
2396424968
1113627067
2763573499
3270124741
3016503635
51645818
758432202694754305
2264807186
810273559582867457
734394397438119937
4327242015
967270627
259975018
432440242
805647435754340352
250383890
802566315303124992
574023889
3473923093
800390129382617089
3219593760
2778659701
71036272
797143678418493440
3021314001
1038490880
2756263326
16667912
602314892
69480815
322603418
299790272
79676492
20446868
29442313
4876573521
500243463
3438934264
3891538401
1576999928
20024029
5514192
774834310696341504
2575641482
4257518894
2911130432
78704561
66739464
745129919303168000
771224022478491648
3099938762
63013144
2983190038
968435814
244655353
19568591
4888875986
1700426708
4549912454
3301993205
2264701152
14855279
216776631
31058145
558584559
3068790141
11108762
33585235
259689332
741052105239060480
751080396075462656
4136742620
4805915655
3251202588
3056447139
2942458997
1372638296
3204104200
363115971
559440920
726210481959108608
506131716
2587318284
377940503
730461551929524224
556692519
182061071
4833284890
825942356
4747281803
4909176669
2971920827
40415457
62829259
134093896
176314157
473285651
7921662
2882979197
2879789728
4889520335
608512987
2980937180
2881787974
362578934
727698642396717057
595488208
729765741814292481
2827263783
76372965
4839614223
14134204
3396143585
27845072
3370020405
721889596003500032
3298242432
333927621
33014441
4063987874
25385821
708014999873130496
390877754
2776179746
4882000114
257593
700539727448055808
483644693
248670810
17536486
3144725996
3012602445
50294938
2410481007
159203186
3411680277
2736385173
3253527275
2587160250
121782261
68433206
459894197
20479813
3171471367
341747491
2375949115
217544693
421417889
2391337154
3472261573
41814169
2675446142
1961014670
243950136
17735548
1301064319
4475364315
1021440288
1089433326
40075524
4106106678
38474832
461288373
3711105561
37501003
22677427
2422485697
154921975
2379882545
3332031413
2922580895
15895379
3792290725
15466386
3307446309
380748273
130495913
465819275
39237910
25333609
46078438
84339577
117983479
16878629
364224436
2173298073
2306723664
2905518403
2370091339
1662541682
4092079096
2196084537
2347366344
2386769329
1339835893
822215679726100480
1536791610
2388138318
293424347
3322094537
373095486
2324656417
2810103041
138331342
524668843
447984829
20199202
3103242459
571558226
2835672253
171284237
2282814014
2916106794
913208102
2836471035
1073982498
1394399438
1644946482
2936292323
223005051
18320938
327091166
2366880149
57582361
2894456895
3064077976
3212922069
69058391
533612477
1341840876
316566390
280878893
45102030
2240612102
104596392
2984435293
270556555
44666880
2283164130
2290757854
119827531
279013452
3044537835
3126801635
2766768008
284886257
3414081279
32189132
2207974454
982699662
1247962848
2274984841
3040058254
1933042237
33272590
90505085
3234108048
3257320105
1944010950
2800478017
2635372961
3336698031
2835754637
381425694
3022784680
131081090
3278362501
2990232133
24436600
291543274
3179358345
320801345
65091386
2591353949
20743268
95726618
107860093
3305552591
860390526
3209358581
13490882
1398194666
3321869212
3304807131
332617373
463824316
1583798365
3233721601
40173650
32276295
3293794476
2867018512
11866582
3196621466
2893202208
2945522202
261126056
2809006311
156233898
3313198238
2877446278
329029726
3294010859
306732505
3297508715
3232096965
2477621281
3091829343
27474449
3064946405
3343964609
624913171
265645925
389524877
3385068466
2579548324
426723697
785071134
2265048648
414962189
2263844414
2973332381
1673178606
25620750
2387991079
3008620010
45901207
3180820880
369760961
1725478952
394308247
251101028
2891535235
53911127
536740155
2584692230
2530670244
120066168
97475190
3044377163
2847474933
3389206744
3303015849
966612014
54231528
2202041324
24333544
2445516865
3276630745
46783856
3053940080
2540573335
1588123002
3290623809
184872574
19426806
3153920636
154579091
2353555214
95302368
2355031267
1038345871
2831860789
2884001037
3028904009
323562707
2987606441
34140857
339158296
1278245203
65764229
2948498969
484042004
1962772214
987117390
129830249
2992769059
2802526389
201183156
2219484504
257575726
314649566
94341090
107651327
184477052
2351828886
3343056023
593963238
15785876
3195739577
2902162645
446506935
836562037
1226111688
989410220
2592419502
3201812147
2556250759
403770003
366406586
2267474454
799113097
23635435
364092930
150757591
2580994608
2549461211
2858623386
23008116
2397966581
2865826504
329838348
2294261666
3224140897
138932594
29019981
2355332570
3192961315
3108685629
537471180
417149929
2886226879
2829583018
325956827
2547301158
41824974
82530518
59292466
2419455367
3057348152
3222391506
93654731
2734953286
315872250
3092683276
2846675020
290971233
1122518228
848444744
2797375584
2834416526
43922300
1679863184
3040261374
2863063410
3113455981
43531759
3168065509
405561109
441582031
336511336
154772878
2268975160
1003490226
3187781288
568828814
2546303992
103106691
21577728
792475501
2906094800
2925279561
20827869
17668003
16440035
1390349509
2542781642
200713346
3029728666
2424338881
229385617
61980007
1569448915
93603632
394209100
1852941408
2759131105
1030495537
2946858502
338226317
603470397
2200401781
212820561
1552377961
2729005408
2362857493
2682516001
235634801
461686577
26113992
129627917
35713571
3237559467
446257808
232147520
172594656
446865775
316853073
1104327972
27947088
1063209781
2312141910
67377408
2168961860
14756982
45931083
2447773698
27686229
112169930
170766820
164599226
1572251882
2602648292
35934245
260340277
2212816373
573938174
3007719847
125447508
2260639435
3568411
350320595
2421067430
18082945
486468358
3062415857
124829064
985186471
1717023060
2172812246
21712038
445708036
246866759
403450037
32002507
1153426675
35099519
91267688
373422708
275415306
103550181
261158248
841198080
851474124
244030590
306360630
47705787
1732624986
1138759182
3163510020
301172278
21214602
1668546120
81457290
250940553
778714123
74484200
522794267
534741135
426209190
2922015099
2395268660
14220449
226662318
3020890162
765897182
2358302612
167760471
173167923
3170546105
3231442990
25007589
3039981586
305459340
1395326689
464047295
1252806792
2434263815
2186062965
223216332
2588109960
159111501
14505871
73725383
19053307
32135630
2932112376
763929312
1541513353
150168477
3023691432
14486811
547232187
43519478
105754098
35120520
2918312640
2471614340
137455381
35767916
71165327
858586638
14003142
3094901835
169364387
376448253
413283263
2460216512
122030129
387181116
87613223
57341314
30627024
2955379023
352405236
32789366
2409500634
13463862
53829677
2665593223
2902167817
2565403538
2394085628
19478383
578321883
30008146
27037081
2816662913
744501012
101756062
1632220008
16248319
2719662764
297271510
2951512400
917611706
161789286
802542596
2281148935
2912421983
3031796050
2308217783
428919303
2755743331
3175384580
159146498
3207605518
3104044677
2801337884
728786725
1654625238
310286311
2908556630
2950695316
437737598
3018936435
2502634702
1461262015
2580320942
182384817
2919613054
3046100049
2895951606
1893231326
242637589
414223670
2703354577
2759081185
37599351
2442860633
1562265350
127411672
2253004980
1471137662
118593506
77023812
17327882
2961857267
2430564295
283176398
2801881074
20771519
617020048
1877480257
1062830886
271655598
710635454
197372250
517512920
3043780306
18787733
2965296045
126989814
2903128459
2977896933
27219864
25631102
979192177
3020484668
2269407732
2984985850
2374176276
2857886111
46288579
234470696
3073268148
19825300
1236340764
2970531250
506805482
2977810530
2949501940
2687243682
2575470471
2205581646
3078901518
26101124
263515257
471560358
2812406156
15012486
2936480094
487531645
3058804140
622106312
1249707468
42176166
353751900
2889338488
160273215
169525667
279943716
796261392
2673267331
2497289371
253029792
2711678270
1603635662
21705181
249898853
160984682
272175633
2386982113
2606080345
257087208
16988154
2713010119
2922053002
2891257816
574096217
2610829508
246089288
459269265
147387596
2584520446
83002087
2376258739
2364365689
480288157
33537161
2960036617
18861328
2516072779
2995929837
1648674091
32896052
166329578
2370995451
17813513
20515090
155573237
1482663290
179732982
95925799
7125512
93423885
1457437914
2651402275
238220689
15066876
294278734
1651295323
2852690552
1871931145
2918677958
104459389
86695935
3761241
14222536
494822288
6529172
47927413
47646735
97340211
2997018665
22799750
16051471
991819603
2623858099
14722676
703249305
14460241
59454488
2458051544
2305348854
1687983523
815783863
2760592582
2596626182
2367270506
2269993793
188066062
29283749
310313006
111081463
12794062
347891613
2992819308
483201749
219937434
29247612
58503762
2914158393
83136247
269926686
22574178
26037739
29885622
989821580
53589899
1605375295
1520307733
61387936
350954232
735031304
2377169890
762941924
45860802
1638274928
453099672
243304344
1179057294
291692348
115563859
891251263
104902761
2962537612
1647727784
2761990015
14575107
2893452828
1694425855
284137630
1975275715
62135803
274295451
310359174
2779844918
292777349
2894597206
2387461947
2831149440
117172900
100784901
2938691619
631133874
2410962726
304709229
341643950
2378713202
626766771
1971117668
3012132703
167462025
1941176510
49804228
1419037717
2949748165
2613143381
432294867
21299246
464431420
147265198
2976459548
218899577
1964257994
396472056
364241111
2163991498
2269096226
311130502
2993346555
25509893
334273250
15997827
2882871190
970189578
1420926818
419064533
1964285881
2372315700
49242841
1096068614
498903705
711877898
1290175254
2214078920
2534169746
2869416547
601715029
21625308
293338829
870804655
2835056727
299207141
259028721
1247394836
8426892
2323971608
257905607
380285402
17138582
316327289
609094940
2186438313
780722634
1629678848
2569827475
2904374865
28507777
293094957
3010906204
2640644977
2517892740
398307434
617315442
2911981903
3003866366
18031710
1433064330
192894240
26137875
1977380238
1859165214
209383326
2458103430
64144638
2751971025
78827615
2525671880
316593969
87769508
890656879
139960419
3008688346
147896957
208694676
2523827820
28484970
2875679335
482457738
1952308728
26689127
99438342
2893076684
2411479753
181620591
315795783
2856919022
22312331
978908012
547336223
127359822
1457532188
764644214
1234569493
696823
239946003
239866397
439148284
945122066
75359635
223941023
2329498706
2904897255
1488839130
2964606814
1643909461
49794620
2273363690
2269619268
29164948
1599809478
1890630757
612931307
874100826
2385857862
2837456728
19248106
49717874
361342191
2438658560
818688481
2980915613
56038149
232883968
75742264
2730656051
36440833
579634576
32671625
368417511
2551981338
117805892
200913899
130079738
16716054
2980380245
834394100
1584187748
142889259
160047813
91942071
267449695
2920310998
145431498
2890703668
2664752136
471590513
338162588
2183418464
2291428702
2725766897
394472326
819767239
345141476
563281155
1493267851
1884474392
159837574
18104730
324700926
143377881
1403463672
547537854
629669385
15088481
450322747
115530926
2960152666
27044023
1245355310
2233893256
1264631756
107087487
2667834210
17791492
14266598
2752043293
250549155
625297944
2191984092
419848022
866504532
1475143686
350980938
389263463
41468243
1091118439
38804737
141301490
355784391
2841326331
132657194
168423969
191160955
338968305
820205892
207392880
200583835
321299775
559974327
121190725
129553207
31496829
87777436
2751557062
2972556813
16184358
2514624412
703965512
2165153857
2797799830
2241207284
413483863
2242304686
6480682
1235999401
2707491956
375649381
2311866369
2909310806
273381975
74964468
2177421912
1677203989
2656009086
604619919
41707730
28045511
15225275
409471294
1872866995
510526745
2199075943
326665662
1895904781
568453618
593327556
17654763
85035848
587809589
2850043656
2761414008
349910000
349591417
283599884
17072206
2471494160
137144052
116604329
216609343
46513715
349803020
577275115
2422998526
1543801099
2437220510
61216105
2464740318
17365848
259359936
901537399
1630896181
330218246
31430596
2151866953
270068926
407393216
150459667
2153346882
251635353
2571720172
2413188050
2687867156
2429523781
1471978237
341176587
116304142
115461582
2792185441
2792144030
2241116209
48432628
81970824
439258719
193757722
733617661
2857490951
25369954
2382538321
337272764
2580319371
129872323
1468323792
454114632
484402577
163700260
2448100350
2273677488
21111883
69329527
1562935142
186993401
1292766822
735103080
1431651026
18812572
2806518383
45786304
16126957
23970108
38491229
2097571
23118214
263417147
28785486
14173315
12133382
419414757
15519886
463294936
28208983
94104494
262419557
2862719916
22578516
104963957
327066955
90804267
460427974
385772566
23852070
112259147
1619755428
948460339
46265138
43680635
1593924638
306376110
421931242
2464959698
902197326
479065898
570365095
23050180
34533268
484395948
19512470
18605706
356769589
454107037
25569280
770567977
2593728745
17816747
259029424
285196834
737750096
1198196264
1265179141
730109136
536796277
252726269
151166157
937908811
416072948
385210714
2400334122
2418796928
378790338
31491178
204210800
20134720
1539685494
43996904
343860366
277792530
381284629
28395504
95958022
35969450
333767571
2442761586
479938817
1368634759
25259567
146821886
99793583
76101411
61179843
412341866
22148575
98538743
706106539
13867162
106282713
625251586
27167165
52300813
7484242
384932529
962677740
74916268
117552388
260072297
17495287
49824878
343882226
705310987
416188357
46008945
37500643
34002617
599455682
194464513
24451133
116214228
580445971
393991690
18194219
264739777
131293090
1239620390
47392385
275211261
29911197
1210471682
181931970
28096105
9411482
1470722864
1376719596
596372224
153474949
254966292
74307395
21906715
277546050
21681809
272112899
606888238
124914275
29280295
255331560
102760614
326897161
22565066
487107103
172363812
92685993
139556111
858055184
2365816214
20998647
250166431
236522594
595126101
355180561
1482676166
1970630430
18215973
18904316
266529472
420533304
266367426
283830242
21525579
378018987
355285163
96851347
46875439
1632903139
300392950
188647212
241161753
26282046
52145644
352145373
129845242
1049711166
61204521
618538850
16826656
56405314
480191370
43627602
29611918
1330457336
35094637
56505125
85603854
5402612
783214
10222862
227837742
34310801
51241574
185314895
33396542
356703132
518697290
17094725
277848044
50004938
46177695
28133800
130649891
1055599326
400332618
270423819
384163459
27588709
23612453
163992714
17919972
23375688
133880286
16409683
95515846
26642006
20641995
41229669
238319766
2367911
22179997
36098990
93935921
65992743
6017542
19058681
197279339
21030857
144147617
15169907
243028381
184596818
65773523
12701412
31583155
43803786
83206131
286228633
205502812
189200128
290883957
403497669
28716779
83312422
84722671
25341216
43698856
14838128
42658749
338694756
139930250
428333
742143
8795772
22948692
16543775
19778050
186598799
110775637
19708968
87016990
108797271
567440698
129575180
48100887
15769858
614554301
20812193
53153263
331651084
28109359
10403
16331010
18999830
2883841
25589776
15224867
28638191
32959253
19038934
396221712
16378486
23690344
268439864
19397785
2310932088
209084950
1365539468
388397109
78164406
216299334
813286
69181624
15361389
16190898
184910040
14230524
28706024
21447363
22940219
759251
