336851461
52551600
2808406675
921583892523401216
22929686
18628681
2354465522
267856525
133938408
26053643
399700324
128389804
759251
910492003359760384
102773464
19910041
785181284742131712
389611526
828027765244977156
75974281
965266179836252161
19302873
9763482
453187731
1944987026
2231942370
29501253
133028836
85603854
976439634
200718285
243408205
170404126
3282700470
2372139020
905597885995036672
104768920
97893117
19877186
126629610
726521814
137091791
1601808176
14335880
1356395814
808810656505864192
799721555358007300
4889304972
810178352871047168
360185259
358464377
11347122
831593475829268481
49204865
2823621483
37376499
1433427858
17235511
1117967918
50518059
17393196
312871730
901658672748789760
63578758
64857767
418319697
891298586054590466
34487135
80096621
858924511
607558430
149362640
313269222
859473421838712832
32774989
629097517
3212479115
19568591
32671625
2321891941
21619519
737876050487709696
30354991
216798672
398092540
2462161765
254117355
755835576
35599836
705151590253121537
26642006
124074274
38029205
704327081526693888
163639637
361342191
19697415
244655353
774005480821780480
16303106
2508123884
825474983975591937
16074627
2449601442
590538520
75742264
3706759098
16129920
4207961
148529707
4812203774
16529238
16051471
579261513
525529987
59948457
14926109
1085998189
326665662
3088433483
829420377461764096
724708181625188352
2612195694
741051302034051076
809972064811679744
338608917
215990674
70499835
810619093749559296
2984633672
228794007
30364057
603025587
67242707
31015297
2377703834
564000560
259387703
2480998605
423398760
743856512
30726383
3605652259
819120785906368512
786270715502665728
822858285506248704
586136477
257440325
4383090197
84860555
1262776610
826642105623777280
75051887
26519069
782292383450955776
757303975
12044602
826309249315725312
2584131224
19834403
716757689049546753
17494010
3439168713
178027199
259869941
36712233
43383705
2233154425
822273666297765888
4773535730
2433774411
260864109
814694481203056640
874405711
3329722033
1381088924
277648471
2191317690
37914958
180870892
19569136
3247993823
797889664388571136
16031927
15518172
46131997
204265518
15210670
2804354744
68036460
738080573365702657
3473549662
14529929
39364684
10289462
808527181110353921
17881816
28020720
4327242015
709518596230094848
709513566252965889
5485192
16901643
809887021
26548315
66324812
2863347469
2393533334
552337027
2868663736
258127708
19268706
218766438
244693950
134761817
85460092
244694403
1155214951
42138102
16419153
360654717
430169940
3240204569
3190229552
1219643022
15081182
144558306
357668606
15576928
28443156
81947660
86868062
17536486
2949980805
754326264769568768
6108862
286680865
229385617
32780218
2330645310
14515799
28601983
574023889
195830320
4837019834
4456683675
745601658030329856
23665495
136026074
61499190
715416823026454528
1525696230
153966123
148781366
61864001
4771003638
404532969
1213616942
108698830
481376138
9128722
124490608
335252142
68433206
26849134
205527132
12151932
222659560
3269075118
16228398
43951442
7807162
235235930
155823836
27453762
14645160
5800582
186197243
2583735188
18227519
248111082
440803225
16249938
153116157
1194863629
262749118
403179950
87403396
15235057
185807030
741008991107600384
20132655
473285651
76966092
271725689
29442313
161879258
357674108
21360280
46627530
41402405
880790892
322116425
15741883
18996684
2467621014
120047491
772026852
37599351
3116086577
400524509
5548212
3519181094
48938064
4627907414
2582966965
23638708
709581724
257426414
1311507481
2329373178
357310745
14134204
2149508462
14548783
3240287871
706081789652160512
49217766
2780227838
2227779030
2803103316
2900426395
2759619458
2605668121
3661353494
199110089
118668595
2306403086
131102007
3420477195
39724278
253754797
170805838
293056140
90722404
2357142594
41814169
1104111013
1933042237
20413271
122166624
280826651
578321883
446841846
2825186511
220983975
349249475
926620369
120036324
3975034394
2522529224
1063694862
61608747
3240235546
949707872
3240385912
3188618684
109237155
2452115832
2572844671
3241369799
167760471
8071902
374658826
14763734
49115780
476234589
796261392
296623811
872125404
536636942
3170554132
1264788474
2466339073
1731362418
183477012
188328580
67899097
181177306
1677283748
66544351
3976761559
4159208787
269135339
4159191741
3253977797
3238195454
1145614250
21527658
997682274
78408666
2544340879
19380829
22589987
3395170581
3805597452
317774189
506088970
2587428588
3066724392
27460089
734592649
842401592
3465550936
3300296876
580640483
851711263
2862483336
2213018712
2203730634
2223592103
592334454
2284066573
2513222851
128500019
348331965
76027332
3289806495
3233523480
2471578447
435459729
38542427
53210455
1279624999
185723734
2203757534
2203770176
3298760562
3313322582
2445459474
2779954629
440501717
3144292427
68655235
1463880866
2329498706
37814845
482658470
1938604200
299207141
1536399169
2610395300
3237109164
59785531
145517249
18320938
80598456
1536791610
2942785815
484158129
1445123090
15519481
487736815
30313925
822215673812119553
821533404
2918288586
3105444366
3086724705
2451433968
600533780
569680585
54620194
26877811
19417197
3063996411
3029326756
15212700
3025918961
37990581
1633120915
898533348
2955043108
44126993
1410723450
403942389
1378596505
499851365
3002153271
108838948
36032320
2671366968
552983877
1965457579
2259765408
32011415
487600344
403932208
387937522
2446280372
2603853223
2218884840
545281760
25864678
528055712
1724062170
119844835
14993272
77256902
459269265
2957016875
489475164
279238668
302881437
271381840
53090314
2937188842
2428776326
172867574
2517854953
360285166
1966921812
261918703
180893928
2391736202
2734456896
18787733
102892844
110128031
741899078
2366131412
909196237
145862955
72076895
435170791
615980687
1360948380
2291870822
419187881
40057924
380703912
838976832
15935549
2757746028
902808547
319777415
1428430220
32543448
61149653
2723105915
343327974
32673296
231094495
43261344
754135908
46120961
2550130237
1167548456
2339451679
283616325
234239058
1257732554
1193801665
1267826966
463689095
620547714
459617681
1378435544
582124308
388778780
16012783
334660170
28623510
2329606513
1712960263
95925799
21954033
774784231
500704345
989509663
342919252
111799211
607622157
68754498
315577705
304067376
19360844
246103
200905204
433020259
41898879
924483025
822576654
1624984470
278964426
39069286
858921774
28796289
38107684
426069517
959596692
156804702
229732643
349803020
258344411
19077091
131308230
1437267764
191578026
1375289149
221969181
1377719425
126485750
126110034
511167564
97383592
469371578
20414217
834394100
587875070
325118816
16711026
142889259
107580392
20342817
231556884
1077932275
17045178
179732982
78569026
23386530
592190619
24012890
48935222
19954013
29978293
16017475
813286
