390549892
2685932772
65575338
145266703
132397046
916343150150668288
859023846602665984
985623971587641344
368545981
894255811081490432
389024573
2460530875
4882743003
816817336997003264
704075763901796352
853881428651716612
805942212823371776
16646617
928952945349136385
965555182221365248
221969181
732353906475335680
876117846719291392
819117420
894706591156629504
3277937070
718020236859932672
2733351320
106149618
860333536456318977
881096131710603265
17379212
2172073032
73626347
15115280
346586762
793773498128863232
378865898
728930891095887873
1405132423
1343068087
778998581684383744
16464597
308845273
47683584
4613234365
766252544511336448
302748777
589499968
761455215044235269
751176340443803650
130677456
3198557960
354903553
752505620050370560
126526771
147906586
147908175
263710999
728956776092192769
256978922
3879419472
1726076226
1617525559
4040893340
193630791
50231803
3311736090
2364191293
3166576987
1345674830
186687626
907346546
342602156
263883509
148196903
304843372
2582038939
1402173962
3145894165
47794661
2358500335
2473952953
2493870674
2976015392
2314080577
220625979
282177696
2861471282
2784882115
2493580261
857499175
2827260947
1552550713
2814317413
1883604942
13107182
1423840712
131877365
318821031
2571243752
1214481882
2218384291
2427110646
113578782
20901447
387528421
1252092296
1008007200
2246299440
19670273
233770774
17731084
17750505
1488309103
21787443
278583245
1006995830
15603727
560150773
15689492
82454070
37850478
162559842
461025030
56121904
18110323
45211587
21223189
133653387
197746641
17513672
529717426
12202152
265698512
37396241
135656924
200383035
625186386
17647998
56571466
18515541
77082002
45536117
51873562
54171356
172921184
73309758
574253
16175667
403163707
218744662
36262144
185853604
19442670
71162589
17537809
15239864
250267964
103979004
16555492
15920898
185847674
19382705
201081689
61552954
60780206
132020077
14302756
68862096
17036782
