887704019296276482
199517307
371354736
946666167464206336
537557953
372416180
891831276772130817
891828750228312064
4591711108
46476526
842726390529253381
334367604
1566209258
784147977459736576
849885207033524225
791379086891479042
4894095909
747035238010871808
840629272331063297
3241726321
264096522
577403888
2974881078
2980095321
2800148984
2975785377
4822096846
763958137439129600
753961664727384064
750562747990114305
298093949
2411749987
758688988412669952
58389810
557134080
17243913
4120126993
742491761784803333
2700098667
841947414
211865690
705158341777977344
27437651
165266436
711367005807386624
560932949
60360521
2316351724
15675351
19865528
700594439408910337
153695281
60955766
3383799339
1261639776
3011934338
128796694
1930813488
2929030242
734238335057559552
15176349
723570144681811968
728609655409283072
546856252
727649478388244480
66590126
715037567289262080
711993240082231296
800318696
1146129643
385691402
519808164
108724358
4404311776
711801793185878016
4429091894
47332078
3015314432
4813761931
4817753516
4853511744
4102686441
4610345304
4726852273
315002750
1408978520
4520508793
4389367455
4267094225
3407978314
4172743935
59826297
4326573680
19886577
51342832
2850800139
285885928
3362289447
3380683738
2861354860
3119611680
3829940833
779582161
485967780
324188950
3670765886
131279381
739381656
159711379
50323275
493108332
38562826
3312833166
51788302
27578487
1598241792
1563773912
218638043
409257216
139709510
20177010
3129484048
1143427123
449329499
3258948376
3288004411
1180169191
2817256488
3350138477
1551590316
3231724692
73560644
3035321240
3275045406
118388427
2991929080
1656825386
29165172
391103500
471033216
2462566928
1156152529
60646915
3221883896
1319354066
2902751800
3187841988
1166253858
2870594506
130395910
2189248559
3043651578
3018114928
3017752887
2902414682
471454543
119898847
67116999
2952312154
321435618
2898614067
54300306
2885072709
2899693344
2311187130
2567430241
2509161661
2517947720
2434569570
2433202358
286290739
2165458130
355518118
1690484497
1480775005
37730369
1372560228
1038604644
221772549
372854628
924203936
613076503
21101309
526903001
587957933
496085816
449789617
331018690
41413942
238867302
123434095
257042313
108820601
236766309
224750589
17408897
132341574
230999127
226975448
225493378
219162048
87822920
184815320
183894818
158966461
30961055
96748774
120625864
14851609
25946818
43365147
33377828
21962559
35988642
