706158199863427073
706160426279636992
752527288860835840
18162394
969488047740895232
723073785142767616
972884897647022081
869870567356338176
24766862
2849967413
967852874968510464
978963256034312192
268617103
848939792284954626
3080962595
846771412723515392
789224131564859392
922815103
739838723072888832
800294782694146049
874281777703133185
221488568
15613648
997171990799712256
997148068058419201
996350530854191105
983471358427435008
2902980868
2827928157
463478416
13385712
782258963689668608
783255745533992960
745639326
2175494792
960636810094350338
927717115724992512
997537287314567168
931281637035388928
712735352
834908132023414788
768481207399096321
839201620202258438
986793493061357568
809463238391840768
3292116214
809463834444382208
957932748
709295586835566593
938998540273033218
764960131469733888
2293978435
921218572512137216
68512464
941000651361878016
509194930
991694001756655616
