223214481
856336029430816768
1705590236
961704823052816384
3312755454
113072776
957476925529821184
898911928185126918
817858097960067072
1139409679
28042963
1839078132
1852065181
4384917736
23768177
786047028132401153
894988135985172480
39419180
22649795
129016346
22444699
1004031373282246656
2281436012
69598166
20369170
1003720722802511872
293412238
3084907629
370819667
758133119602069504
542666915
788772509944520708
2842282216
505793487
738895934923235328
900797882168733696
913606693619163136
4203959297
750334043284209664
968645337140244480
1338253471
896036693442220036
917426278894096384
4786772434
312588499
747146668810842112
381007294
820350639888678912
518043605
68327831
886026310300160000
104797544
30024145
20209442
147657826
593582890
515150294
15234542
993708749088010240
2806992475
2557274646
2939340662
944461081660895232
2540450299
929887230453170176
311551809
4222094320
2613174115
2860233807
807787372171718656
285057809
177648924
808907446513205248
22536395
718474279210323968
29463928
743155992997691392
978650746173444096
738067168592551936
858501692198764545
985859882086731776
944637066050260994
1003916809345601536
992104073586466817
840089145049407488
2758416496
899998331728015360
438269206
1003998608721526784
2216200264
986964221534535680
727931139571240960
955378947742674945
1141945196
981399310452641792
571504040
2492569066
865202698425176065
336214661
625554369
2532977043
982854675639578624
4000841173
1004996569748463616
1144616125
956541991831195650
978686683234406401
942055552472850437
976253140872900608
947416362120511488
997519999659950080
475137588
997458985304420352
1868698501
1399378345
2399866497
878656373134946304
1557337548
1004512537419964416
877879530404409344
472749927
1371697238
4312165756
1004678777459433472
1002880196830167041
177620521
782719619329101824
583009554
1313580858
998511581406228480
3225199642
35253196
382189743
956157744293269504
173091244
786240605131251712
4402836555
1004164973759815682
964742078
904711028222644226
948557667361988608
3923638338
761775634670641152
796622630258413569
736202327347109888
942386844075020289
4878347445
824385388085133315
999242221277859840
513549904
838190316
797909858943201284
995160134300073984
937377263254999040
838166947762212865
807449756276551680
564709254
992357873924689922
991372322597687296
782820896838979584
4115178873
4904209834
952914948644065281
977841288295993344
49651947
2211430146
445377439
584082058
948050807018078209
534079722
2981896706
927479504271847424
927895025970589699
927805080882917376
928992453998211072
927815120582983680
906385257284354048
743808291843637248
262050686
145665796
3146699076
887950354318581762
754357212705853442
605090700
1434531907
888306226764935168
3025942275
721305241526865920
906158628268277761
898088189570797570
807978119273598976
1636614463
896661501984907264
804733742577254400
581270284
396764205
1636236306
2761852328
948107524783333376
2578188186
798386852864593920
832908742920380416
183282694
2856560399
703146417
997169432022700033
1897801412
956888042576334848
993350658395811840
771655031648980992
962876504517492737
996377060837941248
907937686027194369
1595391954
2718535624
765140792042201088
272782471
1002228736316583936
270456722
925381374185439232
995666778876530688
999986329701281792
2185034531
988787151641989121
4924839851
741690930
2606230534
847867093991084032
3438958937
115403297
3322970543
1000405071320907777
795307073210679298
755151478986199040
991469601543290885
2875584612
950345744074137600
941965637005529089
947143254
923137381515038720
964448650939084801
778536632
1429987975
971412819416674305
776903600803028992
989649515488731136
87563968
784549494050398217
1004359378785337345
969586620713201664
963879884903911424
982888717227642880
1260417180
1000829523808710656
915555589773774848
993898891241279489
1499425166
795331990228758528
332624844
752229487727738880
434026944
858834101595512833
770285228929712128
820359394999357440
374649601
915690898444439553
823872550044364800
956172373929144320
1001100608471027713
810101504304709632
30370998
714307453043810304
877863663683620865
907249003879788545
981037593168109568
849341949412769795
960974280145227779
1003657492570738689
2985799055
1154589198
969184667093024768
20269860
1414419391
874684199793553408
407172605
1606194277
321794620
797870646290223104
131192798
565587584
208783342
106517855
42964404
4610467283
752325773390938112
150383325
720997170078420992
876502364387016704
928579387418660865
2294599093
2333727691
995666988872581120
854681641842860032
930992039042232320
3139011428
1003968020878946305
752887181123919872
122550905
2914120102
894643480923910144
1002566166211059717
3106265933
3054293232
1001211595400368130
998980469285904385
822837242267844609
74605400
145172811
520700822
2446822519
3259697463
727858058324541440
806795938643595264
818391855079378944
827098971218833410
880186696830201856
917503538481254400
975755843932172288
981505700563226624
983852107018260480
1001921085879783424
1002826025032671232
1002896596995051520
965557422906634243
966757630768308229
57975479
978721011712610306
935453238588948481
882649134955626498
2907780808
69395651
1002580378832515072
1122081444
1003935300719202304
920910772305383425
1002916844355948544
3061392818
995082533309177856
4136253320
557885622
843173311127285760
1001639804168228865
726503419880607744
195746632
907613911230275585
992409961337643008
948903705558110208
90325241
3105328443
999886835529666560
1890955586
2476482949
987289087085248513
987367744122187776
947609773708587008
749699345344331776
952810336171839488
1283424414
715573550107725825
753169620777992192
827214811
827108576611143681
988946701221335042
1454124457
2779171702
3632706796
993070839309496325
942698588454445056
3385628419
555346600
361923082
2586834118
124704781
1001083823743033345
765689423031853056
973868937707442177
2563061145
953890470161207296
1539031014
969111757267456000
989146995335008256
997943597969395713
932424874571612161
991557426422796290
2937661605
402313912
942330105615060992
881511474048270337
997997114671157248
810852215757930498
715201489623457793
731049402769375234
4840305341
126101599
952857417578029056
637142502
626617782
883467589615222785
916423250191757312
442787706
564684764
977255075155410944
1002828303466713088
781842719211528194
988826318711279618
1363780225
972920716352946177
868006725126955008
712664144
976175320142352384
988037789324316672
997546048707903488
1715845866
768292866
994921996742987777
997231827948593154
864020563337125888
967272107087421441
997622518230863872
952230909981360132
934836448251056128
2370385340
989551382746353665
931198932608274433
971244363044065280
873285623880331266
517512920
920914467227136000
999292915519229954
990974918429937664
984704583447531520
255648275
921287784534392832
814792022917718016
3139281258
951293124193804289
1003869462007861248
961302085701685249
841964975560224769
916070074670288896
2163838652
930560320321609731
1002229837174575104
3794704769
776120229466255360
3435052818
798852088717406208
2868849575
977107516789264384
716123418043748352
986484433636200449
987454997628641280
1901249240
1260247873
934680023880970240
857807931156426757
2312780180
877885766109503488
3129595688
325737638
999565047104966656
901307357883322370
4744126424
850618629418876928
1001902089633746944
4845047110
1003565198366642178
960007982
388733629
1116691544
3437136910
981625560752410626
752985584
995723532956045312
298335334
988744488653869057
286637464
967093514692513792
903564387797094400
1332176233
971006984182030341
794780946197311488
1699147392
924542047058612225
933527237982220289
4854743115
983334083307720704
383082152
983973412577202177
997579341570740224
984776747043491841
800029601707806721
871004215438696448
554311810
982047622713180161
773994475425243136
999242150834556928
542781580
976725245083099138
867117202020995073
1017580394
2988167749
894266194387238916
899904544699670533
983077045725872128
3143196774
3194616486
15921304
762243473848369152
857985611399143426
896807392285011968
1394430379
985599001398534144
914227946885451780
452072757
949273196271894532
937428832759484416
974513038643490817
228298504
910164851993059330
893661727635652608
2521102003
2455572513
110731187
798172928
1245920551
946340836157030400
695222755306831872
944796815496499201
850658342
934086381000888320
996807432394366978
853226892987691008
955436229180477440
4847852838
987581912112918528
973811033319137287
877257373
993090621643599873
984690238915272704
4703519773
210625753
4405276452
1910569500
873503938804293634
703139287739473920
938741009143468032
264901324
838470471976906752
1134663450
2257539278
1427232902
1001084765301243904
988160118532472832
826363533478752256
128890650
788355022774005760
984393634425556993
956259537606017027
3624267372
887531614250684416
952176582080294913
952664993513828352
984021355392851974
972841240210427905
2458008015
935861441462259713
965965730301624320
883964503800430593
1001734807888396289
859148218915069952
733986326446493696
383489281
261176869
4164449056
868444642034950144
599108980
786337447
939945955717246976
795798561749422080
1000823595319332865
759977268
949162610175352832
987531514660388864
875280010877296640
952082361105113089
968860778513215488
946818171746553856
3085777046
935021821077925888
1018914914
908151043959255040
997112954385412097
3402190601
995073773836496898
922796668667547648
843708037424709632
971014355801296896
954665578064678913
1002992789855047681
977080124465123329
223794754
2835361284
2293272757
982212489067704321
2452444360
2282126418
971542351494737920
1568405059
877551566550642689
765235866797211648
988116875816075266
895423882500427777
199842343
801749519562113024
918083754966396928
567180572
859666721765965824
998876249069010944
4416462733
848915802736742400
1274273521
979130648815267840
1002580909730623488
735769516446097408
1000103480034545665
892365958228070400
931184499307659265
791031522841075712
1003648167462572032
993315729154834432
959061043182907392
940198258596388864
996700035420057601
3097342209
740737156570718209
986421696012861440
1002756713282297856
3090099412
984359015151890432
3001384406
981443167244480513
813584924372570112
923115110
1001669087158788096
996405806382727168
1000792125305274368
868237842303995904
2889376676
974965529663307776
1391344514
867613463060692992
1001263533034631168
919416241529405440
2869297884
927957772364214272
450062805
971782173060550657
3083374722
886207078846447618
764974950721556480
998820012134580224
982909747035697153
702411077498368000
948651261422784512
960246719597498369
974140435386937344
986069829382635520
2951384324
900316914651611136
859294457874665472
2940591591
987629522685083649
888652947114033152
2688717583
934405257425313793
897403645737656321
2393614358
883259916583960576
978669401934151680
859720428398329860
852304868622581760
918710012028973056
3232167398
904497616813137920
964477086420295680
968477265532104705
823311236356042752
764847082142257153
714792977151844352
998107469351010304
980078976872849414
4440826396
1661979828
869126839117021184
3005944705
844492837
1000713587759857664
1001426556080701441
985497134509113347
953589835490447360
871774923915542528
1286315239
857896661237899266
996809862255431680
869211382457057280
4826243834
937120729887330304
881253988607373312
1001838951810916353
1864115797
4044229877
1002893370761535488
948882186543026176
757637221818175488
859219406462779393
968115381826215936
352920576
1141250389
3274420262
952624838220435457
993604993201655808
821303470950989824
59482202
3383075236
1000365149495087104
809138889449467904
852429625271648256
1001909608028430338
2727098277
3188058613
4751176937
955286298067197952
358147382
966808944353177601
2480590621
551097194
1104275641
887004008606576640
505628882
981410080036982785
114508339
972136930551922689
408856005
911499703157706752
951433639
766741132403367936
911235075395739648
3296726464
918023556973367301
943744545212203009
870320115480485888
1712032452
895302827962138624
404684366
937217577276887041
900847782273179650
994158257081147392
816234030517534720
857905940338622464
843846535075041280
968063704070696960
2423447182
873543132402638850
940695291421794304
3366035300
1275811220
2261529904
1958892072
381035045
936228060709339137
982596296488833024
1101140329
891941048339095552
997942944266104839
784365416412024832
996876257613828097
896075886612668416
832182107090857988
998560506146426880
1116297008
926111024901771265
715636181376098304
813898080735137794
401559097
923749219
974176542149419008
4863570742
917076512515481600
967137397417955329
3511935917
779350361257549828
992951475654410241
430119704
2613972724
988879438413729792
788751362003726336
926143582431580160
974964296240295938
851413188461699072
976111131772174336
1000672205343096832
728951028276711424
936297780590477312
967187524182528001
954358567351541760
885533739106828288
2338681497
4036606463
1003901007171063808
888871528602927104
1003763730671374336
702973467700957184
843874787193765889
1003606954135228416
4234253446
885557732664913920
799812308276944896
930889536380526593
951742042669010946
994492327027654657
232002615
1003738720674238466
985286912029192192
1193286980
924201914559995904
973413630694715393
973844066210320384
251742310
982917136753577984
957238385776779264
932617211809816576
993060546
3294402477
995505020790435840
907241287342022656
988152833999597568
888087252575768576
497605540
281530346
2694698345
995198599586660353
916282682870583296
4234413022
3300069596
272309194
2817740858
954835627396222980
907373126002061314
734310645261160449
801155864690356225
848414403267629057
845875054860742656
1003476665060732930
895529974920302592
3417279171
1023799644
3029714131
852685773610655744
866585744776642560
237387493
881424782012555264
936957192955035651
701639834658598912
938573282
313128517
2570796757
979690393850671104
831062125439102977
843338684065705984
2880317137
1000065891336376325
998969477269147649
3207916752
4698662491
2495148418
872083121918889984
853897744133566466
1175398867
290802640
54749127
864085493125967872
958236512641929217
364038105
584597889
896326833175752704
4695841574
978913015830536192
98085578
3006155679
809793477269655552
974103045586829312
2293644271
321667382
784125845711515648
724322775431827456
966776355814768641
2829038729
716362186247917568
3335703693
2200980481
4272708615
990366957030518785
886380284521975810
724023232395902976
3136705894
460384440
991246283330306049
3978318905
204721110
1001953844228710408
989222483965464580
12729892
918408197827911680
503672865
980027580228259840
2198099858
959427111214899201
1708219704
4444493836
949121116823572480
1160919332
950638567809789952
46729134
888233199184351233
989644934671159302
988150382038867968
862776372363767810
4018100235
844544229137432577
849028189884121090
290603196
927680905866633216
287332878
2672196340
984035210022080513
55448787
924568025025544193
503017189
844615667231920129
3207751919
202367410
405027739
25141760
331138179
85124669
761985912456613888
1262776610
42562446
2497456362
141426450
2770149198
964444610457153536
934989826222383109
96839408
931184682414338049
996196665559277568
890689220335071232
718096671184433152
1672323726
1067172476
2523783230
38267109
1711238244
394995007
1594940208
548657816
365523160
2536494221
391169076
809474647
20591898
908494190287507456
913102485035917313
3004841356
16897434
565073483
246317067
3315539551
54348800
102110309
519107702
883378938210377729
877889118537224192
188002332
906305524303622144
983665663
3077384744
3075668682
178466206
17747122
912814657
910271150516785152
897774261062041600
899386513359810561
784582814
715793884023033856
720729483477663744
298842801
993644287656153089
782956322786537472
314113007
2431428955
474111746
384056821
522815474
386263630
998591377243037700
4253902337
755236876118700033
1312367672
55992508
2455073010
1074839310
981277207438995457
987442402364309504
960649198134878208
302911926
264924050
833379433654398977
848728581333291008
195203803
541682723
191285042
289459291
839948922411954176
416003238
3254355416
2919981964
947503024490106880
1463226164
161035416
1657981334
74760564
53937326
286352290
42118369
781421845
224385091
796531052638588928
4842906105
833434710416175104
1403658427
2181240337
262411292
3100761105
93736441
1271490397
27759889
415574697
975874231505510400
1563871315
905966469929979904
50096544
3312191981
872695783
909058648256729088
891362208352960512
28601983
1072626890
2297059903
2451475912
954739636630441984
94951944
987812988726972417
812448763759493120
2162523428
30983426
336314183
54919985
1421503224
360763977
857681849182818304
996240107047866368
51783577
526928288
963061924429778945
807248918622990337
2469631105
278802252
35936474
23083404
19923144
2528805090
16212685
604261155
47964412
14498484
55594930
43885373
15361389
27487343
20006987
22976125
17374906
26577824
23783692
19013887
19835035
29264626
28173550
40878677
19618527
19673276
15020865
90570778
758426388286365697
266420236
277139826
245821288
45753069
23878088
2967749019
4515245474
1274899434
827850417874669568
3395332593
4852055772
25878550
32453930
2167600776
190359726
1254995785
63799043
4890418741
448562247
164557288
2302868772
2510992134
548232659
777630720671948800
272616327
2420692812
36724576
3674274552
423868716
890891
2181233851
283090686
117640526
463015018
817925764788129792
220922265
27619032
475955186
268107174
319431433
3943166122
288534468
326448502
411082314
2495448276
427683807
922653272506118146
911076498
20015311
18948541
30364057
336116660
502281810
226739451
35107066
26729334
52772661
16032200
19333454
200229705
57017212
286857157
195096638
90557401
2319349099
2537718969
557385353
204669544
277161300
28256108
39288259
1601401561
770872924571967488
975843959586086918
166796183
3121685470
780997663
1399881115
18494981
74591342
14963032
75296671
70785140
2922463683
4485094661
263700364
3298384064
69641766
41139304
55457727
31442061
42900685
366106907
20847350
34466175
73406718
29498970
45241945
2651131370
978345975365464064
19122675
27637990
20847601
62081032
16651754
29460627
308556440
304593201
836638785098002432
412594034
458641593
300904567
904088122245373952
878835329289027584
941370017924468736
84708371
21899283
2645861859
738870287488274433
104768920
807095
500704345
759251
818876014390603776
2194531698
287504183
1228176728
108562201
582755154
1870107482
3255174885
789632127558090752
23066578
140847427
814980274043940868
1264935156
1905030439
731275578255368193
45540582
116296415
4144462706
4649773168
4724869283
4653948382
1535507857
219805565
750680518589550593
838167572147224576
940095683440263168
3361110495
955168926924771328
2820637772
279038910
825143318891917313
744986044853026817
427094105
4871514003
815438543661256704
95975081
31533092
72966192
63195411
19750789
215423552
21631981
705748375
17820679
31514374
3866290162
900894660
1557315432
371539066
216533096
196384260
845649062690893824
74033646
455268600
582080450
544866138
930053660880572416
27294954
22928810
2233154425
241249160
667563
2377890876
874442613230886912
361351581
16331010
98721696
90420314
16228398
22203756
166270127
733170759829327874
1365963103
52803520
21454322
31504542
40358743
24179879
721341752
34104616
376528197
153875208
140297774
140308631
25414711
499098033
908038611756400641
116485600
1196251405
1394399438
25073877
822215673812119553
813286
25432501
822215679726100480
2904302847
4598921241
264897818
153226344
3382518837
213405141
385626764
581971753
3317917645
575014349
1376059765
2540162345
29573746
868426609
718417314
380730306
16295614
962756540
970707618
1013399942
987961472
790136510
91208190
277546050
26553086
337308306
349290706
30793542
84092181
38234856
80094297
34630995
138134695
34345491
235441031
260523318
21231815
18132032
365888886
4087280849
25837113
240525629
39922782
2363442396
244727125
296427730
115597898
43403778
1131739027
45055696
25274430
270949258
95749490
360099026
718728986
286186781
2925999405
52006671
55434374
35105353
20809475
246571305
3342780951
79943236
15162901
174533632
165531364
3364814463
41369172
8824902
214164709
16303106
15485441
264301513
115485051
3234678222
1602223620
22323319
21740090
616754851
4676711773
22504089
1665582752
2367458515
3095573830
2946174527
19159726
17461978
259379883
22675606
96821645
17299063
40390377
22159122
234521957
41509142
52529345
19733898
120943272
130649891
277596528
17051641
25121410
165586474
17874544
1339835893
411246048
81756964
22146282
19426729
222365692
1482304957
170759111
224221596
50532092
68786791
87518270
45874855
170886667
19781206
325151014
201543645
254171611
278211420
135288093
370217405
340703214
581219754
50537131
246055470
125128420
96915603
193486742
130997057
713660438
133115088
43935910
73417273
18369265
76746335
25389599
3429327472
3406040487
498961017
72618381
42468577
2312904278
1550963570
2326048424
1459758564
133394544
319309353
370458410
294119711
22819823
185420422
259375460
19735580
23501022
36139166
90959399
20710218
18479513
53120768
362189733
23234807
101566422
21129105
35586563
1428219750
28404196
19017659
23065057
27649623
62587361
50323173
19752348
42956737
265758015
273060588
15729027
48492831
61830970
16403943
48488561
42040091
23778898
284089166
1358062944
16877611
14885860
365644014
167155452
23508439
123417995
19362299
19426551
16672159
55307193
36362259
28870086
32135704
34701524
31447081
26257166
41651800
50004938
25355724
52529896
521321191
488011724
51263592
36375662
14801539
35865630
88763317
2557521
53569692
276458778
36850898
44410280
2859453478
56507732
46996168
3031146345
112057739
151325571
2463099566
3351415217
8632992
2748978520
1263134533
267538075
791191069
15753498
1596939138
2395984603
441246090
2498032280
783214
1325161927
45688988
26588937
43139414
16302242
40519997
