329167984
2370721586
2875117564
791965797253951488
130537001
270839361
415659570
1006292793545801728
958454414636961793
921066488689319936
1170668851
1003023712499720198
2927284436
18150343
116579971
902233867318329344
3362007395
968588671468363781
3791406260
893180875009142784
953668750536052737
27453762
797731411587375104
1006558300991700992
84860555
315888859
760500584285868032
910076807394840576
1545300498
351098495
788246138
852530302228606976
897359895632203777
399440328
948327830512836609
3378509894
791648119012331520
22141405
2937613910
5474222
2970883174
1912391802
265298637
41687149
31020455
363896756
823385300772802560
2788428506
723930336963518464
4564665231
972734919620227072
4893658423
716334423994712064
352900778
894745035068948480
2807564358
2334947540
227626361
930000397908967424
1201951519
70918724
419607944
16249938
955647278928216064
252585010
524511008
1380510872
2163314342
915325189558169600
527658453
817440332
1056937519
156660120
37717758
898931742928711682
753513774330458112
1004168099938078722
988490093685075968
512592336
26922455
73627017
863299952465907712
17210499
979355679780691968
326649288
2808778740
932954218406617088
786920647498825728
712346877962772481
869954747372945409
723089678694387715
274268289
22176993
32370979
2478240019
1026582283
3067429424
820215385379184640
20746026
61599673
747401937604120577
19822143
2706382478
3399744856
943038836
479124159
2874096842
2580844052
861995810
612783809
1399449270
870769769053421569
285709236
845151650033512448
284975669
52433295
2309577441
1599141961
1003460322727026689
14938818
179271924
375652126
293545203
11623342
110696063
864485282900463617
14304714
107029948
1058844480
2782394816
81651824
409490440
262093392
380517384
921440394
3114120733
797300440652218368
2499759151
939859358363586561
530826731
24255637
978077821783257088
905487085221675014
906046072803344384
137380559
2997973844
492991594
920021581996417026
912022317429075969
568425568
944236678486642688
958173203133743105
1360863397
961367449705705472
940988579773386754
858399288
913586252678680577
2830722391
2913055725
1333513663
1198230343
2198723234
22326010
3115816309
942464934956453891
242462697
378956312
954098891498098688
976277142433546240
19658826
820290489454759937
509224614
991470575846658048
525634613
2688511189
870722105314344960
870593902293766146
293936852
188128437
81475201
751846162651422720
2325445944
863514561558827008
970882897333837824
29365544
4794735451
2161921518
3178516310
437052580
762560402815381504
798584527497166848
983143536848760832
29085985
431071870
963766041355673600
1057645927
20987405
15251477
2422634642
1441418581
806975706559344640
836927152889135105
141057092
21805300
4627236323
4227929086
76014922
983951377389969409
17181227
947489536619220992
807624259
3105378861
14198330
3837213803
70309631
277355403
301512219
23483987
1596417775
950777606252634112
1461042517
3345780567
2983399632
34367582
27730585
972572094612434944
999745625917968384
944954828496674816
2971765930
741743571187978240
924187321284558848
1465754712
721721504254279681
1594021728
17482817
951246650
357877628
928606302
257842996
126848897
1407895273
2843165951
86554794
553036368
231851995
815699556071444481
994274236943536130
847015407307378688
2451990031
91661023
849706215030575105
27901136
779588946338557952
1342022083
335452018
400362705
208425829
189366606
4676135232
43010117
416584415
952816081
58791677
833666870020562944
4856510952
3002314454
2227100462
990956655708950529
871567412927320070
817008535640809472
74647116
829882861717106689
2704923658
734377270589153280
15212700
989943471401308160
701780496754176001
886687004112560130
889602767076995072
284133496
787788669457276932
997949480203898880
887035018962456576
768166136106057729
33945782
890980517855866881
257976104
846053316559847424
823950226436292613
823338337758871552
2897106316
913966027075092480
97871924
196365800
984249063850688513
990467572578504704
4765364386
87777443
23077816
511402689
36353238
309187913
361005092
50746928
967578311181393920
4847745281
499692029
273622712
288138954
876216649845805056
910547169488392192
870308580838313985
1669636680
36700664
993197738081898497
388570383
821313682114125825
856809209450463233
795745315848536065
993300973211738112
18818729
794401550
620439080
2823342084
956204330905878529
340987580
143914733
924163512
908364949361217536
2923009363
26161902
983483059428261889
941847969040564224
71390388
2761211120
959426139533074432
544304386
3299613916
3071516547
294706879
114637201
1463175410
308957531
4148621113
129235890
464131862
1452668023
23769223
19062153
2250818998
134360868
816622656015532032
18316830
743107636405534720
16434993
971796830542495751
722528529716383744
3273646442
425116151
867081141156593664
327538958
770781940341288960
891631711783710720
27185960
186931365
735260235196047360
20169416
792425445929078788
41160276
878247600096509952
242469109
286240468
2696376510
2263235551
970469061183397890
1453418317
2387750610
816357733930856448
207088384
419084104
806171479750520832
977967429652541442
250832467
195977026
990593174451179521
922771979136045056
89343637
783191558199742465
932812308237053952
3886936453
776611983852396544
848419257058590720
209099735
833440003111923713
866070061882023936
1014404058
977227164973113344
80723928
964990428134207488
1549419390
4648985242
864682641030750208
1252467452
935713971625189377
61456976
874581280385585152
828997388920619008
3020455940
830128820447539208
957038900
832672006113931269
889167166460776448
875758273051283457
1398305006
259500240
1132189957
4686170306
739177102046601216
931615306396692480
4884814474
391175335
890618634124447744
835124499578224641
812345064290553856
908412528081887232
985739089063305216
966761925035126784
196134547
746981918999207937
197095027
2388975521
3012807852
2938884381
837048318865862666
264818827
715294361852903424
2496032305
86431080
2924102553
949020118276861958
95676498
333457404
429522710
857067047997591553
854372424
2796053867
16106584
432226820
778022724908318720
984650902203072512
785649571787444225
105284185
1618641848
31882400
932010554700521473
919622808916910080
833804369434902528
89011827
870756224287027201
14761795
335039054
909924290060881920
162141264
2525778087
385078461
973744063060070401
506864606
954279217
139434190
925445972829835264
478157338
36126762
629482056
4296903437
559977174
918326119174086657
968519274275966978
790891671168831492
3039260296
16281597
3338706739
771364899939241986
2435804226
66659539
21988767
866104925293600769
3229525485
930232362381729793
882068462
845852901234769920
1510604516
15022633
13654822
2535425082
790288817815220224
851061556184068096
27318735
2909859783
300301612
16573134
312077424
111216929
806107556527665152
53757167
55113967
932287356920586240
20791408
53762268
931282152523816960
796500481434644480
879649703381446656
468646961
24222640
91272139
3585469873
479144347
534881613
155196964
268341434
819726261891244032
221159001
2915937976
839639456391053312
804332551385022466
23721998
3293406121
2735511486
451083151
983151184507801602
973302870874324992
711748999754088450
61417559
873438599957684224
940365956383215616
899648533510316032
702619079954276352
449405724
983632012748652544
867908994
195192814
929551701425532928
889543524055691264
25155167
547163541
2240178926
736579016790941697
874636442290577410
2397468266
3178758364
713871983637692417
21119632
944974346
253231935
274205750
34670905
67707276
84181532
3404427303
2813490976
2284162928
361313270
103085208
2284215476
2802681448
587950211
49013625
2273677488
804646896899915780
924233678728978432
3075386757
910176780505567242
958093622221549568
865082612381077504
2896877514
2737950909
1375078566
4019778615
883524289470894081
16306449
478367964
54937843
978634180295761920
37190937
3093534517
41151352
4884088424
949670654357528577
175344949
2771655953
900063686915641344
446332458
338042243
2995195898
9126042
48739572
2298673202
259725229
5820642
62196095
389583000
90636188
831907538031538177
757596279866290176
939938483803697152
892863437071556608
2408008634
1243595196
92829492
18172404
371322739
201412494
2737352315
971480879745794049
721180917906038785
218778654
50683822
618387795
18247062
948858248312090625
197699905
39323937
955962335696433156
814629707551477760
95713333
31464977
23485648
354990034
17642330
489000850
327607690
248845681
18433784
222186782
539375884
229520932
3050136528
899161020152897536
196376914
851773048973807617
193457763
842462201285890049
822515689122447360
2532528785
17697861
2229388000
3243597619
315959118
1661082336
23608974
394563227
959911061729067008
2155786158
115017491
864243848788279300
2281563660
2335946232
2612198682
891104978374361088
4639150645
251702142
4925783835
757388290257481728
973705537744498688
946658610448424961
826947654911479808
871746255306838016
856279996628746240
119715367
3798690072
842844134314397696
43556149
16106522
2163627086
1242448184
2491589132
116512250
2934367930
2712267662
966984522431479808
282195067
2832896837
26602872
756451859640963073
19128228
934205066348761088
710479329784823809
1691291876
812531823326728196
4861850153
1845781398
761956660810219520
2444382308
960140967092391936
946413653833613314
814612238166269952
2163373118
47806130
934255343978233856
1384996994
1868678738
22258791
1250334620
39749418
991611655
961399670193848320
869893812725964800
839946872835866624
151645729
1391559360
958074295137243136
964195664971337730
784864044083613696
938785904105349120
702907683804995585
816536799258365952
273542042
976809461963685888
29165172
34436190
723237708437544960
951432917917622274
2319460166
936624451621392384
4206884849
21360280
943988904809697280
1072009236
278278553
446504940
2904048429
805185757
17062693
1856183472
2319270278
1665240818
937226152967421953
792555274909417472
3279974604
854029859550572548
138810824
887071732816904193
966993743722131456
883714178220937217
792270775973711872
719276823809540096
804387171356606465
950497707210059776
1244372887
20157413
60850692
19850687
806315736247496704
797718948619767809
4718187934
794958790047240194
16683666
713318428233351168
2197746378
708627587476627457
779816200746340352
398729748
955516445353435136
310535196
4885405884
976063345135636482
1682999299
886594897737900032
4650721
1681806914
3395947041
961002152582885377
922911698255740928
921518294149955584
342937716
26598145
973285034
919809507798028288
928543522071887872
37461023
797397072127225856
204312439
1953612884
2311377883
15604825
1578260917
95455794
14450089
2163305534
902872767934201857
78085410
520449734
217749896
152054762
214856358
768640330467905542
957079702539243522
875577313395523584
1067748289
64458745
253736273
824951105331281920
104165880
386385200
1965933218
308860633
848211858616193024
1173151501
2377362756
281569897
485717967
3138551046
1952117210
955428391
963100189316734976
951545107186057217
444880480
493678717
43192340
952056590500216832
920941448593321984
46252606
969718701049049089
2249998200
15727981
899365863920476161
44588224
15766628
94602527
577176707
61216579
1648024394
15829003
23449774
21021891
707647083713531904
36665547
746812611111620612
117142709
941008490516054019
407403740
19498498
365333601
943979085965021190
309970677
2443344834
4856510102
3048160253
211535270
709081168084393985
788869291177226240
3755329702
775349745891946496
824762984144728065
965288418593923072
770688787160629248
954019246710771712
826789147566284802
968018166159822849
949688684168732673
809633157611974657
931316114579062784
935916118870552577
204646101
101856262
3002645285
390524622
956079938326749184
35810531
801127624487616512
1868621922
334921581
18992348
896093254017568770
796883260613632001
837899188549615616
1326187716
778842486
49958733
1332565908
830644209132650496
892580871450046464
3534886816
3167956442
2177025782
969860836163547136
715884545187438593
1480195314
237582505
24433803
3131496233
47388418
2746940134
812416961640624128
783509913246904321
627177728
3435192275
2422664844
22797902
917998913495490562
543986112
188559150
786834444
304588511
120839423
780521607685021696
223585757
236643429
518179776
3187235553
2767680652
402959675
556969755
261362064
147992355
859988128681144324
36689123
733705474625822720
307103545
725023746067673089
49210987
105286429
288063020
873933915291103232
33818859
51724148
19396436
873946513533284352
849303039496392704
828641236399620096
862770442154725376
286427926
4242009612
26318192
3082016214
902144074366324736
2902427371
797223501639733248
775276509258981376
962072678143160320
21825227
614612071
22832334
742354788352827392
934364736199757824
2800726637
92771077
242414329
2614042904
923782843154575360
110824104
3598653021
903073991841087488
73508887
895679481720872960
431677651
158622681
844433538
1584526172
2161008668
828899827693924354
852570401356083200
379300344
550612031
1540196912
124680179
938822370353180672
1377227227
16910315
954961100499427330
398941858
41628948
2572772035
20164096
2221100076
15850682
1002458982
474401140
142296483
955038490235949056
999697836
968144008064258048
584199171
715040553520480256
3194464862
85241919
143888732
958580492
469508335
235658018
40840621
41868331
510328988
179571631
848478585174339584
491683759
202442166
785110264261775365
517801499
4254732315
166751745
791001485693816832
16382539
874599528447352833
765637410537426944
937517940227870721
844665708059508738
116286391
825068155311513600
807319786816413696
542998135
16041771
414122334
1520065044
968939959372611584
914629189545816064
232702348
771473725753401345
1575198925
960962255096606720
2302270220
441400567
3318227580
768497036975083520
877744277152866304
2751318663
542417780
944962647576920064
430859900
951873212551483392
747491479061331969
829703969102495746
138108708
803793204793311232
1523801893
2420958052
3313561073
3463796657
2205862450
959966094260764672
838932232505028608
830674884
107210124
4243965676
1670994350
4826412498
907686681213468672
34001374
923214970996838404
268477981
902646071633043456
1708163570
838398805917720577
803991281835851776
821040830089666560
745313671497166852
3579811
2765248401
19757047
723713820049440768
791443966214365184
941460186367217664
1482990582
91444203
813774038577381380
17574034
3659158516
888961016
793922364
775121844240252929
839706252389330945
268488657
2652794210
231876029
1251699848
798338324
36388601
2247918728
247999898
873448340251303936
1401600204
37666081
2984872862
917477801950773249
965820454345654272
1151507142
1432573375
776043518498377728
940109250344337409
813485232439574528
2206911420
436035106
22823425
4811926435
1461221659
385724450
938811704590336000
866906880
1247966018
614212082
58487646
378208321
754845211176554496
1357843146
80457001
20608701
961528814416392192
2725052742
856962883258695680
48961308
307823204
893011815646363648
4370201243
820883159889940480
273261156
1008313909
577427018
895189456877223936
2206097024
428657025
4184457737
930847767450341376
382739738
960403550227652608
903699571964080128
2744689467
266420236
528838386
225858328
798204075728781312
2765880088
239565894
245800168
3245356483
2273624687
26508658
961957522197315585
1177405590
4767072565
2951763158
829135104006090752
2809959174
633327069
877030832040538112
64189850
783409938601168897
466073568
904679539
961323640775090176
34609195
787476746119491584
1908173190
216101699
910763670
950542111257931776
4570015133
2227198434
939936180879028224
1433363136
126977940
17741986
1126206266
28904844
54850487
847778150633394176
1644910860
934123822759813126
64416868
927179725901930496
1305321013
2667051031
1401736213
545453917
1864637521
31288110
1225792795
56312505
817370159740489732
593229210
239386685
282192657
3025955181
762470063261704192
737049250366820356
791216260725874688
181251276
951752542291202049
1970490421
19745058
314605066
917629229260345344
432904151
756528294095355904
38885578
396716038
2368562678
117982323
21568532
18459119
111083793
4860690434
21462959
57606107
125823797
925077280141070342
257993878
910435385867735041
433482267
822954848911884288
712615261
749644450146684928
904805690689990656
510229280
416684353
1072476217
721103906416173056
1040958458
2723241253
328293665
2351134502
734021574
979714448
43785416
15729105
42974503
230880574
2212563086
817393944006889473
298271710
19386810
1544672425
932907553062834176
894818261576986624
3298793459
21472089
138980786
201652350
573320422
39510422
125744394
422053038
902171070
3367631231
4685164573
2209298587
2294656926
2289423523
3029257097
3381516280
869078069532921856
41778159
789025232
1356092868
49139417
19219242
3167496708
895229227947008004
875097911352340481
953429344151572480
440459506
3345964168
4083975515
19721592
15701519
2192423660
3325675153
4093692741
2988912073
90657585
4726395047
115604864
58411257
708621138616819712
4149720759
19079350
4070113167
116876723
16827256
1097206105
1421824459
353672532
1457851628
97273019
2286913370
1189425128
814891585511051266
323669455
17850268
332561158
848625256575057920
4128797794
2575301252
805126685867675648
3944073134
2964737182
2307294098
766395647595544576
703843665383305216
3097078664
27294954
2828705712
526672359
858737813369495552
369029151
60326779
297070008
283301194
1316308776
841086114882510848
722812932707467264
739214150501535744
2575309712
720337041855107075
521563490
95869752
935517671164137472
820559417984909314
2452514819
953728646627422209
744331698050056192
3438968507
1643909461
905136792667607041
840565609821696000
747662788051468288
48713894
76966245
500026501
315366311
867903997008527361
2919200747
2397797392
1734606163
3309965448
850574810816163840
3754203439
337396470
1305549067
529790467
892462685635444739
167757583
616297361
3927478703
830170798904242177
2150802542
4721738335
349011810
517107387
165132996
397166365
3898103001
1718905466
4744305736
788047309858824193
758691747098689536
726509214856794112
3367454266
1285635116
3003309059
834178688874852354
827123018035916802
2411957580
42222564
221871883
15110495
948888532239699970
505169477
3515665528
21028629
820887052220846080
3192256674
92956019
837137309845831680
807323815227359232
950945418
477888360
832995838507024388
109350515
2461075736
28804598
2926366047
818692237626314752
897218432743211008
73393387
364468595
548698885
2958106172
15594074
16155923
920336659127853056
893858557594017792
18244206
855183458
879146756595789824
385390424
169587322
153749732
211113654
2368847497
49115079
511021343
784853485095231489
194342515
3068933271
1242593095
1870961815
18319775
1865591886
940888744185380864
947919248839426048
830486054125834244
21810089
946939922228838400
712139446615994368
423942749
785283135877545984
146459524
2237016531
284846730
326168706
316272709
1620803352
2942980610
2232463302
2535262788
128048564
817199069940457472
474178244
748099806560542720
4914405634
306883746
817810468014149632
946901569919840256
324604168
766160148607934464
131633337
399852850
2330465131
1531935692
72709676
191521095
884211470791081984
112289446
4877444500
413503321
2636160702
2375767904
248891140
23489770
1553033274
294284003
77092819
2900518290
295949271
817661098988019712
746509515131133952
4360595794
2810979570
1471232930
18349340
635639298
2314975596
25235151
2348986628
1271117371
3354061034
28796543
3325025921
16117029
853076955918458880
2474075239
2919623560
717460783
782854399509037056
40849811
907923155876007936
862703885949050880
734836836737114112
936896620838379520
184371498
1534605451
15117196
2459034979
885658005114503168
3232712353
740654085750169600
16404237
433603848
1593867595
3227599844
493443989
857464194626727936
184216437
1264722930
809034653801684992
337679837
1070827118
908708948320112640
2549321486
22887776
3098386464
270531292
761985912456613888
899978095251378176
1262776610
875425596838469632
714563608672342017
4653961274
3123025469
2205121861
53426008
834607719055175680
4002699039
1639380800
803785243215863810
397865336
784954339987103744
2789153572
3407386769
4651329203
774174489458331649
33280581
14573456
46705002
761965519
2342356352
1346008280
86757781
819080730500284417
880818095786524673
1904913144
98956941
1199027114
1598322511
44718864
940994605390077953
361334467
38813274
2160933987
878150745660551168
73433626
334946491
2929308617
31413260
1876660194
905993515636854784
64542883
131102007
4784857872
507947774
1147086920
2381246233
113987669
89742111
872006220
262123273
3341234925
714395530558894081
3464860760
3299890178
2856393835
814493296508698624
2538242276
907893679594942464
44945327
455102382
806511733556838400
552985513
118567880
718908444
167778891
20319497
930926200297611266
787941261353164800
761065000504930305
73948280
776368806553845760
760506665728892928
730036785624055808
3293429034
243393079
81094780
39871442
301847117
2628897538
914215621180526592
112077449
312601075
791710162734157824
914590137174167552
95092020
819189273798864897
856677323680215040
2757726663
873655686311313408
15174583
82675902
69557688
82616432
2552064793
310631830
329580332
1284917760
805876138513862656
939347377655345158
474384776
246073306
3306273092
570816898
295966275
397962653
2895209637
895000249
1480852568
81014765
857240722742943744
369515442
911686518770733056
3392820749
1611109723
38833252
854993786782593024
4784371454
2607842889
1388148914
936261249687531521
3051399156
835259554715824129
1137271452
710447498977009664
863527548
308525859
934939986545307648
248357745
262558584
786891813357514752
3546823169
720280075866779648
961654698
381261743
62541585
35213678
23322761
227724062
2389457995
2312166499
17164665
407329301
231397329
871650279065882624
854394149348425728
1222880455
2441689472
458324320
199805985
750714618696179712
27995424
400518302
385360296
431792477
323552584
274831602
877130642
629974701
2164271857
14744272
873534750513913858
34098216
4143486761
731258831037071360
2885005637
2380549591
761927314594754564
933419714294046720
4375618403
768145654929653760
160443694
3307670633
258822479
917153186128986112
1024998337
265757338
389108707
729246649
317042569
160122131
806134646823976960
74936528
26583983
3010165940
790945526745337856
41897520
767960339547774976
727538910046253059
260446668
885838630928994304
3558167174
66643970
22032260
17072739
23082924
2884567443
29479859
316383161
1228332758
268456128
1140388368
20665229
3333780587
1854462764
4745268698
2579703422
796742455555145728
2856881223
1222918988
190819240
771529979846766592
762389795037294592
4510755552
829779843491454976
1638469639
2832135565
1511863236
42894434
16640605
702979771
358230979
199770246
19899606
515154835
557444210
851926754440728576
820092093783605248
2962791503
450062327
561802635
460848476
288629888
745600340
3079986094
752827017628749825
225072304
40316065
3676504155
18030599
751511020703744000
320524842
1526982590
122084689
190824981
23529233
23095574
24431556
2956684117
4176864433
4323009861
3237940072
733975243447017473
1683612810
498877915
898715952946302976
811260336040919040
904113395313598465
2666969059
900967963
258549548
846380685984219140
3348539883
875485484373463040
382305957
4852103368
2597156893
844668218
737446915340533760
3979623923
736959136164806657
920692026219343874
182690569
1583865109
1077206923
706036914
3033374716
1570188889
253147396
25136621
3075460633
242827267
2985623008
86942017
887326398800703491
292225892
31295722
20787511
888135790060072960
797003429306597377
3133749851
826419253347745792
714615898737393665
540562666
789827864061411328
1968071659
3486818352
4601822721
768281802767147008
742483715129901057
4711804664
1732174388
76629729
861326220754944001
896794655156776960
2834498138
752482551944585216
22440812
4086538637
197501338
402178784
23539652
705638477954568192
3772180214
944553144
580495050
845193407584624641
847566835230818306
1177540693
854844790374100992
888176567645614080
770659891
1228395024
3149912727
252913066
2291385433
142464582
2157171410
735550316171698176
1978165356
207932870
814212821449719808
1348379911
69190453
435042656
1017651907
777575739986063360
881313666028666880
1556631295
2499483800
907275983933333507
82380985
301401641
389254248
796957907464097792
884026268920020992
89900807
823416009763627008
884455440293269505
55960113
822462665910063105
2233190732
2767843313
707231479047315456
732686986671071232
124073241
823411549054390272
3318159007
149913262
169195346
44669326
22631935
291332154
17826999
290546578
2285498694
1456082443
829037514933428224
158072132
908090417811525632
2776752194
403565125
3290260638
18158343
909433146915135488
3236447924
89322203
1646463768
46286335
3343278628
48926143
3160381099
719365655066095616
897884702819930119
167446775
261751772
26520948
205988930
897265931067564032
1485390782
1146779562
2319777074
29128560
50608221
25578842
232901331
3299716181
1957125536
896757116949602305
283730374
865585619233263616
30966415
342739663
492940087
758779501451051009
65916040
18206185
1524787770
729868218995757056
774325220874133504
212867152
850130990706151428
59142074
1653865512
775493327244267520
2474265036
54436863
292904253
718249073162240002
908621269247057920
326159852
829765124
20668255
21439144
1375777328
757300766478663680
24700876
889485961486151680
842348951139307522
2510362008
191076433
375434404
705824874854424576
1105925390
2417586104
781933815673581569
25805685
1102468592
500318940
2409440058
700454517360427009
441313770
482929791
1932725256
39093148
138190051
2946788382
3737685740
886080583549542400
373012437
103075752
4909282831
2367926209
409310704
769251079917887489
89759070
805902995292639232
866753167752663044
99922623
888870734910697474
65062411
2433154158
4868129679
797157491842883585
297765074
3106062518
14504859
19632886
805449024602075137
2704294333
176207343
8736882
767497303204790272
823518894182846464
823335158350684160
2811635438
18677260
275322482
4443179654
869747490962145280
296058866
256657248
4883521990
101193997
613802332
344437638
50769180
2903166449
757420913704865793
2960330382
798944258447331328
749102436
741041871393153026
822479099952320513
292108110
476933180
412749418
24782816
801698222
732980827
313024334
88168692
93295809
2828697281
2758413141
249807121
50395933
39613642
554498632
31108229
249834807
1409498718
424927514
827292840963121153
829749369305837568
830542493405941760
2152267386
613556386
1518334855
827908415477399556
608167954
823416179641511937
17232722
749414382992363520
369158562
51431270
3906907874
724736094567337986
221519905
55265262
1470156745
15143478
262171016
104951312
615136025
46078438
2989070397
793811337914843137
793808860008026112
419520517
22657914
244452577
256749997
2747319607
37671180
830928188
3239655545
2784228956
3006126822
808797601466355712
31890322
47752015
339832905
127083451
2934177608
1375098068
491719838
292929271
845493815938990080
711044259378544640
817859804312064001
817864954636365824
49893262
797392807677804544
1458204006
732377098329841664
311619290
32381227
177778085
492034711
730543853560680448
43873068
275276082
395401013
1146358172
703293228594802689
2988487852
767709834
853735976
260904559
300878435
528693271
787318013817155584
807564124725112836
1622599615
2382125989
1732881642
2977754351
795290035104968704
27377157
2400124021
36679987
260276311
857001662
4261318354
3297022953
2989922147
940368062
527330521
19308917
806277884172062720
4216287314
157741362
3247277060
62842961
559997364
517107950
68296671
63179613
594793018
561696858
539313405
403810620
732737934315544576
802719190046019584
2396727920
451776898
88314388
296915285
798760993580924929
563802166
74247792
52490379
479853468
703620013899583489
820979791239245824
54282197
128633483
1191000818
830201492774625280
98583506
560362455
15175557
4029870852
3730835363
713478051720343552
760575027876077572
2230926277
1687100550
19075151
86796377
720644990
4577085999
195348136
85578116
1317361410
816840528
838374483903844352
724949742
15798091
2339238427
4717892303
2200236457
274834623
193450289
1186114015
260042196
238582453
2463112652
2361224263
4798155486
3136749048
4282032138
3837256637
3110898078
1252807770
758496474762088448
3963054505
1155073123
272132327
70247351
701498147084828673
597674628
814980951164026884
262244948
1125937411
223988742
25928003
3131144855
149346219
2447465246
128861308
3362016513
14281853
358204197
19017675
896258742
212233838
29463445
38532025
827990144397541376
108882900
325487886
2148275342
17980523
2184943214
276760126
783041834599780352
2916305152
388983706
3994122700
111049571
2323071925
547969112
16163639
101173142
2969569067
55976150
794548575673978880
380453452
1290880488
572716982
153715434
1281745190
2356253348
2760514827
493414624
1270674246
535192066
2149339852
3370674166
2461845415
3166201169
3187600282
3218288867
3197765819
597441605
2853856967
457833530
2168939907
797828690
3028907347
278700975
830880605030273024
626095261
710272012766281728
255340030
17691125
2496947041
825413203240718336
771582213896802304
436206235
821511862881845248
1074486456
154041734
26870793
256113066
836191123
89165845
1924904623
1903372854
94021685
331376866
822127086194348032
2261860130
23023227
1500129642
92816107
18379614
15912890
3424521514
757445690729570304
237930862
14095216
705469031331942400
137073586
22199699
3300732967
2838333676
1600546932
948670369
777687276
23804708
1958035766
83711992
592185078
233873464
131326812
339901074
417451460
466921724
2434638414
388998313
4761064634
3411523552
818925774493405188
823575687667871744
850036892
91279573
16989178
250094359
22703645
28587919
90484508
827343604796514304
178830272
18906561
15745368
15416505
58379000
50163460
224979933
795224209052012544
780574247357812737
47534393
412381648
397920310
3337133659
63228779
3389073989
1575689569
244104483
23970102
79745758
18954056
299802277
384514404
1674048552
2362746566
38324277
18080108
2357647951
15976697
2887465954
428597557
791342695650250752
4065725475
393190233
2951550077
20770323
206711917
406122287
168784495
1731221564
827222150
818910970567344128
3498448812
1531233330
1637522072
951068876
1428862704
47645200
4262976553
481644165
820658662972727296
249346235
4281700953
1445970182
20243744
2239918286
19399038
4375629136
3367640914
703401107758977026
19224439
765927261916782593
519806210
814200613735202817
17925601
1065869268
78523300
822215673812119553
261749735
76076492
4105765714
717627639159128064
599530439
17904171
562063761
3908344585
763140187731787776
37359202
1080576949
3121151275
813801457950609408
785830202
708522042
620451650
551644827
290097255
1271102306
954124423
17537467
26652733
72882689
3006081057
347627434
3497865853
25164815
426825447
818927131883356161
224390543
2966914766
824364709453426688
2444574602
314719703
3264908461
3332044263
978983136
116319448
20652415
15782399
3377676101
20877721
232383294
20476979
16778219
39279393
112280016
532779460
34294127
2181493660
3249356629
255666348
33529092
288931091
16568082
11134252
18916432
268439864
20733972
23408160
2829000901
338084918
23195603
138913740
1587059701
738927078
12034642
1633276934
41141448
190817371
711387643490074624
291955344
132916199
1393812230
132267694
2523599618
331089492
51252741
914960532
19235973
1223199564
475802156
804883120193466368
34538776
578995848
1286740314
720293443260456960
26323733
729676086632656900
358545917
773721827726229505
806179839699025921
24744289
800937265010769920
274891222
247723476
16636104
18856867
2351862445
16032925
84457849
37261787
75556439
1735440217
427495215
18465455
1959451087
2159101465
3101904445
884982012
65380909
2275317356
257096999
2920472945
928618363
3306629815
2801177472
742749379623165955
3293741005
3408847582
71869296
125248034
704034081898668032
87031659
421478524
38949890
179588113
731555206320754688
972909709
4808970863
1020857448
4405642342
405651168
915477338
24716580
702210529587175424
741567239019761664
14216661
19394188
65493023
7713202
20713061
50055701
273121006
14669951
67563783
23022687
1074480192
18640094
237348797
237403203
2908170952
18380551
109065990
416654046
118845216
91882544
435704007
245963716
52544275
37046582
28381177
39349894
108471631
22203756
21150492
21094901
3320227978
754501968056442882
773951001950875649
38495835
107210947
17995040
22689128
13372422
783034387
1732750928
4037332635
4037374137
4037453716
4037357421
4566752266
3317379434
4416821609
1937851874
20709117
4771616833
4721626200
707247366613684224
702864835281854464
288232527
3320412066
715240440103100418
2420159677
149827511
4797404391
1244231407
4795565427
4798605021
4794436822
764712824295665664
577383147
701039553071734785
14367719
6742412
800268734103326721
2398660411
4886114122
1857985849
1090101379
3981681013
2847318632
3860848522
2219263398
2325351036
300313868
2842405026
3959667202
3190023414
484999518
4343200905
4650587183
1872440785
33186808
1016220361
3015957931
309507255
802640435428659204
2975468251
3408826877
455425961
64643056
36991808
3277814538
3422820227
3352802865
3376718313
3837629183
3914047581
3293118434
3284112337
710990834972233728
1004694289
297829596
525674712
2330590446
208155240
56413858
37764422
286933421
73257329
16419783
15513604
739298731
348113898
18805644
4289460455
26036200
734455282630295552
219809191
60637549
14839147
41634520
281610530
18646108
16031927
26487169
54399803
78704822
1392956425
457984599
14505245
16219502
20837035
272172091
7401202
21525682
37735483
3368733712
277155475
55687338
328659153
20094273
275821378
256360738
243323605
449588356
3017871607
312544868
164070785
3033592122
18812572
4891138177
19417492
757733205273288704
1550984940
287260619
195271137
628795562
459644775
471672239
917023543
250348871
21863543
941946686
755651367314853889
101635019
2617721928
3930608896
782341977572388864
18643437
383025549
19282280
42295635
16002408
734783792502575105
833988769
1339871419
344587123
2791988124
1449023288
14538949
52521572
2474400055
83748727
23865085
3233905538
32913997
389230624
47411569
1117193798
626246978
2809551332
259945285
931225795
3193615422
14678279
1450087165
17091571
3008712379
2198625848
3144977469
116994659
4758428484
40586273
1043097751
111451742
180056254
158769098
31136822
172207473
54129526
4739141603
2344061090
16580153
510644456
12653722
2452001112
257016843
2422700730
34939107
8799142
30013357
2742389349
32002507
31946780
44509501
2293851302
95363413
1172330334
19784725
1902806772
625785425
46038355
507663875
377490074
36042554
717018611395637248
27250191
26548594
550250082
329323059
20663500
114106236
79962986
475811383
585373512
31529486
2646152270
3795292154
28178127
86364947
234063001
2558130692
2576029938
3231157885
4152949041
4462645457
20878297
220879847
281756281
816256418
63313860
24756534
1921012578
16589206
57338175
148869627
3018960919
1494835716
1367531
91478624
20402945
221546544
2557446343
65257876
15063486
15450996
196168350
2192417166
3231110123
14730894
10168082
56562803
3245070880
3138338070
16667912
52136185
16467567
1339794553
2431060284
39344374
287413569
620571475
1658154254
82643763
1026776906
29216764
29458079
12804862
4970411
1170072614
1564235275
753885630
1652541
942448939
313038011
21780652
18869981
16703058
25073877
2265109888
216881337
113047940
63917162
19458818
65691824
30864583
1673780250
1093090866
818876014390603776
370851615
1330457336
822215679726100480
1536791610
813286
189253902
138169208
337847812
294135820
23962323
19722699
16895274
332070863
1423744171
1870150748
15110431
879134833
434340187
2467791
3108351
50393960
524512127
21272440
759251
14511951
614078218
1691015821
51241574
4898091
14293310
807095
67358777
5988062
34713362
628885212
40884854
21637092
44196397
15165493
34743251
15473958
186154646
3173382313
536697506
184519422
137193699
133577097
11348282
170918644
23669298
