895917270333050880
2904758322
4039993033
889946208462139392
893495018144628737
469416455
757565665
1350758732
1473357463
886030916
1164477530
400487271
223047786
509354535
862177812
796075585
2584782043
26180278
490952231
98296651
2268200582
3866131396
480926054
4296226278
785656219243454464
536024547
2272477363
864568009255510022
959432388
2995295142
1373714623
3047826428
163607692
743268464329007104
2919792137
1228858548
779148422
343007859
844996522206871552
634768166
487037038
3280845481
3232070011
3142623283
1701134593
3139588478
1631293344
3020665927
695865752398774273
2300667510
412221236
980630766571925504
224541411
2327860152
1064130781
14222536
1549003134
850502016178692097
2187014262
713551791942578181
986008595622920193
223650793
1715962524
2948552037
2896181114
975848048680230912
2790114027
2688543702
862885939944734721
727558435001135104
2749754001
806681055889485824
923571590041952256
627037334
1659251534
343470954
2339535894
1644185256
805593907685916673
2233913516
477385756
1430970631
3071842188
1727517572
3973995973
803315376
713709490
1308332306
769251661093097472
141944292
390526854
3243368510
503587180
1711573266
1447865377
1160781344
151992957
2764911536
1594330592
2222391470
3153754843
1491737298
1733791754
2683911830
2683607378
956843767
1048595456
446548655
311787707
341885523
1328256560
38706540
14095969
2773137434
3023115781
1072749044
4836578200
2711995977
2490098971
3392205567
3193408588
2263293379
2233778461
2470388928
2394636264
793616629212909568
1962775741
2897190456
2679619938
966048626442231808
2284476204
2322861408
2869311184
1865903852
3096587118
2246769362
465129584
769919653
765605661497499648
2946852758
952642255541669888
3034099165
4836696508
503643666
2562839417
771446166856749056
3315506401
536074112
961447264710483970
187068306
458104730
954567460207972352
855393800
960947495516950528
940760624069521408
944238008315863040
1494770274
2316171326
788319246
946931911
1936095404
889948349230710784
2557424479
499257989
148460816
272174163
3146613601
912810837898915842
2467114068
821347321
2719404118
525454616
722515182
1090248145
728776928
731003040
386800283
938379199
2159371550
1271002532
1576033974
133771402
2466341467
491038730
3191204498
4108417992
407280498
109302759
2225204526
788801632293130241
1170664914
2337071467
2968182263
2169274206
2246215692
1609819304
746455075
343866636
952714291051974657
321768448
3194339533
1164373020
937525098503909376
949021713169289216
919388143916269571
547159421
746284820
2349435769
829031378494820353
2358801505
411928285
2771834879
471967278
735887880585809920
2907775623
2618542466
2172898712
851237246
377681430
2842941830
877328186241032192
2314659319
858757786552979457
2693883423
2567491450
237511778
3009501908
2708295146
700925894257344513
163808781
935677598348271617
861026860305666049
394054219
3317206724
436732471
297797175
2422451808
451265991
716092766145515522
907510985308729344
928303308221177856
913812620
415519449
860702864024281088
717194530034884608
380338172
339369715
919845126423408641
2950722014
1689421550
919727148482617345
2658913274
4745670978
739858698
4924205870
1086782766
602553792
713494537
3228413862
1036168476
916103620696969217
3283482392
1976809214
3094465236
1295916445
1070946858
560869410
3197836201
801175374566662144
488748431
2332854632
2741439431
1641422760
617490147
2607582372
2252698657
2903973474
714777800553603072
732387262562865152
1375876980
760237015
1697323236
1340886728
313540763
2557177598
452590742
900101242457923584
818409697
2285729497
727843837
358617092
703980384174923776
317582801
906019616421429249
2682668658
3146873652
896037491396014083
604173897
3018673596
842627234
2936163402
1852644804
1107868730
2185259202
861367865009737728
2295372932
778407406317568000
388634753
4650707366
430784968
2901742602
3229262084
855526464288174082
404606828
852210732359983107
2932700744
3849927492
895798125859942402
2296987902
577257291
896755988338028545
1148769890
470704414
4219792032
3029474567
850361707637723141
2738669721
755151346370617344
4238380872
720462144
3279010526
2598225457
3038550102
3193589683
1582227572
1664151996
3219925843
151969754
532844946
1027730263
260265888
724612142830215172
819954860762210304
340663826
467928692
1700732696
747069764766339072
1213879489
391028736
446831892
1085448936
767113514657849344
779173434186084352
2907474300
1607059568
769172201056579584
3171351282
2347963820
825497193863856132
3723081136
770419960132665344
4711759753
2586779588
1532249654
317593646
890047735
815087445175898112
1403234144
505354602
856616661742432256
211345722
3089594593
4296003433
626494688
517209592
2757063721
1885592029
4129669693
1689090768
2571649927
2274835735
2627244038
2823283733
2684060379
3265529521
812026535725199361
866766138
762818058574454784
2156514441
426283397
2445536965
956738210
1380766928
863914270240768001
533290091
1607490122
45271056
2594087012
2991667981
771339127593644032
445073603
2281366063
98434802
902779230
3011503568
2347834286
600347367
981595123
840335448
263438200
992054438
410754914
3006957530
3707122106
1877728100
1970500585
2184869418
96448406
2282940200
1597349814
363898904
852604324870057984
468983064
372253338
265658754
252443396
1556213911
61083020
2245763985
2381008290
770302545793282048
3243834119
2984332914
722993519397359616
753421327
263810318
4019610072
2939861450
4791974058
3777279253
174922926
547073184
4519999694
2808620306
822236625811935232
425404157
727732477
799304526
2867719419
836093957281099776
367577066
1262114616
1135908188
18125950
2737969506
1686162282
380684997
2211321384
2256688350
860913685761597440
790455468074278912
3154359744
4455196394
233593103
2850398477
1094156210
2603752345
752448745
1003233252
793273197621686272
2511415609
1607437034
349432047
1242569364
2261740538
1122892184
2417946194
917761897
245638175
2718869879
1268335116
516157535
342909402
1339495556
3279795972
2785626238
731323149610946561
703001812668801025
1002699890
2222125489
873579354499973120
1270994035
3302002298
2391727446
1102608810
3214943279
1865392423
2892207282
114602301
2779072601
833530335367290881
394716348
772399166
1340730726
915327631
2549108954
3096653935
2598775573
797668685687169024
1117829767
2367271849
700941268910641152
1103036905
1191929060
763989267940937728
2696017179
3277084614
1365812550
1038714228
3007449402
3230832708
1962693680
1276246704
731647314
2881441450
866884682759254017
85741735
733924946
268414482
2688098396
826273788
854859512603389952
534740200
3278686098
726229461784367104
553323463
3146219427
2745096417
436394652
3252141570
2282311962
2317919792
219167536
2717244357
3148463330
156889132
1332343914
1390940136
1465581733
4103521454
834836430144823298
1647600486
825759860
326162470
2780782907
2433802614
2225633863
29161786
280711094
2227632354
948964776
19028953
1041484332
824529114
3113388612
857061153045925888
2337341460
1707965790
154607942
186311893
419006418
3249422717
3074719710
820778016
2920825856
851862284246949888
1450146692
761603942308425728
50089673
383791868
330562657
28874408
199175578
2436210614
857337594
3182364517
808063547443974144
711239078
803406097
845805583710261249
3248364271
108051257
917218148
305796497
846960629097336833
821799316734050304
729902732849516544
466853215
765658865153171456
2409543974
376502929
844371223131934720
4432131869
3145584240
4181768806
385661846
1003074062
705109241518927873
826271943728963584
2767316517
38519315
1873398656
2569333322
33525361
724956086315315200
2920967802
720617310
968302315
3051518718
3247672490
726032776915390468
790483608
3293195366
4374831494
973160509
2818040526
18479513
184859323
1963602810
825834550089621504
2785170763
838783103892140033
840375984675254272
840250127931568128
350621564
839682367778349056
621194839
797980443865817088
3253295761
2879048899
834204494456045570
126422891
2915423828
3115551480
399569393
2393632136
819288783527018497
2838758999
2229081936
1571899465
706527390688673792
2312614609
4916545344
30027373
65406430
529978116
392977527
833612701112860673
2810446254
406271832
4817957954
2916620247
3214255962
1271229415
324200404
268941928
822215679726100480
2705853619
3088017410
462595512
2598806658
1711475467
458792876
3013712310
8559342
3226729266
3123720981
838606058
95515846
25073877
828378980755570689
3000656684
1573643628
2310609840
3440001674
1046555604
2314480964
808140319141273604
1679101105
3309296804
348790307
2334669084
735992369976221697
1090391335
736414230623096832
863242028
2880442780
557446629
135193670
119167800
759174790154301441
818289881470341125
218723515
415317665
1260680100
3317248993
4789210644
3246519782
781135265196683264
2766892726
4202067252
3227634619
819315267465572352
601060379
728063670668775424
1154854370
2320483746
2727546730
735601713785143296
2316555120
3166591386
1149686108
706709228975566848
723533140619223040
267038066
2685035043
3139696327
817077993310982146
3213436199
15074642
2891655589
530987616
2329448354
3184612106
4692588938
896286469
17861062
1062015822
710744018058018817
813768393778167808
2443131510
749759459119943680
1330774530
2545090636
503244127
846517458
22920108
805525159192956928
153098292
2384086994
4357749559
254614671
1279428678
1507817286
2935500203
795915012694937600
624682688
1233059004
713601550489260032
1073060887
4639066910
3377928389
19522003
812181090
3633223752
631709712
2575438837
3309092311
555566181
1365459973
2309170188
2161932517
3304239401
2300797554
552000610
1960008396
2205958536
2335268652
933516860
337457295
799646747781894145
458701272
4780152967
4812679092
344857890
3014989228
2869987337
76621593
878763344
1138099520
365095310
251775326
21550778
2910423927
2602922688
763583118083297280
792612220333125636
2756810289
792080553205870592
714282703726649346
905363521
3096875016
1605026954
1406346067
2866493408
1064460590
560395567
3302756840
1184526806
4211130257
767167212746604545
3040814749
748699954705735680
3087754773
1009328030
595825990
4485686895
80151062
515442062
1706564233
2300629838
3739891106
44197832
401643632
774301866628829184
780519566505943040
392575852
708110863
2230706364
2178560321
1875620664
1607543136
963274730
1138646160
1574012922
466913393
2551369356
815722993
15923941
2408192526
1328248598
1087437907
468051956
395587171
2723046799
4660173246
3249860226
3000768208
222345837
771845634445815809
771537210239651840
4335879373
2869168750
705041828287012865
3074538452
748937687499878400
393760455
765783652768907265
738803417355681793
750728192
329904551
24568660
189664027
759206066563510272
90253872
377950757
2448072571
322955223
2899427568
64593429
2993105104
3882276853
470444268
19294897
748003671422689280
3298749400
451604785
2330742787
1300646982
1029384428
2973445667
3224744480
711806852
3253101190
2764237558
3248564372
257092601
235833507
586789935
1706169776
382871877
2777374244
2250800475
750818185285218304
408174529
712029992717160448
307643315
2725367873
2933049746
4122313342
3235628587
933419383
588529136
1470105302
307722959
3045031207
554694172
433818674
978875346
4008610938
738767102220193792
3660283574
390504875
2733382681
418398970
350155656
1561046658
2863759427
2176560017
1143944125
1365923208
3708221542
726629265098285056
595656581
741867115485925378
42562446
4177286953
451160414
25537714
157741758
1150112916
738526208879513601
1287675169
740294042097831936
3953296632
339149210
1905442381
739934530832715778
19266754
38724129
2839123757
466084670
2614490565
3028366621
3251234659
1173418190
343120963
724963063699394560
3299154686
92773448
2198222973
419782361
377487284
345805606
287383700
737304764757598208
863012497
259952272
453584972
3301195638
595253941
2883415522
339445550
734599411750293505
3309279091
2832378726
323876887
430351118
1537099572
1024678872
2935466293
3278785448
489769785
2572623431
3040533884
452315827
249755683
2655309255
2413871725
438767048
2199018032
2932484014
2727507375
713318239
1109679925
468571683
1223492377
2275374943
2317789682
4746571040
899897760
3644474413
3745432459
731862787530608646
33523408
2949608866
4848044482
2752069401
246101032
2350355347
2263419038
34178172
395770558
372467938
373524127
501174650
2382925375
725860456930377728
961547467
617945634
2683995355
1035985794
459751573
532626467
972532350
2881766525
704900054679732224
1046178234
3016518732
716530695246471168
406023532
389256279
328658216
520013555
2763487380
2883162645
3521220974
2992912346
2758699392
1483766473
4097530873
2847193511
1104938786
724785220394881024
22948545
719535240671133697
454433571
3664066879
2733896169
2571279441
131926875
2614729525
735765114
224895236
2890013737
933268694
2863401545
14745059
2953103964
405970201
946581140
2221827530
603373247
3016606518
1226313074
451324346
1393317230
1661430186
4717924995
33449913
17148842
14877355
170304544
3905182835
1484020231
444358618
1884948877
4503644652
287710138
2767599604
853492910
363823876
2388339780
4808588599
2571979044
723314634103476224
471428261
3618064760
3073986682
1641502442
2654758276
333186910
722750926444888065
565113683
305744608
2510869986
715912210438950912
2286330510
783191120
1601403890
4519497916
1468559664
634996806
4876129874
3073084526
867216463
537857548
3178123104
751751515
719231316240171008
719562827107799041
1289494897
1547166583
561491693
1065193626
2363530710
74276255
154184384
617411460
1458573066
1029705612
1381052696
719164865936363520
2749359364
3316195333
452791637
1467987235
3569034740
2574374556
2966697619
2363551453
612295016
518740516
542235589
3855854293
2613126520
335096171
814404835
2179166653
716866885246066697
572219099
3575084118
391691835
3816032892
2738476966
2603561990
2658177467
3318225926
1473777205
16193578
3247303699
480983077
986767116
413614775
1586380560
728632206
712516900811640832
610515640
714169098058358784
2977864447
867966078
1720869229
4215816019
2516911038
2287113901
3299783815
1228740852
566418791
554631306
503744565
1669402220
314934318
79786241
20091740
262744412
878762568
737537150
3269512086
348248386
3306110682
765919220
54684124
2259170491
2195075473
4515048976
2453295764
491832211
1247851824
628632735
486852764
514495751
2159355126
2876338393
399881085
527855912
31361406
1335634219
632702234
2827247281
301699826
559523443
3290389007
236179254
889483603
438016099
915788131
297051968
1053290311
2421483210
608255923
1959914028
2215078423
539638578
512613427
2842841126
1698163154
1547374632
1014567967
2818556643
433900834
2401007425
314191830
2410770634
2952755864
3315560245
2567699661
4467576612
2313784543
2500180513
474556515
3026973864
967350416
560680467
288871895
2620066399
2335105836
444077930
88842270
38071933
448467912
2344139268
942522606
2173984903
1240527818
799024051
4472524277
707198165561151488
2595882061
507977758
584826467
317560472
2852635925
338154149
3488981774
257486159
1132772443
702337910587170816
261995033
543947688
1093090866
818876014390603776
812053483
278318816
354554868
3009763477
2649789540
1723696244
853762771
345683599
3182999527
4869510383
4761067948
494549553
455949373
2897712450
701578282270121984
3942244512
600481617
707411266726469632
706041135253184513
442488825
1003666812
631510401
3141192948
1578864110
428453263
2804128584
706552311481442304
307613614
3433843378
853529004
969293754
2159428981
394065742
873066865
2279526570
798724009
393032536
971479446
1529567432
2369483629
317656096
1056582840
171682388
1149812898
520721716
1473369427
1417194181
2724461092
3189130214
1135233734
1062465253
1446852344
415110576
2334238435
2777448864
2349340548
1859023374
451623060
1898732462
3568504392
1936281277
424754774
2256530132
1611806888
2279948456
598709458
344310794
2647745081
474443111
2513587546
606056487
26090319
467701635
2975919209
542127587
4919946152
2269904263
3166905870
1546536230
2411323483
154068705
367976491
1147038115
980988793
2431979023
336853519
4176840434
575009186
384143891
4159586354
1549659180
803106536
529116869
866888732
2282715176
1222738536
2765580826
246062340
421242106
1107929983
3104150192
543750417
2909220290
1566785220
3246463194
3040730898
2761169661
597010087
323566923
2995042165
3102717068
458852731
617724942
1858984141
4787282023
3307368644
346878074
629803652
594197383
236570408
724973528
1217322512
1421697462
4567245073
341272439
238746570
2599229773
855380138
3071516967
318301269
750177222
2576174125
2188505063
707426316
1007305105
2567990482
369238299
1579179013
1081493222
2463374095
729959856
2729339061
2213561720
2988315094
385162245
1401174769
2833405254
496381542
2802793057
799309206
3576189972
3044676169
2873682223
1609630272
586990310
2184594824
4670725458
28134825
2603752136
533811204
320944687
3145271208
822697003
1115950146
1152800472
380924311
848303546
344117254
77812685
938560639
39633585
2570077360
2820285680
32959253
23617610
620582230
3365624833
3065520085
2288344056
4359899472
287725570
442192224
1164954260
2457300878
2880018941
3015730553
35007839
3246942392
4237325178
2841424464
3854500573
723393726
1398933385
35639132
2170420345
4124646800
590537073
350593943
3013129701
95833631
107146095
21039814
3244565426
3932090892
1535675498
2329488961
1490918420
3218757975
2853249788
35886429
249430376
366780819
2461867598
391848308
61226587
195243509
17870903
292103599
3476738534
2377819932
3224742162
3317371882
339158152
50464637
2387897352
450837671
40927173
2973453269
507082187
889520478
2332880552
1681327650
3265320288
53690368
1573356792
3105440746
1305995330
830361834
15613133
462491623
3118486842
22717503
811822549
2231829290
880846934
3219894042
633959033
1050866378
357194976
15523283
90774609
631101224
3011681263
20545055
385646981
388653521
2983276057
2896373136
2223851976
3043926787
3148614265
2546975210
123944252
2340920154
3215248444
2444338896
2942769940
919874282
372038213
1653211874
3165318716
3146413624
3008801551
66046590
2539199068
443229116
1476626616
435512845
3065184304
348217747
332983327
454543666
311879099
609476852
1963465206
517777790
2258468812
174520063
3129500171
15220473
1847553655
3119732728
2870729375
2637904829
96588390
2668301288
122261841
2327021581
608331588
794744084
970876380
952706348
572525397
862155434
2199178400
451059011
3071453998
726825379
2427830575
1689951668
2905585297
2377815295
1280203669
593811165
94237203
183101100
709283976
499957718
3069249893
365717137
1493381544
2161586316
1054267274
1220563982
975349633
956445931
280659582
965632896
564751053
1126252706
1039188956
253716029
2272168112
1307526948
347269229
747940843
326261694
724346936
25116168
1337466588
26304266
816010566
3019155374
294905576
2982710535
2674532892
2945684959
1976454890
1442481175
47257873
2348533363
1705091521
2522086420
2671636370
2725448637
339371373
2759680963
2935889405
2189304254
1263235094
2466251282
633008630
344280084
2782687802
963353588
419912497
330489410
929664925
2903929268
816351732
219734613
2405425878
2218112588
3042349590
2732114500
3053471677
797354600
2891309844
504689416
2277103904
2782523367
2823960714
1118430390
143014330
787990316
134899750
3004303368
1967837622
1216880942
2928890768
410065190
2746671173
980629477
2982585047
3024221546
509625836
350183521
3026902885
1470463736
512769996
2857298318
1513903892
539572417
277837513
500005826
369637003
2713902430
1415725435
1330471825
2383319372
2998003475
498177610
805899258
447963614
862647120
2729204657
450314860
1641990403
1696658383
411921730
111690618
336374195
2935085910
50666556
2542585770
459592964
2884861336
360366171
2309294653
333545907
618519990
1678593594
2977933718
1130984587
2959934982
2418377029
235626783
1437324109
860002934
348268335
616791582
2386030004
2865449995
2878783208
386063173
360370508
519018734
885165744
449186481
553106994
312755642
2656544817
2937327616
613768675
238318768
2564562422
379889086
2910444481
801281178
340108262
2908780760
2203912481
1226150700
1093264392
2765099578
1459860974
848503728
234146840
400027307
25417455
113071374
595590159
2849186290
970562209
1601844319
48375423
512656154
1549015250
237066298
356317931
1507728720
2241432950
2743363394
2730789462
2909668459
1223153808
971238660
2375487666
2763806131
380145881
395103006
2249512040
2697334274
713718613
2905679708
2863469310
529012143
47362643
2870117477
2858250604
509383055
2860972278
2902882650
626894199
415150171
800952151
2278027428
52912169
25365536
1465260319
2739497253
1543665236
1054010449
1539403470
330648452
2436310310
476369130
2508573925
365115598
284787429
2220900530
2265279241
969300067
355051064
2664640382
19940394
2840692489
476807703
1129328670
2663908123
1375792008
226021111
910828603
236549282
2278589402
1928450550
2254194282
891120698
373106663
335147984
1127084534
537713521
851952728
2349313188
233756794
266214542
120371573
740027058
2575697556
1724195960
2849019013
555548903
2838175848
107311200
2596897682
475232741
330705266
363961928
2148693998
2233696213
1960097335
111135344
2300777509
593089118
1386006008
711916398
1326941466
2494613316
105599335
2272013298
840255775
76102546
327687107
356310158
2766781883
2688753840
2784657990
2382484718
889662074
203689512
2751187407
2750939315
1643321816
829495351
576091434
2727498213
2336511206
2606895655
2734406255
2400316184
43158428
2705895522
2201818159
895853653
304790127
2715974336
612353047
950597996
1523991966
955602331
978822876
459935331
410832527
2323021059
2727909400
379797141
548611335
65347887
1461399008
1048129070
1012362661
1257767395
2574321859
1045945298
2167418792
1482953220
2710814300
2704958060
1926710960
2394790051
1535746112
2733335381
560831265
560500458
907335643
1700575562
409214399
727310731
2345530140
310072711
2559997102
43465638
39830712
508908806
1554609865
30604250
557343415
33120422
2339110832
598145456
2468388182
936207972
2691852166
779460666
2187156524
2369515489
1623772795
2685499989
344801362
158487331
1062408108
2214983383
1587678775
260104901
2503131577
405545228
383554568
473648522
1338300468
2318012654
744092606
346556590
1694686106
1953010075
111977567
820165350
2401279752
780881828
555708399
1455402277
2626457085
2376562369
2556183944
798870498
1257554388
2326893856
333630070
1957086486
609796017
562497299
89225092
2562016206
1661616198
70305562
2532115746
942885320
195186329
2149779344
2583542542
2540664564
1353277896
524890326
717606174
1166984635
1836543498
117639473
1850428219
1585060538
2530854667
71724959
560795214
2327213351
557249796
484147984
1216829971
583187440
1483334281
2264320744
15259764
1590150786
328575112
742025821
2237788256
320370431
366999215
2151701341
2342172260
2280543384
392872368
2337263190
2378099569
1678527812
2330409950
2203822928
521505279
236699098
1202273822
2407404710
1852724586
2405941163
633528813
1691901300
2445616614
1284610549
258576442
257531052
1915023408
1570007491
2168267466
1135237490
61751284
564264894
1858733822
336091881
599878295
832225789
732117236
298243622
488177975
144979049
155705181
613887397
991830642
357298593
2233682521
316616442
2214573130
420032805
412835046
428283100
1714558927
2356055375
1287252606
781626427
57853764
405760977
1663751851
399581113
478055792
474773597
1390446410
614359549
933543708
1447470870
1948440228
632618006
287958452
1255793300
1166813792
2305790581
576649570
915477577
73964462
1952713166
403776502
450298874
238292873
68514077
46257063
391189560
1010298018
717111798
247916853
1114353428
59032749
349343854
723254791
334987664
2182614470
2371492710
2475733831
624147263
1039018550
2412019826
141864252
608467221
564311836
1590354061
608024646
708101696
1000119060
942710540
2508290713
1639222213
2505884394
2230982887
2402020526
2227183596
2431445024
247491247
1609502288
67143721
34002185
2358779935
2246450720
2329081339
24318063
22468081
212301167
952212896
2408875609
2445194972
288334262
322880632
352115955
212360797
2429935812
1346323268
560518116
431083779
491794051
40588987
587819962
820803642
1385117706
611232785
1857821923
846453823
2400186920
570476374
426094009
377716374
711679441
499758610
399806998
1532063732
2270705426
1043172524
537701738
491115758
1876304112
915507378
2210257466
2471712979
2278035517
2314322496
1800851785
380482547
2437854331
2534536851
2345825394
2480164171
330554507
1395210588
614496320
851754505
2153735006
1166578808
346883591
470907141
842331998
232392621
127566622
2460532007
36266482
1210046287
618280459
428371403
1289658361
260892358
272276246
2203415948
337294654
2227614410
29077464
2213019236
603392634
442465472
2455668038
2460426618
1404473346
180059692
495267140
380112764
1604642862
2419714945
750413042
776182717
2367292082
1652133174
624556771
896655438
973126700
1439855947
345008875
2265355518
1312719187
630784082
2269417051
2290399340
1563381074
1449990666
2434099207
750418194
331380967
265661721
1714832366
2230821337
2405933917
2408306274
2386336968
2333736612
2183124289
1888336272
1253079445
1913102845
467855028
2289184578
386199377
1921864478
2275873550
346321052
397743712
2377990603
2450004867
2421008761
568825492
755502721
330618533
2388480134
2382315596
2179282176
602326074
794673708
865880996
927009013
268622222
1602192876
1631931062
437926609
385449713
594274640
500425693
274847909
345856422
2291609605
404687994
505102428
430261559
1126757383
30475013
1655776424
613841511
180612773
520448534
720385537
1099741032
172072908
779302496
77792144
2291858996
1950169657
1955174538
760924076
1318631124
1865236394
559983146
569172282
1059154932
331946963
155038345
153723564
2153753665
261827621
1167962442
217468627
420398367
369717355
322755104
204441474
1090786735
318815568
187756766
247053384
1624283630
959002532
56232927
1421473958
1429096742
105947911
1966177862
547158462
513442936
486280524
2360582130
562002679
312996646
1639778227
414372175
494722395
799219182
1315936824
1866307808
1932981140
2259442016
1928235564
422956710
2235176116
1457750850
1849936309
1720773426
2229080023
386220735
249902038
587193603
1912655766
21795566
479080059
149760844
398420244
1876533962
609681759
272609895
993223044
890310655
2248019191
1326068292
456308448
1411503769
896188482
522663062
834316544
543689471
1441990465
1529382769
261531104
340701221
2356715720
2293788518
938795467
500284984
332100134
549760886
1350799489
487741110
563416672
287508176
119272791
2262452558
250866652
359044610
1518492158
487736815
192441590
458129585
307765548
2324893412
1102194559
499444720
407208905
389127978
500310634
1061954917
14996671
513919750
2307034470
1611386342
1652687708
834551856
1869883710
2218934905
2288927022
1293169213
2289270853
2202165576
89962772
1883327077
35936474
1059194370
1498597483
1902032678
818827218
1947525523
1656463712
415107000
1011942427
1925560682
933616710
394944182
1595880073
1335354444
854693054
1686240384
1925368700
2238838356
940569967
764488861
329952354
2196080953
1278208262
1027099825
1551578166
2233210808
415859364
17351972
1724723623
762793633
405728790
1426380318
730014595
1915881631
38548124
398817379
1273517126
875607290
524391220
1915389440
1209809335
1005325944
439645710
193076345
799582914
555483176
1967987514
1163884807
1369889426
1511930844
601305452
532622314
717261925
549318359
2163780488
1547585732
2425231
1390709666
1323245552
1542774606
541405922
718083423
1580712548
1932666318
1967188358
316321903
1485742580
369008771
461950269
572788183
552430275
762910664
831484062
1062658790
413359054
886750501
329996704
1895948588
1599451381
333509033
930039259
1688570574
289987799
735398972
840122214
853598040
633658395
619011393
423139452
1656308706
478973218
330433771
1390924297
1440407124
427199962
558950756
1036274851
902660790
1240634222
1228349540
1217049518
971298067
1616837815
807857900
1567115707
358573435
862078183
635005683
770420382
388001989
1265526289
341318301
325221690
871134415
826517622
188424733
228639373
963017401
898700490
1220240330
1573459742
1184452698
836867581
720814794
867644300
605664500
997429142
321804577
426422223
543186189
793023146
448613722
894516451
336278112
468555629
572110308
796896787
853848919
575407762
737916367
838589520
829385460
735510716
608418024
428688160
830344430
1161770179
1355973049
807715111
1017818546
1393572764
521419177
1379883780
1458663788
620408105
27260086
268702706
627085135
607950837
918223843
624373102
599469064
1429090946
852257070
371117899
1497033714
1497093126
272609388
348039919
434452261
342514438
224421162
802925936
1118192942
1205430042
922406934
605709632
838677330
509189176
439676543
615419637
76803155
1539692544
519039135
366850701
601609028
631744857
378946857
1024835227
898254854
223067230
1416840032
603178712
372393449
247586340
861358424
632730414
552946652
552352130
577287737
872639832
193999224
595100591
1250410854
620994952
801798457
973410228
1492303915
313120594
1367993318
726719196
463373046
116409573
139539038
939620430
636612889
399190783
297269175
635139662
607809919
926660948
1016577222
866793212
1029143820
287326197
803312438
379549004
1282345885
444297460
218660288
611633703
234246005
522385676
271156830
718584780
998081036
410466429
837973831
230526910
855698244
614703722
605238550
975356634
1061746729
1061473165
616796605
1010441952
380053210
621387380
177452185
760265228
1013673974
933080790
369913126
532756646
229619310
604049411
580450962
168841667
706608324
346399069
628975950
535933636
594904857
542015231
618880355
330097271
580325618
319932833
636435640
475284156
419859247
706155042
574780281
624582849
734029585
496014326
544341159
600337647
532926033
576414015
611742747
553011380
484303971
589206081
197224205
608095812
295004759
129106891
460832008
512495091
590546025
609952917
231996422
214162237
573021623
598485580
846535400
867356078
881621756
871425024
898629422
904549404
208275312
216560902
772887673
325159412
613209839
723496502
344381149
614701886
584185254
168819448
726945152
485264688
207341881
209708391
458732854
728897750
636600089
453163807
70147170
181561712
531759832
783549084
722585976
779449915
827626488
442365851
613021642
593946558
201109663
704624484
335101711
593021953
543737983
383878577
207221595
249883908
563182147
301203189
584463123
326556101
443127084
603829867
625063940
277331946
335396355
758332616
