3221557258
953394491616096258
997423893035077632
343157640
772962537319067650
786981189886185472
981561551596404736
764139754501705728
254683319
988453577554309120
984554452194603008
2352163760
3290707144
860288942716985344
734906207534735360
2723079937
28723372
701940664276103168
822438204
351100725
924097080100118529
836726327692648448
871842310912430081
869724388685369344
894569168095334400
853545503140794368
900071620919689216
845276131574108160
765834161047281664
826821528851464193
1950609246
4875453438
2352832141
1158404748
