4829972883
2575115489
929399289436147713
51492349
883432764070088704
945403861283590144
830372330467622913
103826956
243078725
3121923400
775278549326499840
990638326066634753
971742065922015232
509009228
854127710
75964859
82137809
147499160
64555571
31112218
2286263355
2396677714
873443789830057984
895814938995957760
450948902
934037616101642240
315299524
833488538725412864
2509902302
309043834
805098665337647104
206987314
331772510
413309580
28578189
719263726629597185
838647380056686594
78525538
173929657
931468093
871710449456357376
374209360
130649891
769408763535233028
45823736
38592915
320644276
313379634
752444029233668096
775696256807108608
34585107
856803794872659968
446228792
139028953
1725944898
900627905734168576
317964596
36743910
212935396
262110092
854288510563569664
832333394637967365
869288496896364544
872013279140470784
104631223
152968484
34586617
3719143883
3014000871
2354136652
2997907535
421107953
855787699697012738
29160985
849766913202900993
224223563
312030006
131891177
204320089
975931639
52939106
775785228
70353606
733935700643618817
1436349289
131248988
1607599200
4891287286
24689973
551358632
246883855
2941994339
38636493
2577209694
1878417752
41315870
104885992
4858283680
826040056079122432
531961158
73348881
623103299
811350
76076119
237875777
735315198
523291103
3375858526
572442611
1569875948
818129614237237248
140159210
19585424
285691362
3992708358
384742061
321834210
1183116674
280947146
996262844
873186793
293110135
261834090
1947832890
760376868432449537
435734282
267130269
28689319
138481042
190998609
265438584
8334552
748876495268016128
759346661218975744
403497592
2876242913
2503953312
2548363553
295867375
155887393
4119362746
139035307
423450150
1097731849
227408651
817267832
794116940818161664
827487300
354414470
228722020
230164282
2370250542
210138735
403015266
465542718
420941911
2805778609
134140952
165763061
344607827
17861282
707919458963214336
299323282
1465336832
245336789
728755480634503169
1875357823
1903672771
1360107823
765084132347183104
29464148
3147427125
304329085
94305234
86560394
2996502702
39364684
1319883463
714799329807089668
4349708549
1524611029
81063712
208943205
88067032
23083404
872191892
149621342
40024742
607104381
83866059
759251
1491333942
22135586
23542762
2514796882
729915642086891520
602046024
312587343
185739738
547446258
222255693
22599254
4845468387
311865384
3248465718
1600836144
563549111
49145050
361519568
4704552148
2785934683
34992644
516240848
871710715
1627614212
247244618
1875991640
1391917958
4067593072
201163100
2902324145
298355213
868160994
116489865
511223459
84410086
20346956
3648382844
107383512
335353325
29949435
18759465
543282748
3532963995
415210616
336431946
435604608
406790799
3712566556
2766005411
419577083
191795989
218640510
26467791
2239672904
2417646616
3437948387
424113023
288672302
429222254
187845459
300392950
341584645
61747175
360391686
39455788
1337785291
726026942
213236695
843573654
3300690203
3252386333
1207648544
187502861
139876086
2800841925
268002142
44310550
2315127643
384364967
202397668
2991709714
192702743
1464701820
1375391942
383450605
2757647187
39221150
144135160
142618150
890447310
267504130
889896192
2515305087
2329879429
251269094
341960411
358697424
128970842
144471664
2283860880
2294208067
286719607
154519727
2306884707
83466725
46347605
2206890771
85794694
1343448956
2210108036
472965563
1909141934
160920965
53402913
1402754696
183640580
1730801898
74528424
44458869
67528154
1712689238
176164718
1842107142
363599043
348907079
385890308
1423184688
1466868380
127699419
1582762363
526353101
140070953
1419930277
406820930
312061359
493917719
479393995
602576462
1166500488
524731443
1093066837
29180668
53121957
751865070
87533875
601993521
1065843954
56985709
373518467
41580628
258702605
1059194370
48951722
193747563
380215708
204671523
338838144
784060932
32846406
71472750
1088216264
47921142
1042096153
101973346
469343614
31789843
157355949
82043810
978317527
119752741
78091644
348948680
22243598
634787261
126412438
189981992
609079148
837968702
23277456
831249702
156719983
174216387
108568373
599228031
150801073
83556178
271907405
533221293
115784097
23772892
143817020
222897028
67894155
198805963
26759984
110665250
19177603
192613437
500596491
111850487
359572020
198584365
16922018
474098410
219113681
194717412
191909629
187809750
271227408
108881449
495064608
496985270
526203471
429081381
112699475
457884095
404266810
368324788
126002348
98327920
37868264
380335548
146761244
85048855
135423088
423424728
88899302
446971061
366584019
182867195
297944060
257650265
75888819
338855559
374950915
430906424
28827711
420388799
425742298
394872617
72863639
334602032
367362080
302460171
349768079
161999615
142032601
322244714
296168296
150591164
29696700
200978457
379731527
26009212
192549399
120096550
213947943
313378452
26045899
118674416
207925665
325087698
43086459
279587490
59085159
68837355
20393706
304975849
202130176
31215192
26240123
161877435
40828832
46051207
41334766
45422222
80598129
53934845
26981251
325716836
194940526
60917496
247730724
28531841
102017395
211411153
38405464
34891363
18091004
41327826
30257834
33888626
24503513
32415245
126312715
273371674
123517210
84894274
320051542
83341941
301413580
37010104
132326093
28110492
63482521
310207365
308431970
249937325
70918919
296814995
243637380
74190315
57739576
28318945
68439253
56703268
24694959
171900872
114209496
258716284
73632263
129566089
260184835
15889973
69712101
125930542
27792438
35473464
256414037
145337013
193780576
29169503
153764034
217325777
52416815
41326266
151864970
25047319
61191671
49677683
192248663
210782737
235041782
34600353
116201536
234520355
108916575
204319325
233636130
41355770
26456506
239061624
241926233
46080553
149249078
75242548
186857423
211982696
132583759
18227942
182881304
240188343
115337896
30092199
36347398
221284192
54528602
34888402
33888919
60908845
36308359
35447452
45847467
200606807
191037742
23469686
149523264
177848114
38536833
23813567
85248151
117394373
34661242
62076197
41555136
199825012
110717128
38829070
54173504
93651531
146916594
34416553
39228942
218377203
219274734
48279894
26469564
34212991
38667169
40196397
211411397
131805418
104436472
50606129
204286713
171561517
128521158
204238951
44310195
203012088
202173792
58561413
118058462
43908327
52414208
157041416
197663326
31113561
162083917
44905977
189428120
36634272
33523057
34251273
30823437
182764036
132527689
19069569
55201943
35756948
177525120
31106780
34871923
155211825
167217840
108258336
172750334
140002499
173408457
161274155
114170817
76287494
93078540
150537016
36935780
96386647
1093261
16376396
42068349
117765163
40867099
120162828
140731977
56364757
34590767
31584144
66636274
30706458
42012004
55826330
46906993
69548931
141170842
6329302
45104371
58487315
127044872
95376359
143550753
19675326
47161397
49566592
27612073
21126820
38628855
25263821
40308491
149482213
26997156
26006527
16463853
57269703
78896639
28023834
111892162
46462063
25982432
82865733
16712618
18799392
35425978
35192387
36638780
33483945
33548103
70100947
33460001
93993462
15364810
88641048
57942812
92985359
15195501
122764779
21391817
75004250
121742994
53021591
38167191
62770055
44844191
32846962
57079842
54447688
18073998
114223930
46069481
112647524
112465688
111588957
38686333
84296904
24664333
65600574
40482750
53247211
38188376
27911886
86927078
46346139
27629322
57568987
68663857
44671284
24710776
14585252
18378475
40839292
32866545
37907732
36607889
45842675
33458477
98619540
98717649
37643108
87913032
20845765
34573171
42608705
33509142
32891176
71731465
76301504
36637728
7331672
92000228
61467146
66934953
34614212
60875347
41758251
37633389
23592919
36613507
84885104
88126316
22980815
64009765
87719807
86341763
84876821
23937861
26977606
33514888
31079252
24693104
39041308
33471204
53135570
28073568
74090969
36364828
25160134
52059735
32414353
29170706
27652269
31107224
33477432
45823399
39523325
31645246
62553744
43057604
29289697
34866751
71226934
25134349
38920409
27657422
20053525
19583545
18096507
54830996
41416680
59473959
15801023
61736114
50826280
20573543
50725573
38632169
15904330
15846407
26589987
17169320
25255755
28561775
28531522
18579842
