93703962
38382993
18088737
716317182167089152
5980142
1262690280
2361519769
614578042
784639577940197376
973522413723013120
2199969000
15753498
1002186470029918208
313523752
392334117
938796954884169728
4173810779
19323601
773464999985549312
307974156
810340509919182848
871135768177242112
826362824909869064
389182283
493368524
95546979
1001348420
481937710
2476927260
2848760639
958146114041077761
313393181
928187552749834240
58445453
61574063
382844005
499613083
588660279
399017521
2343447444
1192784558
2521164022
2255207460
502146995
472307703
387348977
74847569
101858989
573935918
213316733
44926477
1433286055
1204076264
1208394690
776035847090999297
121424128
789559933
538147915
3094206178
182421451
817260552
587275129
4835674227
751325753455828992
866571999484813313
4524690040
2965055056
3832887717
70433897
277993655
272910045
887639290175512578
107380260
482166007
50266331
857004631
776035390763442176
4407007168
3315496315
124499756
356133811
118257594
1208761434
436596023
3313504865
423467453
485531968
147561684
2147929682
3387010930
82625683
2443640113
16457530
2375774460
814694737
798826940744380416
1116555368
15687962
493362619
16331010
539972548
204733260
108377924
50374439
1217617506
1462153586
510204496
135129119
16312576
985523434611494912
986578635619557377
17525171
17446621
3687721995
18667907
200163448
996491380573818880
3310238405
791335160222330880
275020671
894277566378512386
63677184
856100162
591994127
122728088
2469663349
702534100817735680
