750751206427860992
3355313961
21059255
391037985
48410093
3424704291
139162440
2893511188
993681445
241382835
961317108326875136
105219619
1067409876
428450334
2235770624
3233925539
39814938
2938516944
304679484
317114365
393083814
169203819
30364057
3131148395
295325513
2347835726
19725644
895757455170207744
707953217066422272
15853073
141716106
815661235924516866
1338378404
823130384707751936
443032867
214413743
1265152472
256573865
3061977469
848432145941090304
2861192685
2733900258
813286
2674690663
382328184
18125335
434127936
2769863292
253712142
15968048
393987775
48785884
2330709094
811859200091373568
808341849085710336
796379897547456512
361982728
18713254
120840334
113897988
7890392
3001757934
2378426935
4672653432
727166090611142657
2917775202
1860486986
558797310
250760977
346971729
3970374514
92733517
233562698
700682730254667776
392031784
3073203632
1874774310
2356623445
4854457427
3170022322
425754887
542778288
4348237453
3873936134
3300594994
190242011
2535269488
823557744
397260132
2239924332
3093217497
69008563
148090592
170863272
731555305
1689349579
177564924
19413393
2839492283
36969785
143875496
19775736
1451773004
316769147
19338359
14992492
2270905820
2364849811
2346327626
3025405533
2477931114
23125826
567245348
414686353
24166202
1241453287
2612279653
371921181
83820762
3022301859
318762626
282348945
419232978
365133030
30881244
340656318
316643326
216762382
206263351
612905817
2951568303
64565898
272137584
342151154
1962811932
191764228
305772621
2923604839
8979742
2396193776
1647896262
303807755
350176562
13134712
588376403
309366491
3033103596
7565302
115485051
522342621
22622572
47786101
15515656
393852070
432507102
206744915
121650893
368276033
105106802
2480954209
24871896
2900662775
19981306
23654341
21710527
473765883
11026952
2277187848
23959763
166739404
16786977
55117855
22424752
593852016
23827692
504143250
1040900545
514988326
1016076290
426488154
2650413864
2317351705
316389142
15687962
20106852
18776017
296094637
237287661
284272880
518310072
108247668
1960758372
2628044028
165725284
452993124
2333785291
18913351
21768492
143244854
52146755
11348282
22692199
6480682
41522105
158414847
2488443310
385621511
24717463
2828089713
98552561
403086984
398217557
546825102
17602896
2215914961
356859571
495445147
1269299989
407938921
147776954
580461249
410633712
1691478445
2412338440
194536601
69827637
799581199
28372301
24125760
116757352
55396840
507672047
58601997
19562228
72644483
15472634
2909770019
112848373
278472948
20702626
430515644
506424815
19578796
21447363
155014599
2255580679
19877186
443215941
32789224
454237315
473493882
48294321
45668062
398323499
17020962
19551694
378186136
537278961
1242716160
52344859
243662948
92727851
338671079
527526077
15234657
10671602
29758446
146540920
