992051840408834054
1006513823816339457
979099740322353152
931922537344389120
134575537
4470781413
929407518
3387124575
112456911
312554443
67434928
785157552
15307151
50597271
138372303
4119732730
209765160
1611073392
351287640
15768116
1547869092
895788624964239360
754817409786126336
752903901565812736
1242225134
2999967663
1025889584
243792881
29586333
20235596
2965962629
92257474
14172109
328403397
2326161
626024352
20261422
712634850
88283546
2653905158
705766990053511168
3380271472
3218503841
19417999
254496233
20988841
2434771820
200559451
1330910840
119194393
754146601405296640
3123238004
955463355816448001
486760639
86196231
321188441
406405147
21291593
972219854118899714
22518658
710579875
776598325332176896
239161094
911413513
4843817374
18220386
92544149
400681854
489259751
454914724
98220961
71379814
219358770
3079689785
4827448745
1089841663
408054445
47442566
247344175
84556576
3150427501
104748898
1413914857
1493839422
720623171800600577
982855148945854464
38203776
850372965728305152
2430686258
253580703
54560655
256280337
3694957576
172432205
598946691
237433021
932033246
2859164583
493257742
34536604
874177389605072896
145048002
46597488
6450622
1086745759
55556889
4861344958
3608983755
41195291
853987400552521729
589525698
919194619795132416
91417365
831824532193280001
17174309
3026694029
87036741
27614053
111968804
21139359
21139660
717345649323352064
3746762302
136221970
320898935
872191892
890234892155596802
20015311
286461320
1589120125
146401381
814152907239149568
938424931230060544
23628419
109303556
3377829688
149856408
4786786162
443328404
956290290280693760
551880224
761568335138058240
165213594
3355706668
98343775
80064003
23859376
23931814
1223323088
21257210
732941503761416192
3150316584
730043691121975296
552818402
107991823
407367650
14016912
3311920118
21935371
130037973
17536669
1524593312
24028021
820251739
3131086511
35389905
66596842
825038104444678144
50462467
76718852
457824880
469178807
182389957
49573828
19957850
2323699231
935137752928092160
1585508558
705709976501817348
219438797
28386634
81632836
14689295
1964472871
519127745
814903705468338176
3081701494
847238528
45668009
350500031
256949275
182143938
705846704
928552912061718530
135316922
851206050707648514
555082911
293413218
276196904
189714294
546641965
320909323
112312524
308043738
209671549
238530666
18046864
2831531811
326800379
863870046661214209
41366233
3297880044
1947313284
152612836
2883893531
571202103
537645111
357578991
857671075550900224
108270266
284413516
416322387
4828162885
921376960537874432
940721080049774592
879039027835523073
895627051054583808
23122597
2370234800
94092301
163032336
30366332
534699220
218516415
121451999
1073408192
274989259
611930435
423590219
55622855
51742969
2706491802
586578332
19741818
333032709
897363513076797441
2430557844
365623352
598638417
371850333
22591831
3870681088
19992041
4806066082
7315022
860514276481564674
42888224
1200220290
76624024
1245852594
74699336
950571505
334551840
882249341834080256
227080836
118667844
864111244931993600
80642111
15714845
266563044
710189378803539968
111676022
2571159214
596926472
964195927
454253390
46683804
2174244426
3394069576
3057761
295325513
143018701
564686965
107836802
1514640684
1379095537
2427653118
603846994
818741605926629376
147592575
924959999180369920
189579869
2987723874
132002562
717889988277309440
33446325
735572745635942401
3623253454
3302737936
21386695
714459612
4047619713
326514632
291301173
994717424
1962057272
3402916535
3294351671
347533966
825013680005734404
2343888102
2798363418
279160547
202550179
48351697
19649517
894913061894721536
854365113842892800
856313706
100015823
62935399
2815403892
2709874544
16371289
317687778
17198884
482170802
272073061
914464264857030657
130401273
3522549561
40001920
1416361838
318056870
3378490785
40856031
738746514
311463184
1446129632
45933901
23210378
25073913
19050815
187722952
711926525357125632
18470118
701881273040683009
348485604
389505151
3699548559
121245162
2471118444
24554603
252062934
4704704844
82904551
359879551
22078256
2222953573
708254341350756352
4889963596
787001220
21298320
2481415711
595309489
2313918458
827498512946515968
214564562
599062861
15895962
898640923
132619519
2263232988
2349531695
857528264130260992
224721943
438404801
3236135931
158763796
240386500
15306376
69119172
3976108934
28161312
197303950
23852139
1739829048
80706281
246284989
190399995
20060474
753131193944698880
219074016
47293791
851418872020434945
176108841
372322721
217758017
2645003263
702479965166632961
1544268547
26380884
732927050017869824
52678066
39154318
133755734
815878056980127748
829468324727767040
297287308
2444082780
76146780
178869613
1284567289
49920338
47455893
1351792352
1094937738
871532085248491521
1433935022
809446021147328513
333950225
2452166870
18133874
14475268
2655629303
598762148
576367090
255508614
338174945
22515643
44630009
2216176489
196551611
18213541
2659669340
2497506213
308439963
39719691
3687011242
7976822
2792207595
305734622
854713722165702656
204080519
633588967
858530774
50684862
32853834
2491851937
14585010
202132411
777473525296881665
10105472
15776837
2595251239
543582873
2283943868
881827142459412480
860160481025286144
2281038372
1665095208
47958848
3252278350
83896084
159269241
1111789939
45090120
509739220
228525668
56991190
61781260
1050762685
69605592
4796939849
788334371140931584
628245365
320696373
17169320
4224237432
35838343
576154580
117777690
17343677
245794550
2596259384
857861676611272706
1416497930
2977993431
12395922
11348282
65459380
528895401
787733090
859773163
25323242
2377183879
427232025
18971467
190317408
151136311
104708072
30799188
607598166
476877495
421116564
94535216
772237211991416832
17481977
21914387
2706571878
7454012
1602985406
786218743881805825
853544933017432067
737680888633364480
760986252
322086954
23561980
333535099
88452506
2235219248
720960693097340928
59472531
369117006
239581262
30959290
714293093688676352
2878301386
117376514
87314886
21387662
4808029342
1632710958
19092055
2357093106
24224320
4899709625
27195114
62535040
16201264
62950089
481978584
1314128576
2239350253
2369718012
1136704771
216573903
15916505
244044077
20229955
91572446
20173539
22763149
1332318284
62801241
36704647
23473131
457119285
3068227288
438717402
23065354
453908357
828642245553356801
272071608
18016384
390135253
2880788141
28532767
142994399
86937456
35270579
3587562922
108329122
779191992442097664
211264521
160936483
4059743601
2573457751
148480241
2887119563
758058338525581312
593712213
207638347
1382956050
98533811
415859364
961107385
33876522
21663795
3138299067
58776287
986937307
252259069
1236246858
394953878
1192749109
155642429
608915488
608908720
2178892980
3663259516
15445811
3002791947
1685308975
356908502
3874697127
47912448
3112274817
33390048
1136889258
26590109
43876479
18829050
70725281
3668185815
35347413
419617912
806505817373638657
2471344165
22352061
302019552
14266714
710040920
40532072
1340091008
258892364
732614298
128689124
23978727
16332634
18715764
72831048
1960693316
519404663
155934333
56737634
241272537
340418297
2966091399
101618454
403453916
198118653
1861646779
1407761972
786839718742859776
385040133
4767880641
211119735
784831680293048320
468497313
1630941686
738750974706262016
414886707
720302989940887552
1953001
144276525
706962914477903872
711248540
256939986
468393840
257436924
417419122
22531266
284531164
53200348
794435480
2231811998
48310425
183638679
3310610817
30905690
23215329
20099988
499122648
2243958087
259735287
19930475
487584390
4846100579
4850894177
2551100972
3319049026
44606764
2654882033
281199878
1408217593
891049921
2921528045
46875124
37921383
458173339
349500776
195285255
20989225
338299807
37477506
27660239
2987970473
753612101910945793
81839858
3386165063
132972320
421401252
2251409202
2231532107
1241819940
272529059
304812460
208027672
633738546
20783345
622323056
388482899
562973853
35568958
20792012
1396695211
20301713
4418429837
88942698
314313316
1008851977
236435969
340732654
198824620
20505679
185795312
62122150
106124121
2748374339
1545648974
193918661
558706051
21295652
96165846
58268549
114816099
80311439
92767249
1620237632
275628017
263398970
114475558
16441489
28149870
308473979
220049454
19397942
161802684
794725016
461763919
710433071313625090
285091245
18590702
109376821
18788414
23699191
69170362
2656358671
2149687608
375636954
707614894997250048
19110928
968937206
269321878
2180459027
934113685
131215372
2197802365
21905467
2399873322
76351820
1568382618
2530880365
19309716
2354197264
3105249786
224431165
4559014276
2303594966
244137876
1176934771
297340306
717018969388019713
2364479846
477932511
47319664
2155066974
190074321
38271297
217181337
2571256081
183585551
2663198200
2810497661
3305545079
14786754
24173793
1685408467
1492631216
703186093999456258
2362938906
332748354
299844092
1633553490
47595870
3291670130
231183280
4749472822
356192979
173262326
1353020900
3418081582
20225669
261593319
2844860155
233209650
1305872737
2723604590
21923377
21162902
369442421
299234097
410611862
21386455
462928791
36321794
206781271
386537701
616472602
953397175
935527566
169686021
2845586020
3389549937
35874956
21285072
21098656
1633562310
3144258249
2219749609
1555410212
92183056
2827861435
26602859
1415496548
68641357
26507796
108919806
294006726
62539213
558724604
58504131
18887526
25087909
68231369
414841877
3685208897
1524841
160717417
13111742
353163827
20098015
234893809
23427744
236627435
492145424
223539674
37241702
34675951
39971952
273494846
20726702
3731568563
1158307441
20724261
36683485
111623704
302226943
506408259
19065439
3091388518
76353567
437873760
40264531
13098602
138752732
753226550
38723217
2493199232
20795387
2187469527
481987827
3226238609
1365449418
140808864
22492713
107173526
2854423622
545959115
111025673
60586718
38003976
492646366
1880070026
293752292
19524740
134178813
1874902165
97737655
551317528
239025801
575387350
148837768
518418078
118746169
16902632
496955292
157462695
418804297
199725529
479958062
82043197
631052489
169032978
200822914
156600128
2862213324
2707352996
19589584
488202675
177593179
197448979
362412001
14664059
425153998
18213364
18983132
2325457458
328189773
237224916
23219720
48072204
61818127
316535484
130876517
246733763
2386673545
348642266
54859842
151497266
57111819
83425390
536837884
292248551
14309608
9204872
97278426
491884222
10933582
14743048
52078696
255676070
203253919
403716390
305073570
760076863
46448879
15748239
27853847
19282280
18257079
276183830
17647361
1394285346
459365204
555454848
211847130
471287735
2687895067
47573493
117502907
15002620
86664924
1291045310
26890858
204261242
2833687431
2821176039
283215369
238511715
25998526
61482234
19707526
59426484
149041691
20062994
2282129888
19339653
475188063
618974465
20225161
27960707
419649237
2273302581
23243831
2176781462
20330929
407202238
147970711
1875270158
52677972
69080476
35218566
20446632
2496862562
305175578
338677823
1683720572
1378076052
37419851
40880310
39360648
343627165
219275799
33222905
1190085410
576972749
43909152
1633656324
267829196
137745321
80828791
355580637
108571692
191985864
533085085
745002644
1073336054
263099844
142730813
2541999628
146509611
2226467971
62588600
209253668
268383434
22008296
19586905
434046754
18932363
99530343
33546465
365344176
261183830
246720768
20786907
35435181
1221290323
370046076
1112605184
20778318
128241798
410811457
2230459686
95906698
715124802
76370739
245070516
18477358
215281765
229493030
71061949
1093132046
18245011
260702408
485402244
208520819
106370486
17508635
180294522
330368197
23087980
14939981
173154368
19530134
191107456
236312729
29978304
2343454658
1680337998
347959437
125625959
1538008747
752583614
231077434
62805324
301010289
25288785
116488748
380282073
215394809
86563289
266094415
156757083
76143
136201836
232520849
239628008
2278871257
118816141
47921172
465973
390781669
20146853
1408457989
1279175893
15441623
282123511
90032016
8399972
8320242
104857427
19177301
257387550
13680782
60149128
609987671
244657781
16806509
35589282
33856072
28414099
295925436
82056281
38397624
17898357
79292795
454013244
1443987966
22636919
20064603
235641601
95449346
16420229
297897603
317764551
113464686
296937450
194732581
571707966
21997470
17022314
15995155
19811019
241382835
384536058
19349358
77202545
20816798
20942232
33856538
51088856
98669568
76292423
257061861
281502332
156998068
413180125
407865315
529367426
303747461
115649241
160853869
163051182
53964877
137735520
1068030326
63094620
166148624
19396502
406544467
20630639
108058240
474891441
169206054
83855918
89418420
858637860
140080129
41584238
466400667
242658524
14996376
6480682
309283501
68117302
48968575
1068121346
5390772
557494087
158777509
42343110
529211166
20874701
531750633
365445243
87038116
145835700
20468307
54187575
18668312
85562303
25158023
39306925
25999921
58455639
52810109
21082293
116578795
195191038
39732378
7495882
38080335
192684631
27385928
206105134
39551204
70974131
110773348
38145379
22656992
137463591
293995227
115424455
326889905
337858177
106553729
126632581
209133822
602857868
24907708
59601589
21115679
545521368
1255317324
491506451
75857216
23626130
16169785
8948472
1023072078
1201051748
806133
178426958
37653495
1413098144
1213565545
461229365
20408557
259158077
269847199
414609456
1128216775
21754470
41813475
20533509
20146551
379399084
56359325
199613587
141156695
22007725
16484063
20427974
91096922
329062007
108925379
4653731
33514783
219598666
259690215
17588600
85740038
47641949
64177080
18666521
2292871
14315190
14743101
273942609
44883108
18213550
62540002
54598980
370683720
130867132
44353760
26239076
253950362
53640235
20664471
216663466
33877123
26532789
1611963878
309019553
77209278
119453140
15318305
328645735
76927414
218167954
20301078
29960671
600947151
203115258
381451399
21997331
18242843
22637438
34613288
197872089
13087382
22415051
157996395
138749160
236832230
61183568
473158134
19394186
14157134
51241574
53887085
363154822
41394240
4898091
23624141
110437588
45840503
316348903
113386943
15672869
20434379
56706849
25984418
19534873
14810076
86922752
39066951
19983221
424127411
169431716
50029119
222155663
335177549
18904582
55279117
176824903
127574333
5988062
147636682
17866959
20051749
18971151
135229601
18949452
1417251
621523
14138785
61861427
18938646
14569869
143478208
10933552
85868590
957528097
16681111
117428743
17062358
33857044
435074492
250350653
20543416
38142380
57420624
146412867
265902729
612473
788524
5402612
143415291
221338206
18672969
252569527
40182630
36040694
48730892
73080996
115414106
18274422
21495422
