44696249
2420692812
14939981
1852644804
929399289436147713
1323936524
999820602360942592
46769281
159173341
185487499
20567939
19028953
171331620
141944292
101378292
635758679
2978074932
21920875
124185033
166747718
948967310387306497
2155649270
29403387
24897626
955995004345954304
34430522
215423552
58144799
292685628
25343191
72423061
15012486
28785486
14173315
14529929
262716592
36686040
21129105
713316212
748581347116064768
1333467482
866953267
21877106
416814339
2779243826
1130102132
28644174
443215941
152801977
277595625
19637934
287874817
57084769
24322255
37823344
96423812
17560096
22515643
266257596
542457164
568721818
529376082
172580748
28406270
26035722
2439190782
3420477195
253712142
2893511188
242143073
2197027332
31146551
91830613
131024806
107332508
261413944
107107001
22321602
131072390
22387824
108088143
238456744
456998802
887344511810252800
15924321
515129756
2838936779
23561980
181572333
913812620
282343571
335534204
1613440802
2308304164
1226741995
594346095
3249084820
526887887
2294056121
316868625
162515727
120538629
17667000
15515656
835368564773244929
268570857
20416406
4737316229
26053643
21417353
16303106
840932444958158850
88836132
1470673393
25422900
17074440
90420314
115485051
241382835
826309249315725312
3240143771
635499352
813286
19725644
333508479
816112824657252354
29480939
1142916918
267425142
246585100
152447439
3236555213
1093090866
325830217
1339835893
46335511
926610121
44196397
3283358127
563245155
2317351705
158414847
316389142
15244787
2900520806
14083260
344441835
277095600
1223515610
505017998
2595228668
609476852
2745594867
2308599278
16307039
262661303
1107759794
16727749
1536791610
26020351
97113509
480930665
17844280
500042487
562381032
121626258
31312972
27022632
20630639
16900536
502135911
139263686
2932337576
20657448
1652954358
214555573
27698202
549029667
1169866938
442237496
39302767
82041943
429409151
233663430
109408123
3220642800
2347442280
43641364
937735844
16403943
25111672
39706174
34722543
285039441
1090854444
405205681
2358554334
22159122
176326208
64770337
32407984
1119708776
300579610
369583954
2955596087
310463188
28951400
40709222
287452806
260523318
172345795
15485441
1319135928
162093803
324218062
2751214031
1604808973
52529345
465245804
1041123488
214705379
368148234
260967471
237512735
2623831606
635018270
56876644
166718532
1859053950
385485188
544911552
350660137
231777686
291438698
94886240
384172230
492742094
132752344
98000587
985111099
2171424114
313736599
457859108
23559108
83782211
57526890
130543367
413386786
174889139
34616510
248829112
612792060
317370751
150846769
50811932
47722508
274172401
300260694
243880489
142101778
308699549
946157335
105211981
6446742
59250714
615312906
61177335
159317358
58840409
944639720
17220144
491598053
465102657
26398435
75582163
440485756
1338378404
34902766
244800486
104937671
237003170
315538677
209918071
1638564823
19212622
71144111
346317872
21083000
342835127
317523053
211918431
635887649
1606861626
512613427
403322451
1013938448
1492049581
1470073128
1375683506
1480906682
23378774
1117802942
197041732
32765534
385968476
107319019
71023061
18208354
101822770
137630094
615833064
220336959
121820614
95749490
91208190
375954580
22642626
23778898
544045122
255657736
454481930
294920527
190700081
464377589
1059194370
407858480
40892016
558920568
39982053
372509509
388024702
571812244
27902825
233990070
348257918
334150573
203338663
313441661
616551600
385599446
21146953
516687045
209233393
333450314
421440589
543886058
278660841
453635731
367219856
455964525
384104649
105563331
27789184
543778954
610997601
112839467
48202479
34145458
764394956
727443805
612667295
621027296
360395729
248900032
35982046
462295255
448387002
30008146
27115071
419240712
510928883
572602148
363765761
457612817
299373263
359755149
201463552
486205324
480072322
16125042
110485995
516936477
480672958
175778580
53853197
270689028
40754855
46419809
33995409
380006723
422384706
408028843
359018847
428808549
43940769
31029570
304765473
497537720
390541051
126989466
35473523
181726249
47209604
272318699
458869304
29854256
455921288
99113168
41536106
236581292
418385693
51785297
43778344
430119106
408812406
373373714
434615085
467928380
443317334
392802621
453511432
455409013
295233730
48810758
452437638
343155595
426867405
17299063
19426551
21586418
284089166
35936474
17461978
21454322
2557521
19923144
18915240
23083404
51263592
26257166
120943272
