1002624636675211264
507591324
24919972
978381909074964481
382841048
3108719858
53472267
4880569279
784176777535090689
3865300005
132898666
16801904
31339831
75892358
14955353
955885435
4914742617
365221007
259849921
327414504
277595625
3963567733
1339835893
1324961802
1337577589
897654230869094401
859067050551017473
599663484
898561680229249025
37692796
33758417
220238525
1537986456
286347418
240452829
4666496724
2294597605
19548850
824668114713354240
3260151308
258458627
828689162962219008
2775546781
480930665
2261993670
816495739081781249
851085346108518403
19676091
3040779334
224899705
4870014297
57763930
1529089806
3429303099
825904834364719104
20173135
4759924992
49567592
442291220
290626797
303936747
785340649
390303658
114935208
31915521
732446218626813953
810557063202033664
1093090866
1536791610
774203919064903681
813286
939091
409486555
2782837420
633388310
28221296
806592767501680640
805937809009717248
749645495241469952
15175368
411240421
17844280
459050534
30284449
606728295
793120876086583297
1536620089
2499810409
84712681
16259265
2788405098
784408088489041920
455302329
14996251
785995383046418436
4510894155
965445176
116068240
41041371
778602764515610624
330994312
23855299
111411494
181572333
46557272
79302613
1910339977
2872854687
225539878
762802836040187904
74750907
372891057
3164577181
32483396
737471777303994369
737392456803713025
1345702333
35041893
123945193
213478296
1206398228
558810910
69679927
1901546563
2450241577
3265680451
801311472
1589628800
255773815
23741531
1915420260
763756
442495624
2810307859
4041973293
19942329
18431973
3040549359
106916931
2973636327
556711917
739036193690619904
2203882095
736357620454424576
723593107
24787210
200666046
724333071978237953
290686161
703052403067650048
2815408508
592349072
721379896468062212
570218986
701615052
711145240640495616
70385368
1116025286
706990375852871680
3192494724
54060173
247795457
215373852
210953755
89496772
154714727
703700180969852928
4008228552
72694909
87711891
2897018482
30297007
703309744769888257
229324952
702413734149537792
36265455
701886373855412225
3369340559
7744592
3316426531
3285721772
235062309
540941035
4844171853
191454407
591570103
229203588
1131704142
3020150838
368978939
83367875
106753602
3191012912
27207930
2790272263
3105640249
227347152
15270559
4476878055
3312666618
1522292186
4386403215
3230042575
4456354280
16473789
217632453
48636179
394968184
18681139
4083668236
23849131
3906977414
2883831654
4305798673
21187354
16688883
4138723092
18435792
2849041719
305153872
869023796
320488554
241267743
911086993
104965117
3245546828
190923709
2273614512
3782717961
366670116
329251731
128114345
430907419
3312828108
237900600
40086984
126823769
1252958096
14304272
3645615323
3402743116
2178880831
69049453
3254137976
49514772
928132130
18291469
3301893678
418981954
338596872
15412376
2315042826
62935600
313462151
3303818258
3292931244
255388236
2330940300
15429316
174091142
518909174
255316854
27540700
407784553
604714508
2778371193
823983104
7517222
34694635
388511782
376160471
2926971742
55712767
2314326872
110195330
296971297
133448051
213009133
3255772332
336124836
61355746
28665877
2968185805
158900583
757566818
2749420192
127666734
280116021
3316289351
3240459912
3234543391
2830555775
2848916019
14498484
360792683
791638
25373841
39197897
62740747
132166240
348157747
3289909353
160708096
2577756132
2861595825
156867601
3245145875
2414652841
3060210854
224153266
242806627
29838423
936287562
237121912
1077178489
2399192935
15676578
2559322548
2428006673
380101111
2899436116
891720284
52106691
2214258892
2956878963
2194859436
458081597
315150746
53990584
501644336
2225421030
322762918
1648683294
314504667
2309707388
77030159
3065438057
99629148
1257981476
131424786
82238519
64320594
3101055898
103652174
25962712
321499175
2920394627
2333517996
3033322420
2975129282
193415167
176532587
3044884731
114881371
3010677476
201991509
2978283107
27948443
603545315
102564582
792033656
820448029
543556925
2991009185
2470212427
2727037311
2615517219
14957318
234988922
424262978
2582515284
1278192385
991852555
2981517385
2901659487
2818936464
211694897
31132234
2893042420
2968223537
2957479289
2957177639
2877100916
478337357
1954616054
2510529884
122211977
2337764692
16212685
2914391902
520250054
182944889
277914052
312230865
2773790217
818434026
2837896825
2887107185
2898435638
539149087
141941286
149722854
311135503
2846015878
2865255026
36972542
2699010138
1298461147
2848886150
149701766
2847395651
86962432
2840928544
791828563
2834880809
289693603
1652380530
273574986
247560825
42654960
27013541
142840855
2755870577
2802350211
52016273
2235772122
2397015174
2204313139
613974764
15082463
35697283
305240379
495486267
310352069
254762702
2502531575
2595260040
1355427272
517532016
811132908
2728421485
2163075302
212944975
744376939
2273266158
58387869
1663364508
28061279
85377974
2735768717
2735439478
2598129524
1137998857
455362457
1279691425
394877267
2680162963
2407867964
337924400
255336006
395892749
11350892
2323992998
387990643
2513251783
210684204
460853048
58562140
36276301
2635129630
402737514
18733174
431429137
2588287261
2581580940
826387064
232256826
292908744
249937679
1632944280
141834760
2551078530
275315776
1693841994
523810557
313010289
459786401
2329807423
2154161016
179638340
1431614834
385556251
1345002804
1620879343
140958108
38696061
47274526
2259358890
287913573
716447274
384613183
43925934
281073170
2437088117
2326524210
2446859911
2424314281
2230495303
1041106740
2452135279
23494941
18470556
884260878
2403682263
615575378
285265639
2147919366
2287986081
494605762
2148595997
2393519060
2306941483
23614207
233085082
737281476
1555216351
2150964590
2317552141
69989635
391685605
222789616
395118223
2380820137
26579258
729060458
144284113
2175410383
831768858
143922560
2316662864
575561743
44670915
26585095
1051454941
39778731
570290656
2344883784
207211640
2334444390
28211427
325964747
582341215
1514654911
2283025998
1643683405
182922794
67698938
1575039644
215038483
750616585
2195186203
25244178
122184621
166685041
126418609
1932930858
628878838
1491823958
21121282
13793552
1131407466
69413371
1901911550
832589413
635299145
60763742
580130416
1418921780
90098789
97082147
15290441
1475806932
189534210
385969566
488374618
1374926329
267809609
1023472122
579603629
1132329643
176931886
406899742
73273614
204688509
23922282
509531549
115486770
68308914
179274592
437136024
570279813
551132282
278098811
145427893
313589997
1007423198
632545783
427885919
516798311
186941132
21526685
857450544
1315298502
29627447
256286055
19058681
319766325
139848744
106987811
612792060
141664648
265554862
1474067959
26053643
19777398
26565946
15485441
246576445
143664456
1120457204
25365536
23617610
32959253
157140968
236699098
925577401
307739624
38130228
53197137
952212548
611814875
