995889325773500416
4829606763
2689651279
3024504029
794535386781458432
807623189752856577
937499232
75916180
20565284
88891547
254830969
1849623499
24852465
2997324590
334862183
11928542
718440828918607872
2742395162
954590804
126121895
17138582
18965790
919751490
103333587
128472974
22256645
568641213
903183845746495488
978908012
114685387
153694176
103012173
28706024
23544596
714758552
316389142
2582768738
23735316
2835886194
19413393
20747741
454340464
21158690
2270304410
752178257693466624
43192807
67418441
260306257
16582027
779404911490560000
1398841177
14216661
137770088
11348282
14075928
922930450594717707
17471979
16303106
23375688
115485051
14230524
15485441
16409683
21447363
15846407
1280658062
718475378751381504
706222123560206336
13298072
50393960
34743251
44196397
765115180023963648
36803580
16736535
2435149890
58505676
7157132
18927441
5162861
10671602
15234657
14922225
112511880
469689725
23645599
113696592
555532681
3448803028
494396769
279067744
2897774300
331908924
61033129
174307074
20711586
95023423
8736882
6433472
289998339
