2652137971
791698517551091712
990937839692075009
2856909739
1002116761238589440
875980869281828866
3834547155
743268500647510016
993150746240536579
426471079
960635917160603648
994572682065858560
991349623913635841
995595967079571456
837363252279455744
991535786981052416
899555098489229312
629535186
561359567
989173819725279232
585285483
12151932
987112190678392832
819498607162363904
37391190
157920406
713148755151872000
2962444822
939419235826016256
958318187661185024
403548353
838540866255998976
4899271883
1696134236
750345640090144768
2312692551
978711205756973056
978376747279319040
974785969403478016
3126657350
838504040405299200
2321399750
2572274981
2710081564
2751504651
20132655
25458378
896238044122165248
963353842040655872
953513229027872768
954455376757514240
782624238574317568
37599351
816423102
795039380
735953374902947840
956626794773434369
749880206278680576
955534528818438150
4698961062
954097602638893057
943563891795288064
934233355327102976
765332702627106817
947961416664911872
821785831
580857186
944953133935054849
183235236
906888657839194112
763194468849717248
942228998691713025
767093087655038976
934444182839668736
934461205896400896
972901435
927763730510725122
928350595722956801
4524531856
924849080504795136
872856234461941764
895783045394870272
880151209532833792
14888689
4826612417
851434882848890880
55121922
912370924653092869
26789962
874433563084574720
729534901830205440
1276374102
730315159818907648
895101981492224000
2411504731
902508614237253633
1576880281
903986211169099781
1196590580
798242276103307264
35606977
172885747
282646745
216558300
896176632565772288
3127965595
831159842622550018
832020177340530689
3047434760
818734771559800832
888154882925936640
861593548478697472
3221080605
832360040476585989
735603091647700992
2172515894
790461744233623553
2989558350
827876023693774850
877852263674507264
870179192104787968
748505211958759424
874802583092776960
2718925549
2444661482
1643909461
1122194892
2848167625
889440908965556224
891116256761458688
861613008073764864
2435069647
63043421
860647782809575424
813085799898107905
815161135955636224
887550440686190592
854060008509538305
884130635790635008
24719796
2942550389
48839794
355807948
882870609134407680
339146819
879423709882314753
863194075578630145
2384153088
19881371
735986087420518400
553188771
856299971167100928
3496582826
2767086792
875082152513294339
869491309769146368
877162973143470080
752801694300327936
764109674
4825346415
3276587971
769365048397598720
824936469924036609
821123682449969152
286067085
582250051
728292275172876289
865707028643229697
874599562287214592
1532311225
765239752861835264
872633485336477697
732994443649896449
2770255129
709079047154884610
772026852
871779969487298562
758417517106696192
3466729402
21897281
702719457819435008
63126583
852115769387352065
853871359138697216
3060886951
3000989895
813481927
866617060327129089
254368823
4096820663
861266419849342977
743540848265170944
2755034224
3288302626
2589100562
733379342563151872
3482545341
452550768
25645658
838068239535988738
851813813938737152
715262016844382209
849433229358759941
4920825150
4422309554
850031500066258944
4285353973
850521817928388609
1858425558
3021027852
768793478641881088
845808498302730241
835213675220910082
527980272
843886756730736642
2186155667
841038579698655234
133399020
393106967
2747460704
3038541493
19028821
788572235476762626
789196405004828672
923212878
818861435610656768
825872076506529792
14437964
338685899
3320653606
811304473712820224
265116890
3011516796
823738861574619136
3007053739
744109030042402816
3364264257
820794559533903877
814183921936011264
803686707296137224
761601011173756928
4855699882
817565108440272897
262710842
4235764572
2492233040
292027183
745020836193640449
2290425133
773952014808145920
3383981938
3258042821
741957179360436224
763115226
720023362769174528
799801602865364992
788833327331500032
804001652466470912
725080880159592449
4856963081
740239505949499394
4241853885
719086510771810304
2613143381
182987891
781924690742870017
2370627199
2717254872
3171607782
2863892975
790585145833037824
4819511843
788624401369620481
2948266492
316549023
788308045654818817
1555016514
722590585836601344
495064786
2816509608
1527698995
2425084086
1212674911
768880755338379264
752564868524498947
757969965664251904
765342999303905281
3259021708
764246518664691713
3199333562
254488281
935896338
2771627390
755434274338312192
2823030600
1590200418
761228021973983232
564194495
4018931069
362490733
4606700416
3392869457
2160960512
4871341389
949104806
753258080608129025
752829517832527872
4298182642
309062151
4775514539
1383192074
330463025
3351837647
3247906537
749143903148867584
746322829524742144
868405790
746116218625589249
3161066332
570619332
743606107709542400
742463318607187968
1101844790
742100641636581377
1620349561
834348637
739402443604267008
1577884938
731766054477795329
736310307065368576
4696787930
2243849711
720560397116379136
195675462
307436804
4614010693
730585291086516224
520012125
164455896
2844447768
720013441419894785
495857324
2563641951
4874962864
721777774470430721
4105820752
2218362936
29251649
4871270949
716605306567045121
4835043004
714456469106597888
33678061
380116806
712492744804016128
712196909289619456
712004848208760832
2995316997
163567156
1379320892
704389442195349504
706203228124352513
701083284797845504
152690861
700729485574938625
2910727983
2964923500
2199315318
213481095
383269821
4894532782
4144387762
2760104986
4881826018
4868888494
4868818011
2828017656
165384891
4714177393
4724404759
353669726
65196755
4800298147
2364371924
522588198
4093632922
276745323
1173041040
4710220900
2815824279
1621870316
2726317582
4700213072
1229360682
4559016929
4615842376
4590920481
1113007020
1686625064
1514947814
3614251755
2368513105
3610160956
3278157272
307121835
144280900
178424191
978562261
3324020228
1912161150
120767627
2934402328
4283800814
2245151299
4067123655
4028274015
2676684482
3190678942
3073720840
2312947424
4111024098
3307269185
3417965867
4046595316
3054308174
4019049580
2546579137
3663618620
2986369799
1539834504
3347576308
3825797717
3359577471
3480435442
3600484049
2896229988
3052432730
2829858136
2738350680
1361488345
2822299830
2778203134
131123638
3570304697
427637898
17798031
2229646347
2325647587
71894476
2359286758
3380103327
3438594585
3373162199
472167309
3308407988
3433598519
3307887570
852770456
1260272834
393547084
2981319903
152776037
2924137372
1021049185
376211514
1689226718
2187630678
3397898578
297101772
3381036545
3358520644
3323307057
3162332282
1035304411
2207350128
302259338
3241336743
44664093
2855111747
3295536506
3340221184
21255693
2801230835
3245282077
3389992523
3387741651
3256849874
3264870798
1206398228
191070354
2733576131
3266999666
387184971
239410315
164317546
2745832695
3046726313
1561485036
173958624
3318668782
2608540641
3342752183
2751177047
3337037897
3339613629
2762941073
1914224677
3159939716
2459185786
3313563646
3246431875
3325308202
3326595538
2151759504
3030544117
3281523075
261700523
1928774964
213145527
2728793870
2381078565
2996875952
237905490
3307906301
1201814792
2949631180
28409795
2440993722
2571376287
811367413
244673738
1155344414
2172370111
2743989035
2969151560
492387303
83665951
3181508368
3183648531
818284082
2790998143
339248279
1263512058
1702990830
3152524863
3027454175
19410376
1870179506
2961492760
2855148279
2894980119
2928714293
2513281102
2713216865
3057107017
3077766792
2579229090
1870183256
955782349
632376573
2369204977
478077040
2840907682
3073342530
558914178
341817807
3046125396
78756698
2279277314
1607408052
1599115616
2997773299
276639235
1283236010
204688509
2874256336
2626565741
2979779029
2980223764
2433534989
2278646035
552998440
1142626962
2788638552
2762189147
2278386754
2792399395
430786623
2471241905
2861240842
195890317
82089311
2841813135
44127714
2677811002
2748508107
2497207310
2368263690
2379645636
2728984610
1900988743
2258906171
2722960161
52140910
377925880
593106883
326911940
2220798456
2772098491
1357636646
865642141
2735690452
2741174369
2729423297
2575278114
2175835022
2602060316
2588120554
2720997443
2650549299
2335686535
1458073100
2684267749
2728709692
2674262916
2660522787
1572055706
558810910
2606421194
2416029174
1901546563
1589628800
1375736322
801311472
213478296
1345702333
