843040203589660672
292558545
898501744283369472
767751709795819520
1004742023650238465
79139638
264617262
3105758912
973970100
2988739693
4723615230
813514420194250752
2959301509
834076997017939969
936262912561127424
2974579650
2887042272
971352175807930368
1002736738819719168
541266048
2979210434
910372171557539840
4887982595
3302239551
714519128028135425
889868322325446656
943327082
2999185656
982905236023984130
828273389886320641
825596735049302016
885893383658496000
1571929459
906182716512641024
2831621868
781013689264644097
593733140
3091693961
971946239800438784
418542498
786959149191921664
703197918493159424
978330121344974848
2991948728
138349181
297832624
969983487515049984
3166430623
925099484
712574429507764224
3013224662
892813139774930944
602080126
719730722509074436
973573949308076041
954123651695067136
888949194529964032
984070620659855361
32789366
967822222453821442
227702046
937229512370040832
734555735414190080
986672944226193408
168423231
983057583308247040
190675651
912660149440880641
987997887740104705
450562512
2868790130
979989325352878080
1657777806
884444689868271617
980019032
4762164372
708220513856819200
982325954000269312
981937872348463104
850584049521311745
979949809829273600
16126957
780461398526525440
800661847657451522
961907869334454272
969885904759242752
807942222037430272
975908255191900161
971796702
959083145323687936
4461002713
905541757592408065
2585870372
976832153337155584
841856655499255808
973915267825741824
976117762719285253
939339174548709376
929643731757572096
890451575184834560
907345449744523264
745073201382776832
975452758227566592
954803955170603010
974671629337833472
967667571175522304
864502758992474113
833969381491216386
1526944488
3183279016
786846553
856108958594891777
17519978
2416167162
866337125708386304
16440797
948866217044946944
949401543136235526
162932814
247929314
941023238746005506
2385308456
4920237254
773830903
894514375918145536
863623076965109762
2900443512
903356859809120256
3116907227
951802835074609153
806413689846829061
1038722054
447389348
187870172
751662141409599489
838669299824771073
872420946530902016
3243793621
952585145311252480
929276884768104449
950838631639453700
960391254436532225
801991843202203648
959814289119850496
741600031040360448
3783880454
612560479
283352420
950431046973181952
944102397844099072
957627428532142085
3247057987
812082554
950263640254369792
129088279
2274318589
3319699640
924543259887595520
1226612670
935099962064384000
954547905695633408
941200860654092288
299526758
948940502589681664
868067155
923579568925151232
934200106391359488
951470712333598720
935751985445392384
951381889348124672
2510285629
724714254855753733
950643635267055618
488983046
3139583750
911906889931284480
943661058077597696
320020816
313326172
1850734495
774715168060080128
363534196
918902123320020992
755376305533652992
1535946163
946668247897608192
350815613
819195336753299456
781909840457240576
3607168214
898554320500686849
573605463
261538972
793512433360969729
755532417776181248
902785681277276160
753649828815630336
746883336723791872
836998625876033536
2754686065
729302100631556096
297533882
1378690970
140565292
941219749379284992
95395022
879930234996273152
236778700
122266310
3337339033
1885845650
3511516153
930529953694801921
891869915464032257
356668367
809041363245232131
781377338764210176
2785948591
780420828965900288
216473923
549236954
239579206
2851921002
150547372
2658233711
877476966642745344
931524637082578949
928977414583136257
927371826870677504
108552921
413827707
885730156953784321
3890613612
911653533912489984
845663873323585536
845862647912325121
925699179048984576
873247378471608320
2778386150
823306747
297262260
230370642
769579350
759568715809558528
86668260
842495892674543617
725863426325520384
884347899672379392
2962816722
3309492673
901058772344459264
916353507778740224
908830134119014400
2251949059
915115648518307840
914876453166096385
766227915382095872
842587476690534401
913314275598520320
913650102807314432
841302559272853506
4146478993
911203646502604800
716589985994919936
704692271480856576
374473736
2430621315
890729150620745728
907188922697924608
127802978
907782903706263552
908662195935895552
1333375202
868427799350059008
2955335610
2958267156
809985455349493764
3756899772
833607517
206709143
2763870427
905019079076876288
4837768754
902597535398731776
83661888
84769420
880086388565172224
3318782462
866096585414811648
901786973408378881
886220063476404224
4825481768
875299508657152001
2748612307
779210914151096322
718788409477566467
2462551770
800365147692765185
4656090192
151094410
2510486827
2288883354
4648737691
558813221
3017731684
772787590302806016
2900518230
869173422068084736
202662391
4183989160
797617932
2279112408
360820561
467907224
846091164251910144
841666702291025921
3245272664
896382980830015489
837149282658443264
707081500475334659
741920401089912834
276518882
816299307200434177
344398537
2308508863
248117831
558266243
2438289619
803095137450487808
3242330364
1372398145
811879987800178688
797414522634010624
187556835
127547891
2836578878
174545689
2799991847
128880310
890091391992434689
1943965094
2684274139
705852266780045312
101440985
2734333436
792995083888885760
764193044480393217
1100797128
995160158
185685294
883257643480924161
737639517964763138
2154279066
4661566584
3155236123
859962170506792964
798976890728026112
1878726534
3145522135
3269323531
228015851
264849256
747071588814708736
4405433357
3012845034
2463365226
794133358481551360
3104499198
522220946
1456465267
890363222204702720
169426453
353781773
143775506
2791073578
811122166565634049
709955874626863106
329703110
2366955384
891136791608082432
319731658
3281586122
993140653
722841145500262400
100442070
890448372372393984
161677073
861277230361489412
2463050941
889879273703489536
118728935
537328762
818260867582140417
806703614559485953
703931780542263296
831165706381045760
871974617979600896
3103204957
4246946474
888707936146472961
4167530172
3865203614
881530221861552128
874306815005147136
719761475770916864
884341848017223684
487266900
750209659324149760
2527558922
464720048
188929163
823770592692338688
874163406202433536
2607614155
705442880
824458689054511104
726554490866802688
861628417405407232
826234058233384960
842027438615875585
765147426969694209
3229679707
4576480098
745081790
1707200160
865636448652804096
742312112890871808
865205555794550784
781562882047619072
843656627920109568
83185208
862387042658861060
862200826437091328
766781551468085248
3110400816
849358062058131456
603832146
710558448216186880
97745693
265189401
178843270
857305145008242691
856918647733854208
854046101636173824
807903101625581568
821002638900662272
27033190
1239039098
4487709678
854751743510536195
854189647231975424
824543894675132417
69810625
2504639192
2884991393
152568046
221356983
2971471981
788250208912015360
168623290
743952527893241859
749505517203001348
425030617
3988135214
2938084849
703148582950440961
2436272108
4601437274
1466272657
848524646118969344
851464603334713344
2551356138
138244829
2563222286
2740030298
3304277822
2737070088
757541015888670720
2860095097
235569711
293910561
848624977108586496
2871189313
200730915
849466045589065729
1378732220
714072376783142913
202963259
805714543305314305
848034221209731073
2287041414
847354926279688192
844814401647489026
842017730911854592
841169196335603712
835478032856961026
836445614917349377
3870161174
790183175980851200
834031033787904001
832775170339151872
832225124694659073
830039429486030848
829695413439455233
825036788070703104
4924908493
698493497406418946
826884128943505410
2420139260
804311230013788160
824825198163619840
823261081518874628
2876518021
2490106183
4856944104
3041102664
3067233740
490953109
814459101258260480
821976368711811072
4441752132
791908090178252800
821921909923160065
768614397132414976
820631475464728576
778045086957379584
294449385
1680595464
709933406256115712
826881272
2519087826
355579434
3759865094
738363411386400768
815104108537389056
792654075015802884
813398152250200064
3192371947
812939315198054400
789692738115543040
539993193
768088275764457472
794018972161036288
810121145408028672
2256049002
2814397338
748513388037181440
2988287816
3184921320
727527480945299456
3538556892
804633586364084225
2331817417
799039679056134144
4064987605
3073195837
2862899653
747413005806108672
3034236086
757961208062353408
2387470824
797425689506893824
186879672
762032477300940800
780835761813790721
3002819270
736464112746536961
797417389973389312
249971143
762617761331748864
794811737648181248
411896335
3167644044
793325991712088064
2369899537
793099831644303360
865890061
2568624812
1704448370
1326293935
731210404496465920
780286253929422848
706324373402099712
768028922420137984
3167787781
2195871541
787293136104022016
786964724277575680
1513214916
1747428031
771724631883419648
2839107816
782225088468783105
2197575534
583974131
3325447556
1889418733
779173206900957184
777049702483144704
905254578
772822214961836032
4592280493
4635275246
2761222720
739706747552595968
764786904105713664
2599857716
3250163934
2960535684
3025062612
3300535646
235927857
945820136
2610938700
2923451761
3277206078
1490360690
767006295677292544
765539290050727936
2948687737
739033574699999232
751050714714148864
763952811767836675
761561326783074304
1948972255
2347238568
761970152439099393
761560532339990528
4459856660
701737131450847232
759757246888673280
704297667975782401
759006605803294720
3230819929
2904058722
3232716930
756810072957693952
3261585864
756770479419949056
184655711
2705708269
138720887
247749561
755623702117646336
4900956961
755009866536669184
1021958575
2993372048
3317918372
2902628316
2893848662
3856764612
196080208
2900410394
754034968444047360
488380231
125845334
739537415094730752
4788680594
752498947059388417
752432946565353472
313241828
3242320548
2342288952
3380037372
3117845033
3723076153
808550803
1604299765
4842271407
747508849704321025
746741460897173504
733304391571116032
738179414
740252801696075776
272925280
709700064352964608
235849244
704706773907693568
823554594
4770807786
3149184938
743466621201571840
2543909330
3175918554
1334806249
566230850
2776139150
741854869468774400
284645616
740574035583475712
740442654538932227
1262149237
738015625826729984
735684844223483908
628608884
3061410860
2571161912
718004656169885696
731742134097694720
2366719228
3299900309
1056027253
554897984
3823776866
706690562838036480
387689271
707450367093645312
3274046628
4897763542
2568264049
85083414
3235195303
3066788366
4876109248
363665525
3326229049
2649947426
702856844956438529
729155350562115584
3019489316
726366351061733376
938323657
719920078762962945
725228460789092352
2814375560
2387921419
711295467892572160
725021104738340864
4708511108
2823425983
715650711539687424
218556442
962358415
4179905484
723912273467572225
4778969148
2976240866
719732483978313729
721689124512477184
721546850528940032
2156177574
708099425038520321
509429931
270952718
39345210
4840265917
711730568463921152
4787312114
4906284852
4825408166
4803370992
4654611199
3064312755
4126238718
4014568814
3949025057
3929426961
3743001914
3649631352
3647977888
3163528418
2535322248
601636114
3261647280
3284269290
3306119257
3034521822
3310623061
1396173540
3593434281
3601779269
3623527935
3416498900
3262636602
2938424330
3178862910
3064650007
3196852921
3194382457
3177395976
3194695890
2920890966
2909628276
3020378827
2879321328
3005736890
3141742736
2368544616
2376436164
3109022064
2521661384
2918287752
138005802
424139317
2638945670
3184591674
3184361809
2913193561
2836518402
3182222466
3182633017
2999135036
2235278310
3125266196
3075218820
1896247700
2962912802
3177775424
2336143885
2524835412
3172310822
2335118394
2182426542
3166421640
2906632812
2299370227
2870000958
2835226274
103809070
1735080661
3168438236
2982048482
3065699623
3075603427
3020325350
1362035131
2377255716
3162874519
2880328873
2744851016
438097407
324238843
2990058500
562800756
765174529
3097462746
1168806500
3138490766
2418350317
1479775286
2301111750
3147906480
3146286566
3140306821
3014062674
384934683
2893893007
254082899
564603229
1612734470
233908327
2792414929
3125438410
80811893
292827249
3138857173
870087630
3138697698
2262447085
3138481501
2426037187
731147978
3131562706
1647426866
3123991904
3131041428
2996688054
3131407892
186432779
3129736838
3129614928
3030913134
3126450294
388948207
1652922524
84755619
3041021978
3018391622
2228307966
3116016426
1916344040
3099232137
3010645421
2950377475
3112474926
2864428860
1960389601
2913947185
3088264453
2241496854
2860799437
3115593585
1204652839
3068508133
3116737216
2199829404
383787040
2745087270
3080358320
2873688156
3114764458
1215279212
2862677647
1414653055
3072308550
3097780200
1023315566
3096099534
3072449114
3104965891
430526605
3098696904
53035004
2389024723
3061070461
2843661283
1662413030
936488834
389349769
247628698
2156253805
103291357
2915209656
3099373555
2363736799
95840840
1959225146
3050003455
2659196323
2888576683
3077351185
2838333920
390028239
3074432198
2201501539
2403545472
1578535855
1062948535
3099678312
3099287874
227680384
2700816438
2982528488
2987294497
1882814575
542505247
2860573692
389431369
2577750104
2927335591
279533448
2353369718
882240110
3093390636
2285117214
2933729510
2550543523
2923014612
3090142339
552434114
3089909186
456607755
1721281128
3011885010
3084240672
3084440334
3083700510
1099995607
2755187149
2971151174
2995973780
3087795399
3081543324
2813118055
2850867912
2518055497
944866519
3013030560
2852197195
3075126150
2428579549
2712013274
546051677
3034375418
3077398075
3012532404
197433558
736405008
2451406063
3032895576
2930239686
444395116
1307676080
346488767
79950119
3075476220
3074531334
3012283172
2436641366
2458282106
3074919768
3070950463
3063292938
3075520741
584933254
147849505
104773184
2538884611
2998496940
3075260366
2582451248
1695692360
403966048
2669470568
3044027462
2397948656
1603363939
242848982
479508684
2887318844
2377146464
2433436676
2920612032
731911016
2593047702
524467447
2711197514
3073313466
2359090490
3073718616
1536819086
88138042
1262354520
1949418661
3011142998
2883577285
403831279
3073124328
3073124802
1338540434
2855037932
331484405
169940516
152972142
2401604142
2895391350
2904340932
2959846664
3064088780
2231452448
427372985
2731505240
403405770
389848218
2276292912
2358917130
2467271152
2903178816
332526269
1207838952
2988570608
2328674400
3059000648
1318607940
2997163591
136236650
480359540
1320668292
3018767575
1844882412
249143318
3016559496
3011776878
297527117
2166642242
995392884
2594235614
344029226
511124030
3018724634
261549932
2819777022
3045785509
3038809992
2656713414
285186468
2561664630
3044061926
2908997256
3042633703
3041470866
2662130474
2709002773
3039111828
2495968176
2989017448
2966161758
442641636
523933775
520185983
2890651290
493146051
1110791245
3019677656
886348441
3013254386
3019484767
3019403792
463729512
2704370598
3012532219
2581451052
2857727197
232840451
3016607168
1237862184
570632905
452051373
2476678752
2346908671
2986449204
2886501859
2367128473
3004686906
3005835349
508707254
3005873209
3004978093
2994110455
367885578
2309677466
2985871609
2971707612
2862713521
2988506973
1001484962
2921765917
2721370818
1024261075
2897415450
2769778825
2471835194
2953995559
2978398434
2233322833
2383658011
1451390954
2966567674
2825743128
2809623758
2949215952
625535163
2857801064
1450525706
2953536788
570943412
2953049088
2936967392
2305995624
2876833596
2950203578
2837691175
2949764941
2944906819
2945230554
2944784024
446136196
2430098053
2939357766
864457920
2864254898
250507366
2935957586
1601671837
2931018338
2882851555
2882809448
2880913010
2880907790
2883352086
2881967791
2881948244
1672557518
559435460
2928017576
430796517
185599390
2918538252
2923721875
2203038457
2454051295
2916432260
2918533496
2370582698
2347864436
2262266178
2411270335
617925205
2910979526
2772375630
2910133214
2433084024
2877363785
2907721435
2795138041
2854330297
311946784
1083091104
2786107880
2848865058
2402842736
2566877221
2898721939
2890818404
2893085833
2485063345
2887896036
2721309630
2848457575
1635558668
2185382546
2886256027
2276135569
2254873926
2594444286
2600186028
2883297140
2472406296
2262828734
326244321
2197386488
2370238974
2340098658
2875084956
2543582642
2874666715
1893480608
2868914552
1285650678
2204721310
1205017548
2855586662
2864580852
2447307230
2862344634
2636356123
2861582580
2808184458
2859743479
2467303602
552720914
2547148074
2858111383
2284424036
2357529463
2855095980
2585578560
180324232
554393414
2847305881
345258950
546086295
2268219452
2662047906
195301573
558502225
1033837698
2360969214
608936324
2353411494
2853961357
2650735586
2853745417
2853246079
2853311485
310769994
2805733489
2574938720
2852777244
2757802321
539254001
2842483826
712729453
151407506
2758324412
2851653511
2585540575
2568672788
2415461616
1214339592
179086961
2469251545
1365409104
1351234652
2846623159
2821261465
1634698489
2748748825
1043778564
2838826554
292238364
571520704
2794363277
2343518454
2179819178
2520193543
2793241751
2793260614
2833504165
2833397382
2831574578
1958178408
2553787598
2825635146
2774023835
2823663524
2780836454
2537163110
2819413531
2819631690
2818630801
2778713365
2766211363
2812574629
2804948294
2810972478
2758368995
2366771462
976612034
284898585
1453199052
190611703
2791492814
2289469272
1385965807
629112592
222733190
2797890948
2797286695
2795238816
1237627916
765658393
2758820729
2681577906
2525888802
2401440097
2780552713
2779148540
1707180764
2772460886
297867164
1863503844
2328110221
1407528643
2538935918
2691279812
2578861428
1165050326
366023406
332083004
1100860916
2744694234
1591320110
2738975810
584774498
2728663387
2565980504
2717219989
300205602
2725836871
1020067992
2710311229
2717074334
2716064324
1640231706
2285363156
1538020118
1946418186
362889843
2578676412
855733982
837824468
134499673
2287388228
2455091413
2685866660
1964171178
1979216904
2186099570
799394118
1219684369
2460925556
2288183821
2210625156
2589427273
2455274461
478605510
2665684644
2665323151
2441824352
291600610
1492668912
2662278043
2662694594
2532133976
2657196013
1146712640
2654922870
2566997551
2402887638
2237666240
2643449978
175362457
2317271364
2416976101
2570685666
434137800
2615589169
2615609732
2320599024
297799787
2545734733
2366933191
1416857780
2383489710
498561472
596230150
763103118
1420673257
2191957321
391399639
2592244478
516392955
2589690542
2584194799
2386760958
380695714
2384676446
2485269764
308391005
416941235
2566843148
588373464
2566555411
2563574659
325607096
936973908
2551910863
2350016706
894709502
2515309117
318237160
261980350
1964108466
752266008
102617602
241866909
1154334360
344439840
2183313926
1326538028
2527501154
1944461132
146037616
2522199326
2522399658
2510013450
2520645948
2520660134
602689655
775967232
190266147
2477081484
2420665171
2435375449
2433670819
2554283326
1560280872
2483281116
608811341
1675359300
925632114
2469048602
1729009164
1341606938
960780636
2469990816
1971350652
2419106384
1102997742
1438716512
2481467324
2364215264
2321057071
2468946338
2466445074
2257129705
612677490
2232693842
2280663194
2470648434
1682228634
2438208331
353021670
1927225723
2466279001
1936919305
590665220
2325608562
2241379299
1701773624
2464486033
1135389698
2427073616
1511976024
2420528684
1548940700
1486511736
532108808
536892598
291188407
1094300202
2211970489
2451513787
265356675
2446492274
2441743171
1407051380
86458581
732355423
2261083424
2439589369
921463034
1013158994
1358542196
2450744138
2169984722
2321547270
2428181972
2445069390
2373706657
2280603452
1693333766
605993132
1945556431
78821604
397071664
1740219234
813462438
332288284
2430308240
2433762097
2433698035
602671389
2428948597
2180172758
2431986726
413014507
262020671
2395784054
2401903860
1916474046
846785731
2368259432
2420798286
2424577081
1663000279
359179008
2226210734
2364304824
2418859831
76280887
2418516265
1956644976
1676220582
2273156594
584832876
1204106311
256488972
2415620899
2415603554
2399763710
2292765422
337565852
2413027488
1922983580
1665323120
1562108376
212159497
2263081812
803987154
2234957695
1914751224
2380145490
2235628669
2397799735
332036960
1337059896
2394293076
2382215623
544994115
2368654722
2196016572
554712209
1951906135
1657621447
2280024026
2381827614
268323479
2330497441
745038570
1318426266
2374198435
1334177424
1558002865
2368362444
2373147462
2278784838
402492885
2238771506
2346666974
2204082308
1583093330
2365627718
1977295814
2237442414
2229858421
2251631466
2361250501
986267778
943227493
2172097736
892172418
2355876499
2354751906
538305162
2237724992
593395658
2278770385
593839957
542545081
1368931016
1937845999
291592342
627437598
396397473
1282408147
1660393170
2323537789
2240600220
365988144
216969889
2335887206
2322345420
320177261
2329929176
1257052194
2317220953
1389170084
2288320190
2288208662
2306530218
1142583943
132368842
2322477655
306324504
1902745736
2322216896
1166183953
2245109888
1966892240
2252798256
2223372984
2311577760
1859440010
2297413586
1307736896
1959685164
295136400
556882912
1346669354
2272813471
324738497
1888379502
1667235067
2279057430
2299581564
2276162341
472892582
1358841126
2168441576
2254622378
609034736
2240523816
2292735962
1079865276
2178715552
1122005761
2283055872
2238006997
350118865
365084284
2282327976
2210173772
1239041048
499677742
2209158486
2271844178
2283089648
2282832673
2281636980
2280338864
1542450854
2247261684
2148895848
2168475606
2200657200
2276413430
2222650942
2206124083
2275855945
2275416848
2177418907
539078758
99948248
2271620623
1419592950
1617721770
1243023962
587244856
488177548
2263888380
788835852
1948395972
1540989823
561300716
524964733
1903956043
1300549598
186397398
361163577
2256055212
1946702359
2255813269
2168611922
2255012628
709904204
2251793016
217807745
292807928
1404694110
294579278
2224969176
406909988
2212163376
572587791
1402543081
2233174350
2184383550
1978680493
142272770
1971582582
157298524
2180067235
2225708701
462002487
2234702480
259609243
777801986
326161303
1960270412
266142716
550961043
1410191984
241746488
1201362204
154404540
829365949
1490289126
268728965
171471661
1916312647
2185976870
840171487
265403546
478469597
1586090394
2179802924
136150055
733927944
1680415249
395891461
2197155703
953296622
1704287257
1404823634
1946584868
2191268485
283540051
2148348378
1106051683
2172250278
545032203
2164755614
1079298787
2166750624
1978603952
2184119095
2183470897
511966093
1685856270
1084929512
2181427356
2175986984
1897901232
1709966936
1953733128
1892514066
1677839551
2168515511
2163400381
2172278424
523516417
1860209618
1912815392
2170310360
453698477
47957527
871022214
2155292047
437505504
1598160230
557631500
343369676
2161002852
1882170331
555005202
780500767
374307273
1710139459
2155121586
383039374
2155177226
1863416257
2154801991
1644340927
624612442
347190409
771031873
1677125179
2153119842
2151342553
1641806708
1380177115
1197303463
1648131361
1346324828
542003604
1240353830
1978873532
866068694
1705627190
554138733
1863098334
1570671452
361874598
1572907604
555953966
1670418823
255095837
1589776998
135413705
1409317190
1943394614
476624531
777970243
1965115874
1431526460
381483901
315054165
343670995
1973651142
784230144
322653882
1245122125
286726700
148220842
475585534
1948745382
439709268
300834621
555046175
245194940
382969287
1962624313
178346633
541427907
359728332
1714912489
1028423515
574162915
636149919
1920196608
597435455
1964498466
1962985549
1962263510
278492701
1956554760
1438113054
1883197621
194874408
1364193908
1479936710
310920687
823402741
1607891365
1941446726
906166494
993169802
1429393856
104427848
1001490253
263147543
433171736
1944410887
1495519123
424311665
1943195940
789308664
285110683
1903989360
1913809183
462501923
271976647
86045694
923301686
379773646
292738089
1247671807
577122836
326067617
1277700042
303718666
810145477
1929887797
912246618
1889759324
270782944
122599008
388786154
108852317
269758511
955082215
203432926
1884865950
511751013
1922347248
300830957
150221448
1868661638
240219667
1668334315
1411846458
1865982332
1667605848
374329624
1678474723
1482298489
359359580
1672287474
714130735
1224463477
1914697602
1913787452
1893431348
1702245097
1615370628
298890305
1673013451
1588469683
559263169
1908273834
850542284
1490721800
155193153
480377436
1622429460
1898243971
1650297433
1896358597
109274193
448522079
1567135202
1892846502
1870120424
367572845
1810321038
211792633
1879250604
1722095906
928991640
808775784
1734819451
743025086
1482761258
1866980868
1101262758
1851351662
121457014
1028744898
1466913362
1338216012
1857482414
1598523324
913803283
293973800
1226537041
1702215276
598223016
1473074922
841632193
260733037
1728986443
1351887384
1727734424
1681116565
351640325
356810521
1705275248
1720403725
1364346194
441521845
466293285
1590213511
1721701134
1666731174
1470089490
1724581651
1701025831
1524660084
748919005
628974245
1595169385
512127484
1723678664
329452355
385293361
556041158
1701715933
1429876916
1540832942
1688222904
1061970355
1656558666
856838712
1698383046
579642134
1426807320
1683619945
1725176664
1537660572
1417745366
68942993
1417608595
1702346726
259682573
537052664
1714310418
546503818
355383494
1657365636
233390687
1467281593
517268808
1699252603
1709496631
78422669
622921298
469278594
1108688053
1189385822
702901777
1384471758
1679837948
171530388
1693571712
616225664
269211098
781588892
804514267
1685269542
231026803
1683471260
1644400640
1612075800
269781002
1059129031
1629808958
1680445513
1612853671
1680207848
1680225684
1680251852
1615258800
1680098336
1644342654
1458333152
1679879173
1664485398
1678075884
1491588859
1677930024
1677194210
1121979098
1673819982
104164136
1326429152
1141980518
1157132184
1664946469
1107631165
86492340
446017406
1401686016
736264147
1658041884
79403049
905483934
1603899547
1612692006
1664886372
624517875
1469701184
531963322
548380662
1591049347
142964981
304435872
269184081
1084738728
561783713
623530503
1644472027
395895224
1650107076
1647586232
1396241611
1645703726
1645664594
1645508628
1645367695
1610045286
1048277191
1001159947
249620679
377208511
1640308034
1642215667
1158990204
454628241
1121475810
362298350
1630726387
1406850410
119407661
600103563
289806581
1540067534
142578253
1299776125
1614595748
418039885
532097317
359389568
1612697083
1034420090
1374503467
600027950
1318624015
1349189406
1381401710
556698756
363534730
463382162
1410157532
525378146
403439831
555907389
1612781348
596892532
469243695
1610997253
1084193756
1144391990
1612442670
1607762857
285004924
240644089
1598504660
1609612399
1609289148
187465001
1606131822
1606173272
1605966020
1095321547
1242058382
251552623
1592568024
1568194514
1574280636
383200515
1140332928
1539950545
1573171730
1519647752
1571077676
757250965
526157692
471505620
331159057
1291472484
68655360
1169058901
166064934
374913815
750303739
1554379111
372735675
1361006922
1097039700
1327003998
1543185313
450352278
884048498
471702208
277025797
1321548979
1410490477
1275764898
1295446753
1538161532
1386671479
1479574784
1170648894
573382447
1035133705
852934932
1521269958
909706650
1036141549
1453934947
284965618
1498279957
1495824584
1494657114
1297930508
1228926763
1494843673
736143782
128811930
104817862
188636858
543427316
384810856
873466082
1428302228
888667208
1468721580
1284993469
569144865
835245552
1065165704
1341350586
951801565
327804900
194462400
1461799698
1448569525
233907503
1399128680
895146824
376042271
123758063
1081592052
188706928
495846395
428368702
1453646701
453956844
1453178520
795887275
382701434
1071156546
414809963
836771593
510267711
618625830
368919168
303169029
101276216
459295269
1438759795
219304272
536052440
1058164615
1407671126
1313418578
532227355
1292143370
905363976
70627483
1372867520
593808225
1420690158
427412697
1417199388
257347649
248196327
355791805
526366517
1167694825
1411811646
1379257022
1410052230
312537500
1367481799
611672816
609962729
1012708668
557688276
1396741525
1399931047
1397427895
1374674096
1378824468
454814853
1397017446
161301893
1290570463
1394316829
210787539
380349598
223808829
584955028
1390749925
864169933
1344284706
1377518666
1387306974
260289585
313094974
393878237
579749480
1384609207
1089055754
1079342430
298349517
955390206
1377407762
1348420537
1376496966
611729086
616096289
1326098420
1267225771
406998997
1100349276
841671806
501802026
1178822845
1150737091
1289058572
1366717692
629106888
111766976
282927309
825199218
1366722679
1366717255
633770107
752242387
124773651
855697358
167811919
969524647
1341207804
1290896833
1142337854
1359034092
215196229
1092015679
266682795
185600803
1359103166
1325820446
342540536
187404560
1061887472
340883192
595268013
598383896
145612033
265294494
118028402
845330862
1358920760
931948176
1358405035
264807921
1062469308
1271972749
89934316
359309950
1353238232
566006401
356118736
388786383
482075688
320791784
1344224683
602751730
1352461524
1165215546
1353350306
117840207
433911555
720058718
470074884
1285226557
983560968
330173997
588801496
1291922809
527401432
866015342
1039132099
880008404
1333630340
1346754200
1344096744
163076308
532863190
1145647346
545903544
307197827
206785950
399212001
895531712
289808357
496974870
423161757
309667711
1285080740
924687840
905171814
1042546087
419373971
1338635460
1251229813
110596487
265519787
843602078
862467062
749618718
1342078382
1342136456
765091555
1004024023
1285611354
229403937
1341477950
264127693
554390789
595596901
536378747
409710561
422400955
178608841
278448635
634650815
501668385
275996803
716017344
376737399
845574859
891731912
974413669
1263422268
194179338
84789118
1145331829
389960008
740387724
1012520515
1332861092
1295761135
264787142
343874421
843366512
103831542
872997175
197998633
446221123
1062204854
400102424
362567889
220997933
94523543
861223274
551269920
1014936510
1034027971
1118615172
1082965082
190152690
571023410
1013538734
482978035
535034017
209556901
455751342
1019953567
138983767
1290657756
225313352
1321716061
1082826504
773348311
495537856
146763815
598425518
262682346
1157321252
984255308
1112077304
392015463
361795041
1285698864
277283377
1290776221
590438284
410750427
1290605390
1238383520
1288999814
1312970185
1156946401
1310775792
574329294
821392836
445964698
1209788467
1309634412
871894496
482559910
1271277002
1275666318
526587521
313877304
560949630
255998313
604441840
381983168
1291124990
297496715
810157699
204204576
632366667
810459920
288947177
552068022
1291347673
404673973
327835327
611727304
420239728
847347456
1288732812
489549263
178293136
1223386705
123578887
390015696
720127902
590710874
1290529232
293788762
1229400806
1085140538
1297829226
254935093
464658984
729534440
1029305407
181459267
310209356
1282205652
556849799
376065898
1268857142
1134260084
300701438
568276455
471955347
1133239092
1269415429
451339467
1151186340
251468251
413809761
953556038
482630725
283824754
561276130
1291365600
370706959
577436589
1285829797
980539656
379102514
710676620
720010772
544439999
180765951
134156870
621103606
557609713
189484248
240646198
394616955
1233121681
1139552202
313835606
277898916
605344965
196992441
229081452
66664787
223895242
528637167
295705148
1205966396
1063554888
1157513443
280078060
112919948
1174888268
1127593399
