1003702143881056256
872901047345455105
16807883
953343599864942592
297004600
985499480752566272
960258463682228225
132815368
77256434
307115239
589576842
28242769
2203306360
729596280
749423473
65691824
113047940
131204770
766275889952874497
731010121
373116060
148376661
133456403
158635573
293120622
975124734160457728
4046605816
211902730
2230453926
113510635
15092690
36771809
38516217
19291517
3313884049
895378260032409600
3026474059
920296205049126913
900010357082771457
834430643706667008
900072020058177537
2388242082
907807867062898688
930556106740465664
887367945957060608
747497406
344420656
2710682851
744556026322530304
176582536
2934097710
199814759
2863989681
892850708831186944
946788800960876544
745747015
742455393033424896
2706550482
933317821
372908442
4668290287
2895951606
3461459195
739168826
144976142
75022494
314781678
2349405138
337368982
2238280844
105935816
309724771
188792423
19980084
38469891
176861338
335341753
21835599
17532255
46845373
3313863373
3831871032
764622538525683713
898265084279095296
170384739
818910970567344128
825847886
3009678612
76642870
915406758595694598
1135000322
3272663833
2436079622
3699355996
890221718056390657
742006554
1144115760
2371237358
4879823205
53068215
146574543
77111486
3044595243
3251185070
748808151571402753
728980872553095169
2906428676
2201499704
394444791
431098285
4330668382
893229843504144384
278247505
141290360
215175325
2912387384
487807737
526501968
1489504159
3258796104
189227827
217166481
482632535
25221215
291949094
82359475
917453523549347840
865719728
2915992008
876221372959080448
55325603
3695588594
802410819019542528
324161982
884211549681930240
2499173431
2205724218
631615460
2394300935
2583222079
21606498
314767063
1395408385
2317917996
847096008223842308
3616891038
834846137148379138
817026641935421441
2663896099
3273105979
1510436522
206707349
3554414172
2860261920
895742852034043904
2168792233
468511056
757749420058218496
2466248233
589945945
2838179512
81854851
1599121051
479055813
2735132424
891755217695506432
14277801
2512769192
796063409959792640
365247075
723187723180363776
2780767042
1725141073
2802802969
102795582
29112876
2381518728
2374286618
24076875
2557008512
905084921189978112
15996671
1007529816
746787344456376320
47222907
316700142
3302099616
884110003996643328
23385903
890981269030531074
1614207108
854000708449906688
3008400534
3011467914
851809040934064128
3113546484
871730615053201410
871835120889729024
852347427399114752
849756503234011137
2602051273
718133895384858626
108202076
90959399
3654766514
1205432281
823535108737089539
738906059939577856
547302959
1508501970
539604338
2417671674
2393393444
790230144
519969335
2326144195
62333195
862302652243349504
872576053
2488132674
3075458592
817849161840205826
2954922547
1428691806
1428755371
4497901392
1428710712
1428719406
1428654840
1428669836
1428770959
1428753692
1428755743
1428726954
1428676405
930963686
1428705150
1428684715
310393584
3182030658
88844892
386317175
234163069
29205280
3270395611
108349924
70610448
2886051695
16412461
707392898
3027037134
3252935682
17330106
1005007872
569522091
3040420436
20526913
40530469
612681759
124561405
560583964
151601332
41350307
24022800
73994904
1059086348
730497080880308224
831529633401155584
747582359239688192
720749707643891713
715599128084873216
735259365918265344
826864060901781504
790010987034271744
4586514013
4850118194
817040607344467968
85232092
41404125
867756618758402048
775082681608482816
762506738373308416
738023446114750464
108742237
55600655
27885248
2328251450
2951738141
1132786460
353937461
31969340
785699288
52716186
804052268345683968
710467061617524736
49706919
26812707
353441106
29289157
253142088
761637734251241472
113799834
702563621461585920
837363318004277248
14620190
4294445714
826426034388074496
1132160492
69084023
47116723
185068230
2588167693
482112610
161745503
120221985
40603637
16397030
21217428
2890865972
13218102
19865317
728405095184896002
230861924
92922276
368656383
71313795
283551692
16556528
781935268806791168
1359735804
214924095
20489481
86965788
3648285691
1321053890
18222861
761842050
18726942
24637069
2932615572
434998702
1963156225
3272287644
780799836454912001
2553503342
2322565340
518792527
826093318878670848
169211328
822215679726100480
728263582069100544
20733972
1180379185
22203756
906382256
27708336
15898172
3229083634
256221222
67039524
806373248
41139093
44364468
728995959464595456
81969056
811001785192095744
14802044
778929750
3075720697
761012165201371136
15937025
430014539
169232972
39834613
2598233006
2846780049
62650969
137380783
2833013018
4552468843
459404086
1915434397
774199950
850341738
724643752124407808
46772966
160411359
2960900000
784101910269743104
18326035
18537577
743131739258687488
22331629
1128707652
17582355
814646207142391809
2914319644
1728327822
18648926
753616329396002816
3488633414
110468303
24563107
746847736931090432
613165665
756839372456996864
30517674
884266790
23007463
3171402258
15774139
549726451
390121458
193415246
82185156
2353670443
2437471321
91460306
2817291937
44935627
4400474973
34043440
85844559
118108417
374812763
3256455825
2411924636
71654442
23841398
740232852768325632
728684762345308160
22228476
3407152394
50514135
2610494978
871955172
26319388
4118984359
4700483054
710448372507774976
944793337
2312692662
1327715174
2170645315
2471502392
2317747052
3202350124
1223166235
2976976145
806130912417218560
62048982
25429371
236534618
2478604837
889115678
2317860066
3142740787
794654432004861952
18691328
796027516439986176
2438679133
20291394
1249997137
21019028
14348877
821929309
143557803
135738956
1144457478
52884959
36391088
118786165
25073877
51241574
759251
15754281
32399563
15012352
21803333
25334900
317865604
942715843
720838393525997569
50671851
726721429
2864178189
69135352
2281114561
720651184223219712
2250839670
219031756
776126942
36770485
493721146
342261049
3311589631
89447848
110619077
108377340
18867844
92057831
18043682
2361919478
850087356
3106949593
22992798
41371217
65079153
216557862
202440972
490796708
607721548
2899474292
3289069146
3676318336
4854762813
756510955706601472
15945341
399148260
241221869
16046063
78161907
29549839
365617235
2801780500
587761445
74541780
15356978
1329519510
32882864
59808627
94248429
754012074246746113
716463324
43275163
19994074
752354551169216512
607412265
180815351
2359926157
369245377
115749048
755393285380800513
2904581336
4854574032
222590451
464777626
866649728
63602471
3236243105
138885584
71376148
4534441006
4100339500
43347380
230522927
1952217013
730510651450232832
289870616
1206500209
2765093992
498765811
292384505
709425250195275777
634499903
36437558
2478692960
738731305366519808
2244121891
31251306
565190541
174801091
26446477
1511628984
2719994462
1446616722
2749671046
18149266
29567810
16955528
20333097
24256440
3192532759
3596287033
86690106
93969270
25267500
4690615086
1265726480
22642788
151106990
21114659
54311364
272019676
17469492
22545453
4196496673
30059550
16337374
2670685315
39344610
41679815
2346623826
18479513
2669930280
861675181
11348282
3290070855
2905902525
855616964
733074835
4229444733
45458477
3100292378
704731479226454016
730117580833181697
52777855
2349009325
17982071
78372454
951102264
14236327
402718868
1345577898
1368509196
711236893506150400
713118570834751488
471450373
831568412
6744892
23074218
2551953396
1393590168
184517281
325897055
29304837
19598173
545096776
705160177356394496
462146304
231585241
2472617934
1193400169
242303200
34993268
9624742
822215673812119553
30313925
610381319
705502541706956800
68431673
2858256342
66369181
54885400
19611483
10126672
866504532
89877474
15830500
5120691
153929488
16248319
17131852
8775672
4859158104
1202133014
4567972572
82509100
695010160733851650
3314481890
711994908832182272
705060238592864257
726359707
711990107134255104
38372818
15407874
2842654620
178074313
52097913
70079259
309967289
384036437
178026668
450430690
701505821117550592
16353511
706636273360842753
52512956
19685086
20610973
31537605
2991798768
703288723002101760
4746276801
3245369137
133990365
95973441
1190881465
40240239
33688679
47013408
19581856
24844477
270060679
1027242872
14293310
17021245
38876540
65065501
20521159
589123768
4749098917
369031482
376953437
595627468
774697885
19944864
323593901
4864830835
122499038
19599449
234009796
61965979
450764009
3450904574
19654634
490036238
1546599222
1088815082
2279309264
18735716
2499362929
1129349660
1657913060
16713771
3217404384
260075421
63782679
94654133
298072383
202409095
755566663
599490200
4133427144
18625280
9117182
497878980
15812944
47613010
47613516
1268253314
47650993
36710073
2350232670
2550336428
702238774416138241
183654975
266338493
450064632
889463804
1183762604
1361916547
1732578464
3321362862
3141377661
43395268
34363347
21410529
17486040
385646981
3640908798
3311262409
4001925079
3236231863
1516815625
3697713492
2999922391
346996240
288927311
4120556734
26043414
415041231
2211598359
497098229
24391311
309699540
77215070
354956533
48834856
399409061
114567383
1330008168
3077346006
4860862068
516019589
426667270
16228479
36065771
17219108
17294593
23108081
3001472331
2561597334
20641950
17343496
2876925546
2759905466
29755434
43351561
29098984
1538907775
25374329
2839269836
537555810
537472832
2578974150
26565487
26179996
3249094525
537478538
252409940
532562634
16994412
516680315
539685558
41730167
176523273
1490672281
4050806538
1468518684
190253003
3058537242
608375125
1633574952
1711019281
1129227278
3261384680
3020570269
790190905
29007337
868849578
2161428902
153596475
1701017059
934620134
17070745
3305233796
2770613138
3270955969
2761378794
36399036
1962710672
776452160
2774013242
2296245282
2749675467
1860765572
2761422079
588643237
16324767
291888539
510665427
15021918
745369033
16365305
403859674
900441294
71421886
142448676
369066999
139391072
143580061
619504886
1407164875
18314321
20165474
20642560
23631462
29975548
29976734
34065272
232606648
177942144
268958079
432685318
586549017
806297222
1630864632
1729608512
37987388
38298842
44513878
66726759
118100309
125196011
173979969
219522437
243949383
325328455
353344607
384259979
405791018
481735007
529618280
537330746
575424524
1375252808
4259672055
804875185
2770638601
2749726246
36460096
352355133
3009426163
3794863392
38581957
2798520408
1736045779
128593695
55965131
519844685
13408032
518071987
553896652
18946160
34172529
1784269033
743749861
784688125
36418595
3164500022
2521017726
2573446417
67373092
34605824
17983739
19931057
718028420
570651768
59984883
128594040
408845142
2966739375
2348733576
2350841119
567307626
270371400
31532020
169534973
403004561
281774134
22012474
537787984
237584919
224085584
33915089
45672770
127106048
127976956
441416357
1707249410
868205203
1707220956
1129269186
1666073089
358973069
1534855483
1670815003
1338092144
194636292
745483976
1665867138
222518930
443076127
190679733
93723461
78728861
571200736
286209959
143206267
1071205484
197126134
104691452
1413854815
494342350
1259649614
26819287
1209219374
1964883842
47174858
2657294407
455183307
581289197
3309103381
16738211
24008938
25246168
125854580
1304378119
1568841228
2968687187
2836698072
1675829540
802926806
1531679233
1675773866
2420866128
769875793
1411063345
38087257
82118597
1650633973
745533966
2493548479
1666089818
3541320615
2687811476
3301001154
1665945434
352684187
2784699864
355243825
3046980990
239114176
30353020
142122775
1134995342
2668209018
2767527228
475549260
16164520
14430570
48054535
70433441
452885596
2407147844
2858399759
90651198
57430991
3321469800
247003055
38457316
745713481
377983019
25380951
3321653292
3271258616
2196664897
56539746
2744545754
545401179
1862012424
123259420
1270858314
27557391
2839204152
426330720
3146571482
3969482418
563209123
2815097618
987866102
2274659425
54244429
2548255188
1547365574
3161401194
1270721005
211330781
7998482
67327726
2698293145
3320003042
2279369412
3313505497
195959366
250373881
21681351
43679377
700077252
845706414
108849858
2775624699
512403075
762573696
403503621
381533090
18174031
10878852
112014216
132730247
21770092
2349075092
2890122320
2339373960
1623030984
1134995366
253596327
1219525158
2279406050
2861519343
2260718569
2279620862
1732526263
3016854522
76634228
52246666
18161602
1015927656
425189805
3796665194
78612704
57970178
2205051914
40344552
3077402358
21241131
1729657387
234439743
37893465
33750647
20521987
18517380
39816538
20494730
22188774
39582758
2485870735
18943413
396789521
183871337
39581440
3760006638
2971986082
2350827482
3330470893
2917951167
3349101392
2277311754
3328969070
2968665772
4275120734
3299708984
3185261785
3167818476
731974652
2958529515
6690362
21963179
2388092455
43159584
3663792136
86773118
96564060
1339732182
252410388
50464362
63851406
63829781
49716013
17288150
24252924
141010019
27099407
22694251
78087055
66967746
28758060
16912739
17789291
2251125241
2716842330
3121985572
501434148
3040524044
326163879
772387537
3139048964
2150934931
1462786688
49103575
91061279
320420092
743786246
1243976785
1131191346
1491512137
46029425
416490086
590279474
115430922
59840595
3223497536
2813254500
3308063455
3289827924
1398649160
3466993336
334656534
1206500893
381732286
179813670
2269321500
2413316677
1284048716
45834024
1206499813
2485629294
2666538572
2729220243
2305428572
118845216
857495324
2813901697
2903751573
849732690
1137879462
3407625395
21174438
23359938
29016761
34771499
42788704
42791668
54630216
59150089
69125412
71864855
116326487
125662246
134635171
156068039
157885948
184924626
231137153
235217024
235674374
244722891
277675304
314690368
321661488
353169554
370729322
377703266
390257187
400755012
407058793
417537376
430190945
448229925
462334674
600583058
621938031
622959745
704069096
716910480
525005120
786817434
823385006
860336144
935305338
1075669207
1101438056
1166298469
1205489934
1246154851
1250250158
1271241895
1281340087
1323812581
1325182002
1327068085
1380498734
1400160002
1405372352
1431175483
1551133039
1591526690
1599838705
1602526801
1650667596
1653183906
1691762408
1713355380
1719869756
1952839604
2149725241
2157824344
2163646580
2180555083
2185114136
2188793696
2212935307
2215717002
2232954536
2249003762
2281281115
2305461859
2312465709
2314116222
2317791132
2330382889
2345994531
2355075816
2382797378
2409449683
2422637491
2424281178
2445439290
2671728841
2737445375
2772596255
2800079735
2806054190
2821084256
2841670788
2847325367
2860795574
3037182784
314217349
1832911620
265378557
2820008595
345145081
3018904891
2414504598
1392376842
39594091
369255228
1964946943
419704452
2366537244
2864756374
1945436203
22438734
1362959336
2426112752
36648458
493619938
986938272
2733294583
337987655
288903036
1561740169
2296243480
2577318578
2795834466
1691997606
890993864
18195463
974011206
57678732
5577902
17266725
73402979
87203555
2887314369
44125563
19154824
310115349
39260864
60897233
1636633674
22380127
390317797
1537494350
791954329
2922460817
17629860
554468819
291915208
444133833
16588111
2897222936
210203905
2205247723
315866523
500704345
72882194
41640862
594094393
1528525543
1877907650
19291441
3158103613
3131263198
2353742575
2263003165
29132139
3098288294
352526493
39993489
74056486
1548695041
361982026
24127368
40308406
2553303680
2443941643
550418864
1134987937
2426062748
2874501014
2916376923
2172831981
577240122
2317718449
2409413732
2847182644
2891077387
1206496226
2337260528
412388310
120504806
475402565
2821984455
68545042
56977650
23008510
3308952624
3312707460
2602006592
1589063965
16028241
15647676
73181712
221135570
42258864
2968642859
792168858
795109046
778365439
104991713
950069113
745715082
2360426665
3005701912
199451056
28623021
8824902
22185437
596635543
519196613
15487499
29307707
57436774
57432795
17237540
111423005
2203799101
57429511
335107974
2595373436
102813097
2984327522
21770890
2925126251
2579260488
283726651
322117538
364403102
518623044
1092653322
2776747123
778953871
475354554
2493141019
133022865
581834989
73917516
16656350
15694286
16651871
2670507661
1911216446
20020846
2636884310
129900508
1077570072
580276362
1708085340
31540671
351133597
179952688
15679641
2282325078
21919379
245460474
2584285891
1325501882
1528245823
54285272
1694295331
31583642
2393266944
21624812
1693782354
48848639
942015024
1198624489
19125623
107199355
129845242
246933017
1956877158
2198547828
2320138807
29573746
2394782858
22256645
23457956
52468794
34969027
44917831
97522651
143449957
40931019
