3987979280
1000214682530074624
954393889305133056
2848482715
840903912961929216
833175294613741568
997220439536623622
3331759393
778500137316339713
2221731458
986710610753871872
757977807280496640
724048481099243520
957227042596184064
4217042800
4246378951
971782605334024192
1627921021
701377404
761144404811911168
636317030
2416641224
758555106488885250
3012455180
2804829306
2524986332
489249775
896721325913284609
2245653266
2820508086
2963025296
2225872716
2808592238
3891267440
4761461558
1154508253
746505877566291968
886402568544337920
570337611
587097184
957761864028401665
2294226319
919588731404935168
1619269645
954123993916821504
2280196813
3404879772
3265139630
1643255581
4179899232
527508915
2404991581
2931910008
2290884168
549921914
362950929
478389926
554172683
444364318
283102669
448618990
564412232
873115441303924736
