2935901544
968202951096438784
3040181828
4156558678
1055907624
148476464
718728986
504734753
920021135231553536
194671754
1964213526
954903054440124416
529927899
839475454578995201
459292162
804766204799942656
366823791
544469926
821530873145266177
73924130
99639428
49104807
936775830088376320
16600574
794884899320827904
20847350
22156181
93759830
22406410
165691815
946489782837956610
728172781
922811762226933760
3761230394
273542042
2978057428
1219803846
2240063386
112761086
21255118
797229459803926528
1128886760
21914073
16516063
3431976407
106146884
27048645
580097412
858549320
314163614
398092540
68784803
107546283
384465604
808644371235164160
745314768785911808
174593833
852336260886560768
834526457380605952
4766001018
153492935
462288600
4131923895
2979171304
899171838798041088
947213049600946177
987772606836244481
19701628
244160739
15606755
2190623134
3068906107
302881437
1329201576
758513358823952385
3189441104
881862815123943424
2822910689
2677321880
3100074849
173500478
542250178
35229174
2428388862
53172720
184670554
942828857605935104
875109448913518592
465955458
116946841
38423170
36445142
1249831310
1374634446
28420827
3319766858
43689017
917084527440355329
3755589741
201829454
2344143396
571299969
35885940
28406235
765061678794993665
78693749
1686544976
759371441934663680
818927131883356161
855545630
521503652
18766687
2765560733
951488933069840384
17526123
400210040
820023139342159873
1099260672
7509802
1977157224
950373293118361601
730021628
24894213
794361780256522249
36155411
52128563
1573648494
750966457
69151690
150048653
613382039
242080651
552252043
21447363
28706024
834900403556925440
19524050
441398474
2233154425
2209782717
877937607270858752
2840137501
862874165581418500
1523307572
5920532
387560628
78530339
7212562
930755719
3035302224
838114538868342787
106934928
863405239
57335345
151336717
4256894241
1544920574
973955323726835712
596050685
196406507
124545078
138639826
967800533183549440
41023170
1337434154
829019130
28206390
1056599317
1015812445
32196896
785739140
788775195825868800
2377837022
2731043397
2672514997
718495181914316801
2239151282
895486039988371456
16909049
19618527
50103173
953290117141102593
747813922766413824
27711339
3390802061
2188731330
124674493
19238073
2338551014
953457225720320005
22046686
3254094054
54387487
189417293
748996450051174400
2922345639
891124372622135296
849339150000152580
898221012797595649
837363252279455744
19918005
16667912
78632208
19617105
627634032
2282317591
1616334570
224358088
711649223427563520
2979857979
132746534
932728826504900608
790550877228572672
376895030
278307090
1237556629
26476045
706422903
76348185
144254673
1063034450
951803466485305344
816802913901105152
377949581
265731309
844635322835259393
582846964
1329942614
2192900514
737152074861957120
4496497823
4124678354
21121491
4585682362
3075562766
944317021709271041
432190304
17327882
26072066
35583547
3405962098
268477981
3149484463
1061281784
16548855
119521385
14148579
774531360
202416362
21232507
40444923
358464377
244627772
26213879
28652197
1671701310
141664648
968205409428361217
3125154047
35773039
2178814483
320932937
2828696488
109888503
234399791
24286351
393190233
968913555797020672
866588253222076416
878215311257989120
326385372
3372256589
3405753743
51241574
889586563855896576
109617898
20423199
16222584
544517731
75892358
2992678504
853926631387402240
115093438
139823781
21388284
20998647
15740491
25531732
19001855
2388138318
17877850
34720029
470357978
12787512
41648843
928831684543254528
22650211
21785446
3012340185
2978446708
25776495
218661193
10449602
920512279556304901
20457903
2654190480
39389304
94895622
905124347127316480
2168827300
620739651
211255387
416814339
499141532
900957960242839552
53178109
20710218
434231012
3177587200
42116630
901159200990142465
883506208187011072
19479487
368336725
846137120209190912
390396654
117271777
199450331
2793561290
1273396333
39367703
105290578
166270127
223468435
336179304
1227517303
19394188
45943457
734562175973392385
3947348038
55259165
238217513
4105756763
483195215
52554306
39814938
61357575
537588875
771771277
4428028726
4287233112
134375125
338968305
31339831
76135886
801490569025507328
704520214285832192
23769223
372872290
848039696
29221344
846673041673388033
49153854
888817303
826932065748844545
56186139
103677574
913203265466257408
158759480
375598084
4137011008
234857990
3253005906
23973261
50393960
941397131205758981
4532032332
2800544180
16201775
782376073707286528
809357707
868762181009068034
4758959363
602476611
2981104565
1678941206
3060857019
711268917893697536
2772799749
123289066
14304170
2943549147
34738598
917006397501517824
26642006
194347664
765968176903487488
916395979678433280
64405759
4042075693
3064016363
2698848186
2159765580
40434678
360488971
139085947
22107725
766659901242413057
454313925
876862539220615169
874176740654018560
2714607003
726661774880194560
715861628969988096
895283307805650944
14955353
2488648561
878650598043856899
29494126
95023423
1198992138
2217187303
740534981143990276
795822463531753472
112742449
880249670634659840
3091373190
1547374632
4787265961
2253642968
2400360559
4885895361
2587391855
940246991312912385
35575327
40415457
898592483474526208
39668133
22657153
71597660
19777398
28221296
4769051606
3030452571
3976288218
825518870421180416
33771434
2286189025
848748106820849665
19046392
97739866
28785486
2836421
4623848773
4768367014
142963564
2287176903
1902014479
857496984751546368
2449601442
834659389596274688
2998880022
177101260
880938110841999360
22167056
2960220811
900739456830930945
904503487630888960
1712533028
5514192
14993272
2193607094
76862633
2540143371
592189133
2525693966
3930249389
93085095
887760592316100609
2791949554
810490115680256000
2450524062
3047800884
2607392729
4185925949
309146153
3012531179
750851123012067328
849456966456008706
192803953
21148293
2610504775
911084204296781824
3835337419
1675404468
1604444052
900148011161985026
730801445214289920
607721548
2362619492
718582416378576896
4051048032
1092303600
156233013
1938585510
946758766019538945
258166437
1532591052
733023713931616256
14460611
753155460
573689510
14850537
5392522
777832419349127168
833063151457415168
3362603897
785892777267761152
521278556
4535625281
915626024615993345
2253943347
705844369631387649
42871498
798136351
25103967
2966751557
4685539003
25203361
1031239429
722549064
729317762758225921
887319779488518144
898424791
916043710890201088
947083813
3243356006
19426729
902368866843680769
708514688531886080
407246878
22177599
1180872265
66472414
17629628
53417856
2632716033
2372164754
4635039553
896158685533220864
929190701140553728
810354280158920704
134153043
820768836937011201
45502780
821785910933131264
92372285
589128515
874031422960537602
17799205
1384720470
933168114451099653
3622368202
328310442
35865024
17133489
836884481277558790
11782092
18132032
852182036374794240
250386710
3240744737
411889287
2785356464
19911952
3989499243
4062726748
2960062013
2440721773
895091244489089024
2491549904
1648125986
300392950
783214
14846834
15485441
254117355
64635680
180503626
605490281
229955267
468859057
568825492
3245276324
2563873651
792213100388810752
3315658770
2798530525
349023167
890904089156083714
377736309
469619611
59425003
43282062
1308695972
3342026729
15985292
2596351088
2739451897
2295118423
885477600830910465
4186928837
66395780
348217747
811341669278818306
904525050077962240
22819823
1358062944
900231150
3861433641
937314884
2400667194
136105759
700049948
16190898
277546050
25092574
130997057
35865630
3313776119
904468482762317824
868543906237100032
2892247881
912941187933310976
111498295
66826614
839599581004345344
2964606814
858516111410647040
913152105979969537
2304519302
17962391
3353590875
483214305
4927450223
511402689
74572650
744334658
2875359860
597091963
958288105
4277309061
885962196647268352
1137917035
2845784141
596486133
1425993086
2776676325
438750735
43976159
2582186468
3088382783
2357142594
124249585
16202575
1559047244
864820760
3351670933
56637351
713226793340116992
1617816648
796403983476736000
1117250965
716536490
4883971978
4361793134
37312056
50851085
486710828
20015340
1071507092
29814453
19287919
21682561
2361413834
32302843
112264212
1915012974
4458261509
293094957
844214668491083776
17991213
2287291376
223536535
3198912457
783694175682179073
715503677671411712
214614191
1698103272
873130658
38405291
3242984084
4009578647
3107832282
750092325414637568
35117415
38290589
18156714
756869717512552448
266554699
760284345466707968
2863874844
798142929034481664
132983542
832344436428386304
26097227
4726760414
582759042
791547347444572160
2449286617
22449367
42880490
2780215928
37347753
632261085
2830905157
354463491
350593129
2753482965
961640664
815971420698279936
852109908103266304
2823254812
2290162525
19237409
29847126
25066853
544686866
1613604739
21370758
2881377238
623228761
1541903438
3023033587
3000523623
2510446500
800854863043293184
3089667535
164604281
3236972235
2438827717
490002207
782612723771113472
1090277142
553259733
372897535
841857038
1909410679
372905321
355784391
709117520
1707211644
845376148087410688
2895951606
450819156
79939817
794732093930700801
947681610
216831388
871454148
3352499779
566103199
184380830
807475174551351297
1661586091
839223936021733377
582692662
2400265260
2370627199
13201312
2434263815
258510156
2904195838
3012845524
859336582075121665
3183329426
4862082293
125481462
1402721148
723630972499988480
711893928505708545
118867974
102788450
42677763
86358997
2747319607
778616704087842816
4898760016
2723525352
32661253
2539297613
19343576
37961028
4616206407
775698569961627648
827544048877654019
2820857447
14260960
2459609448
2292488509
1287168115
51204186
2317926254
3863605355
3327848321
2979796681
1538850878
3306061726
48701170
302731548
208805248
40221971
1190925348
731007289985880064
807627959334907904
95749490
3345688745
2828212668
172152478
19890160
542759980
359630710
1557315432
256674693
2432716338
2218099866
1540529606
564138146
19426551
18479513
2557521
289341051
3909892479
739126348984258561
2889338488
4923857799
3433661176
2698264482
828676470
513129006
824093800276590592
241747585
25743813
394489174
203256022
258515729
18953266
39604436
483415153
312368291
276961134
1376118001
3464860760
803750709711802368
2753490355
2563914288
2382017186
724024292124561409
83605499
23945315
50614413
4870929046
2653299222
735031304
1303726320
1519852572
3029159385
246774657
25524160
4077525603
809914358
16878629
808235474942914560
3071532203
721829134503190528
2375531893
3441459672
29260564
4560343588
464097782
149679293
38570287
4688913080
2732515745
243905905
2253244260
108541382
211640583
90767831
24086580
792943067611303936
3217404384
1122707976
3904152793
23121216
44648117
3145794311
529540495
84194879
267921808
23996721
3603837917
2161171076
1296574129
46505391
2882413844
496423615
2873189608
2949735003
2788476523
394328859
3326783102
837273806
4771314439
1947843480
4560231140
3072160164
14862639
21292523
2438687305
2407771586
4830898917
3000455562
833458107032469504
227632672
733720516121493506
1069819256
2790898401
1105296654
27042513
2893511188
27670481
837797487108829185
49319600
222452046
2360941753
2379161372
786118187037237248
2148550302
46223229
77509306
3003419379
76966092
762856562343882752
29769142
85003783
247560825
24776235
349253745
40927173
55117855
750659641143472128
838225934952054784
86027565
816306339727015936
2907126325
2817690075
57682960
194992847
835561111751655425
564814516
23182251
299661281
2847862249
818910970567344128
3060283235
2984702594
736722603226828800
103652294
800345604433940482
761135104982937600
213921753
63324982
1698158588
1589901126
820796250073210880
2685348134
1327313305
956422508
3099938762
14194387
4875732513
4828760157
784354830793990148
566130046
2763786195
3421721787
1689606158
815019890
3439088368
2890400179
47720230
265483421
42900685
15846407
2546037755
2220283584
3455829013
2148275342
2565335491
3226115011
3357277319
2881787974
1122855289
1599375019
978908012
954590804
3176573424
790997883088764928
360155603
744253213042442240
2329189534
2492252652
820343470774685698
2882768341
3234620678
293069680
576447557
3796452077
707327006833287170
714442468931072000
2987280244
740537473780981760
2258075076
91673645
2924593731
719959789107683329
733991098813681664
2722911980
2828043572
19156565
726067260469571589
396698077
2210874168
419848022
1548756944
2587160250
812635704983429120
107272562
805635834833608704
777262765601873920
1951728966
999015600
2720571343
3434215918
4858770393
2425828086
719134047557914624
416584415
3000633645
48662259
3362972344
3238195454
4718792848
3058016756
2924706199
396938775
818876014390603776
44196397
822215679726100480
12415722
437176698
26208862
8161232
178555145
83346193
759359655139086336
3901384865
822993841234001922
1416239036
3167611301
2328759382
580857186
1587777884
3270864192
416107526
1063319761
1087860428
2587184340
614569650
119605179
2770536327
3109954699
2822640558
3624451457
2504621990
2486841155
2707428120
3201812147
2286528963
3062012287
574725167
1484891485
746950860
2321891941
520645281
919186219
1618432957
2380746024
713721447382917121
2548572146
268906411
986277960
3342263507
370685230
705395447
50941015
819360204617895936
1102699148
45224200
4056777252
814079674070499328
4048101592
63887454
18073211
4440844053
2734347136
2708033720
2199200424
742378218
823735410077487107
2443379798
3092443319
212304085
44991932
32887168
44992488
161789286
84109418
360959995
2871406836
2734953286
2738160866
822215673812119553
2732848786
503794919
2814243870
879589964
2248894694
2430564295
24374481
2301265094
4124155817
715875408856629249
3804293242
749579498
741695667723083776
798359589855051776
2575641482
566383072
3207903992
1871931145
457763872
813061962087231490
3472067174
2472497250
2211032895
2956132458
708111183404904449
1262005135
745228623850901504
4138211777
581123612
1126468494
2327807249
464047295
3161509231
3092194948
3505441818
970921482
1958816220
1395923928
3337649643
377940503
3731710032
131036406
98075070
1423997096
3341234925
706071068931395584
1347947466
27799333
14942701
14942684
132111956
336116660
2766768008
221190401
1092188078
482649987
3097175826
2468990754
729676086632656900
52544275
39349894
4208211647
22203756
2868433088
2827263783
127958577
2613143381
471672239
272175633
91409081
2698185847
1643909461
250235606
2873408492
3792290725
3471366506
22311903
140423082
106463227
547926326
4871364533
65688291
3296007139
426723697
463294936
3041675810
2520000468
2870475259
701431606922375169
74311447
289176806
2434642165
124003770
2291428702
65992743
4040665589
372693900
413362784
36528126
1672277690
1697646062
48371792
790161541333131264
488846355
3001472331
729457466962944000
396162499
20849753
2741758937
42936819
289182486
117662694
17471979
3145645225
749437895363010560
218180253
45468324
28468549
24112747
556177249
25159286
117821354
25881503
45326935
15113565
10126672
14505838
54885400
8775672
19611483
2744944531
380730306
1339835893
14307430
25073877
342165503
85603854
65177135
268414482
19792502
15019344
4825188281
396875097
15500649
65707359
40426996
44750613
3816376347
2889244030
3308646723
497139188
4841835635
196713925
372946169
2857480619
21436960
17781165
541158674
330921167
2804060912
390287262
1299995892
290876018
30258963
186154646
23503181
337886919
50115087
15431856
46220856
14944532
58560382
372560242
37710752
8295072
29802237
43166813
17384099
342819198
19548850
245548093
240734425
11348282
236986541
3121727025
20272531
18194898
143812180
2435689370
110098777
16580226
246162277
2984382093
3144283277
2886226879
103547155
2571250645
65647594
138725262
34743251
208442526
14091091
19802879
253536357
180200031
2734713482
574186323
40519628
18164420
18774477
15165493
15473958
86977818
19789439
15165502
20609518
16029857
26257166
14173315
44039298
22049388
119376050
419542346
277165873
392780215
334153506
249974958
53103297
460472390
36938540
10680632
259379883
79238164
25321854
21228708
17291393
31080039
19058681
16379018
52070270
34036028
62290422
1769551
7744592
26053643
25928253
30364057
26565946
14230524
25093616
5988062
72644483
16561884
22752559
586198217
91478624
621543
6519522
10228272
91390383
126990459
18420140
35936474
18713254
155659213
15566901
19923144
20015311
5402612
90420314
25087685
23864985
6480682
130649891
65525881
18948541
52551600
953278568
