1531511557
1005132750951772160
318687693
523572125
787468383163908096
16441698
2805672743
998592404599996416
2229499725
41109987
123010718
1001435970657546241
1002327369460396037
923217011890585600
618754033
241818989
956807725
327116126
841472869574021120
1553968867
228791074
705539746487926786
857681849182818304
932121036895735808
814913103259430912
25116661
2734419304
39050678
636420938
4661835923
906234988751925248
3326806934
33757069
71431412
53844739
76682866
3082837508
909290748880855040
74232220
2780738991
2886613129
850882080535977984
751234632365080576
881690016975646725
521898726
980628121165627397
389024340
88494954
979796025912242176
763185175
362487797
17822280
4160551643
2367967708
2739465321
2445174892
339962901
2920221177
147158311
356589420
895505173
1544082660
14227984
974342354692952065
37740368
594378669
832312082167103489
901767146941931520
1526650327
65920518
350641687
928720284739358722
115255330
78456017
916847786292908032
3914286677
899832156872159233
1109304848
2468450863
2677809409
969103653821968387
462288451
141585074
121924051
22167545
962136722145505280
69072663
2806576421
2216643138
89326165
4422207974
1942531740
21532455
2160885056
813566513047371784
964142852539379713
963536397222187008
156863723
2287409424
46858765
2217850669
133495615
1345318518
296287048
946169497530044416
420474265
770769159290585088
791018835671445504
1533589152
935276841509818368
14339029
897030625487724544
926921881994883072
4150180814
2733676055
923994728739360768
119174591
17944852
216715275
61484136
949638399647985664
2577491902
854083288545153024
919309298341240844
211713951
3025669606
39846268
819599596255055873
945190477178986496
1569152406
635897477
891834128
419060085
141729838
1402225436
531659172
1092501074
1390505707
1924796636
42104204
486832867
346116151
544867214
840641971962171392
935331655014854656
934247378676338688
2197880197
183405001
22304914
927837485371080706
935332176048082944
592061691
17901319
857683237749043201
478625088
260556008
227166679
1051315212
934947035459018752
156446508
212403768
37674345
247081436
50445848
346575120
127881584
41591548
1466158574
217095342
133079223
921041523948638208
934985438548422656
2412650677
260857500
287216117
16286261
727322351508004866
3916578753
61050701
236160115
901545468706074624
3391843661
918586319529480192
4099462013
929462479117340672
3167829416
894745455682138113
1186886995
35074752
2331251263
769935854
291512194
67728269
25006354
444979303
80018690
954354552
2239934036
925780714821488641
924791919699427328
37189493
1348084963
224397146
916042123949903872
785224898478125056
71896860
764847454609084416
380321350
34617773
220079507
2299963530
915294473760002048
463196314
3097747108
912827953683329024
3193103637
124190136
971380460
55835618
700885982648795136
16223096
905248289527824386
851525868316962816
131041914
2310384301
901843230655950849
2915203040
30662986
900842388268224512
154397593
726872773
237320667
554871702
893951269332815874
2163363189
1154252677
3078468936
898022967791276034
897489442923061250
888702537037119493
160189594
528561594
21096907
2178127111
65525780
288437307
28688434
803977379081228288
114576816
3087121483
863412728219787264
908586313
823054671292104705
145286614
404863999
77540948
1177526947
45410406
821152029276078080
880882016509718528
720549680
1579324658
4737817094
2573034089
52043001
874806085273649157
533619525
797292506824212480
71215248
485957954
582947183
2191533211
237939555
803225827
860506693880426496
737292056
1611193872
87370760
236145024
227507127
3951898942
46580750
809927946
821579205829951488
1965538970
105618073
862055826193653760
1976285131
1485709417
40650634
868111014772056064
866741169086021632
4840605742
1934585892
866853919292633088
454995553
726974131066011648
2357716959
71379826
712027097179561986
846158360928010243
1101494592
820792014706970624
86430122
266023291
859408317877190656
859105584767004672
232012469
855739203744702464
39790896
853187639905628160
369122462
827326683174797312
45742709
4027638586
3731391682
481029754
1071318632
365134657
111485652
390775798
845814041704644609
211354013
2262223584
17846997
159332521
846453757143650305
470552690
479305307
845847544563404801
2419281750
30121219
373374839
844252073927589889
421498052
157412251
2767295307
90440750
1597691378
26960066
840624131938889729
89874023
264485229
1666026559
2796726535
827501688588234756
830623473303244802
71522272
93988311
50475392
334851316
100038301
420547349
318610569
736202019321610240
746410520392011777
309481644
821863687950626817
278236063
829410455139516420
824326832623353857
3230270240
382741036
223924741
3113380350
257056941
344233803
181029872
2556249573
500137436
826483096837095424
824887110410784769
822896041360064512
517861725
3073789702
186777657
1290105937
867043356
818330148269334530
30366977
956193277
288216100
918650934
703561088
815260195593080835
1468782218
512755628
3338055112
144218926
42292269
746067233273700352
476395997
809856603851780096
3301777070
28586456
212217497
509391713
900095246
806376421044211713
76329995
804476938660102144
805099603905441793
797202548
2241847790
2149980493
737813791421915137
791424235814129664
3908043337
3035232222
46463628
323365649
467133934
795992865222447106
762696021704974336
549602180
795360338086653953
25696207
299254394
630034758
185487014
259526779
631327637
16748968
16229237
734177448
294860269
786171618900910080
769952889456427009
472649197
787388659142127616
786458330579410944
72940141
3063822005
18877405
448276949
1968083635
782740334170152961
156995113
75105014
779339925816799232
1340590470
368111581
1214343812
776600224571596800
325669223
271256884
255846276
2756141085
399719283
460800042
799220456
67926628
370357920
928681356
761718933061795840
40072311
3524548157
771386588672720896
121977955
770756146445582337
2570124229
2725518784
590061376
769194324055633920
764706631
738837798308958212
3007041257
228197301
61296025
865603567
48862507
754719668225601536
16812958
237093475
1531634820
138457909
2196840689
795056544
182095391
705491043261747206
752343792305352704
4795405040
279796919
2282675780
1858683037
268663730
3278507114
1499179411
747468552404348928
747288787198214144
3326929369
600956780
558708799
375884928
743295273493880834
531062870
531052711
534373967
557020200
1953957546
558785841
545222027
742773423567339520
132251448
2685636523
735810749453369346
57104549
4764400460
58667895
738932158857908224
732645184400330752
735019675
737838654580613120
316161016
279579697
944619560
59187351
711428773
619734933
2559635729
1051916851
6572682
1212158118
224563041
4827499215
732733543298805761
732675749660987393
3051652987
728611940822552576
2870132414
2863443225
726916912500842497
3060383159
1115374201
373752599
1240236506
26827916
51928724
717217241633333248
719674511432491008
2804350110
509527294
18556761
2198602600
104623971
715715442132660226
157037900
1023174882
217969512
516238234
88267764
1653587443
394397258
55625565
288937917
19829606
708686629490335744
2576424455
4851145947
707287133313224704
16252991
16222036
705588369858957312
704381573618077696
1530947208
703631364109766656
3054414920
2608790761
3913936100
699800688268808192
700786426439299072
4903934501
3228479075
52021860
1736886169
39669144
58530740
4880177081
4861256391
3763158808
1590980858
211773772
972360024
1372810278
480385233
570866720
50470012
391360665
4596203601
37426910
52503826
3020302678
3029156345
2366679606
4461554352
4364439014
1086720366
129466008
3149477843
1406248400
4331567145
1914556856
558887533
17887765
41748164
2937398168
21093909
495136655
3433577981
310357691
255624114
39848419
4137074043
3374503152
2780687210
3559779856
2536054140
2995290986
303974038
2245818788
3013988606
4009117154
3004225222
3429861381
94852646
131980310
96230598
2211359388
313594004
3054023689
216747069
186445271
3885677668
33964263
244111617
918168811
3772587676
63509949
583360346
285357554
67621183
253621582
1067270082
171525573
331878744
174923949
16353734
232934917
188432023
224997459
1909854319
3462643639
476096203
3469404616
996064141
24229152
3421510475
3436076513
239541685
3399210262
954537210
37805883
114616623
3418061734
603054574
3376173034
3404772449
3403465949
2377503186
3391544573
233039954
149004602
3366487906
3042669400
3272325798
3309250119
545362533
2962394375
524924862
2956929988
243252995
2595046552
273624172
3330141754
3323805538
3235271024
3035053524
942166482
527000770
761408156
718431373
212242334
364280384
3139537464
2157013711
2150338037
3124779629
270692981
54753575
3201737587
2323021756
3246844247
3192427956
34116707
574495006
16307441
2440647332
3187474154
993198900
22596468
1924317991
17873591
346866448
778122780
3232203297
627686516
52179446
354071595
31581935
274845062
1606340534
218983527
206939039
593933491
256990031
302224696
768507320
17848850
339303259
3171156916
61055712
422656781
3142809619
444073390
2367689102
563347747
110810535
254392782
232721621
58117941
801739872
381357097
2196246361
3033039041
22740962
307002282
2923194440
2310644230
3082302236
55909765
3097962056
2561061088
2980563075
43339519
565113458
313768406
2507837035
3085683918
785716472
2651328469
3091740406
1575404881
2246603245
17159058
1084657556
432783672
262366712
506883698
3009051892
260324389
772859966
33352627
772711938
1556897635
2354125646
757315590
2886407230
868028274
861837626
2543283513
1366824132
39415332
160573815
242775960
1025046744
16242682
2344008620
741829436
3047984939
970305583
17901736
3002655196
1066926864
130380292
619262652
3021599030
211732137
236685903
582418301
462981852
1009624946
3017795649
555564714
2477253720
64567091
1499884141
520881878
559155070
17212658
41911220
453666482
36563412
2825489762
486677856
18614803
393097564
419175411
17921087
88988148
2508583454
2713768601
2959868372
68554875
162805336
275113128
125097929
24419249
2956644212
480577739
169544776
241368154
2222600213
128790341
2469724129
2884538426
367461428
2276547607
2198100237
146359203
494651587
2929292599
2943421076
30595358
112554582
105687066
2236772954
68993118
17878216
40718004
2848900930
2896996295
526748139
366080856
68692220
27347658
2753895425
2353865066
348889653
2727140010
291503021
2871386303
17441042
446435159
1061624629
101947489
15631795
490897648
2889214628
348496541
49533511
307560966
788839063
2875177184
495367242
145284513
48267754
91037762
579489710
2226297203
45848009
30110237
239847310
2560139596
119467513
2800515424
516907275
439760375
2759883761
233673515
2825372616
446722400
2669856105
444714477
16352139
182551575
307136977
334761178
2287164654
1263409668
51530303
2368810585
514931931
449444350
1103812676
38006986
2186276186
358948193
17839709
40814133
36806317
2546395364
21315604
2587663262
222548011
169324975
715295848
234011335
152038596
117863211
350334076
71486878
435014186
2591757558
584944471
90671927
2607741827
711810498
336868397
451479999
2251139672
2523187364
1031067306
177625414
1160926093
2394815413
372310385
141665697
472614135
2513148897
39907794
1664859936
79092949
622461236
749852641
387281873
563022024
1513747837
498810519
36993353
301564368
357237124
577602509
1633758505
963171756
367489880
2397137720
33431237
65123650
339873125
329152454
541468408
279301463
123307248
288546313
420692119
316321125
279225744
26185001
989369460
115513980
484886162
80476596
554633311
99617014
226859257
2245010100
341117005
282845549
475576241
215364605
344066738
246304933
16225515
419585916
55397337
319173875
46671027
199880860
261408581
47812413
2340463520
1651724276
238820254
2333969725
588503398
729016074
176655913
1249678531
1450232485
21159507
880355790
16811423
1329343568
1097167608
416215509
1653489924
37340092
1405200804
1653858194
105263759
54954382
549782348
17952511
1537301222
314665500
571936658
31423577
202725449
1616512321
1643995388
249945617
17857387
1925085624
17742757
78622103
298738924
228478229
502051428
1895739270
43743725
416737170
47990979
563768933
584106104
840439766
1663529714
1566240397
201407401
1646067697
1640919349
15478132
346986012
1633260038
248513585
522360544
76381913
20563816
19095622
757627260
720588277
1512310417
62369713
958357730
320506071
455155053
735079195
419274867
251249250
170055170
245911391
231941671
1420922461
422910434
329366744
486991519
118874377
320504993
253824390
313716979
22843121
382338130
178154813
762148430
444251864
792421464
19358776
143189103
242041031
68028288
217172434
29717570
270390706
612765689
1000321321
338906405
99762975
16364503
233322290
153607110
1081326223
238827865
268354644
330554297
95086333
1121003797
144734731
598566699
45499495
229614636
975209893
24876358
147978388
17499971
906099144
551233554
904743842
854954616
175876642
851761248
21450584
160455165
38962304
770657022
770654666
323039268
64680745
346585900
233053225
40932537
251478492
25572768
299349464
349824216
458634254
79367451
226344182
16243072
25035283
521739661
56489623
335047534
32552663
224763189
371727522
365747931
16242331
542017369
534356961
42589813
58710416
98820320
535623008
76460105
522812260
41273716
376516598
149583323
17099990
58834234
487712170
77361841
214973718
172390479
330662447
373378182
50535713
470742431
29223629
111010280
17852752
468935259
90363924
314205693
17486523
274259079
428776115
17728325
50333119
139561876
16522999
28605508
149570255
19263244
15681018
278136080
17850599
16063013
160620890
20725099
135809823
114790008
336623727
391393414
390741338
49980429
16231326
314024177
17823585
187282243
157414381
17277343
211881816
20890143
363430821
357550937
102857225
17830997
339997244
80470728
352764193
16631139
17954695
174732855
245206646
344190699
16405451
339603524
171532586
107876721
283187204
170139362
65910032
37118331
19367045
93309419
156305301
39186132
16279190
17793312
19983118
37134354
110162299
107179355
170448837
24201230
221613078
44201457
46398632
334844504
75087511
188892182
48217254
113252528
62684164
34981452
24895534
