626038909
3288093820
715289554178023424
278662460
975773502149218304
1262214414
208214357
3376316937
742317958928572416
976011268195864576
890204910016442368
955173692136357888
954359416865861632
965271915974877184
944684646360547333
936635917615411200
1587949454
779983630642872320
926878837576695808
921734966584709120
26004282
921683886819639296
847798923481755649
921665418120646656
939929250475454466
2831528100
942985929324507136
1601864419
937604893577277440
937358113841340417
2454730583
51889510
188473304
705520171205713921
3160525547
419893737
296374641
343243053
4742344757
846226435341762561
450735849
4895700263
401525872
1006641097
885348682815733760
921487697826537472
921731107690893312
921689998507827202
921725860180348928
2539773890
104722005
443564345
3309884166
316056115
755355310026551296
1684207298
921691651449507840
921733072684494849
516674479
1223525154
251922978
394476449
2658466429
1463773524
725127780766109699
749666407
276607215
279066972
2256832582
21111883
3062301415
993597313
1064138844
905800952564899841
861662311
824983858923917313
231577324
838556692749111298
461241232
3058880124
887658670808596482
824987969878638593
787163981882462209
1708571190
821554834088267777
276675653
265714930
736043042642235392
799569508440674304
390431020
1523822252
277212717
4504309930
337881704
731606627607023616
85452649
729469718076248064
2957251120
3026771007
827708759942238208
3306668373
2511422371
32535802
3013875764
2740950948
446463229
818277839023861760
172422806
2970892264
2752827238
2267906790
4021648935
730916318241816576
4375030514
3245522617
817354227668414465
4828620821
808701925571096577
175148105
768937400290664448
146208663
23797067
308242964
810964141057998853
4541466864
255842949
3412630989
779065527037812736
777646014585012224
1321295695
4136178201
2573603352
3875382375
2419701925
2850905142
1551703345
724203169069301761
768742305205522432
94039455
3238243557
1033639111
111156544
4694071226
396107334
702941755415592960
2830181313
715195254601879552
2281259791
736715089089269760
1244687143
1255473500
1319601326
1069691437
372123733
709592271025479680
3452558123
14055301
701408890664177664
798773342
2869700637
4895978228
696396661174603776
4903137791
400413791
4057829897
2869225480
176552076
637120828
4064196377
4445112256
192025951
2420944404
32959253
2366420359
3157891616
3070850675
2767514541
3686749996
2868025770
271395703
85914167
9695312
3146627659
3386460676
34507480
728068560
268745865
44399838
855387481
405737232
23617610
3285681938
271609183
1180020318
1170183278
48371942
3189534781
3981271378
240393873
3325996579
992936239
2366301536
3077054011
3267440372
3994874903
2354010019
3026465409
2806265684
253312319
64477046
79327591
1618225981
2846051094
1948138093
2153985696
30040682
863186304
1009105268
26327095
3116033368
1048752410
3118931839
3436475260
739784130
