996684780874878976
973261250816892928
2758966376
2945652997
931112073026777089
819296583128928256
888505675474755587
53525537
149024908
3270159356
978546743766745088
987867453970681857
1000096385818034177
451656377
958652243384963073
475817113
83768530
1003864289940144129
265518448
1002783989176918016
990303197574127621
891822364710903808
4349387428
1001697328896598016
995345127097815040
987695234166358017
469747189
198689606
2734640159
168472324
3355467051
991088753463701505
970736596298342400
1019367164
1001475156517294081
838369962104352768
2568207216
3141105733
938864010014978048
946732363978981376
82138214
43590346
856318120218292224
361045299
1001035521777459205
921865056400404480
3229778342
3838352975
916017784252981248
993739100057321473
981606063576203265
981607487764758528
994144439999250435
796759516914257920
997348252579082240
956327085995372544
998643796979183616
998307692878942214
997827449508581377
819590316579811328
984192377257644033
928724370159267840
28779555
48019303
994631718262005761
3315116947
918061193524375552
980311527201718272
848245009
2787182424
945472319840927744
830300186828120066
992675023998636032
943962636437393408
956329802
980410907820924928
942501308094967808
994648059798794240
809174725922615296
994029705719410689
2812943168
989482942283108352
955983986332925952
980977520852992005
973215243613626368
178839655
993313472074035200
992772285248491520
2995848892
766794937346195456
716747505984253952
788867490793259011
842416066429128704
1672021676
3039868962
981895706830082048
867546535793496065
959980955183312896
979648073201627136
512914583
189346676
881705020013637632
989146380387090436
989619655399493632
858541673122541568
1680216110
932402381869985792
970248585487921152
881538452399034370
712679524874514432
2957132555
987710222729928704
988163940613066752
988224503154118657
3910952961
913454418430971904
951086149388328961
978270466409287682
987371402993975296
906802060250669056
977977691667181568
694679282023473152
964183906005155840
296971549
957577879394701317
1000463844
3152548537
711379786023612417
4514504593
3259061370
948864988617129984
363087635
713130651835346944
2293490420
2151659246
945126472548839424
879885898170720257
983806011449446400
750343322
768965245
552258087
4880767005
982966573437603840
3197947086
967609507483406337
762369773321814016
2918197757
924395539726241793
937974005319036928
2994967763
2976565934
864133270136553473
718105122241437699
407554015
961958066932539393
895241359396925441
902198939897573376
786487436171890688
2743750534
377632460
980670090810216449
2320515646
889654844629422080
771879487399075840
1362204349
3351967731
974410610459979777
841770896457109504
980188823853379584
979894454155972608
46033685
1908336456
14661483
3006433515
979074718358802432
875691693684555777
851385886981767168
966545397022973952
978449248009125889
915580712354553856
978113493785341952
3167733894
977513277923131392
865883315575951360
3356925432
193096269
958309765624549376
2931747246
915837266039332864
975677845002321920
2832074380
975124305490034688
140408910
879184638278721536
957985908741074945
4922098029
842056843056840706
974922386532216832
60033412
3148841491
943797050931429376
2218312790
973570479133900800
3409249300
1311176988
973353566260875264
950402723530223616
375809863
3291082041
2985047331
3154736735
797935369597624320
938842732675682304
4110157972
1098791924
972334463484071937
948271224236527617
733515947395317765
970787814404231168
98881970
839227734568091648
535392259
947832539074453504
3017806516
375221181
962490295588814849
484255972
829481682055028736
796488027505905664
970468905700409344
970527268953980935
970544568952283136
131216291
965078748956540928
970258457021636608
969937649082490882
760492848038883328
922076171235463168
2840623952
968672578003963904
921765160032833537
963498186592702465
854751406972121088
921412593260158976
732577422
957366692639924224
967980388445405184
722464936287432705
967449168879988736
1375609518
967428065277202432
44016890
834268280642732032
966901569215111172
966619843402313728
806639546368606208
1974298699
966609764200280065
2605433821
961522658050441216
262054841
808285653096165377
905559175853252608
850338539053211648
965742712937963520
3327552484
2994125788
957351578083692545
964992333136695297
947830706385727488
939703704185323520
2340455093
164680779
4763503097
918765601182666752
739286673205428224
965000019475496960
2897801490
3499694537
3023215399
824201276279947264
951589489666793472
857094693754163200
236778700
455943080
2725143087
885299264565465088
448378029
868972919551959040
2857924450
792097359828312065
2665546315
2922823763
964127085978636288
946396424979193856
377471176
817010597250428929
2598401943
790956637062299648
964630589801365504
923182293782532096
854015144
743648800514793472
3250121462
957641276882550784
929959172539428864
808113033344000001
790700338844053504
964717280390033408
883050938352771072
964370354058571777
964299810982498304
949360651746660354
949395240410058753
809135236088995840
916746685354840065
2199806026
2869559116
881887495805206529
963063918884204544
3945447266
894994773769158656
258519217
1075957968
795579750446043136
957983029242167304
3797502732
2994750828
623202065
962879178474389504
935588778860785664
947472673013198848
962289593474195457
950172561437896705
955475719236104193
2449897399
848172490513719296
165286800
3302129846
797087701111570432
871614420492853248
2364099080
476089106
772751590285578242
961364796695232512
2838506114
1483137337
582297880
768684251575353344
2298644197
2199639858
1426768375
4900345505
175215827
724981970980081664
837475605927051266
876871128081461248
918401925170610176
948736235626946561
245366214
89784090
4800675148
954481464242032640
767380616564342785
3605070255
2564115383
2353838988
970936902
733463539180929025
3296233087
165278905
2583104376
3097295470
2486761393
2944986034
921603208329412608
957658918393647108
385375345
2172125768
951870242573242369
861673562263998466
947247899607470080
362010406
813541468753317888
266867158
898828361312608256
1662657176
1694287261
625927219
955303675802525696
791908316469276673
956285376758472704
942639092516265989
956082104764280833
1354628953
876050454840393728
942043660073480192
1328077842
3448536981
938287824922664960
4579010774
796773725408468997
931580339566374912
955129468343017472
950046712512446465
871014264663937025
882781633363025920
2654002944
2267554209
954614524509696000
954181030575042560
1143254341
950413161567485952
3607226113
816833500762505216
939963093446209536
948068937060757505
1438351123
739188792490360833
888521037289332737
831944630170222595
869116647197376512
829869559620501504
931787604495912960
910410367087648768
793823414150504449
935693254053335041
894851674250072064
808782791144067072
786803983356538880
873575189992407040
952611438127910913
399492621
930000883273879554
943469198193414146
951933332534767617
732046427963068422
952127776856989696
41642616
858833328870481921
951079748511453184
921491896815489024
943437405838893056
193342013
891581207393189890
950814382434402304
951582404782764033
904733115175673860
950489718126342144
951519546476769280
606999428
442612469
948273555287965696
2361212136
948964844958400512
950941896834199553
895373113063604224
946417371614298113
942840835900694529
950715372575055873
932961453279236096
903345505006170113
758889451246333953
2960348862
3057066293
2997217155
950126467324743680
1657767290
702469309067440137
140102135
1307790828
948505260351508481
914476230023503872
877896525975650304
946789563141275648
3298051864
949394075077128192
949330946658062336
949368251028471809
900047670189842432
4769865677
943724590978629632
801553666587185153
911818273687183361
1634838241
826391724
948961370233597952
4175550795
868336499602972674
943888525
945241989376806912
721203281498935296
946760168989175808
830538984170385410
787562990337785857
904252171411111936
937970530715668480
948098099355852800
948487304032718848
193267956
2938424330
3080228309
906352644972740608
802822835592757248
942884704881168384
909218385048817664
23828209
47381270
900912190806343681
948123710984216577
907005432383729665
728654879535837192
4872651286
430351597
946194336294887425
834111093022785536
861156434674827264
97167638
2754686065
755502282142314496
947717924151754752
2836439350
2458756897
1347794574
3370717539
4264060820
934328897126260736
945486651459031040
340701580
567889359
710850373355868164
3240658337
3124155847
778566690288177152
947112437517574144
797389445968166912
1638871358
859450328273506304
910736661960474624
109592603
390048287
378523577
836474543577292804
781025418564567040
911860219679997952
899701763074392064
178688036
727693635303538688
938045406046539777
4604376023
894535304329211905
946281186942480386
946276295444283392
1028069216
946229883121881090
2186414766
201133823
2458677667
152493629
862292097352646656
831499113715740673
945901530758111233
1589120263
1136380568
943650210357628928
780167710269407232
261878149
4062443103
755376305533652992
930336496875270145
822481796382228480
863888119942303744
4505336293
4826061364
3208524273
131260852
853962755644305408
880429083338788866
945348452405276672
246236137
906864421653368832
837826125204054016
1549627459
1630039760
936918160359424000
837886477295984640
761282874
985802102
945129841321435136
626784755
944973127875829760
945031140137504768
2239479672
1884162949
867966829204955137
814482525582139392
3368287305
2794848536
938042050020237312
760365946443661313
3474805937
1423472947
944669089624190977
505076149
748463985482207232
943643692224487424
313123566
908560624069763072
944250493651451904
2855646561
944095587506499584
3022173351
2779222041
922553787906060288
759163117947400192
2736719663
881403518216802304
35496500
901325405457489924
1367327017
942288934242992130
879538740724723713
2223750409
943645148000419841
247682312
90785811
2296627430
708293001341243392
239100381
769218180
768299556425519104
933094402486095872
912802140145508352
3245110863
1322111190
930447511772385280
617617834
718391986072461314
290329327
80070241
99625200
940683926938570752
750711744918683648
943230994550726656
1395949464
943140213374599168
105555128
877516861440757761
3167353172
2855130644
936432008368095235
343788803
1100128208
2469735390
862997120
3059844198
1322512728
2705263310
132936002
819469213458960384
136166181
571073818
576409150
942638268113477632
869662707372494849
877155371780931584
942577312985436162
777585655731937281
845466810992541696
3911389767
2903797295
2778179705
1108764852
2367678353
2373523255
3437365061
2801442937
911633937277112320
941820830597697536
4372795162
2845265812
4078389628
726912120181280768
636816665
2815269235
285919287
809778780503875586
2699020372
49664318
264898051
927295118658347008
501793464
46356517
2737410240
1342264710
2446693764
938053951164899329
3434693938
927341929943138304
938392432156205056
3785797094
931946633037733888
924819507822125057
1938950797
519786128
771240875988885505
28801786
890234292374306816
759659755002474496
929737222546493440
780498569677639680
259855578
413331251
915322833827450881
853064916160446464
941108894570631168
760027285168787457
739593906736795648
3230927109
484964680
210558382
861451182727888896
823275057870991361
939250503799668740
2363232494
940384477716602882
1897666459
4084373720
56221156
3078323116
911614272270041088
2569277816
914031430329565184
855910996849770496
938746737845555201
95092216
900366136893554688
212046413
938612483257876481
938269716560347137
320546872
938256537256120320
938063676711624704
722899319070691329
796146651068964864
846495366648397824
3819309854
3020249668
936455035348815872
349475794
1388096234
937180125048668161
734036744622858240
4029542359
733293613
841054170505441280
50427831
904179962030297092
2639051132
696129823417180160
2647261218
904158744275292165
217768907
17137278
3129311151
2289223294
136118066
3219619425
569915435
247052313
202267041
441144729
331308737
2172262117
2170876795
2684234209
771319707781697536
960833978
855388521271631872
888475023106854914
935431825320587264
936304283737354240
921029291562987521
881992049511329794
701643118278418432
29289345
897839128443858944
41535280
3237522408
2285651587
2868080826
3229300064
82584751
909975933762772992
1682405316
848278778107187200
14719668
2834298053
2831469535
947945012
783163291
917572811773890560
171923544
703781261232308226
934135483042373632
935244718161780736
282725056
864169312344526848
910715694915870725
3300094927
175843774
2553465805
3162663446
3323451255
934082612368461824
2948655879
933013989017124865
730019326510682113
920141644510330880
285003079
3322000826
322255829
2479555416
88067583
3107715085
933067917226397696
4444581616
926035393853698050
931888266512621568
4911220688
784532538480009216
126641826
1083300871
928700814461423616
725152806433361920
721534691161935872
188676844
49638021
824286627010854912
25151153
16596691
931828829819154432
1425778862
2462003467
3328608013
930231357799727104
902088369970192385
885007646998265856
332871681
931012625986662400
4254173534
930940569584627712
876565145442541569
881650152313942018
129960904
930806578738954240
929030457798279170
929970229546967040
929898514175479815
22945545
929709793882836993
1048883100
410002657
867376260279697408
897464638400417792
2894888213
924564733918961665
928989199973470210
855663752657727488
912506721381187584
195255895
928812679699058688
108869149
2354784193
926866262608801792
83240308
3011108844
55570633
856133711972007937
62233375
244879563
2375990018
3031963713
892076083293696001
2749423145
882593214510891009
497276728
981469758
31158581
863346143438262272
918249160180158465
2389076585
917990646811648001
165316328
895835410324238336
926211644983861248
2478310064
2579405749
3405858994
1403845340
3125423645
740482632
2689003990
3338684566
722808846901579776
1671822350
3807825561
4252691110
762057772053700609
1718689146
2522763769
924459524584480768
922781815215132675
3292090023
355184262
3394354660
914050605487767552
888178105180971008
4581620189
481135373
853105909895094272
866765367624032258
922553381549305857
917825824111206400
1440274508
818665382630322176
2271431860
899703006467194880
906949413100126208
95361711
825469947174387713
839486857
854431416284741639
912727590
819282450685759488
918796610833932291
480664308
2440959276
2957719744
362576087
926231425
759999530444132352
633418317
517037488
58189839
238881799
3151758750
815809551790444544
859115484071026689
822451930291113984
2918777212
828083102094393344
868646950652059648
723115685002502144
2697125472
914338026121306112
264768371
2256824347
2470033994
2569495230
106623649
1881651036
2172461651
902658400647090180
911515260120682498
2166732019
895767653402497026
819772164001841152
843582268505505792
1503433956
915604363287990273
307823380
910502167022206976
870755438832136192
777901569874489344
913751559133106177
49272782
912906781839458304
912170383910014979
3214394363
859818787192930304
774947282181496833
745528158116421632
794818142837022720
816068975109017600
269050973
1633245182
905574834943483904
777862000223191040
802743916705484800
58312605
769804939962880000
722589033273012224
899615806417489922
4561957402
783603677063843840
879674496420020225
898253488857206784
415295186
807593018706497536
1239673255
907416617096753152
907285376968151042
4020296601
892366887396311043
737339170163728389
554853175
303138521
817336047973470208
701239411833344000
591034670
904884390404259840
826517994130042880
802693745749561344
379905072
899489323233533952
2456714514
838466998732455938
34839642
886619413201514496
869155639880241152
2182270894
903992614738952192
788225465437782016
17931012
852674827580309504
218812616
861323916354125824
2902453859
2527856161
4306054753
3331839003
741827778
901246110722777088
901310995796250624
749625044784087040
899789670304935936
334446419
325405982
900461364963147776
2558414193
4554291013
732983050338992128
861120648042729472
892192366756495361
888901864103825408
4844370017
893771974899621896
3049088421
894228338507751425
898514344438353924
875609450307923968
4121418195
1683236606
322272157
853208126966738944
896947669544951808
2719370752
857660201352212480
896718304399589377
896353857047056384
896535473237237760
858560396784877572
741874887036305408
1639192764
596221217
893769731769085952
2830518188
345724642
895330392110227456
809792802553032704
894985701976150016
824296973171728385
4085324352
890896256888909824
523275760
793578793059442688
3150050420
853094198832181248
892823470865829893
892666521562075136
892625347061182465
450405758
3397865067
245582839
4663203432
886637983448924165
3316767998
890311926760300544
3402955355
821805872187895815
868518000672088068
308956132
1276793156
2802453298
871228868731916288
890061947336511488
503554289
3295410357
859443405939761152
884718472059604993
736534682
889233867491749891
881445742392508416
64650566
879413835303702530
4899851332
841780956516212736
4657264222
886702655023665152
887897830635053057
887760955156967424
859502508150071299
3014491892
1633733090
887361064509345793
887361072071548928
195543157
886958834610262017
826186141258821633
831993501134884864
1972526586
3390869533
835678838034206720
877708015545331714
275344870
3047563902
2719029229
799095701430861824
175590106
3069003127
2476683458
853462270906695680
843194302859763712
2793234070
718217523213299713
789757901124624384
833806981399969793
494092846
368215143
616377783
823503214150643713
497325817
45851070
840789118099550209
846059405187563520
883761039644524546
1651177465
875453658560942080
55371591
4450480275
745749165712506880
715702324543504384
863512576063184897
882297892320534528
179312486
880689147857575936
878205811868278784
1643178283
880154067057733634
878307331020402688
3303126518
814215822721871872
860226681247866880
872087053802098690
4741621398
2450565163
879386387912552448
324057095
3079183461
2218559839
1692842658
2377972789
2306674235
4525546846
823682260331282432
767176312607821824
1281551797
900765349
873984195374325760
824710035871768577
874754594869477382
4017720273
872076951653101570
2829032080
2550937208
2696104224
721303982333943808
3115660138
403420456
970174567
64260530
872927753342861312
202334042
2237295024
853693712102281218
3091480699
4835648464
774620838683435009
871447345807986689
758831288866312192
459838506
256741922
108143508
29523148
322314492
1096198662
2738769108
870613717687312386
870394246687326208
539335420
20290091
27231809
869250276745773056
2742707348
286949690
59274149
348044284
3392604412
48707471
2818978446
619739348
872234581
468037011
858733563847507968
862541928994414592
742940945990209536
1602906272
857954659922784257
1714290780
3094230403
17283099
49052566
848664909017747456
743379621169729536
62204314
210988807
833712323885936643
811664844705431556
745027036297764864
242405604
242170752
855377557650378753
4734393568
4502645367
805540492440141832
864157071230607365
1259936401
863852359541297152
3130286490
4790301679
768257860165898240
1365932731
786311017
573733345
3330113807
1879841394
863115864022933505
815630865485074432
3023873890
862829586958217218
2582757351
2529326302
634139556
855908837882290177
160122314
823885550247706624
18826423
781423508425498624
861074907739934720
833088583728775169
906729811
861153660650217472
837335987491598336
714619464885673984
819647144420372480
850015575778525185
860231212241235968
806305891863687168
853940087096213504
66757342
115577948
1701947018
2857620257
844586053474406406
1852170360
797219263413108737
38622156
859130580260323328
54616378
4593415996
858649232512864259
858393665332543488
4760261293
754318093824831489
836656176355909633
839389960285405184
824041023034851329
65395634
852100663333052416
597771207
812414647399657472
739526805774868484
846851681019154433
852123762334081025
2730103903
834358692925538304
851821352969318400
289938312
4896259664
746114493432889344
4711723555
847819594135773184
824357036
825661885383049217
853817603185229825
483789887
854280080310272000
848373544526499840
725362044
3401166281
853603401430704128
853853997714870272
853744259404529664
834474245606477826
822148289546059776
853542132283392000
831325141254729728
852269431715749888
1444474164
2570232736
216402020
743764820776755201
827533592255401986
19039359
1133824040
852203003864133632
527255706
1457571523
852956506681221125
852873283758436352
22814268
800276997817573376
742963066808197120
426966795
3359493928
2349502863
1665204902
3289453684
852567203735937024
818784894
933151958
2482460406
311142836
851831353821716480
851950854567538692
258887859
852138719758954496
851981841917718529
836397940314820608
3286785936
558588446
717113648074850304
3060105307
735903920648814592
848232325703925761
316989553
116081487
851613977394257920
792265424
276101745
851519911901908995
812502049824866304
851366175103647744
2852519914
4921593100
721302839134416897
1657296090
432036034
845695537278005249
797282917269446656
1038710749
4860478638
792487648321503238
549439558
757157274280349696
757206464758947840
2584481040
834763190256943110
710139785491251200
850174162098413570
813830685161091073
806685619166396416
758282062457700352
435540420
818273853717626880
846860688693825537
831198237688217608
4614308055
4813394415
811051070696935425
242275344
139600377
2977015377
798447346191208448
821196417813413891
4463519789
830683072509071360
4674658993
841850913753071616
2923083042
581799680
844161862358962176
844120208688250880
809861122928955392
743610299018772480
189776519
843726226783055872
720497554375446528
838177530079236096
2163428491
2975026706
838737622407208961
170123420
810130448
841177907041075200
841770913750237184
2587042615
788724153775890432
840754732390088704
812344756164509696
838872505381240840
311305739
405791018
826633688502956032
836796714065530880
233275095
266257707
814222969010589696
426434317
750389690503684096
824452880425947136
80945177
836130119915823104
764277776
774960732748128257
780148411085586433
809671831
833442445270667268
834841522625470464
769148857339043840
2836858691
833814161364774912
88605550
69643218
1244369250
1586261359
387006728
536706143
548832341
825843325177569280
2889194582
803984339272876033
224569950
830865738034470913
4684868786
1066054878
359067051
412611961
829784493011640320
25527463
1242923376
1712913613
828216750000918529
828813021992669184
2418128834
815640180581339136
828481370322239488
816495579249446912
42591628
771729991784685568
2957387849
3389873627
822522525632450560
797173081102024708
4284682467
2356731774
4761222203
728307615235756032
823623163569405956
3103410231
2980217974
825442525808881665
2593346480
824025048205795328
2699457283
50424940
791708080174198784
824630731699789824
812579027340902404
811494840785518593
2495345342
4641147014
795147366013734912
2359210677
2530782363
4918644979
4867779305
4635805815
35776425
2466405120
2320195963
4440110014
819808719059812352
2924834908
2232315494
2803321629
3025033447
434560826
820343501615484929
813703694961119233
3303261123
206628659
172547369
805974956
397447528
2773457299
37473200
993909750
20173341
817762953449668609
745548719865552896
54073078
760498532
4739063914
40408856
219981787
74614619
816854691044818944
2439305300
816410441492602880
816340756197740544
815607697848438784
772904753613373440
222240857
783981691929030656
815469793327325184
736244679289806849
700517864424378370
2638301061
1026236090
725201678266298368
792285556210278400
1305096840
485763109
4583989583
55209737
133645511
1263608442
3217214480
144940679
814140413552578561
2315429462
793994949104640001
735948217381097477
814212943671914496
2544351297
796831691868405760
814015104723210241
2723729956
719324265011638273
375903949
813975391450730496
300600231
697963414660853761
1713329629
804279220776173569
1087119690
746133576740016128
129255564
801387924373655552
813310444190527488
721008866171879424
4804841412
391245569
277054530
314034394
1855307257
27243824
3088312109
2927694613
809407302763741184
794927417265569794
2445318516
123607946
326066409
2951719902
753436971830218752
2303854802
501432120
578416827
753913561
753781642129539073
801903553497460736
811075556431101952
811139786354216960
811220674232586240
497137718
1356837889
810357348569149440
68900745
146061279
1347196639
842699430
750969271077961728
743435248260657152
3735964996
3390478600
735951019
77818805
967506206
2977973627
716357763757002754
1005650383
2739894369
1347679531
205087181
280324785
799344578969108480
326281493
3263677518
810435567582330880
18387227
3225707106
3273390714
766761999904698368
1115324059
1638629989
471712767
806669355429859328
4860349272
762746761
1584026490
776649227556368384
39261859
1876618392
2682919248
576441719
4842532060
791248577536274432
282194132
2244021624
746082290502144001
172384352
107374215
36550141
302096827
4754788568
3193273692
784840615901138944
775704132552421376
840302791
126454600
1594025402
69759705
2990599711
471854350
800794691658649601
3101907907
95201643
4904312535
2416723339
72735650
771735494078111744
796745116182409218
3251528191
770738813144539136
809621862338666496
18061585
52074965
1356673290
3104424145
2908924135
804969456686559232
147699600
3306372063
788979331368378368
735902622486433792
796188260028518400
597468190
232552909
2331822997
550182831
2786288722
253955068
189328885
809369761230491648
2542102525
121238112
576640030
2911333417
3416147609
758106573315067905
788896984895721472
3224285446
771599658820866048
188911123
4167766936
393637629
723207921975185408
753401968333160450
2180843316
152477761
108860953
734495285204922369
1059292813
487989422
798811965573320704
1411065529
3103884385
1004984216
2623781415
20383685
66187792
1411329342
2894097852
727140030075002883
768090030682234880
798269489775255552
25188330
3303565053
1394472469
634294255
127052013
735886593827954689
58006601
1295208558
392149254
1077574202
1537355072
2842195271
3319131913
4553643499
3188863172
384815103
507173330
802048257115430913
2424302322
788913052074643456
745394856546054146
60707467
804067272461582336
803925322370600960
735986450278146052
1247139282
719069326469255170
731121027904897024
2227060362
521948309
296429471
3331228360
3195268085
785875666801610752
247573304
3071921449
740488207444279297
740996052510253057
4076394449
309938553
1443485089
2721995718
796886797628428288
796995505154887681
2661599899
772476527908904960
771044006864166912
796343212864577537
3091722240
795871070146265088
795826263273287680
3141182748
246591927
166580361
795317264367124480
794840436665786369
3251074314
794247104138985472
496840594
747482487685812224
3432731727
4698522284
792034574658306049
3327173677
752326532761260036
792407948370862080
780053087755141121
728469760493682688
192906002
791140793708871681
3406102994
789862509448658944
763494161186103296
755046153343950849
702708747987124224
762146305917480960
702457882646880256
788442854343450624
719697680008613888
64963844
764667883276337154
3048540736
1516968733
1737238501
2749456469
4769404036
3146188197
2317418508
2247377672
783474677482217472
782980018603425793
782748813861720064
2766451799
720416697149095937
376547801
767921708451950592
780872238954221568
1734674695
780584716336402432
4702825141
2543239506
354856643
760939537417711616
778376371449888768
3001155635
447342382
744642563651493888
3698991914
777551260497113089
776953334343184384
4871532215
716188015744389120
774871937939943425
775838151394852864
2224113507
81556886
2918381155
703554295250214912
774390968367865856
774311911810818048
774212385427120128
743574258786443264
764035074069303296
536746094
530982402
3233355002
553324608
702340338497662977
524489806
770792179669147650
748773387644743683
3351997829
771482160826122240
72442955
741397288023687168
4897334200
178002224
771160058491236353
729374131339276289
19402504
2609966773
751393480115625984
780270294
770222919091970048
768469525524348928
764094616920621057
268410647
3068773860
755566806056644609
763690808771878912
2867041111
489290481
3806847193
4046857529
767760415992401920
767519610648137728
51215437
752961239593082880
3483839721
713808393488744450
4882348272
908782592
236593998
1242274093
146027609
1075976550
764775169521049601
17120880
21094143
765890339567788032
2775319516
1945769556
363686588
1257901536
765501306039570432
765465674793693184
760078916245712898
764129944817504256
1012311241
764088316895502337
1469414328
122198898
764309750599131136
387136837
760129439808229377
764331538351742976
743560882148507648
763740181224562689
1110165068
321143998
737412269928120320
1512003230
48967992
763030099444822017
3116177639
301052401
752879822074896385
2863449348
281247960
3047738266
716239648222085120
4890242051
2753876550
429358281
761339290643144704
1632727099
3177198414
761364371574513664
761513848574648320
722936476120420353
734877699592749056
755807333012365312
756192807363092481
385924240
788746160
2428112261
722488498691833856
2897691814
258845256
760478497550852097
3717805758
4229029943
223096015
758674293656027136
2610035320
759960088618545152
2936292268
749057951122362368
4715309611
3340448351
2995422068
4842165357
1141930848
2464314970
746585027740205056
712643194119434240
758780704155021312
738557029548183552
1036461900
2614209992
602430625
758384159836569600
602168887
1595050238
1455162110
49654545
744955504326225920
4302540749
3399183573
4827530884
736213607663435776
756470734986227712
714654782892302336
4882407789
446653859
209965020
4495466897
30917071
74480933
2287448821
756553475324981248
715264681372418048
3017076893
256995749
2762109870
708475457105207297
42113946
1258195736
754480901954740224
1256052582
755605821405302784
382724784
719696104821026816
4513623329
3676781719
753399436965847040
3236402900
710607832324833281
636669548
736577417712701440
2185848547
275287251
753908086499192832
2784324910
732755388219723776
4906292440
4827800491
4919297608
420775734
347662091
1658308249
3159700234
2290432478
752505620050370560
827383182
285314289
703691046367191041
713427118261022720
2961194507
1448633689
561341880
2962522839
743673632811978756
3052714175
751477923526250496
750541907516858377
2871276028
121905184
51506971
751117396115648512
3795004294
751080141346996224
203719510
719252345889124353
348387737
2923226476
44327948
3801558974
4708550302
2482002841
736198576230010880
721546107197595648
718036514672783360
750001563192725508
2212649646
116479665
719977294488539136
2401905666
3048296029
2202346748
441890033
749625687607275520
749517169835335680
3063799941
2857946537
3239745808
1539716899
370295432
1445786845
110882678
747882134799548421
1516736978
736339027616485377
2904417197
200868645
2612247822
496854400
3197465413
740995817801027586
1374530726
748592347965972481
745637703597842432
4798029017
596889584
3232367897
747840274110382081
2344965510
4783799594
303508641
4844306849
2881698332
746959015658258432
747238502673199104
607526111
4687506132
265811910
296312502
743896426665607169
540541602
3455503754
162857011
746429821282988032
592795824
1723739540
746346288313176064
148087977
312416800
3070848718
1418249245
307394513
746000466857713664
1857496688
295120980
4419128534
138462910
741287655422472192
90670590
3227645810
14279433
742609885708324864
4866849424
744388974093885440
744139921569497089
705011147825668096
727619741783867397
4135890334
105885521
4145845475
69078422
478835988
718633531836997632
2556910932
743535164207226881
729247452906307584
700474264814755840
2398332126
742728762085806080
730711051461746688
1953378229
723261106488111104
742658721738858500
4218729988
726448997246861312
243478280
742158126032560128
742085847428780037
741940234083008513
736882441139433472
1217411778
3983706492
3302754691
723273190315794433
2223509186
733707244030812160
195871963
236088167
739126303413047296
169003533
724001788312072192
3326347919
732461379039330305
103505636
739903672725835776
2338717961
480047591
739557887110844416
739567376316784640
2702179124
4820777057
4740975028
4529093414
3482870479
1605460524
21383408
274204273
4062844095
188992906
2297097074
251227236
738736540919042048
92361909
726920079103905799
7908002
734534975974969347
738103196481114112
718159576592478208
735443673631035393
4805646356
712343350460882944
95722128
319851740
737373471060135936
242374036
1186385965
3195534650
734824149508628481
1095409634
517055356
725813906229354497
139816706
129626344
2568530890
722248738736107524
4032988955
3431999391
485072474
182844522
2998058524
731563422215720961
2812835035
728010747985305600
3576860960
735129311666130946
730068827267076096
921095868
4846624229
4901067837
734491590950031361
315609470
4868118903
4925211353
1222410762
297196054
66773055
2889010066
701211845902794752
733720423959920640
733700107573571584
733688487333920768
1066606794
732747272321126401
1339113679
2381052702
406025324
282872872
733007538401247232
701018247420706820
3353214201
376882453
540517500
727337078548258816
28325864
369567527
732262316121542656
597923961
713963036734697475
3280217066
49797246
416863185
531800701
731680649854124034
731926234557497344
263015347
4915831271
728394962132455424
731741866664853504
2855662925
4372823193
731561876019138561
34735028
2350077685
725775709268922370
724169183575957505
2462640612
513067386
2903032950
730411600092512256
2497114763
3097847897
140990432
3244787658
706893242931908608
729983135392346112
730040697647190016
730867123392794625
730430736826695680
1327859046
730761611326177281
713509930716827648
3305491445
730451622762033152
729937006097145856
3776727687
84491765
728191053493354496
347855692
589494975
727865149634183168
727099388863078400
3385154158
2281976131
721464993548541953
708886505276592128
729960483256717312
2198468958
4013787773
2861249852
724251425023352832
48074572
4418321898
1605000475
422005102
2184306146
564140895
4322710601
706164992232591360
26844460
3061527474
77140465
728793317421383680
729018458143375361
729031164925718528
712356595376791552
3352662461
4916082499
4790413927
1143645331
254563108
728129461023973376
415711054
4561963295
2521930666
1101161035
3304690189
1385828953
2310672393
720635795325849600
728329846141505536
726273975257550849
2286214657
237772335
2981426388
353475944
69193991
2598307012
727631885111832577
2834382478
2363711948
1653204079
71610907
1411542588
4700480596
329238105
2768255189
726062336516100096
557329235
4381477332
699742728251449344
35747581
724663104190201856
285753413
1551977641
718822660285861890
951433387
726999973678735360
2592297512
1289640624
4313796683
311581856
716983662663831553
2798404712
217368090
311627728
594762080
517911307
601723666
3016657818
4713493820
129294680
2844702656
3921822563
2269485678
2894895419
726285406891712512
50607627
725421886772006912
600298083
516129938
3099368999
443880229
277788062
3246684970
3290557997
3438069671
100607455
1439420180
720401192044462081
3158121796
724322597912121346
725254446893006848
724515204092944384
4461825623
3113140216
1175331422
1323000060
4882054528
872757355
53215710
2649256226
723595423466827777
718419555614240768
244311253
724352800919007232
722130510932230145
704116109767794688
3314044605
722185863778738177
48154940
121610202
172984468
1635700938
2456226049
2667753626
2869433000
2475226200
1516495417
77515887
424365078
3235506442
280125344
60351262
3037995803
720593957143646209
721903040148717569
3000228899
592336076
720005114522681345
700051787651256320
2433315626
792867378
190447208
722501220204617728
722475159169273857
1955137273
214105060
722431911000281088
3300636981
892951848
720396261317308416
187751609
712077791265619968
717466937962446848
2546774808
4361021774
721675455523381248
4872961456
500411857
1380163632
412780411
719640789828116480
3395999362
2414875066
701601375487004674
3288689801
275608328
2149119441
720794534657982464
616345969
1920831421
505076501
87645962
719853072672014339
3186915717
4444916609
720020679630962689
616562634
34050911
705946057574715392
471913761
34025995
713850262784385024
4824564898
2964100407
3098436145
2201511155
3761070014
3433373045
611602541
2267092364
1213169030
2545750220
262083259
2769257047
539194663
2591610864
3040302317
422107899
2216569841
719184889787060225
286519426
942203556
3445271055
2543815601
2412314905
712045563047452672
547892705
718821188420640768
2577231000
170626827
710597962540277761
715674488239734784
604365521
718772934152712192
4326417195
4917909274
78204074
224816571
1242274435
114714783
78505298
17414054
4501973732
716304171625013248
1302065940
712667215368175616
2978611217
701228991148122112
700699568778977280
717022488002174976
715960376626647041
51900981
710270295412760576
704756995312775168
2497530865
3344442124
710925409408458753
717480478106914817
716538052101947392
3170570074
4442969901
234509612
707603676777549824
2909067468
3184764540
194524375
4246112663
502514378
1699307718
708107523358756864
714437308875948032
2292852215
710657888943996928
703986863011446785
140270879
2895005000
4123434560
1441274311
2762166577
1264089654
3010619244
716787048045158400
711230735483539456
445798395
544778031
1845040596
714270800979763200
260396311
400930680
716084882141622272
716417408089530368
714922207236001796
309669551
141014531
107587091
3130941117
36525248
716004138404954112
715999528768372739
715916491858841600
3241429222
4903035347
2151813224
3308477305
4871690401
4658745830
715354670403862529
2834831798
180470868
714883046680334336
715316016788611072
3556191075
609337504
712475937183412224
713890842495332352
4697580667
715215207732088832
4835784618
715025894683897859
1142050320
714961131811512321
160664621
3631933692
714730504415739908
714053336408989697
4597875149
1148822640
1524986539
703270198690910209
1400877294
708306497156079618
2885716489
240149184
2266388564
3657696914
703562341657481216
712084716355198976
713652425874411520
713473263607918593
2745292253
616478679
706530231637643264
713105074810142720
712784916413480960
28280367
713447949460643840
713366775178661888
925466977
172636109
713217978192384001
3188223326
1077693894
711977436980887553
712306108518498304
707565451409227777
901606813
700777493041512448
18309109
712308139383775232
131003258
2595374428
2382565136
712116243113713664
4847468791
710731075064963072
162714046
2470141260
711704749377069056
4632197129
300943753
703018122060681216
2519365533
1952284578
460070909
4136362401
711643739194658817
794937314
4106596653
4602324856
906532988
4862658378
711065762190925824
710878345668513792
710863972690436100
710216992662429700
39253784
194391911
4823704349
4842610246
147073258
706228243272040448
705060001891504128
45947130
709810998216040449
1963711166
710141815878459393
708197254562066432
3261777737
709919519846699008
3239271170
4873150444
3015094671
4423924033
404711185
706889990274285568
1614463746
3568379536
709103977372241920
4707729801
4809801393
2246300515
274667661
1668589740
1447422078
4009251747
708801357742997504
3633250214
700734958512386048
313762243
3580569022
2898590385
4605536292
146003933
703780912337522688
706227151050149888
705958838344679424
705925304322170880
472212369
1827214586
1637899014
4899059939
2337004724
2803795500
2609049458
3123435005
2639620548
708222550652952576
703679847420272644
183323592
425275240
119540009
3136563011
707800236333383680
3193158941
4808568101
4086973816
708012789235843072
447450349
706735450333970432
4825379285
2453006546
706355647151869953
705536773422780416
2192604823
705350312249401345
3597982036
48036969
4136343989
2308574210
2201969462
706611190340952064
706804145093791744
4514979494
706631043613327361
706561290106486786
706492910695555072
3715713674
4867603816
4701626548
706285911315714048
705882328699179008
633835577
4795451954
702602325815386112
2271114060
794570844
572345502
38864227
4488481993
705459935606382592
4848125412
4184547373
1334955672
704137853689683969
2901454821
2791273699
2208021056
4670761881
703432303351959552
4235667333
467978650
1648828214
3680683636
4921401891
379781010
64137996
2250253283
1648586772
4539193392
2296579401
801504588
4777707917
3337085722
1394886726
704158935683436545
4837439172
4868105123
99446442
34374592
1620484033
703760931738787840
23924483
1220866429
330039890
14057300
4893328509
704074391500488705
4365193582
751651548
3875884233
703958518299144192
1601419771
703879342997245952
4896114553
137159797
4784878994
184422716
703488325882126337
701635800539201538
715926078
702894445495123968
4316499680
272713861
2333475673
703048949431664640
2335992437
701589099333996549
618173151
702993062717313024
4707432732
702790658860437504
2497734109
4927258125
306890298
702715535687962624
72652164
2696588312
2327835560
1455885672
247377016
941065070
701833115497529347
264832228
224268760
4623576315
614219003
702213285916110849
2950416105
2348513845
3425363411
4926955293
3033320983
851208355
2147905082
82263765
1278712890
56874316
1128297733
4879203778
13098402
173660333
404128314
4811911949
2935573260
701900261015465984
3292031011
4883606645
4925990882
19041793
701412311676928000
714074820
2864974932
2976815877
700539287322779650
701152472761499652
600384313
4901259213
2189395304
3309439636
2298430340
700976010544738304
158508640
2879378765
4584427176
4689205087
21405992
2274578633
4715660635
35090644
2917505042
4766323658
3074222620
3234359862
3380479599
4684314204
271803295
284483876
4716861682
452835499
340064872
173005890
1062344708
4915714034
1064155968
32338228
515369686
4768203646
2825677220
2899508255
3223037413
4882802974
1307014675
2408090137
4831232705
1161738498
4312828054
4910850742
3325025853
504913145
2155739457
1558413062
4903947673
3225129947
4903232750
4839143470
4904901171
4904966343
123348292
4903174487
2507760456
2264020289
3707109497
298774747
3358119028
3304685323
4898949065
2283820430
437982555
3997453163
4872131159
287151811
4048450033
356302995
387839667
2987226347
141057137
2624299517
4867083369
2422197679
4885918860
4737135057
773199128
4853501741
3416045589
4748271529
4885649738
4883837751
366386474
341734826
2378461009
4717062200
4765052881
3331687575
499242550
633275445
3330340932
2257305768
4861193479
3581416937
3954290598
3098752933
2732990194
245352027
4743602840
3331805955
4888647723
854940740
452313066
3286497474
4780174872
350053457
2148350393
4167132316
2391341860
2645733424
4791123149
3268359559
2928465713
2851774513
4838086966
2255772621
4817595141
4855267432
2967836075
4866792292
3079264927
764983069
4883420819
368499199
4250073987
4850931579
403429217
90753982
695684011058974720
3236304055
4748754869
2752214899
1584810432
4563424229
2923890339
3035005710
3326303225
2624122702
4243135648
4745512436
4701299000
1656480948
3368671053
35010362
2935258998
4705990459
4124221443
3385576812
3688683917
348103132
3235530571
695316368112140288
2977524226
1415812710
3228889887
259449163
4643431513
2345634708
185432061
913616784
253532616
281469473
228204075
2983185022
4726075463
4837195657
4726009589
4365478937
2517940146
1454094282
3315147472
694827822544584704
409493532
4868083690
3132129814
4854515943
2755322019
2937803715
2974663187
2589510658
2218261068
1035608665
4870890993
78216756
4847894303
4825481189
4850716153
1079425658
2269228346
138011991
3008679704
249209621
76777004
4719337454
68927871
4845268453
1680147804
3061502455
2691496648
2324326830
318055904
615681888
3651129379
275743700
4851988815
371213035
3020203200
550175109
3102338778
1349543460
973586737
3233133151
2788340968
361064718
4864222275
1514361619
3485319556
270022127
4867252403
3292870388
4842088298
2886357460
4335732673
4843598307
2928915514
1579686956
4589765241
4819351223
1544522684
4866766138
4831551485
1939856371
3165427462
2438661134
4866880276
2773362863
4866185241
3102488288
2963467985
4865109340
3741297981
2269555050
4847724057
4846789666
1220021714
4846998555
4863297407
4606315812
2180620073
4710408197
2582558798
30361327
3254869501
3040993876
4846700421
4721144485
4862536240
2566298138
4832740406
4858945995
3383504901
1278496008
2292875009
1594015554
1708733114
4784676254
4322102067
2417363324
2529952922
44229503
839034098
751725032
2425127634
4650496222
458036336
809659615
2584661742
4645478052
591502248
2500405512
4687582873
3295339197
3395739045
4857976047
4851292197
591842547
328969100
3056085113
2493507536
75690762
456526192
4821573527
4854813514
454453298
636480618
4821615658
347172368
1635428964
279345619
625263702
2778315310
570095429
4823172057
148614319
3076232373
4719024915
297163621
15658738
4477874832
4853125065
1230974600
2587819027
2170820991
99734105
1017340614
407945933
4717043599
2377586449
72093753
2474765186
4707634396
1720958822
154384875
2986064829
1265487884
4774015817
2648374928
4849159509
4748172641
242084362
2626240466
615526477
111778912
4848703408
3281148158
4844339949
349978282
4395240613
2955008775
4830252309
165441137
2605703430
4483772555
4827732034
4810399963
400586768
4380850394
2903161037
23083799
4827592647
4810916173
17531332
712791788
2326712984
541850911
84311871
1040529133
66976382
1579431194
419029069
2823774601
2925153410
4842694745
4770076123
4808560375
1640303732
4841814803
3900349035
605351087
4841749295
613947226
700037701
3237650835
4697423311
4828954456
4801507640
4802484732
1676771024
274237432
4822503735
4839187252
4839010647
375998139
3395593036
331042664
1499973708
636520183
2391101969
1032700363
4631737396
241857027
624358358
341202961
4776586542
49281770
4720485787
4800758766
4780910233
140565292
4833959295
2435914904
4806618407
1364297977
1520493187
1271450527
990916453
2344510633
3124319589
3260432678
995302160
940279430
4788744066
2226521502
4833899003
3100983628
3138281174
316385362
715197410
2387446170
4825226399
4707023010
3352517584
23190345
466602067
4828749255
606488904
3032047246
70447839
24041609
621301155
2733112871
4514647121
715477586
297718823
750125904
3160701526
1219981346
4830882136
4123433825
3201944313
102038779
2319705024
3202391949
3022254675
4494226967
410124064
4786850953
76347881
4786122914
1406027550
3065911411
3827099303
4783635420
471114450
2694795829
4827674951
327319397
1578106452
4819823819
1960959349
4645103456
3243003185
370754131
4698012120
2331311376
4809215242
100894142
1445547943
38730644
146675665
4144184901
3058803418
576640268
2426652320
4466265976
4780356470
395009973
237796056
4711623857
340812685
4779865118
4779674556
4692094698
4705270694
295927894
453204440
4822533286
3470930838
381125336
2492847459
60827996
4758200320
4707495455
1287065070
4777151994
3036863516
1015417794
1121629616
4822966425
180796224
288354517
1056597924
1096562203
4461461369
306372797
3734199203
2547734768
1364876604
2338069903
2930572818
2255932687
3027458037
4768614631
4729236196
3167419055
2555228786
4806833249
2964251496
3267521334
176341464
244129357
1152808536
712310017
3079371103
4746261852
975336270
2246191333
1579920841
4710909414
299266644
416638515
136544296
1158302935
326589372
1135722194
2837621621
148513222
227041214
399393398
1108993952
3131369189
1698789476
720650337
4109990248
4816838895
103326758
1604736697
2510978320
4592772375
2640606490
4764918084
3618047774
478846134
382300964
15832861
736294051
368358992
4792811477
4125183387
2864192930
4805796892
4671994814
297341901
4784277448
4743913783
261488030
4268037132
254631594
4269657497
3028083865
1695159529
1708355808
998232650
3906441253
161636366
384007227
4736816935
287248182
2969275786
1601798960
4749982995
623151646
475919558
4741409814
4802483477
3921501615
22793440
1461777492
4752055935
68854663
4779972316
4751823966
4045673079
3919322414
17393059
4752432612
4706113705
4797739336
4725864022
4280285774
4031369116
1332393236
1040952642
2282745108
4360235356
2962555967
4758275363
1189306668
4305930161
4775631862
125569508
4788597569
2715955943
160330312
4379086032
4082903002
3223637732
383735313
263722374
4733916387
217698984
44919860
2178731815
4661250742
2899054803
356157449
4726721835
216283762
63869502
749491136
4718582746
52555966
4528761918
4649272277
4731879440
2957639345
4745509200
134543571
4605861315
4777665869
2722828579
2758680502
968750876
4339607174
4721147508
4601264414
448116772
815101717
3806194336
4741597950
3939856834
2504385589
2956565152
4741509014
2488989811
4740885372
4717311506
36115642
4739780642
4303194135
4667238742
2961153047
4702552326
2168460498
3635104877
1492813940
4763012553
2786490299
4737284600
399412879
3303583712
150047040
4736302926
2407432663
3068946644
739698787
4721484253
4324019114
4621617983
2189676740
4758168143
4758097569
4504246223
4734953215
2745519973
3298840135
1210781616
56471276
2261747539
1455060768
3185614201
3273437652
1619097175
4696469899
3224568686
546991947
3032303576
180623842
479916386
3024579985
1549624314
4631904200
4731296960
1143366541
4725813312
254530337
4749437781
3024359447
4472247139
4750176677
77589122
4335072215
2341177638
731151768
1429720064
23382499
36547565
4729932324
1852821990
2511281121
4725426403
4704184968
1255471585
2976203793
2389361306
4746240287
2778707363
4018454427
2573580361
176289112
3678705674
47408529
4701696916
2312589849
3152183188
4707912074
2651878800
35652585
4711911135
346967588
934470540
282364733
4615848139
4497673762
4692068292
4723690826
509057719
128571394
91258834
4173116327
192296575
302374769
165542035
4736763195
4660376433
30284191
2614150170
4725367019
2471390269
3252052718
4579411769
2207753439
4706743992
4731396087
4731325361
3453845774
4711917799
3037955266
563450912
4499721793
3648751279
75871817
546064684
610403909
283493853
2806090738
163075013
169924975
4697538391
2545621182
305949589
3554753713
2866935990
2211372475
4649491577
1640826121
1615947114
328619740
4497325215
1890889722
3192554693
567427332
52394369
3022585501
3010989743
3317309443
4648012517
4717400174
265892723
4694203225
3335156773
4707023624
172459416
3985867753
1188550098
1726978015
1375846422
4250648121
4720351817
3646447033
4432364472
3221309899
4085025672
2653988346
4092869366
2263975016
290699798
116461261
3005966880
2581353427
194335650
133092979
4360530081
2853439095
721310106
1692371276
2159899058
310756669
4398085941
191547371
166704716
1645967839
2458791716
232481298
2443379798
618554130
337008860
4655733149
3297978780
550075003
2749261755
23795141
1939157316
560739028
1922166036
18783015
2777613214
23392028
150065646
580447968
4707923309
4062462384
2937700535
4422315515
4599052572
106819754
59739929
4709787465
2335645424
4624951299
3874278861
550093253
3396601221
2890218193
4657412122
3147126816
4701412936
4075689173
4710180734
4692618800
4656434873
147759009
4547125589
949785926
4528530076
4696499480
4175708780
138369027
93334870
2185845786
4160043987
2449922545
2800872829
758545002
1145510521
2360124512
4699887572
2825711326
4698149779
3695105716
165510147
544992852
873549326
4696972639
2802170330
3362849399
88732694
372155730
4612672337
3253924580
3861362194
4032307911
61649799
3858910280
1286828298
4704680370
275691907
4699246844
4703944399
9701022
209720899
1607133354
2738292448
209622843
4688788724
130217111
1325895428
712896153
553527825
180018162
22517621
4696522764
4639221672
4686290904
292195567
365186211
2967041337
61103561
715369047
140173510
3017208602
704339348
4699945380
4631741532
155320254
176108686
356589651
245683599
2658226121
337498972
537545103
269112897
3174116903
1498980164
3344670759
2851103364
2998304217
3191527488
2161266889
4515572781
24824585
2957190085
4617467541
187602382
275647647
4699117970
3196873122
307696925
4647334277
1022174287
2758379780
2918126053
120447963
2642106742
4698382837
4611693075
67971124
3433134652
1152358680
4692950106
34057893
1965663566
3371029175
578599013
15492229
2723397821
3075971061
192539390
4697721686
2878132445
3398596544
2931954860
460435576
489760924
2470976880
3063728315
2151652494
434535879
977110862
186498661
3159765202
4607685879
109022900
2376030895
3121351886
1653587672
2249214074
4229046559
34264913
2542091388
2837224177
3161718080
2925468927
2250863737
715337293
3671561056
3329966716
2162602508
502197221
3285618078
205318700
1022800652
50563789
2916037705
4421552486
4557829221
2458763132
4636997957
2983933655
773576935
4562199260
1131872858
4553686455
3184908808
539687541
2755431408
564866736
2835076487
4655431467
1477641541
3145316877
242444496
1655263297
2921009778
2375262320
4483883240
4078802061
3900351492
997299924
1003362162
1527125150
2155950912
386280968
2798788308
3697284854
2737009607
2160589173
4240642285
3342223449
3389488481
1600110282
4676074980
4627828397
201221940
4649555474
4188175432
2444333028
583054832
3729061934
4623620361
4685559283
3308403874
2946351556
3235657843
4569782451
4590897442
4680072678
1286742324
4650848420
437238975
1653228234
1304696558
4675136300
493167941
539189067
2499796598
234172138
3552713534
3948690677
4663277226
295769771
4645543842
3037219079
4019219839
580117688
4591437683
4633638559
4633719025
2569229966
93210744
122375230
38978110
474248221
77652342
4492948828
4599396560
1240107162
3293351582
2988053631
4605895515
4600371401
4609193413
4628209707
175124549
1621897081
353339455
4646394135
4661372595
4301610503
4199134103
3352698976
2577868999
4551903447
4661621254
4662324376
1870737762
1703286584
4062825052
4652222412
23396119
3651811043
45804147
4237676321
90728909
3190340449
304371931
4660574057
362187901
535191020
1091375630
344206656
4580412376
4051649473
50815066
3075644655
4680324236
405017788
1642494258
1249450170
2916892306
4650392007
2212878093
4569274882
153632611
3972066372
4680249798
