834103915436195840
3086955895
3976263089
804894179373486081
948531647296819201
952365127592022016
834543140438675456
762009741111484416
963179378262687744
2358395923
881703226088804353
981947988976242689
980007510928224256
864073634897383424
911610357692735488
996569482570223617
1000544359912214530
784622802901106688
4499621417
942424195849441281
999810118920364037
998633759305068544
998349146611384320
998308259051208704
2828144200
924655105181474816
919057394520416256
997906673955110920
953137319141429248
996927186773954560
975906852532662273
875920416073818112
991766794628157440
935913480925855744
996037564258832386
765025977890054144
713714724018511872
795172661395529728
2573433654
989295262270152706
996252398355132416
996209603401596929
996198576635236352
982009245314019328
727286335288020993
929065293762015232
2528569302
995904329604370433
903786351799259138
836699658328162304
715220677
947122869175283712
986008482435469312
942212875338375168
367284963
965051799504908288
860114079498764290
3044803408
993233907167342592
892809597618204674
993094250064687105
732770195672956929
927120622479581185
935662146939179008
3350228008
980517088854007810
989148485587959809
892240344716333058
896741303530160128
872454273312972801
989947799793029123
809409335294128128
4507870642
985293833628999680
724299880768897024
3895207401
707724807073361921
607711439
991047406908211200
137784088
896051969344909312
922909252431368193
953641673296367616
963169075651338240
919091393326395392
2815705612
713157969244987392
907085637509156864
1855732825
1605947586
841321875749908480
113847775
970798666704400387
972918486908506118
731108861109780480
802993023089045504
960923775960313856
990451229661847553
2801222686
2873869456
777424111882690560
990210345288568832
883858943096881152
971821528080896001
1375370090
978660662149894145
4750977497
981692069843492864
955285897624334336
978471357657862146
970386875503595520
767412662112247809
988251732915445761
970461823362306048
835981963454472194
867916327482261505
818846177118580736
878995265402929152
768163548916748288
980128534483136512
742153039700725760
595630202
981613490543775744
954498230359937025
788207534
968981540943421440
817044307853135873
969289237051912192
3167592251
952408953568288768
940564147586002944
987875026643881986
862478552310140928
952019431063875585
759192479354806272
3418683447
727254725515730945
981350318855290880
954475079068471296
244637436
855982363226001408
987861599590453248
748581910801190912
3330469137
891876550689345536
2468341549
4514626397
964573706650603520
769965618959441920
906992829783736321
986850676402806785
2991111035
977343309285752832
959797171926306820
964963435338493952
984402511858581504
965895452569858048
1671778711
841601709872939008
919398637624365057
859580674877030400
523823152
971017076146974722
982599496025559040
428629213
842564527275331584
2597441791
982669648981319680
824689978848538624
2868148293
982504498810753024
901767970216714240
964583428258611200
804826923943727109
831426005889929217
957986390758838272
932390324105723907
932772944505458688
834164666804879363
4319313153
755148231517081600
955628643253829632
962514549067968513
1072185847
965031944512856070
2680969140
3765363912
791365464001830912
814261405197148161
905852682488999936
980563681363877891
856677234618245121
945592469575684096
925191244631900161
294216938
980636438114045957
723504928875003904
951228949274808325
2819854029
981785647357841409
948339747004583936
4355992342
1683635935
986256220913852418
945734400305532929
2377492065
975655730773725184
858787707140616194
953118033584754688
1309301647
755190774917103619
3306367696
4539211697
861756274635030528
967971726888984576
4334451016
957707941779566599
971911481750147073
795019534033948672
946185975348322304
1066962756
986386246506287104
731677094913159168
986668914842198016
952762803680677888
970405938334240769
986739647664533504
131600866
813446340885807104
767887972381368320
870130716448829440
919431969141874688
968850137605865472
971784742545903623
983516306904264704
952712696289484800
951997166066814981
956948551027830795
953444458019852288
968171890043957248
242112552
261946462
966481717551861760
204993279
247310616
1250764922
844780806
2484647774
977599549324832776
891310184294952961
943250498093797378
984590128285933568
909877128912605184
974632020901969920
947479172347199489
982448321733316609
974088167132311552
983625536185552896
983102158928334849
926990755255681025
954595685285924864
1367804180
981570623393722368
981932187418288129
966562855653867523
926643059756060673
2894669169
964718717140692992
872605333792976896
971471259489001472
925496407116697601
959088022741553154
975722312489152512
934506857892368384
3124363402
849822731617148928
759827755844284416
1306310744
2218647300
977342536313458688
1226568768
4900381528
945645961795260416
3428493466
860623978838212608
918940592641642498
858831246541152256
981542363507187713
812246594405986304
633969045
981548114241884160
968672307689480193
982664111598264321
4283849664
932624825264365568
859061163086295046
980717593500807173
969641694885892096
732329162598404096
575795098
980892053537255425
195972704
982644195415547906
784507599852933121
844700627104141312
924401963122462720
891363408385331200
969567548080607232
962452988177600512
777979275051798528
962960303200747520
837428924825075714
980125132189569024
4018697414
4048040663
916634254225952769
811389075873812480
813588591473557508
981273964277321729
234854636
2198231659
892614708318130176
950159735944368128
964944178991026176
980417683329044480
932062440501710848
958436005089964032
982705755227815936
952323671812603909
829438271059025929
954109998564610048
806252921767731200
909813828686401536
914563165626798081
819999901870424064
963792305965613056
1029123080
722624722861563904
2864887240
965339656559693824
2830567042
893259915950788609
938257570267090944
964984888523919367
958065714082074626
931250505719857152
855750640970203136
981994085123743744
921794867063377920
741026856774864897
982712685233102850
777253173044084737
937143828888219648
904558817412870145
2954061256
890994130490445825
981015498950406144
980718320268840960
866441346009227265
864596897368989696
970477763013545984
869014220783931393
755211166587072512
4333417959
949359731721695233
2451615332
964279713022668801
876145104657973249
962762400523890688
734909907040768001
309508151
969632511868461057
336660387
982461443957288960
967520912856768512
724870063690493954
780894223986024448
3884954356
928007532928528387
790760605
1605101983
3386687326
746527456128020480
974815964125630464
975093836719378432
924764590537367552
980308635254435840
982692971136143360
816176654196371456
750347303182036992
949884850659516416
2957976307
3381207345
886449046176632832
2953270876
954156227361234944
967837779190140928
962793522347769858
846171913240170496
953719152082079745
951625075446484993
973724657953230849
745799888
919339166781059072
946835055690878981
887139971265593344
937169984433815552
3366722457
1965833851
703199758307823616
3299433091
965774066488692737
967805868719910918
739501526
840350372686311424
4548735927
916856022635044870
2996077968
2543536463
937369005953900544
762206148481069056
212418117
780927198626590720
1969726429
2161943785
967259785652527104
967910503904247810
965025430297333760
937856062652329984
981333464497651717
946105465972428800
3115549085
4168566773
3405057430
955066058683039744
959812119549145099
894433942765314048
951879798619598848
960571139658518528
904408956327645185
981419826227838976
3147682566
579184529
608470850
3325804457
925483161123000320
971769802086809600
1621443660
946804754281361409
966131799737929729
215826622
879953536120999937
981575976646832128
968595482976145408
2994047202
860959945927380993
767405882711957508
1327646335
912087620372582400
2917023631
2907249148
981279879923666946
2199775856
956216733160935424
980951875552980993
957479299203915776
979025535664713728
950277220228128769
958362141328904197
3263251841
833060315441004545
972989570731134978
949018875160682497
899349930464116736
971702224953864194
926952050805657600
926578452928565248
834958987833401344
962181189187571712
852934099727724545
2249056255
858817031986188288
932644720299438080
2576641282
1184999832
953322352540028928
887158671930798082
3375848052
819730517411172354
947435616534274053
907754236217262080
978177330853109762
831327684890390529
952934590037069824
2698512569
3400893009
2312907822
870390014198378497
979798499528192000
3985994546
869215713935982592
921093210327281664
758384196058578944
947566668296933377
968101933415387136
930141639686811648
938976969357778944
3722447308
2693799170
708556536
979939336475955201
815304799457447936
975966310411759616
554531524
4626190163
828293178914648064
969225073147203585
3070151638
1658709464
4561736834
2479876262
719970294568521728
884078145166614528
2820699736
962322721202941952
916263938727268352
321019777
970161804025483264
806959466314862592
1146296882
550596687
128961051
821904764833251328
871851549395386368
770839602370318336
754531375043059712
974738355899523072
968160457851850757
860309090010107904
921477540421742593
767392633769504768
969612486835036160
968375923425804289
4635568339
2243933028
967657418028175360
757731656191004673
828691429539082240
946592993485774849
866076805534494720
3389488905
813878407771455488
2522463441
3298773531
939664510222262272
979923932441710592
1024988730
823750885394305024
2920850746
716194812
975202949394845696
514878498
970724040209063936
944778744186667008
949754361084895232
915728590339178502
968951647161454598
914246195408769024
907416924107153408
945523540123635712
966426136463933440
957499239743086592
979558305436655616
770312945607831552
979871335441747968
2431176471
884156686470193152
949827065829761024
859897226574909440
3179964555
889226032036925440
735305334382841857
899621611757858817
950553110849744896
951675313586655232
712717871395184642
860398073184309248
932123019190734848
1925393833
153997867
2528507431
2575571071
955615171631878144
938154291528978439
734923792082952192
957162378814111745
967966140889624576
831663357279170560
857264224141266945
779457385131900928
1167148597
922233728826560514
978406144564695040
753000988215238657
2304626728
881935012966408194
867557011034132481
973289567947251712
978601293345325056
944702572388024322
856242611178414081
701503164453953537
921884129158942721
955364896585089025
2814328225
3417451228
926921403772764160
736414922
978006696311316480
952887980376522752
901129886730928129
974800727422918657
963110040973570048
2562872365
958147126868897792
857583684630728705
820025606024925188
888637495734288385
4904747995
821373703292420096
936647557983490049
835341756891713537
918865465291575296
959471766694371329
923392633778585601
974834376403021824
871356906408783873
2733634115
952697164295278593
2738152478
2764436349
972500116732043264
137208637
916451924337201152
949798459808403457
957454830393577472
4644003001
858672035836329984
2423227946
954490692205608965
913766265252192256
969283497549598728
2894965345
2646499098
972608252658757632
964502341482315777
2163480360
302440099
815317324983074816
930186010985730048
973218576495730689
947321769907671041
898960508308652033
977288182944460800
972297654242889728
970421667943145473
3138920871
958897298322477056
454956719
4211012206
847879090749280258
734534289510039553
116651156
2975238264
223435030
732282874951389184
4875662603
919358473351114752
946842977665724416
894353174294913024
4776363397
947580784453607424
920374368420728832
769857026
2789908326
2937625925
915538498148499456
893960493295177733
962437618884587520
805465985914441728
950056884869959683
949444674309193728
897210692910141447
323611877
421988144
958035314550956033
3233561768
4421857939
943248906892259330
921378718181969920
816920666737754112
706291092304633856
694342200797204480
4796705356
814704517828800512
965278939819270145
977944848740356097
2962760835
916742567852675072
632623835
953522817286529024
954846253384429568
2870897745
2784718867
953445691334037504
884539602199031810
895007043253415937
953424026168430592
953512945421570049
3424822780
958495500780613632
749845289641574400
714792977151844352
173062036
850390338153967616
868926257978900481
817461187013120000
920996632916762625
931969369134989319
968801100123033600
228304174
845973495066484736
720714545568854018
848473746461478912
947314685774368768
934681636955762689
3075641046
902617579755331587
965655199573569536
972257504250888192
900841604260536322
969707556120735744
1173164768
944455854362972160
542619574
948704306630406146
946658938216263681
972253687249801216
942809473940447238
2350928288
939968349747994624
974443022111911936
943209867375992835
957459784105713664
843188889644929025
973322059525877761
956512645372358656
237909534
844123303
952817502911807489
937432919282536449
974390294983663616
821533840674082817
856996889740402689
887383255946846209
905879780377202688
3179343755
971726278360367105
762399064449101824
963136223136157701
845953800787693568
863500615837724672
3344301947
853118695664607232
972476970163363845
519336653
703605469001035776
951207929469964288
85186667
1595220456
840932251642781697
924107080071557121
954535259953082368
3328851304
762732446844530688
824355169202741248
966717077888405504
874431077301055489
2936685097
950468423561236480
972603521450299392
951910499943374848
936809773537878017
954375326791999488
951670285845098496
957122298460467200
118891782
949059074997485569
944473491130273792
972625041396510720
379957532
885138240713445376
972600299843178496
631298469
870467045086900224
854765692226158592
972651730973483008
972615596222373890
930268453214277632
898578358975516672
970556232816672768
945022597519085568
893283042218786817
739287801414324224
971811073493028870
971557922923794432
900399958720995329
965450380929880066
905819283489517569
912785914807635969
2821016104
926473301572177922
3873607841
878271343451676672
4915217183
4395543136
126748911
961280068835307520
859116498304077824
965032633058103296
1654090454
241590580
951595725686796288
888609205673963521
965602389628768261
966355899207049216
4860861681
951223134656458752
953695658841706497
33387289
897948849884549124
2846087303
826275663028051972
51343445
3003873951
869351945588420608
874399017412812801
916070328689987584
2766211686
891617544020402176
940475944644386816
911263351
165982948
174939717
116397574
931204664502177794
967924105356947456
915394668602564608
913960786804068353
967429989221183488
967186561795321856
872318637956354048
790999367066931201
3224503439
820382311720042497
966449977504518145
1442605988
4767256841
964648878560743427
958008733702983680
159716959
955623070038986754
954924366134849537
904416828486799365
2823581736
962021574223175680
4862384160
825852199477661696
965647075886227456
868218460907720705
945859496089399296
960997633979572224
1252999639
959256483442692096
869005597441757184
943691295771516928
872311568758951936
901205110415532032
960617258841264129
957063025969778688
3245591297
952621520114864134
4908215347
872145891322417153
887369318245294084
957243321533034496
4632499536
957443958161883136
2960444854
905620489883791360
516868322
573068790
947311987662512128
299415981
916673845532200960
893279686125551616
922290375154393088
843321422646857728
2276881117
964728936558153728
391546537
741695824216870912
958372580624347137
964235826342387717
956753328112742401
802307820867751936
866433380275154946
911955953720942593
955870439611486210
3261154612
485062192
957722817662988288
403561514
938959914738823170
801555051999162368
1721150768
887359374859141121
3158067164
4354686376
207324752
924805941312102400
2934364876
937857126768267265
958443038124097536
2458863140
955805729679605762
816034561
709758503305539584
3239607393
3071816324
1963565588
918888852730798080
3266622446
946810304985534464
964490914617090049
905402325153587200
2342999246
863562778103205892
4904802412
949764624886501381
951316293583540224
1220282748
812064700708093952
4749871036
870381907829248000
951309551751479297
954103385770295296
915772973998575616
1544030989
952667030758526976
793542779842404352
485240201
916760697140400133
2287594404
3102344754
947232702700380160
957097301738172417
301206460
786354624693501952
869629816001228800
758724424631582721
828393803165872128
805264347782057985
1040335507
877444180120715265
957443562840514560
953886899990679552
921083911370719232
289102180
2906889827
3361435395
202806142
452372203
165531677
918581851157123072
803448206105264128
951920393702526976
918479363611521024
283714652
1648930712
940680808519565317
956962205555216385
860039085087477761
781378723
932285745125122048
3119679515
962779977224777728
3405802504
752589917218373637
284784536
939308534315003905
859140059647422465
787574113078349824
960296277887062019
963014287496167424
882998598614609920
890463843251621888
920036502805078016
862700667193917441
381126181
900181867890135044
382865664
837018905713512458
874266960191729664
959218245088759808
860635531117563904
960005792777764866
814482736941596675
3327794391
906351625522032640
918223473436131328
4907807674
792013907422486528
2893225974
912086016059637760
2493383275
4090249395
943122995480023040
2921850510
845417255366221824
939974238831865857
3051131654
2697172105
746757628676575232
2924261318
917467655396720641
959150497935515648
949839454902112259
884574012596256768
2356828278
130551982
2578596184
790648777510117377
857276280378716161
770031724306763776
2601086823
869607056134856704
785626289621307393
948972124135411712
2587069138
871749155546386434
957238085732925440
801637475579990016
757366606615818245
2447104891
884092604249460736
1346974964
180024237
94720528
98938305
737670486
319962136
894396783245361153
887859582386794500
2919771405
2282223562
932636790695088129
2159670206
2220361801
936974793177518080
941011305598775296
894617946806505472
952021156877553664
879824918405369856
3015972383
3135382438
873292749142884353
879732453312778240
212258588
754336653712453632
955515598351552512
352384323
860617664254820352
775809477559799808
807624002143453190
462357101
762845462395092993
947203978634416129
907719579857801217
859763403287429124
89330883
917518049196040193
927095176874614784
957441428900151297
2786666436
2736560247
2174907229
1302426618
806204030292807685
771013983973339136
4757526573
726465630615048192
793655924107935744
900362612403130368
2506573466
3545137696
942355278535598080
912990375098363904
973033314
2549317461
93863698
954572467594518528
952235413212561408
2310446710
909938689018667010
750144108883161089
861077397810106372
755964194701336576
948698713425416193
951641950603497472
829084112992530432
2509527573
876150309797715968
860269714928529415
937841253135372289
907699931426836481
90676514
736760104339439616
897707228173660160
955512715
810467201828392960
892174806791192577
896485056851701760
859458241419411462
1609267014
958026291588026373
816235975827460097
4893513415
3301036949
2975396553
882377757119975424
1681911433
895027305579397120
801834344910307328
825480737474433026
901479657513426944
813479973885509633
957480857031315456
928380974806847495
878783836955578373
951642370155610112
946935824439967744
2535776492
4613926821
950887732175392768
1628671765
1206364122
797532228851007488
3370199188
838275529463771137
861017555938426881
866724225083637760
2569384994
957582248689225728
3328389905
936842060048543744
939191910459199489
2612598288
914618004180258816
956681848561774592
918223691632336903
891338902795165701
2734021676
804502121731264512
956394440960217089
732734682123534337
955632374171230208
767945236504911872
55622484
950400353463341057
4650555436
3827322779
700565740492034048
876258164345319431
953808911500480512
4454898088
953412397670305793
929357608116523008
921864094914875393
938586974407061504
1684612422
1089324133
903387764686811136
755686327878766592
893974368392556549
807347756780097542
861609105076736003
948753215696392192
919490429950738432
3230717552
821775950551674883
569523071
843982127393837057
808801971943542784
780823486566576128
866461198182563840
2288686352
909667065530855424
3063065625
916160504846077953
852262901138288644
840744445045805056
798121122311061504
2828669602
795232709178228736
759494199729324033
859174422208499720
2226163010
752844447222759425
948284964822536192
899086892192366596
497758367
949048102736056320
779486434210242561
917251012787712000
941065074906628096
893247521430044672
3349572651
380512984
924406438239330304
520524368
941075291245568001
938886195408461824
2418235636
937885389024563206
437190178
809471052908613632
770091287731200000
892760628745654272
876048509866307584
879523494983348224
700543759298207744
849677508593233921
923188455424888833
922587343139344384
919157795773181952
921349410528821248
4049103148
3106519701
897417594285830144
892216638229159936
889541771969138688
886313501102362626
884613079920771073
870369726786138118
380637550
3136473474
821132255800262657
808372705242345472
797946716309901312
4548218002
4905178209
743957475209121793
736680237770018817
722476011032571908
740619252558909440
700760533344133124
734441999441395712
710602348243132417
4855491393
3682337475
721447153042853888
712667821549989889
3409584945
718867333205377024
717164858979041281
779362627
1378940335
3905014692
506227719
1017940369
4719416777
716709227952214017
3069093634
3131714290
4916462092
3364639677
2925929589
2645794259
186300046
4450058235
4869935717
4312867642
