1255747285
395637033
99396776
932659450598567936
198133238
215038483
29357762
525836189
537434396
36088191
1104042618
30892730
3571178236
850350933598928896
1546694606
778685990
792237614824841216
3901683753
3898598357
2190730343
2170049660
2713476487
293266409
3242975633
2575647616
199028099
1046082186
1554526496
2855963093
574924589
2165681199
1049333509
173002820
2869168750
529817022
1733841996
612913057
2809306710
1166263225
763667168823173120
446783413
126082689
546550926
3234564471
3332086522
508002822
513777206
781367645874651136
1016021178
482622589
591200502
2861775975
1729863139
1697311710
1723901766
752259064818700289
760226087188193280
864934681
253215627
312583647
3408062823
892526726
2536299533
702723610939662337
724382942827560961
473285651
764329238
4825284065
3400943584
3424810007
710932701
631726914
584301427
48222215
2798574699
921636944
3431844093
196415460
1121163822
342150329
46731762
312427406
3186880639
3370991505
3352416004
21778272
1062207902
915287834
710590406
2731816889
2728723623
52791522
19955482
40752044
868666759
278662460
354092535
1660681441
3196476093
2842248923
361564025
3210678166
2449601442
2901171838
546441659
3015492383
2831818217
3122176519
1936314811
472967330
1157789744
179829897
2615590759
3063804028
3095720799
199110089
241426680
1729570651
90420314
200163448
3025205817
105119490
46122264
3029069255
390860562
57457042
2730309899
39706984
3026393991
3024389055
2391882217
207316521
2370874189
2787210061
1043801191
2855037863
1118329230
2284662190
2595446984
2890551991
2905666486
141864252
499238848
2453523138
259132164
798234950
2482255125
1468437828
868193498
2290639526
115520925
449700739
2756964557
532851574
264107729
2691300482
756276288
589600678
1864008541
2917028335
2319536102
2742979457
774839708
272780952
2629699966
1856032135
267962308
1349669480
15469826
435360137
1532430936
34875898
2763502216
70054190
824280001
722735474
2394623343
346745580
316220872
15066876
1380696338
2291742347
2267964100
292687137
941381587
1318604737
2668616718
184609399
1072581978
517173847
545585468
2403913979
403255314
294244184
216201838
2394399268
842853900
1591277060
1892183834
2482336716
2345637811
41975005
19468394
193566298
814274114
398252782
403246803
379408088
346712304
30495613
2555782557
2329179422
737711580
310072711
996544993
417497315
1233065714
15227791
16222584
707227142
1543837261
308777438
321509959
1133381750
34763479
2392114699
1646989352
1546958419
1424258935
1948452163
1027307478
721174836
2505029519
1173549990
1730931067
787436690
701753962
864879043
553652783
421362425
1478986855
561581071
513717976
552295366
1309214418
259051472
2449866454
1597865533
267437596
191958604
434631462
304723240
2358420631
1102485763
276608115
23546586
1260426422
35912291
1353375260
1676984191
556328419
394702063
1003136372
330705266
1396698397
405728790
2255890721
2326438733
902604115
85668036
28706024
15846407
2372605703
966531894
966539216
1906234147
190097648
32688098
165870323
1614408000
610017724
2244024261
40076725
2367911
8735592
911107268
1012129748
975092174
309833861
629531651
619348575
1184342862
469800698
354412476
2254765178
1144686726
505199855
2234783846
285399245
1363196328
2275640641
2273940290
792610411
791952008
20620967
19882775
29879795
1587320876
82684800
1684396723
1939017829
221484728
783322015
1161449786
100787713
605920995
521907592
474186449
1305995330
2173710188
58748818
1209342523
1209309782
300351053
302974524
55660997
1400216995
520929459
90693080
533734077
364664342
403102316
253735075
312230865
1115940966
304669638
25209206
380228140
219117141
435525090
30984580
330088095
228822613
18470958
18993601
59199168
383044849
220843663
48580846
80144576
158014897
196795202
58834557
944078305
347899465
22179571
98298627
71706534
265554862
525312787
258965512
1369807202
111906894
621293552
1377736098
209708391
425365329
236738600
24574039
286742737
400770714
497349031
1370315036
1371043092
489387676
1334206069
1347564170
85452649
1349280896
365801724
413487212
46957344
1309200775
587569227
115485934
1206297955
782883696
131752870
131102007
19743731
256299543
620733387
325867787
325867599
272158504
59264441
142371311
487736815
262907303
1191673074
774930890
298202559
842676655
770248050
19679611
104249727
530055048
119818926
740645960
34964762
217907728
278198461
210637323
221652969
527128993
599597482
256986185
451884661
414373271
340453981
785742013
613052084
533526317
704643708
534843607
50466186
73443014
58233603
264498030
855714493
738035132
1146857066
340545680
1064031128
509420955
232230666
636264254
581361398
1176805850
34507480
185715800
1173781028
191717056
487763809
87781747
380294247
999492614
16579345
30503160
407814576
30395398
198599889
21447363
354002820
44312605
637285777
427947456
116710152
185003556
736306303
509555623
185162932
95515846
96851347
111690277
93935921
188647212
41650600
356531647
94360081
65296259
27260086
201896967
418258973
424215104
333731842
485855978
28638191
109713729
256184437
301123325
201291393
56010879
30973
783214
15012486
1367531
184910040
23375688
268414482
17919972
119509520
14230524
35787166
16409683
132797342
295742111
