219054262
80298568
335155184
49349784
975455806173929472
989943587231162369
2191982200
1000022167591960577
979811995867369472
830431051998584832
21665031
25980236
570451461
722041308911661057
832239042599202817
2186654878
769840578175627264
2778229037
341211819
54294868
962083232203395072
933349457437102080
975798814232719361
951958019088187393
793428704559071233
335545315
970747740463476736
44685770
740260590573244417
745257972868255744
964079297530089472
313015282
798972618607104000
46658594
160247949
2911760189
2419342275
716625523288457217
2663966905
789356018111315968
708146165473157121
941340813988192256
1047656904
2247079025
2541713174
940909872
1483181089
276038918
65196755
224281741
770580675397296128
919921321198448641
4869195971
550762357
1514707927
101223485
821300998039863296
793134212048191490
537114820
910485420517023744
110488156
184093971
3298218087
896024784722636802
238374789
69911596
888710854530793472
845911816555433984
870667115556155394
765821281283497984
4904544004
850457691424206848
714830461835558912
831584873332744194
36057830
769899883381809152
765307341533220864
40270607
450898870
311013749
191604915
1716587671
531094971
3389695330
212495178
3389083257
406460497
810408194916880384
766613640606732288
799471984543404032
784186241973530624
220999033
63285987
236170825
85192732
3731177892
2402299386
767462166777638912
768366085376802817
4718688616
581261391
1643694991
928252490
3303257560
2345529853
716685848104800256
4636520848
706452312286326784
202096205
477970134
3315745539
707288859034386432
353985169
564049361
729136051
3405576353
120921045
86281935
379883764
790465675
387869989
208155749
622141810
548659406
16596200
3317363266
736342628
304396654
4333286686
1634015167
1737843583
1122685076
3067563694
2227076736
352476907
465531726
248917352
349221987
297333114
506160294
87981363
397266918
78413245
3091414768
15533175
1957590888
1572999006
492999725
111904572
58821616
909617778
185845077
3364111017
297982008
55675263
20818215
488692788
1106911100
1136650447
760017866
516561964
25504215
3114107675
2913694222
2228486438
2901600654
504647132
126605244
411107027
1964212543
33109779
495058049
579766251
854987510
1635981858
50132509
43192154
615344608
125729361
2892501981
282229611
359868411
603096069
229268016
2365720496
58492850
2312557690
2654630456
2170780275
109664499
2338288954
313955230
438524590
35831704
2327095260
1431654097
2782678441
906927404
2677039847
437916970
30190699
440363846
235920201
272085118
1872568784
539451505
282148967
2490299682
18350372
2598303614
126802007
2569281655
216021874
26458856
300582525
156192187
2524490755
2396747173
372929646
1853471520
490664363
2401695678
2258203865
1554486830
2450681703
314301925
1048238042
2429518696
37708248
2383992131
283445715
2290691114
1693254888
2351337569
1321912609
314082523
383257123
572163259
826718424
2164491319
1000223779
2278059377
1175723635
164884127
1357583305
501098622
495260153
2228895277
1352206399
36478253
2180799674
128490318
582823268
539814747
241057669
37024839
34714465
621098162
518969540
2205469879
1073105924
602614832
1360502161
543697032
408457212
257581744
549430876
2180895894
95237140
431658416
23189389
919936874
608436092
74724589
582486673
1921358821
282786961
1113306716
403294166
323945898
1009415994
292522486
456869967
742652556
214937050
236131102
1252764073
1386503166
297607906
1275073741
1936968560
1316073038
211290906
252111913
386043348
1604024084
1015729890
184854577
245945281
238723727
42812042
133484364
401444083
35464878
101151129
529601444
239535423
1104093542
584106502
1599875634
552731613
22418249
780981931
791384936
1056067699
461892713
600982901
313629451
380857844
87161414
39705099
615420759
1560542485
228162556
757974342
350912579
272880613
619880455
1477220160
291005795
1318393675
79243505
52095134
187103785
1110188190
510675143
180475930
31139498
571265691
303176433
783118374
612924956
380009407
356103415
1070285227
598771452
479772756
14617837
477037074
1410661884
942276768
40315942
1058797357
573132090
1104592855
1169385228
714992527
1342886389
395802300
200254524
538009373
104839711
1154543298
314226008
452250418
882898633
15647987
283716404
344610857
24827036
1048745910
388052328
123239990
274017880
991772984
39718991
384533711
50110348
105954183
345861701
294844771
582658914
217397918
189951998
415016075
752944752
257078274
236809425
43074296
594196449
409583240
312190311
238267599
70357996
37238677
506532307
184801486
297649042
703185632
722973901
21235814
261883084
17801749
558449161
584311188
459701627
374235404
219405611
352631690
910565570
60818366
22100185
48012490
437959210
397898685
534179382
809588174
370472415
166532082
306271041
389698454
308455334
389779861
509995739
462648264
371281703
272877219
322547393
410857472
239472987
276816453
787686193
134172621
335232940
396841729
146177591
102552334
362488399
506067767
416507431
550864809
33586137
330976665
63420653
24385963
559809760
421763901
494049473
290165202
300743365
22916324
26312326
467820268
53715903
393405884
755320500
571088182
295532375
234278785
164715881
16821997
745396010
391157162
43126636
7959422
97272038
30179507
33649839
585955310
579023536
398170106
46760864
148920729
363045484
420176774
589459153
426866602
483109143
241611879
477915110
404046360
261866897
20189101
151005270
213270730
178781252
454294447
424033323
309833052
457911135
341686945
179633522
332941437
239523437
377409277
272150975
145054899
144355311
142781847
126441076
450042128
295652194
519914837
242899365
232579465
53052460
22176072
20130594
73346205
427996324
