191588222
17968759
27033505
720960693097340928
394659559
818981707932176385
141167543
867068269987024896
3632398761
14824849
990655488525299712
951209260716888065
60851240
601172661
2337310866
960192527734362114
40928919
12369372
561857786
36063989
2734433194
972126338336350208
1225023925
4898091
98357151
1921668408
724902642749739008
702962393652056064
80127034
710471879119781888
133880286
50374439
139823781
831073151908007936
610566084
14637342
1110190452
22207520
18332190
32855189
735143882732765184
282718492
869825995
925666906014666752
248886952
922368681979666432
76351820
1151247469
602792841
3173392581
3547025536
824203636880396290
1187473118
52759936
825248336747835392
21884034
2407861362
256966519
20609518
738080573365702657
546076148
24468619
121562670
1454833292
636192735
892739633242615808
3376044627
937499232
196598553
22944201
2440660651
30670808
453953901
522250263
46892132
104182691
4894738653
3092283615
266355577
66967746
603962808
271498370
47786101
380232582
1483145755
69262377
2977849811
21505453
1244402401
181698945
25986568
3308152623
824320219866923018
824473943931293697
702948332071739392
262141575
77164498
18920556
32675868
621814607
33474474
305514619
788524
3374637555
3313561073
6132712
4913254752
70625081
227654121
59936143
2733128395
265999035
737604491768266753
15722895
46655438
4876026790
57312005
87818409
29695131
3646911
17483878
18800265
23613581
20184220
2318542693
90602388
3342929843
18949452
352243985
3074973605
1619641
27623650
2364012246
2609456652
2453430908
859607389
2518143973
189376144
767188021
4349747415
295277986
89486038
169868177
19869102
36359142
17525171
86767644
282236214
135479476
4863064305
2355328950
19878121
250058740
520227395
275197798
454701916
2916305152
22899711
20504614
18905481
20056198
3456301816
110970149
3240420332
18725026
19394186
111323990
46883738
42371615
478032610
391037985
22756830
16681542
22084427
37868953
34239415
27131412
1023072078
27960885
47285504
28196433
557637713
1280976728
2814349251
19811190
3018511857
48410093
16361000
59949396
250092386
97268285
738509766
2160013020
431543471
2326178682
615146990
353540119
1011742482
201331931
125784989
160567660
22906929
200552407
1868877680
194526166
1894760094
20235032
385390790
243716026
342831772
15687399
2327369137
33823446
65045121
237670656
131792433
196498971
187836780
76304114
159195305
97791723
1686160777
18863867
140118545
159247501
138751909
33936387
52551600
1296445754
259212845
30686649
16681111
143145579
96486321
17975953
1412086200
27639511
22356887
23544596
31080039
262589392
437389313
17885095
222556688
30007370
118988056
20341860
12567182
19368479
