93219986
33018114
750036258
102953215
4037576056
25984418
3115412314
771785515695742976
89705679
712664728598917120
143629076
110840720
48100887
206879035
116765012
410059729
130849382
32520659
621543
23879043
23184457
22635623
15461355
17242995
222083707
80415660
775806046203936768
97194136
284952397
256967480
120534606
119306494
70697124
156248241
41262102
332718371
24546552
994987373414010880
848188794130051078
972886324968677377
775822104260403200
4247515034
2161051829
983269792114184192
189970393
357142816
118445546
544377683
248593911
24862758
218797772
1706802888
273578398
99560384
397490403
200163561
1028141726
30888803
33946843
4845073925
273632057
21959968
315135991
549304456
41075254
63453220
254963986
904155451
949988472
76624359
250160661
22824632
18804364
215935472
2372352906
31892440
22906929
806133
17083575
68512384
42277876
825060087110725632
209241489
41079443
19197630
394763621
197788854
24223641
39525563
931468093
2532340879
2833587741
1018962877
576459328
471504594
337738646
211868703
833964545727143936
91410825
15950913
731572201225371649
829676372574494720
1354134344
2391150191
2981782721
28207839
424145147
4817415329
869311710229917696
286695908
14713402
304679484
544394930
1219053194
1178551104
455844112
250184557
2502220557
224738687
245841182
815584465
1498301137
765594692
2367417518
701762348743270400
2938213194
2921871751
249407420
95766746
44874400
53110793
951840618
805403773
19708413
318337530
121562670
424497135
309328548
261684753
66094018
806076459542573056
1464169940
3157905669
2863419036
3041322832
1679056370
19878055
140673419
59419419
72145535
394618102
65045121
3367578629
41627051
311056176
226195230
28128488
57904312
39645816
3330408219
872730128819924992
54203238
897093894
20173163
78871770
603480784
3751266676
72507512
2423478840
2160080176
1343394810
44114468
249199352
165381602
421133245
329011182
4824231100
3063603400
81118923
832995492623687680
3313998839
636931259
20977932
30316784
130197701
24895207
592632087
1623486680
45555684
3547025536
586649890
199738507
245851389
386543302
187234309
637184302
89211580
33345091
53413571
2496405943
32974114
2575293217
77184701
2885505953
2895951606
732534940127141888
2429472229
1625840702
27718712
3297845790
3266848870
27076419
21945456
495359754
179273839
4335696794
167760471
162647047
825409870300119042
30773243
75049621
316592030
803534430572859392
22786050
350198201
563863122
563856066
242884836
142254574
826382950644068353
50581711
97272493
3023619112
1111222320
35129382
370402271
3091335287
379775095
3061056794
4157733915
3105400244
33807328
15206736
406914342
841910365
527350839
266770701
35189987
555637233
178025462
256113806
266251183
202729548
74717365
191588477
227247128
1039733569
833331446
19816900
166499510
243735839
77964187
50757171
303197147
568144872
991700696
271671048
2984254041
1307583241
324980872
24865502
27080614
226731789
20309198
25002009
3092231968
2990459828
739859117376933889
545280010
2905636461
20155652
18887526
19394186
15002620
2153053644
2181413359
1727864341
19964034
17129004
2885791497
3178490905
2991759887
18050794
634348587
574654527
777188518095355904
303734761
985326781
519697310
177502839
105096473
6064912
911147148
827095125813817344
787726204388405248
618174224
408042299
347776850
173629161
976041738
297072091
822252416644939776
221781571
26246998
831191450977202176
966478830
748945133815476225
191191918
19713156
2867665913
2232770828
3612771255
536675360
476781955
100602542
360173263
206265375
203029700
20527466
115117283
25494294
720960693097340928
1371672313
264145924
44979041
1101966596
619559371
177526883
813286
761185945949462528
374964231
3367414197
214621479
36684314
369103850
3332325880
289231338
1588530378
773574493721812996
171113520
216184746
1703620081
4011940036
351744568
58173896
997067126
10807012
8830542
19982092
24458514
23799206
300217588
26479028
37917518
60656814
1689121501
2409460788
80294798
20533552
44363615
20859239
3384386723
27033505
104560879
2318565084
2274900762
370258371
700747778897506304
2979937834
2363134475
2767423484
4516420174
2950441900
2822916180
1126755308
714124313138479104
71508820
41038352
516151157
483974396
24952219
566472920
2525880114
300160980
2506319450
1978487864
290625339
274723066
869824183
32249249
480426703
45782565
39794727
22447454
46393803
106068934
249213131
4833517031
3907992017
2389954932
586469510
466564885
3092274562
1959262152
353457568
1652429052
2687855904
1533754578
884186815
580030765
1437417554
2796910988
34868965
83160406
107225267
19314650
30345764
2205994566
123524373
18334285
704121479001051136
14108826
40859781
1561559870
91130332
79221125
19966557
22209201
246963885
19674315
2437216424
575520267
29471232
42148301
1452553806
25928253
19182045
308463070
562646766
1836046518
1416219126
2417906274
4278347603
4889998186
1847666336
2490812176
2699399804
1966167308
4401064335
3401253425
168470232
614127412
54904822
545231664
321959627
3021261051
215950790
109596100
57021609
1016205812
145301969
318936703
408454271
117053228
78262975
403530301
18922940
329260385
163407341
59464082
765493286
248982699
489621074
487833518
50998548
74474794
15428397
32372834
18700629
158811819
19460440
70725281
541923686
31388299
718657741
280137736
22535871
214937040
146478931
20655301
15239903
121138796
3338169537
45833922
132857321
173887698
69326946
3069321010
1268098298
2172
10215212
56986489
19654724
98357151
333615851
105122742
21668599
49320571
268406927
2272210200
24569636
2416427647
20672502
37522919
2918353661
102646875
338611153
257070322
17340030
418187883
2269570470
97688364
15904669
1431686082
309597532
313603251
3145472279
1891806212
2645602164
252124716
2196838815
22629259
368240745
407666947
3438131158
219078153
25584097
402106301
259932462
236346272
163447960
277997152
35364040
493175789
212270197
1731495973
252569527
24447643
71055042
19348097
2968264139
3428107859
867980929
249692173
30312389
34087776
479526562
142751739
50276476
18141042
54838408
18165344
541703739
344060616
21177986
294759592
