902016731199057924
3087619690
21344248
799321819165691904
3438874156
2836893203
825091341000572928
880921223407968256
1472588822
846911925745176576
904165445254696964
828066182209085440
270997805
1952510090
930974298465898496
816840998441598976
717149686176550912
896778379143327746
952198832200273920
177087665
1343115025
2495296748
59622386
17679704
1004312709255581697
357262809
884441011853905920
2844291427
391570460
462179420
271075882
950822564330393604
937134535627612160
865178073603465216
320947569
346922993
974846751235428353
1223228534
190149987
759404392286150657
703078415675596800
2251336340
2169254929
181638022
3455796672
813261126104252416
52119056
1130042420
704125665881141248
4839875277
3884988738
1001592212818448384
31475330
12151932
833664976829169664
820849662156361728
126673678
769993735769817088
2462423732
48690472
193644739
4399325477
567915703
183356975
987475130413563904
514974163
382886484
42146993
343818591
2268067657
2170696887
2718639183
997167730028498944
1002523116734681089
860234916424019970
770816099046875136
29709612
817429498744504320
41741487
736676996227334144
270921976
737876050487709696
1400875652
3510436034
984502873231974400
902771323
1959524407
943269805083189248
2362712023
984450325804408834
858846275831312384
170150754
936610942493843456
870960866
75742264
467856061
1546914696
31148491
883755503041601541
2284984852
918054730936528897
757761492544589824
988781430606999552
944019739348754433
1347148117
2836710789
191167764
1001080873897242630
29277631
907550531153022976
798584873334214657
17444647
246386962
536524693
816000464458280960
889714183763251200
805564310231678976
758772487060676608
739835391323295745
614441215
2993055107
190757511
893900539083313152
33596934
2849961417
428917289
815449763516661760
1130275662
1309125224
835676407665602560
94352043
716755122965975040
2813530168
822567864259510272
968205370194722816
22924747
858710738944348160
4320799523
820441649645907968
326665662
1941209786
450634714
762484767275089920
884201370760478720
815797269119107072
823983607412834304
922308744
933004092707950592
970779723830763520
108940029
4030576216
2939438115
3331850139
978006911990796289
2747470643
379209090
869655540934336513
2687431995
798182763631251456
1200497383
22080404
261549123
148800323
966968536366309377
2324917394
827237152836685826
27778816
168838692
800111181058838528
947391627882041344
748538635255963648
789724209719218177
703088026247757824
508863113
243396479
732767937170284544
922918229428834304
959992930193862657
897304031978151938
901309327188910081
4531076896
63514682
973250079631949824
2436065236
835567028870098944
821067086688559105
496147605
1372512036
964725891036217350
2966748966
15857447
218921644
825883003436093440
824294485127467009
891852758441009152
3334843313
469582871
277304132
822617608298123265
823541990772133889
898699507
19911728
1110712596
4634498301
820691241268576256
3028039409
830423106766372864
15210670
797721306720415744
935290880650440704
1084524458
752299487477895168
51104863
254350827
2838224168
778599901420785665
749586982557265921
880484634051715072
988987000173875200
3464445799
111039232
1932081036
270226293
24733117
880095024742092802
872190063785857024
107996155
3246254836
435699151
56735248
879821271873212416
488799600
633807136
539178785
21835467
366395528
975953055823798273
35144928
918903049216843783
924231020974555136
825776310790266883
978787610
801328301553909760
782166293092921344
971325093224820736
930633384837165056
894059387920293890
545235190
822943995743473664
863853299463630848
2211730434
828400393705058306
1347376928
43445412
957777420832165888
3086876396
285386741
883630815665688576
44660357
1661464813
728988968042246144
1120879074
987840551260184577
21599766
981485131318865921
2713080925
806746537472630784
2806413827
815708250217840640
367745274
251337817
2905749286
902808547
949527312625790976
30746563
786709792672870402
950771043412582400
942582294518292480
829914268246093824
2303169422
889218314177658881
829445511040081921
900406288055758849
928884696
944771214
779333699108278272
735550216364036096
813820934
2845107367
253391683
93462621
3243189006
3086950408
956273512188067840
2294961852
15744281
728384548162035712
619965012
823635631611879424
958936664201728000
1123168076
19041207
200692926
822695555675684865
958072897477758977
4751882834
714559883408900096
978330670974959617
2277254039
241325948
985686096188203008
84923805
132339474
4711612336
886506644703727616
780991657961517056
33634242
32443514
825160483808432128
424711422
920023898154065921
314249480
729679445221515265
822857621124292608
16851877
927751333247111168
169719468
3646234694
978376837079248896
846829170
2892443542
233111629
809237594764640256
43600111
832751112507662336
842586363828482049
917372864180965376
825347924750061570
719787632369233921
827614215900917760
1924071992
531656845
878749874342187008
2910849026
2893567210
188525525
143159404
803042727915089920
16209311
957770091977900032
16619985
778776786243059713
946489782837956610
827333887
750358957126848513
1733378130
806675383013806080
782966269431648256
944458637560483840
266334330
911607015293816832
970532235576160256
26059912
61608747
962505068930101248
2548226732
3240372202
824796324524498944
2808757106
939279303568535553
1012344390
913586426008150018
280826651
917081557835374593
798254257187291136
823337401061937152
876862539220615169
761089548398977024
965062632179826688
16601001
2435540122
941339461006364675
799345170
964190420556279808
2389372243
32189132
811964949035700225
931995656494907395
800474823189069824
866396516
960694654437134336
897989039726481408
217584176
14544099
516520432
797567919156842497
809769590435758080
251927949
2967182380
2504634312
3611013914
28550707
820819505009917953
589624941
31771149
923851861
2966013190
2739150709
860635101234778112
956916318816661504
963282055
3252844623
34458489
797212163014295553
14976142
911631304097243137
826910727600345088
2562119504
707628064734388224
835963979566579713
1262776610
898309929521434624
827662335368105984
126145604
2334633194
855428178298511360
509641330
2400330181
838607054268948480
906975669778829312
798689912249688064
3426959379
842237982
41669038
3320895309
349325829
822544851468165122
878970603771920384
727264708776980480
219279796
2978163619
899089762576986112
893185964
896158368120877056
826238975866175488
16349356
18671275
706666581741318144
108114641
115604864
905986089592266752
969545649560653824
980967571770949632
961986157180588035
846136371920224259
464989762
4193229012
415773425
969138694308421632
3147834467
1060722030
2482282124
841463411040960512
823268781317386245
1169392297
1205671256
3161642458
2423008116
16801580
2517897416
894425176216961028
825829081866436608
954552620831539200
1380652956
568679268
3331634031
3439164489
977271225771806720
533968111
826060415218118656
805965229444173824
132204038
913762435403796482
3316388106
256261321
32917190
47455225
15390907
70134931
791021919399096320
442428404
972950133842350081
165808050
370080511
847899028826144768
796985661958029312
21489321
2530788518
850919605962801152
100868662
3687356294
797186638594117637
889683266743267328
48497926
550196570
930885876
19865053
2567268222
769878574052548608
2728382858
785327755214725120
3295485109
20918916
4462251497
216949253
750453002247426048
4878610324
800375946775707653
1455506612
800335168280010753
83889785
117450444
39294154
113669819
2190334998
982995216
825181839358701568
974255761101504513
545474475
104639930
17048323
913428518897295360
967448700875431936
17060507
805640781134336000
18857388
865172970788052992
958845689454149633
27453762
27864404
856652395694182402
3459257179
15212700
849372179535990784
786380343872000000
868153809603657732
757118699212009472
3124664090
3576200834
888626196824698880
912088184925884416
956883928421314560
2935342215
961787987620134912
54473785
3019405245
887300653940432897
4261004667
46299602
899085537243516928
264487376
214332241
821846067591286784
885775148
93111391
124248479
778847899274784774
2290197474
829846532199444480
109854452
29112110
2810507289
961414951184158721
599857189
2900266259
154311445
89742506
36937675
748905282151936004
4822119385
381185565
45834623
78989900
796936815869509632
1173602827
967537413244575750
828302764371542016
78408027
627852274
1381088924
859041955912843265
308501672
950477244
3017732286
757949401323233281
1491343519
795214785289732098
35354684
2384237328
272235011
822124776026214400
3938173949
937474183486775296
29309901
818999860636581888
705299120
869209869265416192
1049416950
71331579
47336979
965447534683533313
3955904553
829353948943351809
41870140
66574911
1713752832
713582080291172352
14343878
2222519540
2496335227
2256507744
759570314879655936
838525493368483841
709401446324805634
183671992
22718922
965888178413436928
847544146214739968
891719336892653568
557862834
104943342
804193653493235712
826982179204915200
227914068
233127875
64306454
19068720
820073677177966592
820098415
3080255159
2550874896
19516513
16548855
44148959
901874371907665921
819021146100088832
73277273
861324932801740801
827011405165559808
893937280624275461
859993803066716160
489919654
40737415
919991148021678080
815447261224337408
266724618
831532143989776384
88356594
482536461
832924850700349440
1950275317
1483245182
1508031492
830182457039286272
295285502
736711599340150784
842343792804040704
759224013172465664
842955064755077120
730192575949209601
64145834
1535595181
939890865773748224
3148710248
199041885
23554832
468902802
4710409453
863019198397599744
425482648
114243360
38210453
936236963698442241
809159776433094656
932653987265839104
71872365
914569281882353664
4852429895
957297007885828097
1290142435
2469611214
75674315
833903765010993153
113099633
1518309308
851882108058558464
87445520
279205030
2604672105
912864259259777025
954191227305406464
73537202
872871779731034112
11650472
825398606312124416
403000801
27032207
1349535121
3171514983
889921146715607043
921949361944309762
879060476
605757334
859992452022882304
1074414578
233374516
881336677138128897
760849363228733441
1340481373
267234551
757354201781370884
344747525
3227278405
2661842046
32676418
405142152
4914257720
3213594764
26125483
832816974992330752
1935163351
797680757196148737
850938860863225856
858812613207015424
908637766107271168
826144210462076929
16225955
277621843
1428245454
898533348
426951321
4861988838
830946630819991552
23098409
3763461383
48125703
829712720542830592
867634876899393537
3910760593
3419894505
736789224720998401
825864323683717120
287300543
907720386074349568
3887013074
830905941855989761
261529790
303936152
701207138
1696503140
834529854339088390
904283597988782082
872914326264332288
838046346821132291
1599540866
75311987
726914285734006784
17164121
836917628933394432
842432472
831500603960406019
925592211890286592
860654500431880192
3098129598
759088783539081216
3804200413
295279272
841445554097917952
864334721718796288
845809027967692801
935560444034605057
1612067526
317414715
16256826
739844197935644672
760053765210800128
829390100639387648
871344702825660416
824410017138831360
3312598023
748289563
3072653847
833098018010386433
350024083
281145527
829015367628554245
520029915
586853452
804521950932443136
1724325319
321774180
797613815265366016
798521572847972352
856380287701270528
906458856976400384
2334705361
934999825636118529
147875160
79784897
772927160990433280
955425266
987820603
44959505
267028475
897985670165053440
931278145679847424
2648972456
19097969
391100856
27649069
861927176
834854507867684864
602360250
758597687860076544
3361173139
3321869212
2301506228
711182123
2314018987
884228262582394880
56038149
67511538
84704680
37781634
3262635932
4720620588
618694669
3193136364
2918161040
847942138545422336
249739297
769208504
2998864022
21416202
824319371036262409
50506021
4294243872
3695853373
889585550717538310
884625789165215744
840816423676985344
89339383
41177167
920642810788925440
84974194
113792033
2161582903
842036414
1363545236
18829520
409496589
847922625107996672
715936819368448000
2381232182
733170315623202816
714384352747069440
4134967269
1958979265
2564128819
618143282
426578718
823364903050342400
821420676766662656
104865001
3577812197
256510253
97335227
890252103989559297
4126993241
822996715938652160
2651777845
1927156488
43574349
537476067
71618719
728027596756156416
18398582
9890272
1887375954
372050829
4270802413
1316686338
857457629592989697
1448965466
19246775
3206845558
3164924047
77254498
66360919
421334372
247628575
913989447510892544
821420877816463360
871831962809507841
130181355
1099161870
880533355787423744
905017974
785680248
926082801115463681
179615493
4444947853
327536887
1248759402
730018121722036224
1966921812
1954691124
267884847
22844639
1004426490
242569506
862368169167638530
2363126492
2268294013
850810533544685568
34354747
275749218
845392971381927936
2476843155
2221979695
789219638089580544
604117870
879227081208381442
2784953828
125454829
4904725573
33249356
74775180
822856963864215552
273500775
132931278
2869858477
413722926
831657095497969664
901891560807247872
3846363435
4185428679
1033441682
255354330
875817926783148032
787353069180768256
3000889809
500217926
35559773
41877640
225189494
3241707920
37184562
29187817
795367404788326400
877372087366631425
892849104082018306
24734287
827347582171115522
789443070530031616
138920849
915610477253632000
915308732204040192
195553045
242637589
832377671300558848
41223159
3298887367
115563859
755923618861690880
402466010
168075186
40493388
156421710
863261922
1742050724
392386671
879147821915615233
828226405561409538
477267551
781606219626651648
758454556560793600
881142920
39628819
18698555
850765289641963522
759155531332390912
126676393
2598987210
186862416
1016588101
542291870
42447494
825582250783694848
2358319206
807295740980711424
4889065766
2726163000
195589587
880958393418215424
3279945986
1972283172
788197669403496449
832731964247388160
1328206963
512417432
469919231
816304544
926312430
704718761060868096
611337173
17860474
884584647241461761
777458886789898240
59676625
25384483
762856562343882752
581364442
44274457
849765405396791298
755946560794558464
863036925908852737
265691910
791716620435546112
792821519365840896
873911832045645824
788417346092183552
754239290087993345
47730523
755964849339764736
20852175
845833560611340293
862470633086525441
1347947466
4173811888
780955609394884608
49021031
506228902
731855934675255297
32915405
515525398
862691217636773888
2852378032
3032748725
2988785197
765216874531581952
132767707
486277358
875141800184467456
773357501660135424
1115996737
475573972
2428776326
824670348410966016
4056535054
165600417
810123569925619712
20733757
616573748
2257946473
1553550104
3008470103
812109234934530050
3054219378
48819645
198024326
864583228765609984
553921006
872605532217122818
449600949
870549174139445248
754135908
251826168
30231573
16892534
37990581
33215276
952751582
153683958
540912385
2396424968
3332729856
52230962
810178352871047168
134513525
1373713070
797123350485155840
2231585551
783478072246951936
3049904823
847972876405821440
2861342687
94269486
779032712782815232
2400901568
1697646062
824082055864709120
828677194381742082
801453958321635330
796478964617408513
766873705767198720
783943482910007298
22041124
4163174295
24357823
706526167017238528
2393248974
732098501715197952
2873245200
16031640
353429316
844980569012297728
2726200776
796761850310488066
3278102240
4706615712
556970371
1255596114
59275999
94463793
3123135189
1928290020
16208190
805514847467302912
4160470229
3182189198
243632409
810972510455992320
3192043970
777671141452238848
305894011
66444624
1702121725
813011940146614274
2421067430
20462982
3232852003
401625257
802066333785583616
832447306611912704
47734735
982847778
30287820
129004713
464867026
60896015
113514329
500391228
1104780144
211565054
1547584837
3002163385
279196027
22690044
824414147337089024
554988167
16714195
298593172
1385062446
19088288
483415153
832283433485336577
836277127075020803
26792380
801131857
736935466604363776
34711734
755808822506041344
805155628188651521
3624451457
738376277002977280
82121358
450299943
834572923
831067448178716672
32671625
4490534239
1638517201
21705181
123933085
4376835677
1920968906
942186769
4327242015
1585983950
827981371586994176
834977711688921089
4862979013
16300160
35672554
826074135906308097
794654217688334336
261157191
52243993
1229533237
386058412
160063119
1452861104
420630663
2394967782
797553658657378310
283366530
33879063
717802419225112578
825545782178766848
822102838897733633
816036458335236096
3154170274
815364822002991104
716698718762844163
4228387971
2815863172
800913908806643712
825160072187756545
821115559160913922
3054262635
459843135
4153328243
269097122
14861810
1180610341
113243806
800793814159925248
107651327
1337574758
2267891154
762648535938412544
22436200
256109052
22718873
708394923263811584
168524035
773350091440680960
2937646634
17482476
732668478
2308720454
794192013444816896
808231537670062080
3871315709
876949452
780583862589992960
723454298533699584
785877414
47026391
17159771
3243556919
280759844
505036911
518744362
15088481
172081908
1069696873
818927255401496576
2567365058
456457718
4789822643
2667953532
280662664
1940830250
406063615
35210575
829015424683565056
4876296974
747940757709824001
3421355722
825518870421180416
620291951
16793196
469011541
829800018534088707
790504252481400832
717379321266987012
802649176299466752
350509998
46919079
911515682
188199231
133938408
489023231
518615888
39515245
814522331125190656
814458439648808960
45647641
787140516219645953
3396615199
16782604
61149653
80109582
3123961543
820776985693655040
784679319276654592
1370651389
763991641
732515283902943232
823679856038776832
4206011292
2853542034
755977747042820096
459269265
821533199113265152
331094569
2329289923
206457337
1605611234
741067300866916352
3709999582
725341998232702976
340750015
710258983915773952
1581243024
804132407355899904
349803020
23746411
2365888686
4888780694
3079401397
3249421246
239140810
3171838972
40569063
752598541080473600
528103511
1890690288
2454677465
64723783
823342116499783680
807011596656463872
4910103610
813568904664596480
798703395343208448
735688016761491459
778933753150251008
131018989
718094545
255322099
470300193
334487461
125122422
4064521156
1035418488
27019807
803314610774413317
324983788
1439661793
2181169681
3305171909
805888339563970560
2835659144
707276683
1556690444
46197784
344233703
245689692
3097067640
772861466089099265
422164503
16821997
813875067822211077
797080559839309824
525595860
2924917049
631816995
764844981030907905
778580158466973696
2747371538
264887703
344687656
4254692063
2961437889
3236218886
3180817098
795774693944852480
770784116165881856
3220025137
3420813371
3920426061
762683256634474496
3111827388
38756576
488846355
804123357662814209
24443770
68189622
3133557140
2870693652
