815681193706487810
938088186751934464
1443993571
833898199
749801736164945920
577670694
163561946
183377361
862415071359664128
2364850470
1076908579
2470200200
990304810988695552
809804002917548033
4037046973
734803267167899648
3452727613
977490225244069888
21496323
2473460196
1233871772
2883534321
963997396790214656
2897432852
193659274
24105143
43684709
880089363157331968
932805719098880002
726478220372103169
3325783439
181550997
788253393877737472
936807957655949313
234374922
804765745586601984
859680229
721389934
1084729056
2448586686
285938993
898126798751506432
408065930
3185218114
1250334620
3197745506
26758661
47344909
137929387
431929512
1167108379
300602418
422670996
2955263832
133021376
42045854
868632308
2981713309
587686182
1357585663
967257818389762049
2960870247
98921707
170512152
2564378020
75424995
562240249
168933051
2464043706
829770249163509760
23391075
284424774
869747460427702273
396069144
73967864
915974110701916160
996826460131246080
877163018156683265
96024736
718055849801940992
2972088095
3309369143
485345534
980864862631944192
291442505
372952297
961637935
296566699
111722290
20701940
995485248417878018
1331641194
851512839412097024
2957144871
850435801687183362
945783627605983232
979971577449246720
2778989013
220872186
3000676761
2482007361
956649663289069569
773939404901670912
598753693
32522760
3189621215
2365035979
339709790
1431470425
761927749170671617
780540707593302016
99415044
198980968
2757442676
109291203
336146271
238991570
761555525372932096
26565816
1002742082086293504
974438517529985024
243415783
190912672
493720917
94612736
713423539
553269771
967423295330033665
109672958
90996225
611064095
22872173
394183136
1557234132
103397797
915401090580877312
389482944
206927878
115694821
959266939624394752
719324683
918038269358571520
1031014986
1126525244
96798709
1023051320
535977623
315794262
968927634418696194
27684848
981959539699408899
2686114680
761051201953607684
853215881312313344
965138241052528640
88329641
890797060781260800
852265777868800000
796378966185611264
917516198933336064
2570376048
807201588733427712
1015127430
985246939439562758
2849428151
874313705953087490
457778594
2440752420
1526315832
15102468
752644972424290304
756805789579350016
1968254630
884906135597273088
884629739989848064
457796612
22648175
338131615
2235012210
22222276
128271983
716974695141154816
868537525048139776
999138374509211650
2571558955
898029650600964096
204485537
2320178672
283812956
139496076
4753640725
2327855334
987688887391842306
33259498
456755464
800615130
855101315164385280
992425357423898624
973368712656015360
997709285122543616
2545163246
841484130227478530
18885634
27152954
888156785420505089
19949077
759725821401690112
555297507
326586556
561746041
596088402
703935299735449601
1000145238428667906
999340438866673664
1484889306
998644213129543681
704330008433524736
4727734341
999234198044053505
999040179494162432
811223143968751616
902146277818994688
339636439
1542114266
31265452
480168560
762419847116402692
118750670
959764992290467840
979139006981124096
917723834538749952
4583837717
366816091
995599811469553664
895405854031306753
1429420278
1011443059
1588260384
3192526807
505852677
300861519
1388402539
231029173
405783518
529497758
89304414
102530997
82545219
755774628279230465
1399524877
257674087
220148439
1833959815
760177449409929216
36296410
66030682
163873325
104402068
17196854
782809954415677440
3570924675
1226606490
944799460449591297
370322871
2701528398
1517850536
55402797
881854582439202817
2903749555
73116809
96393038
989356482939510790
940482929532137474
930427654964240388
1393286984
611273853
1053810318
2919850524
2495829102
126124424
30138407
1340603988
393312080
1972544450
990615553961332736
857021568844746756
104302181
408057934
945548383455928320
3008939892
952948473346707456
23368081
73893364
957472445631524864
901594902173290496
407647770
4704441750
703761307913224192
713881977364029441
1043492768
624002128
1237242589
119071855
344072328
988796525923860480
872229257929424898
980562583638937600
989931614842048512
267384424
794348284894740480
2338803864
904969870365908992
988282928982515712
893887568575705088
985981635693772801
1957373977
3019825453
1945101338
194994705
980682374533996545
2851356949
630707005
3310995013
2426445558
2302483859
35069056
2966689177
979346558280978432
534306494
730432555703402496
1518171464
885712576172007425
572142360
981524538998644737
946982665726566402
816203908951445504
968012198734893056
1235564977
91897384
913164124368105473
3430170231
4453218820
626469722
3848453176
3242069771
279938122
254850586
575775086
908117623312977921
256782716
970725874864619520
857191872
2752132494
181059772
2256033247
1077479412
783185011
273183197
463239172
35033769
426175834
952711991008796673
472405038
222332442
33606141
1941256400
22914587
3428539805
947551976631427077
580295133
894417889687719936
755250647818043392
977664830164426753
266045517
352075192
1398440600
86547158
591480016
300021726
374551669
170390108
3067330185
739762753
2203767883
450412130
943950055609905153
4394734516
2406250435
1901351893
2440858020
304622939
977976355047559169
41658721
2222180147
388250413
767424964207271936
4013836673
630663838
930530152047628289
856399009
914163174768857089
1700497040
868559851
2348020823
972595632270729217
2203583708
896930348470333440
970925725300731904
305827788
814847273171566594
514017201
260257745
959806961737961474
2764934819
27732679
3366378771
2435031273
424690337
1102556804
966774110377328640
2964505755
752552950740889600
2660989696
3864885014
935266295137705984
915996781539942401
2435283024
459854812
4735323187
1637835336
3331666930
2924295435
93000508
896620218444767232
972814128967495680
2681277660
956012559492100096
4008492432
2680333491
1055970907
28652702
2171337650
613913776
2409631231
765581276
268103037
2303757217
518232976
968996792091148288
137114983
432338056
766761536
276160994
34670691
331384393
101909221
434510398
780850099685511168
369784420
632965948
123759880
1486524978
424841046
285673020
2617642946
66867985
325759075
868226159040966656
844232418718629888
785756677
93854025
45883118
191702036
2955539329
852682012607623177
632540588
463885287
915771468872642560
964639137469902849
970570656055259136
82743746
48874195
3406150275
2984800023
251319094
47360924
1948341530
15545782
2503187419
3395544358
912433471645208578
123046315
2783520471
955613241891225602
862500641683505153
588401083
806362205902008320
929350716262703105
91271018
323807607
952596552312385537
25506543
3657537675
462387700
403152608
196007468
970410239383212032
821889284072304640
3428340220
711762447598804992
703686368959004675
584750309
849401536027529217
877974956168163332
30141909
883399566199971841
3022329891
2792345233
3008031107
2504829778
2330456237
602341128
4025894031
2198053741
4271863095
2168503529
25577093
1041348104
50466609
2958921311
372312716
3794060055
755891173143744512
88292805
147711709
728383033859002369
723291601511014400
91283750
59332849
3085728329
921045032446169093
49110421
933184768224649216
635134709
3370442421
778093671254204416
301146311
876520316
34802888
3158025258
312630663
2345850344
896720275722702848
1237175179
488476165
160200361
1915570742
469904096
2363708987
74847399
2267631169
966483177048084480
781683825302573056
766476912990584832
347625256
934826760570638339
954030081713868800
3014000257
512696125
4227530291
2323110114
1473733596
90906538
775400419614945281
808010054096080900
142424702
962817570045939712
707339166137233408
3056352361
371187159
3189146342
862580531015303168
954300471409303552
478943628
903725780634669057
56711855
726635229226524672
41590194
3656223197
424629363
853654250
1246794222
701513991823224833
191384128
778057903794229252
2442557315
2691112391
894596236254236672
1281707239
893251609442082817
720687691763830784
272442200
84059576
3834501069
1325830910
587883786
2783537189
93641567
399620676
1945140128
903351289739751424
66458422
1260502118
630488584
910629736732413953
877969725468409856
910312525530574848
2672493051
3969156075
4497872188
710560468264325120
864905256077021185
955222368917643264
1131768474
954561428618383367
941017539257266177
3316893351
4865853225
2347734043
942928018200236032
835970982967902208
761681337522597889
704144006129692674
918159342884605953
2734161712
725097884383731712
248792737
732197345115308032
177570966
277120302
2166616483
1911592495
3169342843
795704224764071937
3354606729
22050753
948408526598123520
766792336428797952
939620098519764992
944525542186995713
411785893
903397774196166657
944732615185256449
866998631999655936
50079561
801548402
1423471830
3009666946
2321566358
930855050385264640
898221844184084481
2586300025
848001271902687232
839620395225530370
16322921
338448349
910718630505172992
704776742544609280
881722768278114304
727289764773138432
1250707686
614441215
3088711127
814261014
902053901578502145
2497209655
765280889093980160
1085145673
916809597075296256
372406326
488778763
53465758
476214711
2227540266
846395696760705026
423107879
923645765938970624
710805951817916416
323607829
1628914129
749767277432766464
854484976292601856
3287922018
911141525626658816
869683898464292870
250230344
906137615287455744
548373882
738945825649217537
892173973353451520
815005830508642308
764296843035639808
2670460074
902025440046358528
890251762942214145
846092566516973568
2288296139
898694844536803328
710831176974540800
2567843173
174752635
1909541604
795458208911556608
895358688529190912
897186018847322116
1064187596
2764377825
856321294253600768
571968449
703932464515964928
3426114483
845674146256175104
853055384780644352
379443179
879440759472181248
872929464
726525921784532992
824201204225941504
880549478738079745
2711567716
381929257
2494322418
745377915924160512
70879732
111702868
877394467019399168
1024651430
871576339966459909
2928717533
824784104293961728
753403001767813121
1669158817
873997016174665729
764180161264750593
877660851880284161
3142928851
741471108264665088
226222945
2525971151
701612827954561024
875749885152296964
706743941
875366106831126528
1971858889
586907127
708741511492468737
1618007706
3790024816
174391439
865007076484894720
842532737089126401
816506873939689472
723701822855081984
576961530
869397353022627840
1684775737
713082026308423682
869711279971115008
772582467651903488
814997306026184704
2471385426
2166702548
870945807205138432
52106624
976095690
851316066991038464
2278052563
17133872
848634937624457217
2669024060
463214584
16449692
820012126312034304
5921452
792532534265417728
4743620715
3177116342
790717274
3301054643
3996072939
3271357262
3184379954
780070833020469253
731909723394433028
4825636875
106793244
764703435216289793
3194627310
439576087
128500019
792085351443501056
849021755918348288
2734354430
786134285908606976
863219216224223232
861435105482383360
748962217274535936
3045206009
197643111
1621983925
2285503938
806834876007804928
836019654522978304
3099945955
859816434909708290
864255535075512321
860579563209936896
2804831971
701041629629542401
4842509393
3719355799
863217278892089344
4416704961
829443555416420353
35309158
1368243037
52246005
770253940453761024
4309636995
310660918
182537562
849954962062934016
2975568292
1317356118
2347059822
752687185246035968
860288942716985344
22553274
848411975780413440
853237350083821568
289726908
845220084075429888
838064518659899393
861871056797265920
4092933375
2838904621
817575652366942208
458722456
3221892727
852174328569483264
2719476278
343176058
623811651
3264003207
3940169674
847905206289485824
2965066959
773085089458782208
857397015772319746
736019435237036032
4705502727
855886252595392514
855879295817981952
836227266413805568
702233609248182272
26566121
3115682749
286380042
3040183213
900596604
760572371317116928
235423195
3245561151
709740804
473137187
723454298533699584
3876081381
853681539816857603
1666465424
854771072423612416
102746677
464359222
523724561
14777850
851499181705314306
771190960759775232
2305595839
792811422128320512
849790497254232064
851781053714923521
1084087334
850722129884528640
4874313803
761893884880269312
838860774084751361
757349054758002688
779111390627766272
844977416904826881
820353902394609665
839481610059804672
4859429345
828329570461970432
765288976861114368
4679692741
844141344092295171
814616389298388992
4674301922
841651113187254272
35056088
41887122
716838556451348480
382125116
826203091192016896
844009841421037568
809955123288047616
3128314561
22680498
359913180
1132673898
90570778
798069517502988289
838857948126306304
3004960138
701854619148767232
843289007836598273
2841197608
795807677393694725
1901658494
829766966399365120
2691725479
715520212049768448
2400506899
18945618
1917326880
993833844
339981401
807045932378419201
3116608389
778423088232796161
348812768
704054223592292352
840235340728217601
1096868388
983342502
816673796987887616
829012267488403456
3330524260
87411160
223603146
2392644377
826363538247544832
833384344387452931
833382605148061696
833381138970337280
835890808956063744
833385061080846340
763343586742136832
2458365638
840669121805180928
2312544805
3172209851
592868482
836346464263524352
838665352531759104
2763325963
2775559003
839209337499222016
22649795
65603377
3283987826
3259115630
789936783563825152
589481800
707624948160978945
729837940164038656
72979118
2830634479
719975030633816064
304414192
798823963933622273
130420355
4163342511
821338607742922752
791008962736955392
198177868
828667440762531840
2195436722
