2717254872
74755679
39593328
150168633
787709936
138102228
268809577
2377815434
30159612
89898430
36489219
322539565
985647285957775360
341871198
769369281268027392
738080573365702657
39364684
782973815496192000
19725644
93069110
719902068782342144
14260960
365202910
794198637366640640
952590396084846593
171899574
1656244670
960559332164239360
3327720838
2439032786
4274372981
893579007668756484
15172821
900261083172052992
784575415457308672
610566084
123015364
18704659
965015705123930114
1407277784
47216804
586136477
920532307861295104
3863605355
44196397
22059385
21168601
15764644
426422223
951860462567739392
568825492
419538326
1020058453
25379053
15635604
16206688
18667907
102773464
2467791
9763482
3898598357
134846593
16145875
102230123
16303106
178088940
267915933
18713552
46362787
805485907751079936
14641347
3223426134
27493883
14529929
171968009
7334402
18948541
2155649270
197224469
443215941
142157505
841121518281199616
18278028
15891430
22940219
72915722
125481462
248747209
32481482
23833641
373981085
858411143978733568
637196658
289342771
4377218483
834588997859102722
288939381
113439399
502281810
19397785
409486555
8149452
824403976410058753
2486017100
4813670622
3035199928
18228898
16958346
792009576963006468
139823781
63262233
571425198
26399920
164371914
785992331132407809
45266183
180720955
81846385
500704345
14293310
28406270
35913487
228911776
41183669
3514817897
39357410
16929282
23056885
271725689
16548119
16136067
34173162
266209028
23619624
20798630
380749300
14824849
29588859
54930650
93743751
2909713155
48546834
2960943465
11178902
2916305152
12369372
28223477
55117855
22811937
15235235
20068053
34113439
789955646
15645093
13992132
16129920
810424
26053643
757303975
25203361
250884927
94129050
66379182
54617733
17596622
124003770
827658471000600576
8719302
79923701
108140114
852269288
16060321
27457788
62513246
51241574
12096202
32673717
5402612
12133382
14437914
14606079
18510860
17220934
37710752
3240143771
28185163
1536791610
15860531
822517901294845953
72198806
53151247
304392714
20479813
552985513
113062227
14377605
357606935
813286
17494010
30354991
242418441
15220768
104969057
5392522
759251
799453872632696834
174110843
720943584
263292498
126389931
242956330
47285504
19697415
316389142
1093090866
15057943
20962674
55338739
19834403
17313446
42893938
18791422
3240420332
32472585
163476274
820321794385133568
64397992
2893511188
200163448
760424898498035712
3569295087
398372656
20476160
327739676
735627110
35861227
30304897
970207298
2604132201
29442313
216776631
14177942
48269483
15492359
14717311
49114382
1890580242
4498547835
1643218550
407172679
3098517568
110516360
258081351
14159148
6480682
787907833
91029190
28595462
369634243
40349753
15311166
14075928
166739404
28221296
19777398
68249275
256573865
41600293
88749392
31080039
282789898
17602896
36686415
115512512
44030337
14677919
24719173
316823876
276108777
201561425
422757102
313758529
43904362
15097072
40357525
59164298
142818316
77288463
739427887
21597199
752103745
60474971
1615454282
156377451
191158655
565874638
1914948026
38324185
217165904
30364057
101274257
41640047
47363263
243835805
92372285
248917209
285282053
27042513
17017636
329746058
229219088
130894721
17291393
24807616
66561957
500042487
336116660
26565946
48562732
34381878
14511951
143238462
860756034
1330457336
1339835893
277165873
17903950
116553478
742143
7744592
165237141
229221986
485440614
103071138
33775779
303510687
216354928
198672699
439631309
281150556
437199550
74149556
57476160
52551600
25525507
63504513
85379984
278271236
31641658
15650816
9245812
23811090
35764757
63631280
45564482
807095
62290422
15485441
15846407
16008484
193757722
24229391
17563751
766521385
847123669
18863815
133880286
50374439
115485051
45045898
