866055643219861505
2208055752
719443861764853761
961659119341129728
1003734980210647042
1000986065941876737
2758803805
995301819726344194
974571015580786690
949602171850440704
740788973799415808
855850328389976066
1001685096640974850
965313486929711104
972114104029626368
1000289201521418240
1001392999576694784
996428392353316864
3399634220
2564814261
4300956620
634907338
869384077291343873
996409853923901441
926464398641819648
1000410713674825728
910926520243298304
538933408
1000482087802146816
1000050484789460992
997785837952618496
879756527682375681
812305497315536896
945948726035546114
998451987057229825
114603592
749211575840436225
924170538401927168
4761114612
2799949694
980443728652439552
838802535288832000
3302584856
909000033491492865
835723814684123136
3661561692
2422638618
938714050678079489
989904920449990656
990777846267166720
994902317177679873
625680004
996388828981030913
859067396832854017
783294294
845781459260456960
838722861988724737
932615396548427776
937759466530861057
803963160
993316545102274561
977740711020802049
983542821717032961
897333293443678208
942749410626277377
961243531846307841
992649486907461634
978076242
994210188822568961
4196366833
843198861522821121
927761376445046784
994175966770581504
993901573116866560
773167973880127489
932931166679773184
972880043717341185
943812766145560576
993518463074291712
697828958725799937
993462948390625281
886888799023714305
3191837228
832617045074210816
824180820659359744
943365832389795840
936884477887889408
973299543919022083
992430060224237568
865657054148440065
986947019645374464
899175988453449728
960496648223797253
950310720100450304
903432361185914880
991908064461701120
757873167171854336
928601199183511553
3308950922
860158594205057030
860752927488593920
1013468642
911982159371542528
951440642722312192
991261060740141056
899470978895314945
990834674
3109727484
918713032242425857
843872157503447040
76780580
1262776610
956103970199560192
950032757274677248
947147957815590913
2334630229
968453360612392961
767242356
1435618933
984717751032909824
859015141462900741
980858308184588288
891865570328670208
57853416
975255802918260736
712166426820288512
386263630
952288448383275013
949956121799741440
969590784558227456
2944913592
956143122202877954
952734214914371584
965535651805319168
945914915155578880
936598721277542401
828224199760166914
248692537
961817978294624257
879784122566062080
927189386466353152
945662739313197056
949333401382764544
959915663203565568
213551527
4242788474
937467646001299456
902782508332285952
936234286453157889
909442431598329858
952931632956215296
755466840487424000
916261531674914816
1214693149
4673162352
955856288092745728
805968412941774855
189443407
974265408579690496
927531099370094592
951339209217908736
951815033998233600
909443602282979328
1524359588
961830424023523329
926717384626380800
774216315007401984
739736846675128320
939191725024739328
974441583331323904
4717705951
2985377028
906838476015804417
939569556862861312
807983610766692352
836595426526703618
965678744227606528
954542992316030976
974661527646056448
961505747023544321
972665729236451329
3276627163
933420531273093121
867215258238189568
919863946877665281
962527468044210176
865067750
902040755333672960
913706645737283584
392869947
973295565634244608
935678299271041025
972433603752755200
4885171852
973262851249967105
942420953828429824
952788417389019136
402157686
861843963963072512
941911725657296896
250689908
3934918393
941342743405633536
794917383848808448
823646037457956864
2900637623
969911980269056002
904571798150189056
1312716686
969235084825022464
939732342138077184
923477414562340864
890889141474410496
932521656416739328
914212903716360192
403800776
962171637968850945
959735538461888512
803879109994553344
4177958231
963491431833890816
970990669165555714
878852281696899072
896967703780405249
2249684781
893766757759963136
906741637711249408
961667419021430785
959151014212521984
788159156
794064218
1049179399
961957370032111616
889695880663756800
953285623585980416
748576054827061248
957807034287644672
851234028594376704
947890127430225920
929102072640823296
3231404516
960449865145753600
3239333908
3006283880
947499595592060928
844608999857307651
23072425
961043186788519936
960490021458292736
894182259288403969
949561401122566144
819820340859650048
874932257471025153
788355375905013760
899633584662642690
941429367225319425
906463039691608065
959764422863417344
1108951764
480948434
1732522920
945947029586444288
708396327068110848
965523865605636096
1423973827
1113988177
957565719666937858
965236427373064192
921807162992553984
950559509600133120
967787556392898562
903963671583326208
806123213377785856
854888761720807424
739464100225257472
4604990654
952949150596841472
954058428850335744
934456953354387456
2421942168
944103781536374785
889059696438411264
946999397212086272
886547096211345409
609058371
3893255899
890129083367124992
936236575721103360
2318490706
731765750118137856
926322265679163392
4887350053
947398915426365441
859247323758514176
912455323641815040
2802153604
957827951281819649
852894554059616256
911268612748570624
890469483969527808
919194630196944896
907560303826575365
959530002843914240
916140445977022464
958650606440214528
