3972687634
10422602
932013067579330563
1343394810
315135991
36526960
1477691611
2886212542
15259875
825174219092848641
26141856
255193317
1106501
21628085
16352307
44385370
20431922
37971731
36054494
755959
17866318
101946464
162408839
967267245696192513
2559182084
22373552
29452677
39588492
18138971
35773039
265645376
22651134
757985247254417408
28279637
15957183
816532
42425082
172573820
2464444586
12491732
16443138
224180296
17813980
48762009
599550666
77267367
4699964858
97040343
16935292
62513246
20772763
16686144
801159713035612160
3240143771
728306253773017090
54679731
316254348
18880638
183300976
448602809
29442313
148529707
22003028
771673110
14328066
113184599
2863488598
1419050840
16582027
771317358
302261109
1268168732
158414847
16129920
13493302
20818801
615468798
946553485
742143
705534415
10810102
20245775
807095
17006157
401348536
15725153
14700874
6655262
12011422
