456507050
3503134762
1262669875
1213865660
971192320359043072
806211946303389696
746199836953706497
864591652505214976
326255267
11744152
570226745
2696503964
1596778068
90219306
2613928686
370249585
9001212
826280203
185855695
1726996776
511539750
227682918
453332373
1067588756
248884036
898084123402792960
111045930
6539592
22730280
948946378939609089
550702200
121482708
2550422984
31194003
1009691502
31163170
2396582534
434670288
7208042
918976981303099392
893175790774431748
2649599131
66379182
966574220
955697198
2223157392
78400475
991485025
109687064
3302562410
735214964
24136198
35408864
1387615057
15467700
3060489838
16353245
4914384040
39775482
22761095
295855693
19408552
3309287465
2896128563
41073973
1667445254
1120387332
501014205
15440411
23323664
2270477323
29558299
2400284491
1355275057
3721797136
145345906
22784886
727088844
25341604
26435157
26322448
788363167
2382563846
2266221636
225227931
19070863
19730865
1372824452
939091
39279821
2903183172
890995184
572630101
36462231
292933514
547153259
1191764988
37682943
2518094461
491378079
515483884
614841877
27576090
16297707
172877105
174526877
276055263
637385956
151280112
486065793
847112657228480512
25314580
2872443027
1058431974
24374241
94784682
1648631646
522526229
2316384882
362139458
600512258
101044993
23954775
260256665
1195794828
102852362
1101145879
829323654
109025212
14772775
3260556122
4332777046
204349049
53858039
797869498757955589
334325250
19619556
1892832529
279211405
246220040
241461704
22533251
1132171340
400683403
113039126
41481020
3639301
21960398
66012073
2377771243
28811251
18994290
2424515076
743211247177347073
512221904
31628934
43350851
14869587
368050288
571297251
208189676
18080620
767799842026422273
196370955
813125382
1729625634
22895484
16017924
1071777608
472431999
1335267692
487724195
30657398
89465917
851295888
2874826685
14268812
293202692
2232358556
64024626
46955476
352739551
240112167
16474531
709217679761088513
116843810
51241574
22599438
502144845
55510435
17577629
181983608
3150561060
28883926
37050551
12245632
997232294
14075928
170751954
1949367794
46070468
48302980
24727245
4847253388
527785376
3165531702
20642205
42479153
14154231
47448886
577432615
1159518715
2849098493
3490719520
15027207
3394517753
25073877
11640472
105901883
117082566
240107748
568326904
310848070
1543056944
1357254643
15474024
1969097227
50347395
46394544
264218154
3078101607
3311160710
47919010
3955068373
34764540
80312300
3782486656
29263936
216561483
158044803
3747688276
48029347
1324857427
574242161
3847538603
25505732
2886129911
997428386
13942712
335511667
978241855
246108117
19550677
769034760
1365380018
14188527
993876890
21759930
1511299686
317859781
404731546
49687858
60604597
1722403496
362667435
299375278
18686907
147586500
16928357
1105029164
3331413095
20255162
196509596
1893257191
428255859
16007460
33554438
43229249
47753898
731928445
362047751
7794752
25411140
582426351
45986085
18616035
17918065
137562115
13640412
6151352
11963052
69480815
13115502
633980404
364453749
346744710
252775721
309612521
37730129
15425171
288534006
120853100
17839499
23480093
987188366
37685082
503794400
166664961
582993293
2335945427
2538208740
32978238
17326860
4207961
296721949
39527404
18771370
18510860
50695931
246183084
407754462
71048726
69834006
430741049
18481779
1020307926
919928234
2826999619
21394764
468249929
226956469
431771635
82378257
2413082773
305189255
18958999
538628725
308593298
16262329
2242580173
39725086
26779387
107509070
48150548
2776336655
131665332
597935087
1094922224
37790742
167087610
2690417377
76505040
479562736
14499468
179732982
16746858
19707929
2589573097
217340627
1292484668
176575562
13478282
54747738
1452140808
71643224
15143478
15446531
50446226
18622063
16244449
23150269
29540950
103576290
764113316
235579119
137520495
60189336
15168833
14325121
14267557
20596017
203610181
475957325
2184809711
15428397
169969513
50058693
398184852
14336757
1968918331
14211946
57048551
16630895
23061674
865237614
219695128
16664487
56426486
291294443
252098663
14270650
445058568
173373241
70442821
18273207
153408965
130945778
18164272
78941159
339824133
443907448
22092333
240883847
213624880
95518830
16787084
2310350546
18187429
1538032656
1214514967
14335880
80937511
20852423
13524182
9532402
21431618
587817701
318518392
516308781
409542124
275023346
1275636692
107773039
12073782
108465773
1285630338
319744306
32422915
17757642
351327856
17744688
825724224
14554800
118735458
257145200
35822388
546135718
21723166
143850708
188787513
14819030
335329389
16328725
1613223313
299893802
103447346
16303106
83374478
17047515
2724291
236502423
453319164
23586134
279314819
7972792
463273562
303807022
356291785
17297846
19266683
23968287
20809073
226320142
148086041
18282606
18988340
301236433
47657283
13774902
38030201
400294183
26402448
408777266
82217548
116764836
15297452
87236980
158902205
24940808
495341240
18005085
339177761
16148777
301012485
22770131
55638250
20810303
303943836
211537920
500704345
382734543
19190645
1020651097
6062112
55237452
155839744
325564671
19068807
141487925
1211852089
309160156
816937772
331498740
50619721
44405933
39768085
522332803
567523972
479722360
464854839
87584353
1158114618
477209122
76145261
14498782
28397634
296894515
19736690
130157956
507846696
21221064
14914938
72274796
34940759
15914126
15817319
5577902
17029631
20559186
16617906
9840002
362318851
47146065
14328404
380369123
274087087
16459415
11918422
458363097
18380669
460408325
27741349
358197053
35001387
309798935
262325462
7009012
25140324
22320759
24026862
20733349
289099943
98753487
66753496
181907107
46555369
17372204
26127842
25934160
184642568
237284623
17293897
14688489
15220768
15650573
19206076
16887628
29707322
15611843
24005710
55184907
30003842
134849548
167855068
95317108
15856030
19207148
49229437
169627574
185360823
187219538
9480572
19309690
242879066
20245031
218982732
23378758
15563981
18217938
14698733
38180213
19091153
177336591
17136419
52861348
128763392
70772636
15027086
115446992
21877897
33182341
61875599
21156869
76057616
19885709
60324443
60380165
117930933
14574055
16172818
54208274
21443773
33802598
47415772
15086519
163615870
72908008
79927387
20177097
36716148
13619472
19187933
