891629013936025600
117225124
4344879862
987747170592935936
995414013084303360
971123562223493120
30570613
817036307629277184
1004075505811972103
20686986
912653339153850368
9269372
3689213055
788235030
26645078
2894204871
1413615918
29811763
630508803
954026370555895810
973227545477840896
553040745
298769861
388477608
1001287976238899200
938452266155171841
25022841
1001151630174248964
2437566356
1552278758
1723548517
948358354052747265
51265356
998594241612926979
3406286218
407003104
1276639410
19608695
3021229863
750751606338093056
718579982843424769
768801474
993946119414648834
2161857210
716273308820443137
979782275272503296
993594750602113024
3244550155
3235876970
823707365744799744
2749826176
1412246137
1360947914
2283769140
962899911816699904
3060804868
26980919
936345728955355138
2528809034
867756650282835972
57888115
985396483888332800
925429940
946332226727366657
3007251458
1478535212
2962616007
990234144184635392
519054041
2385616458
539772259
92643125
776127363604111360
424326821
89731792
760983343605223424
819758534091018241
2966273248
883738671572279297
801504186500349952
988131604164988929
1211792376
232759527
404813952
35471038
971429437010075650
976237392251183105
983368165387329536
972899965575073794
934194870209601536
986605957038817280
97085853
4376452815
984887238780694529
479718172
481278519
969334918680580096
705578274672525316
982744180052013056
1043060136
2681034804
825786951747981312
99146069
907965691436916737
842327754301423616
830689525269676033
978611980750684160
318162871
978047492565716996
3271236066
90753256
970663291
172719199
745955977556537345
537785639
25582718
1588764505
972825914726846464
344433458
2494341440
1209105384
19765391
970848508730396672
797006669976891393
418410139
755228404425699328
304173824
960019534739595267
897100665322971137
967031820926832640
867554349706334209
1541780334
25342076
549747765
538291970
2840813214
929581137743286273
595736510
963487662496735232
962924631131750400
963053633410547712
18692093
812032107803504640
17242077
347685287
174357738
2900882125
508955709
786280667688468481
919800500106625025
3052096176
831981386068291589
1084474609
778673255234371584
312823089
19053375
958650460721860608
712695143636148224
4924060991
249837690
42478020
1339938846
614527657
898693784892051456
3782567243
958172092914110465
809125197538148352
532492925
4855525409
949318945718272001
2313034199
732239982530691072
28098086
406340450
29917775
953756250562379781
2933745675
386224048
923925846720679937
924347890876669952
2889466749
829362247877148672
17269816
199224774
422816319
1131776604
2751706118
16941514
4400019215
1232553025
329793616
705485640922750977
50325701
936608064421224449
594667746
412516056
487729983
937901419335524352
1921288728
307658545
251626236
495626710
27148634
942671472673292288
316199689
17549729
895159754695352322
1061340774
919299923014815744
910453169330753536
925519498790268928
19555067
3207550881
1243904706
20008230
1670640984
3246961308
918186169254449152
875353447935201280
892962339162660864
584452446
1867386984
786023869924552704
187389096
20920391
402419926
903892097391984641
23099094
884123319414513665
926365974252593152
893464808821063680
762654854539980800
619279070
894768857365315584
298327631
1413653298
837124024614387712
764143237753864192
871829360969269248
26168517
18154385
18429258
21279019
28340197
800819220472741888
3187817873
4165603828
46652477
194209267
146597709
927200892213805056
927007514440491008
4541099433
1239668478
579758244
909631980798599169
925761644961071104
3604345575
827124026
923364147340955649
19734279
16085975
17047724
1589409374
1468044188
1183848577
714298021702316032
40179087
43808148
160214661
3126445645
2710446540
152395136
560926488
378101032
19722913
47327655
819276880020983832
913672485542887424
28436633
771162327995584512
762797300234215424
893494843959382016
21366870
912645830234005506
2966904177
780530513350004736
892869941694578688
2482780634
3150572893
869190662
2389425438
1177369122
3748655652
347261163
807668189597310976
906624621637537792
972579536
14633660
38365355
908853462196277250
2505955765
3825267375
3134935162
891758544168640512
1359904574
893570495676809217
178503957
737281088049926144
1719496284
3299699003
1152685934
2719712935
1320657768
199271087
59801057
701474935
3166158053
793455979870449664
27121591
556009164
480109348
156071368
398652295
192732133
3097204653
178178508
32021828
96356136
194124971
732355843719499777
898825272891494402
2491588441
1559093389
2185483322
871194721267449856
793450882604097538
334875535
346684393
871162411
4229199515
1227176802
2366999305
865568073637445632
100688347
716139265873285125
48502241
738271284522582017
742850366539194368
520867886
884983921733242881
1536844603
798551300527026176
14333164
26771026
895754005476978688
945956167
895668106588180484
983323824
200528768
429553139
26861554
21699418
836978614570725377
46052249
23228956
894629450926637056
211033997
199447558
3073951983
3013500924
760634503564029953
894319145231233024
4201482497
135929930
735168489556676609
16312325
101079414
290860368
4883829994
3127427890
856523212003438592
993539384
38204814
87039901
78643
701045163586621440
870648259458592768
707317592340500481
3131811441
2999873750
232755391
890751978065862657
148147677
384120993
4593711022
21432833
374724416
607505986
888971670622539776
1532211769
15037453
820665548337840132
22428121
817225680190668802
2495698588
783261500
833159341654024193
23246059
94139485
500818546
426562816
813571660074749952
3178405341
886072790373236736
731496099874263042
2154081482
47422005
3347066044
733081577379495937
1438600387
3108441984
1950307711
3064066091
50521842
248376167
4775782641
816327848491421696
882730973879828483
884058356079628288
2518126235
867241299782578176
63915365
427058700
871092923055603712
833669998673555457
353686146
23588350
491691494
4839660880
3031770945
751750793737437184
1336839739
42626007
69362359
3087553673
416846858
837800844586266631
880707570301841409
2245939776
20335642
16089667
2582613704
60378058
1699248080
875852571700809728
4816870455
14912309
348258531
3060621609
3400844105
833473056324608000
725052121
337294506
2619123398
19629250
44883050
743163808869453824
798635234
1514255550
3282894055
43028030
823590914203484160
2968918199
2151809590
39638587
2386015850
14149906
2624507866
4274205439
750923206110875649
219713402
454120069
22057716
43422846
229670295
868475680715091968
39433710
35372155
32565069
334359351
171514729
3195807824
444932005
877969233564532737
878043947570003973
53511807
875512894460493825
3096888630
851436435546808320
1004991428
2457804770
3257047410
875004705142968320
2216556373
843922409677840384
555207245
3318681621
23279207
542875755
1319395507
872664196818673665
770573478
807100550886080512
312984360
223679749
42052830
1962008316
1339666548
1244399000
870003842007547904
774261042
199894500
710078177549352965
404570415
704747554626383873
65761906
155390413
3237409606
2932966062
385017095
2772447436
867516231825457156
11606922
781912493144805376
15259626
701604710982164480
3620529796
815809744594239488
46896211
4264961669
347225746
66728932
616320362
987079603
3002633194
7194052
4429431628
1136700373
1567588831
756165721411973120
1551837600
15054159
391052063
1459907598
951167958
605263261
1393529005
2326288520
837339378095702016
2342030562
746821501312245760
4692845437
19459806
1087884990
860588807346937856
18752483
171298420
28215031
852303670788194305
4180730893
788177207092883456
3000012489
168828090
4579874652
823914465926189062
835608415657472000
164408788
855572470073483265
3504318135
3004651067
16259446
586231834
1020879985
3088891192
306352644
65693049
598471018
846131751130869760
2177897742
38638340
1854465847
22874135
2321410050
265588059
3260455370
2922598365
2913248922
793455914565169153
834692449696149504
94039455
27359224
763799639887839235
167535055
2970733244
1343351785
847593694928699393
1470164786
236176296
73022020
332044096
212322460
2352145352
3253303949
1698013352
137912165
628764052
844553659497304064
480206732
844292090976784389
589575588
3389157747
1370865116
793469357238214656
722198611329560581
760275231294517250
4738537746
3433054749
1323449239
102557445
817101153230061568
245428392
1205138646
2642433757
744971759451922432
1466019240
838506170457391106
4876567954
16457413
14431400
229344438
838866928655450112
4882934685
476072199
86968317
14730469
1699503607
4338962359
80078824
3013670674
3199237042
155992919
835676668584865792
959225641
512808556
834990707953795077
834952415409397762
1120817029
2746526490
39192261
611989432
2747281802
159442101
15103346
19995376
371479374
43826396
31189661
386584162
828985227775209475
3267521816
436938114
2885500329
126169136
824336482227863553
2485626030
120886193
823321244426731520
15715442
816032270893154305
816284852295204864
3193496312
236549474
100912206
390180202
766709514456469505
2478167816
822217318453354496
6090062
940742534
2604197498
755165037069635584
2798379836
3796551437
821480367131598848
3235551871
735416995240415232
3853546905
2986022610
2764969285
16251219
818577186147831808
271264745
817462412270039040
1301056074
477116309
711049086791606272
2842446256
813852041088995329
813742738525003776
725396701905739776
805331171018178560
48926100
18622742
806972789504798724
756233743
810134154109218816
2498075625
411484456
1553669216
808638259689443329
791279260086304768
808130178765430784
51143815
806299882449354753
3669153856
2980415285
761940325015363584
800713486229614597
788404400377073664
362087051
802980198
3026221044
773426449323814912
803432648144089088
19981420
570156524
582347397
237944043
790356768991813632
2716544638
15897190
237878773
16426556
90210605
282184726
411753896
120587474
16299552
797917930419666944
24713327
753753097881526272
711286101072351233
326738865
17188083
795091990664871936
17014087
1466023075
792685869295476736
600570307
62896767
30715344
717022996225875969
24448855
81179178
3372250905
792081099719573504
742710109822980096
305934086
1107988422
15319555
631476525
16705845
16418198
792527576
260947555
785357960235016192
2560091749
785348166233231360
4856111981
784987270419886080
23120518
776803609107464193
18204208
780926249229254656
780491963913175040
2391767118
778694097846411264
704011532322152449
1013452477
3449761
247331012
3020469528
778015657346469890
41584297
776453372731727872
17714593
777025673001050112
1436167100
234573291
3105631547
42668006
70465771
22202804
3110873112
4821414785
63896398
705833262510379009
2872425467
772210070520270848
767508740077654016
1702245140
16043254
2393218987
120876004
1175356609
372102240
727206284
409225477
201858856
3335703069
29579205
40452621
4426158434
708454515024928769
2166226860
20319226
735362532
713783187491713025
52253262
763280668709314560
457202935
603045655
761657344170139648
702783920
404160692
760951780108754944
3406578731
47897134
35533757
72199855
3243321731
755178668582920192
68797723
760513752043225088
760209685454659585
495542696
76458767
2515695853
35836602
731465369890607105
325305552
2688795949
78901935
756829351274962944
3068630323
736760503918198784
749042161245626368
109035010
148441347
756065726012719105
753077552537825285
755032411231051780
3249596787
1933301000
294108365
47392364
2984236158
752884450036289538
3248079396
367710870
751604264624123904
36831559
751042049005195264
762366912
2750168568
750820824311926784
750706477845716992
750544073904324608
3712145183
2309105479
2804247810
2490405337
37279795
749674483313676290
749491137304420352
749118648988471297
749066491446919168
748973242178686976
21720519
748696192511463424
138140686
1920391189
16673643
737581327612936193
308660794
4307011514
538517219
4713720434
3407871363
474538698
14099022
747125216720084992
9833312
3653544748
955815428
3242488482
1455993649
55604790
83225938
4238631393
26311269
719942914881622016
44501087
745340774036869122
151203259
49678114
77811006
744598186581331968
743754452989992960
286900265
71100172
4715074693
716322636180144128
742977352720908288
727189699878604801
4924269914
33101633
742032603168002050
2909407791
1267950690
741012897720115200
740394259627544576
417496571
1577720688
2730777063
19345433
15534402
739940014453297154
267345125
4237244621
3811143552
739072290705526784
739018079317823488
738848321238761472
356316655
738438261895483392
16256248
706067488702918657
4760945695
292829100
737994543233159168
3259387310
801582414
726175931472220160
736856425377501184
736756091451674624
2420034319
68206456
735948617370865666
150686960
3107982631
278266406
735292153090310144
734880556840783872
210684204
207016776
733715310507896833
2732193008
733617560751636481
732594650763001856
731623285515915264
507504027
17889845
582555752
145388522
732530828941479936
4927471673
2543116126
3437325520
151123961
2543310001
1472765852
79336711
743670728
3773423775
731144709595369472
3307621233
765821041
75370065
29577435
558928814
341836857
46860433
609059403
334067389
22929409
45437742
394142335
2451434262
78972010
1012152223
314201468
717721304779124738
21010604
987347443
2407558566
2263507172
57023309
1585619948
4789102964
725428195042988032
21137599
883011361
726760900846211072
1410636528
126070124
2279975860
725831881732796416
343706393
725703185814396928
86581572
725350915784339456
725154084500574208
24899083
16072009
2896909316
713409938484232192
2516238697
2894090870
722624720777134081
24803151
44987079
721033736192729088
321715384
720827059103076352
720315085353136128
1337627138
611367571
719969496258117632
86414435
622293708
703056004993273857
719234762288861184
719112011330662400
3243603536
2685087253
3524643382
715258713825808384
718348645511335936
2316155929
1378055360
341947278
4283204114
492533551
150840740
39568516
2501968687
716773816165384192
710323153545928704
714620723247984644
716299350121385985
715577882131750913
2789522416
3350522189
16473467
701981565581012992
1961529942
137730398
3256979817
597793514
712060342214332417
2369020748
43650325
17569423
459627647
4707476795
3560466086
2911319043
3403088512
2400444588
710180003678281729
21523392
708661550048022528
3760887016
3236438816
708493807537356800
708553029314863104
705233782740111361
3095119486
2968848165
1465636058
2943653255
1475454222
3054247255
2989667013
2792983495
3248587629
3105015660
4001247933
702920592073228288
3878825541
586718814
261182810
2411747142
700383134043545600
4893545124
433143099
3234781673
696090258987835392
1471203890
19004586
94129041
592385285
110793225
4626656008
150712150
4817032895
2473042417
766880024
2569768514
2352138146
30464929
4861950602
4880028011
168218173
2647335198
243455243
2953503286
2919861466
729823346
1651572684
1214368884
1138627464
2216183420
431880703
26104282
2745828913
492731772
4807186958
2844180476
3283986151
2688915890
3439477253
4728393678
3130079044
4837205992
258431355
703973240
26980313
4565953034
1656254444
737085494
69795498
2350287384
2476304719
4374961215
2495013543
4154134100
3241675502
390676745
4720752016
4005788344
3475974138
1969612266
2949854992
3714206955
314628873
392948604
4278249693
4494495322
2382853022
4557502513
4551805034
852373236
860267366
355470848
373844766
587635191
2210868259
2376799895
37959657
593927226
397535748
55630096
2970003987
3189412046
4346013803
4229251667
2598093134
4353716835
3186310644
2462579876
55137454
3692741056
179414341
1355104842
22846924
2719820435
1171440462
3323619647
4025824577
4134446123
67681337
1232478722
158840406
4092575774
4077908717
34154680
2192971268
4046744117
1562367001
889997798
3834630693
36890637
174590823
3980537780
37030203
2163490692
2576540378
2873362077
2961527986
2500366418
424313265
3969172872
3615042072
2326172907
1583779452
2718235006
2827123411
250002906
156048040
3188155151
2161412240
19000070
504791820
3727519814
3247051913
3904050978
475831746
14124542
540448366
3309031412
478150701
733290204
14391114
3839078973
2205641179
7436862
3245628537
2174130332
3809913075
2986215468
2179251619
762767900
2715809163
1314608678
123734071
3377596348
3311205452
3239348798
3666193281
3654292827
3431708326
2481585759
23746050
2969731861
3527057901
3066069077
3280034852
551489911
3355640052
2792705892
173050269
254753654
3449710577
485010014
19752866
455834444
1864470716
3122549440
2921325845
84151526
3301619246
1852412928
3429219634
3314044098
3137878681
23100266
3245508758
14768639
1653177764
707489030
2210123635
113460760
3309957607
2755275262
346635221
3255082303
105348394
16028469
3102286482
3294203720
3146024872
73307092
2938701309
608462013
542478099
173900432
31934490
3279885211
81044485
568367238
1799158602
2494220664
592176424
1460865638
3368963115
1170315836
1267239313
101927852
3271367839
1905292297
33023829
2427163580
3293580929
3267524814
989891522
254472494
1381980883
34092174
1691630048
820682826
2923966366
930810308
3245518987
1080166262
3245518584
2711913422
154589399
346326026
3320108159
2953164170
2701544323
426187288
1202762862
1966182942
3310412805
6300462
3305807345
274805710
2964499071
49852338
367175938
1591091978
419248928
25433083
3138393290
3289014143
438562816
15441721
24200817
3253023741
1668409446
2397827183
39196592
330989471
3226192631
3180125809
3178654975
2780788041
2887428707
283335155
16873482
1650993650
972730794
3180569105
154184326
1854603067
2827502282
3020778029
1854822546
2297536844
3146274810
193688369
3144613953
2151103169
3141488737
378513626
2837341029
2412193548
34554366
16951861
20194959
39919283
1414076430
1048897730
3100432800
3099086529
2387927718
3015780431
1301802590
2745987850
2491857368
201819334
3082564733
2987989681
2921275388
2585345423
3068718388
25913596
45657367
2324900420
1953824324
930848107
2244081884
731305027
601398972
321055196
3035391128
2677840797
31450184
365118768
2968677867
229960573
2533302968
94233204
3015382186
2987190689
14894212
27147696
2986440525
3000773367
2959741321
72328219
32612429
1431530652
1355696364
2983247485
357801056
2727286800
2941175506
288926874
106766267
844244126
2854548687
1703188711
2416355228
2515790840
2955786030
518683165
2940697880
2481699153
499332864
33683579
2345985402
2934551728
2912262144
380346097
2898738479
1589341302
1463220907
550649183
2801138271
14550180
1880999034
1242828403
608485316
479543425
2898721672
272698326
2844126279
2436338828
42630260
795039518
193970378
2677976948
16472280
2875909534
2875047963
1360838335
22416482
2795170465
222494641
2869414270
2610593707
43427508
135643708
41019124
2855939049
2855433052
856409340
888167574
495308176
146994058
212972489
2836193699
2822598840
2857742618
121534675
2743027520
882460100
262942584
2246201874
2849284878
22524889
1353074900
142486545
302936968
333738892
161022451
2765997267
2792150697
2612819973
2822769308
2592203306
2822711324
2540467482
68451646
16505588
2817184345
2816825342
35086458
2758590990
2327905034
2813697548
2813633005
1184637266
2810375029
2809205275
2566197870
35529439
408856388
2356490996
2324529455
372947137
713429132
2718271831
2667779528
42342175
2792420138
2502205772
15476482
15360426
2556526213
1087156615
66809506
2764198051
480853115
1684411596
3565811
2771451134
1972652659
2670536694
2180583288
607219385
2748317019
76679711
2521434425
2747368155
268593031
2584639844
19632351
20120944
522346112
2718036906
851109876
508083404
2611926464
2486076313
2717203075
1198383234
2384360995
2738178305
2718265699
1123991918
10630832
2734281365
2708545075
2470546350
472787298
2291821775
2725379933
56901517
252933889
36834119
2675377730
60021471
2660521556
1711464786
2621478068
2588236836
160604755
2151769285
322288488
777164706
1932855104
2337516931
1893811542
69743340
48773655
1328395201
2436102949
1499361558
14913022
1359113108
2590495417
11722042
389673513
393566197
2585973558
2582510578
2583104244
965814738
2544276696
2388246528
2253726330
331710560
53777062
2170551632
564370962
41417346
29493575
2569153233
43120894
1049744382
2327768725
107324441
371505644
37808087
2324611638
2462496180
1969648363
2490492271
2516941891
2510733630
2302231166
11645642
1578358688
15249429
1723122289
240547080
273497508
163931869
2462279341
2473856877
84166849
2230571773
991627267
1553537600
32611068
531291518
1128575030
813189852
1906132999
23245517
50890627
2443419665
2204139529
478993564
388821972
97035408
496033343
104580444
946653516
523555482
2426043716
770677068
1397173938
313390044
337757541
400154146
384340512
1138161234
87510920
242274430
1523771438
2488986943
448203290
16027532
2461508972
181557884
1969472348
765002820
72123781
310960142
2476031420
2470138621
460429308
2427401827
219482028
558165315
140127695
40045186
39379155
2398297205
254803059
348812599
463446000
1115053656
259936379
2429230993
50174901
1139906678
2269799564
2424157226
16966770
86353297
2363027299
2361120433
2427325104
2324106315
2344776925
2420352276
2200490996
21316504
2440025459
362609882
2367722527
1312533942
281584577
563875955
727396496
2394178626
346230733
25525415
1968252210
287712766
278139415
12201242
2390067841
362782308
201349100
1158961994
712848204
294880725
1119647989
541205422
2155441939
2376046722
2344085048
172848064
360464746
390231452
2364576265
330143742
331989860
114059800
52795679
242454868
2269348506
538422450
15207242
269407146
14092438
2287181300
2327492144
16878536
2319977624
113338429
19114926
17146996
1042619712
71617875
127714476
103774005
2312841582
2302604034
1946713254
1687695536
2287000110
1668092432
16028671
893666125
1143079460
545385791
267960028
2261871788
1187612508
1610452538
2265421596
2260270650
172081042
2203170577
18062257
1939475892
274492692
534380347
437006126
1953115081
310029878
68808864
2231166409
1454660455
326972729
395801383
2202394120
1625849588
1904652756
49461900
2203472540
2177038587
121184297
2191634736
280857207
2183328336
1480684118
353862023
515676793
26509428
467523236
2170143096
2169480534
249878763
2165097234
2163297690
179735750
30974329
2147684012
18514768
106229595
18233762
946639154
20815209
584401496
255892315
1966201506
529495618
601998042
1180403959
192981163
423718141
19832696
614565993
1658505174
1669093573
15432134
410124702
1328818962
1221873546
21534481
1622901289
1934815039
1965703560
598391066
385820117
1957092325
480954453
41367762
1961532260
1680244375
1668224576
50478414
326143947
95517746
14977309
27358610
501285274
1723282862
265405768
26395829
7076002
19780691
47509671
20837535
1945442479
856884589
16953537
475417283
1904576070
20651838
21494108
27702508
14868793
124212381
36645793
122181874
213643340
45578685
1462912104
597408500
47317720
952468129
164974065
19636393
27148534
1960849328
832121538
540064091
62391754
390685396
1455296340
87393097
177365868
864035797
863304582
839548772
16127837
1870085059
531840957
1426791282
15648854
28029283
1872903986
860871247
30437655
1110354780
541184166
17048300
28151577
108107228
333415771
58697129
1435880706
637127119
1272310849
150760834
1508468610
703122429
47218544
398210860
95996689
351091935
1876882435
1940586480
1330263482
372877514
1525588278
25829051
1934255114
304244541
903962479
353228782
1316941357
37779492
1250104550
459494747
19965725
831764503
206946691
71743101
485998266
1884247634
91168900
396810627
387100285
1661546198
1895842380
619841427
231537521
479792713
209698431
1075045350
230082063
84769711
47023263
40160068
1198729122
1884407106
14570520
1400357346
1077973946
111711803
1877770896
44930749
887662494
1875566467
29536437
1474657754
388485184
129821690
1370323020
1439296818
37097507
1466406787
904049028
182220456
291510900
35006569
466845819
1075240032
177920644
104832034
31411329
15011052
756663138
59892956
15368986
161849792
17260973
1451819588
131637380
300594534
90304648
312449327
94374559
21458923
75648823
302731548
482462875
17423332
135637655
1362489470
1679719747
1402812828
1729475106
385014771
81924800
85497331
22071854
224300854
18975499
116351292
1683624817
135626102
1199555562
14117850
332470738
792060504
248798379
1613817703
15446520
20962721
221104513
621063644
113712331
976534590
193710531
613532319
40077719
68071055
19115489
1648201790
107575170
23496797
470757269
1621346418
779377525
250979380
22696638
995103031
471538912
326256200
75584152
28764340
40946856
113810645
88350647
314775551
562675089
1493647008
30984155
602326961
1563393924
1444410265
425015045
377427918
379295133
18077692
1096389991
18079894
16894619
58612746
81279873
1112334355
19820901
55257327
17812134
266110243
18978314
38345355
108426143
40329561
39408276
197425874
920496740
1472218345
499173523
191040387
285299121
926722638
1390205275
1142638476
1354684106
791989970
566645862
747701508
5843012
330538686
83439466
284563995
204397509
95203378
369517511
284091752
301163429
570380199
67722263
53481250
1105094372
10025302
326153923
280239414
41048743
1043605968
270381828
401311340
158342444
27677544
61370605
22209450
60696244
51491538
89513925
762859854
351253569
171619079
21449283
166204506
515461871
459497595
1465222628
1088161934
31274269
22188825
82345080
20767246
354066602
40868494
327941509
259316311
59215917
1332379417
1346640068
462044894
217132426
394599085
17207272
338143761
17467802
710270000
455273317
599369465
161466268
110244161
456710070
396095629
260237168
507832651
1319626332
264303746
23021232
154361529
627832196
142845454
94814258
106958282
81260936
887260045
26285950
75325790
177007060
16564131
20584975
177415185
14428909
25068236
7453002
18358302
58970205
262318094
24457029
15344483
126393164
158982539
172763379
76545010
10871322
615564467
13681022
21912241
22800871
307494517
1421403758
257181730
1020089652
15241693
37378380
318181124
1273363466
383828513
84398564
147611170
179813063
95474352
893525556
233073723
1255280413
112223434
316524926
802848498
1214582742
1142097541
14381145
978703206
1285845450
19974521
16531828
407876198
18557885
150768977
24732404
111606982
39495399
308831987
79907986
46346084
280514218
59438584
170469938
111927059
18589095
16744783
252241527
448276322
318703244
628941989
44954795
145311893
15754432
29630288
261275115
400377118
57383303
19945468
25380202
389882765
161284177
19862430
190694530
14821033
22574851
1109051516
