991084291
6769572
55374833
398884645
2579972365
111197664
978699205895127042
552946389
473321950
1666390410
126385296
770663365643530240
796179286487171073
1046622463
40516497
1222555394
22870046
15895289
1003503994331901953
755186767930675201
161297608
4803449834
17488457
4418110572
1001021532976463873
715320031920267264
1000147829573214215
331758751
2638711366
793834374915469312
425828817
2938559927
724579775017312257
32587890
14164331
9206392
3928358772
16733060
2887548192
3313622585
4776709583
23018544
148516309
2359498794
455794599
949025788212293632
997128611298623488
804637652183941120
8882
4840790614
485335520
57108571
32338228
25594359
50325701
3301654451
14690569
44834228
747873631196184576
96893483
75560796
198019455
59801057
998731458964533258
788063938139136000
31203355
29320693
3207279449
745607323792580608
716592288319868928
36204941
3830177302
6688542
824438180736892929
205727395
718815377640304640
17142944
1920100164
38982450
989149172296224768
24327661
5906392
199852482
20835583
23246986
997144023222685701
997898638427815939
17151321
997543007481139200
995981005361242112
997118429063729152
997260070487457792
1266593972
989884977264373761
2429544303
1197930523
984406551715868672
1147078526
12341682
15274817
41266349
995849254924058625
711440766
1306225920
284295154
20645089
14072028
1380479034
15664808
40877783
11165942
2432233255
707408123871375361
192017706
987605949811740674
3373933443
881222188203945986
870700418
872908369513918464
2374415672
22999147
2869805686
1735417201
972748310665617408
16332156
807684342784868354
981930219551576064
988093123871035392
858760837925937153
963644220186689538
77485693
769146348042149888
983078341241704448
375884443
2398124485
538099214
4890062391
1838087526
3805687752
941349915212550144
17479930
289380943
2744375073
13541062
971923089830199297
256196659
785191926408634368
3129165141
959475662330519552
20271010
28588888
955820507902939136
781941661848875008
2484766005
2471216594
18339563
905431187228905472
4663592839
4816922074
27626754
970467217245724674
981816912572231680
3142049297
981817653877600256
58794807
717009478084857857
978552113033756672
269807105
15147370
29264744
956366044901163008
846378061478199297
941147602845777920
1351227498
838070430745395200
1140838676
4456030393
925938908529033216
3016235002
394281259
3314037170
925806449959358465
23129076
4561161202
597825672
2560057428
17431197
770358595049299968
862383598497918978
958258132316143616
7737262
972134299666341889
2310395004
936438036
968970853273579520
28436633
899218623046103041
135254383
828376879270940672
1687091138
781917901716463617
878799014615035904
40720843
955174004087717888
17594789
15289082
14923092
931553034865344512
968072466886209536
948023090197487616
965451008846454784
851484812317786112
265517884
711574434
967039629206654976
1276256130
2182917212
60606307
1266474254
785821612511600641
599444146
158729786
39314716
617086159
161466268
958186541947351042
845104548213657601
16752428
1429810189
3071040496
943203265432387584
15365757
4900473260
825428226646241280
904737489801404417
958046625376514048
19272465
856501779927900165
854175749879746560
3159931597
456419549
806216508623884288
804846496130756608
733756995338010624
4510450580
16416221
466668290
2194952275
841485437411704832
2239462111
957034102288408576
957032217045123073
3834454037
953276089178251270
812421583499206656
2494305090
408208049
895737587347927041
137413599
145024177
920261752885071872
3312369737
1221167208
1901453990
27926141
393680775
2544133356
321457527
308179967
833218362
295126709
396734150
288227258
949775854946652160
543676361
1499124008
36641868
58784828
954801985982746627
1173979729
38928476
35859648
16932573
925386625013682176
950492811580801024
819758534091018241
18495380
952645313491214337
5366782
888468652261076992
328850976
944380457453486081
495287970
2196910266
185770185
93817266
179104988
105575429
950329736638730241
2208120897
22150858
119462994
2543626539
3525984501
34645173
917269111138217984
482243641
34720331
310308645
385568741
18702921
35122227
3101803704
44654691
3335989607
946449853458067456
2250876910
946525951038558208
76048149
14116626
928696526
239774579
38839316
945860840556601344
2287089372
940984425382404096
39105452
16315804
24941187
340046590
80421951
432029072
14180220
896394803021262852
106790830
741763351957667840
846408899347562496
866724171304194048
916200322355417088
941878249558228993
917933540435791873
32422164
117839302
920289414437359616
842390459271933952
19539597
2937162814
4809196586
2836191113
934156375407710209
4340664316
988057789
84424941
11352612
293950468
16833586
49440658
18261310
75157486
907611580438691840
220819088
888777006791491584
3035221483
5548212
3121100314
1420901798
430373268
935445575180455937
337280241
935304972324962304
920601024183853056
42131696
912346559374921734
1693499504
388018240
85326129
933632745795878912
929991941349048321
928757299103064065
15455703
339734623
3839379194
14464936
14919417
929204578431766528
361982257
62334267
29929754
38911775
1365837780
931742803020746752
855254688849154049
923969853328936960
112034921
928183591191924736
2592460932
707436148487032832
858153927958822916
7475212
412486360
305134978
832070773716180992
2875003958
631651794
3298044836
1865971843
15031712
8095022
916984715596517376
428658276
763884332125523969
67934580
704264816
1442323939
779106709897879554
231249505
14089871
878274867052916736
41710024
9564342
38658706
33683579
24733216
52510226
1649055571
104411891
709191608
248760933
925110726754295813
923315080904654848
921367114711207936
871727486035517440
764905234200223744
3307564348
1723413938
117223801
20287695
566703172
2230670947
1141022539
200089567
816329261753794560
2165735875
768511574763909120
718916034
2677038381
763059294166192128
34962133
797989016771694592
760280786599682048
15738226
919627620735692800
94741751
747845377
2347120213
14496225
38891739
19247297
910891133315747840
270127904
34467704
726598300476960770
4795672909
850003743995305984
9594222
1260604122
915737391834464256
715153006279393280
901584110715592705
909491919343849472
286348764
20451164
830114083177390081
3258392577
893923817763950592
835586961653944320
2896652319
132682604
67300073
2804850198
151544243
3521209992
72749313
15836678
2830149926
418305018
19862778
11322542
329334508
831926976277540864
175506869
137413072
3891947879
75856974
141136290
841781617282674689
908173831868698624
55378591
3065616237
102901899
2850576271
833392453529042944
901086882024632321
20403982
10000632
892548359193411584
856237797274824704
156246853
722728299596787712
3209949862
239584299
885931369850966017
31501178
887699848933376000
899827326317453312
900430601236299776
898554675225612289
6030962
23949673
894090623963156482
894947909786980353
407984812
128083950
22887113
898964214286622722
899075340441718784
458896638
707603059891945473
390721848
16405069
844903611905781760
124642933
115159811
29807107
17596162
190258166
859148763159515136
2682874736
882748226968965121
2150909575
2995619413
889953302804393984
592944553
895254199746867200
893734996753690624
889203329112317952
238290687
60569969
15988759
33439688
874012984670072832
830876053291704320
892480475540766720
884367292112396288
183687631
133807727
14209902
179954316
890615715786575873
333385271
14553624
407516575
890356753799327744
4331225603
142402375
17250309
2827505979
1029467882
727471339393683457
702535251902406658
27880892
883014408984834048
882600663011782658
78046130
880102946045911040
37771514
514974178
591302959
15869446
59195634
50747279
886330771929264133
887787712404754432
785852492202512384
794491589490044928
885857518685179904
2255528509
3013500924
1319264845
298884480
886675670272811010
133877276
3190190551
24810051
2462099514
880542479627505669
209188343
3331348935
3227608634
849321865814437890
786944405609381888
883382700505169920
857368284240506882
2440032416
3665311094
563093091
2222418895
42705005
14310755
25072740
881669256852758532
882921824270655488
259788107
2906833337
10740312
199774199
1492998685
103097813
793823955152961536
750413472333168640
14202972
4887888123
20231803
20732806
859887880440860672
1350787657
259880380
19032498
878900810360528896
2973754664
730535450
25124123
876042479086305281
1724018406
377565954
94200174
4864135011
834158506114678784
17240126
353817102
114667942
234501647
803932229445570560
790088417254182912
875484272613785600
36485834
4773969087
364312935
15466762
602060727
255804117
18743016
4922544715
874618581035757568
519787178
157451710
5818562
873951715971616768
32922647
871041193282596864
763671473462636544
178082190
2480937702
1422024450
372307504
14785495
2474113790
463101804
2849206028
15636977
16659583
27083760
36418619
26677269
109782297
16173650
97538335
20724152
1237038690
244591285
4504978694
3139990579
355678188
6802052
857578340844175362
4061565514
14299821
15301103
3290737531
139740934
876349579
202242165
160720007
1359492762
796874479561572353
821890485333671936
213814821
21636761
831755293390409729
703739184
869503708777906176
4719781
25687502
2538906180
1665361081
150847558
26591399
226682270
1683958580
857028220113350656
868718595945013248
823621
842765013819506688
22717384
85485435
867217745586343936
126387532
132191020
18950723
22864462
240032212
3893676552
2575152636
1479916351
23433191
866005665726300160
501994958
867146813631070208
45635641
14285833
98796422
25368743
36349532
865313936358359040
87076982
25081324
85226871
553172348
117261470
825165672200097792
866173262153129984
861937837851193344
864564196226281472
14724347
115562286
830230389423640576
863556772459446273
3566908033
34446088
2279568877
849390414247452672
3759921492
1149124692
847546189818023936
862723097862057984
862633381544243200
16984162
20653990
28243048
856246725627047936
24190976
15436415
241162255
18902013
218621043
859143510301323264
809816894060503040
17121966
1373352103
103917037
3337235254
27878846
61172067
3937619367
19848776
561421682
98013447
801972556714475520
171052079
846439679054532609
1859751726
848776922494414848
853791883805560832
166267749
3064993099
1953281862
53214968
212995103
918137221
2416018590
82414906
835210533959794691
16081150
844570783829692416
36099597
843425960275927040
176197660
886956289
303528931
602167687
65979900
333488601
197981028
248870405
729822530442301440
742087660420890624
2178161209
20703602
2523821384
47980351
4027954826
15675107
2250136096
846177811429806080
256774833
735856267
734546094147919872
61828782
2835340282
15619596
821815993873928192
555367277
4357735515
843698586109931520
796759395992485889
842457527543599104
11234422
21526699
15912999
832467424670732288
2845863449
6221802
24929004
332960564
1393143643
14431400
14062471
35823230
2889232715
836717939726266368
16940885
1082382686
965814738
1489149360
17871651
240754265
61240728
723623450754056192
826340957893361664
119844907
19540826
1679353304
836953734945128448
1351871923
7618792
102505197
17138103
2993202051
32310200
487055197
836271758533545984
2511568668
55026352
20178255
834531403681394688
3013856790
1077422828
12173312
830012166539444224
1239398388
51147326
3889787069
29311270
93793855
113103765
602158917
33345091
718131843707445248
1129939399
25839995
40241469
104323588
388149095
258608589
133838021
1729906248
829013711989809153
826626097399869440
143094376
562056923
112377814
433195200
1455183924
1362483769
1528289353
14090352
812610852423487488
821212974081777666
2892230934
14260994
30208782
18257262
33189856
17024024
239002038
1022351540
1968252210
2584383295
21752354
378347326
276740769
143204465
2419506570
40615979
26657863
1007530832
547091703
823679856038776832
1884644694
822913778358636546
118712288
95714722
2802774388
44692175
17906547
4747971796
156707868
598418788
768566656813727746
2711891275
820557554195501057
820459262690197504
4774895603
770986698511527936
279647363
17169523
809115722836156416
229314374
228831256
52253024
2932476741
134342322
814287676601835520
812032107803504640
24915273
51385515
35556337
126112671
119140358
2597060250
457071212
3293303680
16106306
2388544328
792331305790963712
533168885
813849071169499137
23890477
21794921
21477003
20519923
812486525091016704
4261098197
2694853246
4856319301
203317413
769819707184713728
729031532883677184
3061915346
3302029866
440515820
3122516569
39341439
810177394493583361
3207623169
2557713161
17530706
27901882
340429002
794309954945556480
726659237640704000
14110259
142714121
46543308
94194211
19818333
128327497
93947531
2270345683
16897932
625590985
730381446830002176
14435128
700397832830787584
14986995
90880497
1955200020
784220147460415488
989775349
112633372
176529189
14004872
115159400
1284323520
292364769
789535164
719780681782534144
32991826
3258176411
35125846
502600655
2339319072
801464706296856576
3657743835
107636917
385569186
19244720
380109908
312440264
44170313
2446182125
8309282
17145734
19356850
4623253638
731252342
802352494798131200
1273728181
1077844345
778452728133455872
6818082
730408208205025280
747308052701798400
3279856190
2584890037
796075714319519744
3440736977
425357603
715302516406239232
149195262
384469950
17543375
125505280
793090484419846144
799060636894461953
20943693
2565208854
788447348405833728
586930467
1266355027
34026596
757685329268707328
790895984381263872
747416970207830016
402852132
3239340384
793508723717210112
1424464182
755714096
793769195003609088
793134339047301120
355862422
2957162242
792093027988869120
781672469249667072
22734320
3315371607
4907470210
1826541258
731512520410828801
4846396662
15370003
789787187579592705
3990675923
4213858817
586941998
19843630
1151927912
714551840134864899
789461031928168448
711973654251356160
760203643593326593
1135142084
763160362824916996
844692030
1170560660
615762849
991662817
1094881202
8982512
2385050966
24394186
24803405
46374231
34364380
2930582949
4896575050
129529482
269857995
2596963584
24240042
747549095523385344
753910899719737344
39189849
63798154
427323266
4848543785
786184526611386368
3351602189
15475680
423619441
600512272
88797780
14093339
101296220
3252974238
101326423
783375019774582784
11103042
94522552
781697830574497792
123339269
20149232
537526483
770998824198340610
4184050454
4323848653
186690214
764099877529800704
4102561455
765642323472420864
779387766685700096
780626715731107840
2351672148
19454707
2428261836
66910623
191118133
577323578
3012825535
168532060
312169393
3028168297
307074984
157170654
14146554
2719086556
943370522
772562132848246784
3804191363
2896853576
24920846
3746640974
773685822000394240
18416189
831439424
719951651705106432
2308493917
771383003234734080
15067351
853453363
772406006
770340562624884736
14578529
415881007
748203157767995392
4831416585
765047715369668609
386153805
2845327407
2993018266
763492876235988992
177756219
44705782
2521930375
338587281
3360785553
4333174347
723223403910582272
2203601202
147354849
765660877244825601
768212093375877121
20691449
707101650587004928
19135516
747872800409591808
14549893
765505639607074816
767148641979101184
24656689
756260656844836865
94736035
1040824909
18291592
120939036
736760503918198784
3248643395
2548466490
708182629250498560
81360879
758748396492431362
763024000918425601
19629250
2330671160
520726267
2755907389
430597195
3445972338
612841001
81006979
319201789
249665015
758346518604709890
713939133391962117
3063940967
191609365
2467509416
3377893769
712645551330734080
747062640632012801
721765863934836736
2464744153
743771118490755072
2362038176
216552659
37134118
206879448
126121936
725369830556073984
29104427
3150893761
743290006945464321
408617470
316370298
42345678
24033358
2309507474
3106402629
1228840412
742079610943201281
15624990
3145273477
1091873832
750407743698243584
15633797
17353087
805422768
2907452510
33439554
47808189
154229540
1937937049
747915867241984000
1979458524
14579947
16356796
63766249
5933342
151203259
3007486951
19132700
742031933232795648
22288096
4273036392
742849638114295809
18686552
40565836
12066182
4172111
2363612820
25691775
273570523
728723201371586561
721865602306969600
210674676
1105720130
704103574100439041
730477254073950208
735249128435896320
35932982
47919051
222253178
3050134323
6703202
577764785
46476526
1426706779
721862685051068417
22233250
4101130491
738770033615245313
82194081
1132019250
151731721
27443787
146977144
316329933
733395291102023680
1538755189
702665594852679680
3262193760
3697375517
4220023343
44669490
703985403569709057
18005434
6724952
3899198836
3297835232
3383514995
601228046
534622235
732538243611250689
28671365
29996851
712687211666411521
731743578435682304
68625841
1339125440
2814132798
461375034
24037014
506475261
106229595
38792235
731822175632687104
854603430
24086900
380456976
1924442606
135637655
733372626672975873
723549701157576705
20189742
14312717
22088133
3516814586
61551522
15507566
735576444
46015583
131293925
287738907
109936881
2161173726
847092504
36165009
31261405
123661944
785300682
2907358373
3060287308
379943567
62029365
19363583
71362166
2149229366
2656930036
7418992
43691973
284177269
2841915142
186676646
19269291
3037319579
700755986001178624
17501042
10001
28251616
268344325
44454167
16741668
338601496
108975506
3255069953
1640961595
1026871
2617517502
15311344
2201618269
10937622
723563182657171456
25594238
182384865
2884345347
485170103
22728509
4410222737
3131317329
730616820953186304
15652942
3197999027
724922080194641923
155550874
2907540990
58775238
508605942
126476888
98551175
464115711
16876039
2314251908
14277524
1148961566
3307144307
3023220035
44495316
102778841
724939831969718272
14236433
15831521
586052975
4754453414
16583615
369517511
14999477
870948702
3158499373
30894847
807369258
121815933
725119255243554817
3210372316
64178985
43996568
436295543
104517876
24039737
3344825140
2953652225
536563914
716423324671160321
4892248435
111089535
2872326732
15668489
17945853
4867459353
281447899
720490078095728642
712062884562382850
15299502
338333722
720019881358270464
719796424674787328
168780501
4751128369
718974627607900161
131872878
93469545
4430902648
29861352
2151655322
86365911
2396504852
275297379
4359604633
431710018
25903662
2565371046
3288915942
711986697513390080
2990386909
711248538873831425
3438754218
44174781
3241929011
404325554
711940587008630784
14221176
2677349281
1452353419
3364559597
253639009
643653
2980415285
20194959
63539607
2263370077
237745105
17218369
43488965
23476963
16947962
629460588
1673905903
21513116
2811711727
21107358
4039285273
22309220
4165731665
18516299
703363445438042112
4038721816
2483107466
172386155
121299044
110583452
110531859
703642421314195456
4569595286
28807490
728575614
229243046
57754742
3513498557
1400357346
2958548687
700489025178755072
331940616
45564714
506819826
3633534137
2913853864
4870599167
380871057
389141562
4770786559
4883628087
707947802
215970924
519658857
2183183353
4853824785
4847332524
2644803054
2192875622
88552044
15937917
390920742
3306424274
3434360525
1859194130
4865303663
4823868893
36072583
155436891
4832234080
286225024
2986215468
37102181
28794542
2822214804
14153584
3347709004
54610753
3297848546
721303189
192081852
2228625564
4756157582
4831170245
4824914787
16422415
3349366271
3318192802
16273885
4011922276
44578160
462940602
20633014
244273407
3020131888
1407939739
386584162
2737354547
2149206504
81865592
27707859
104867347
16927597
4724923401
15294712
15850009
4745538079
3226494944
116337949
119552537
336214503
2515459289
573161534
843999768
325600332
1676824670
187970322
4766258121
15344483
16106421
8822562
322034891
3325877140
4512051314
545250170
15248242
45183831
4519909637
256671039
4517522896
50873349
1220605243
583306581
2458859706
4617108742
591428998
910118239
4498536161
3283896968
17964610
4653322872
74464123
360370284
990141942
3005493797
15348687
14635334
4433515228
40711530
342244828
455194482
78643
10455172
3302888035
3195806485
3906463100
244248019
188052728
14385102
2874279729
3063823314
10270702
107505384
2296996022
20479729
1497373045
2722084315
216240054
17948377
4184160860
14132275
4303461734
2915916074
515893820
274246319
4228668077
4286566214
4220924657
146490870
15005355
3385914634
4131649643
11282152
384797834
2305966760
88072872
86310596
19844711
3162351961
464871521
315855825
14197352
20729509
14150066
2836985606
40007926
1129409924
314719017
190708265
270499105
24196003
1463114671
290001796
375751746
81894581
26330952
585711320
18705444
279038419
33515899
69079104
11579212
2962632153
17243906
29017615
324189922
19686408
3943083913
16238773
35119306
126104861
3956359756
50751915
222170792
28798659
469590155
31033695
989211318
607557188
1698830226
3818229568
25755194
15226433
2222229638
20222509
1551902774
1152518514
2562091003
456273169
534721106
262318094
107498054
3394606078
14561119
50167962
1602677395
16191515
46280627
5509382
85142160
3772546817
1327593114
2275066136
3655130477
3318000314
552170890
28739823
2553021390
581977627
40329175
2814258317
2168283103
427501138
2577652856
14766488
14676409
124309063
3603377655
1580349043
3490063992
119451653
231473032
44929939
3115390961
479705999
2679537986
3416432953
2802421654
1272411696
132754381
369690472
3315050202
514801532
466786578
1532533466
20092523
113672431
2363267538
122217297
18109103
2820264287
54259621
773067
313218522
167703463
2654126880
233795232
32793294
2296713716
3266074124
114680171
28756283
3314740304
397773026
200631988
333104553
3404408907
2845115321
372290701
930578918
21727002
2756431104
60659567
19554171
272187196
75913
3304243027
22280299
121797557
7120992
18030545
190107749
43330744
203319405
2924325348
54953942
56343798
1625732341
194464513
19829913
147717702
191530931
12353492
2204043558
3377255758
3305183195
16692476
34320262
958626811
958088390
44969263
22535690
362477975
404841642
171571720
3272899272
245519067
414979144
616479352
89206749
68595244
18773292
2840204146
137103166
387354385
6000392
582307469
249416779
41149356
2709946477
774791
389295523
50913560
146909008
2770402398
62621180
31599834
10624102
28201422
592442049
17582462
45019419
47820533
377444571
2907360657
389749809
274799581
16858056
21334941
19770014
2849998103
23596411
41867062
3252879888
3051445916
2598935851
301183118
2507392464
3254906811
1961009107
45992990
851764351
3000824530
18254255
437495505
28006951
124187183
822329310
2300483892
25322286
20487424
26336225
19722913
1543986138
27797074
3310783636
22831555
3308048686
19919793
16191858
15293751
23019635
29943224
214627922
89667725
771897848
2457967778
1146758054
495145085
46502922
467957637
6901672
2963359390
1944486170
1323497274
3253220021
169990074
3253875399
3184509878
71356689
3155516834
2605605936
112725166
3186999445
2292989989
1329632341
2986646266
3017202654
770493806
3224387361
3239461498
162148897
16005075
300879498
2618604140
1673264947
632557890
2762162651
10184602
53671075
595953186
3181989481
3073619804
3007659158
28460931
29260396
130119811
55257327
1915631312
2478778766
21331854
21359810
906328674
2979711611
2214707748
19195690
63800647
2296061540
2871564926
2840234333
2772964758
601266271
1896298537
3132966474
2951964159
28367132
366065615
95070702
1455527304
79575089
2548181101
40269827
1123454852
2662395206
293899304
1666698426
7589672
789327949
17067371
382391632
81279873
1067227056
38559600
2867387181
497036179
1308295878
2945738912
19841248
365116254
1457643133
3095084208
3095910328
14754490
3008125280
2980211
3040065859
480062406
302142997
16363833
1954299200
239569252
2311167242
3017727414
30683391
43758202
3054120884
11952532
1591438741
58908709
2966181749
2673794114
374822930
320994492
2513356368
17985405
41592070
2480153227
35927790
166112002
3042291771
185103718
22876284
27354272
20084065
2485707720
16921460
3037080943
756315
21096096
1636583906
19518239
18683591
89399763
364195125
893790805
263684388
360848420
2920857355
17856527
21690041
40082727
2711011692
2864653305
846919609
1289319589
28909490
18560294
123433191
113732430
1078365379
504981895
2694517609
866867024
24196212
2181158338
46978653
2994136831
155026663
3006793769
436816049
1152584258
234470693
876002064
2723292899
3000035514
818140476
21064005
83700075
5266951
50797554
272641273
272654021
70526542
53068395
301671289
25553744
135440768
35932721
17162314
16698448
272901215
2924759408
2743762147
2413402674
385749887
122255226
2951369361
19450079
51710427
2879565749
15600924
106507091
102763941
24157240
238690762
464346342
567506856
8791902
865278559
53559143
2900106693
2923192568
344818109
48389271
2209492440
397475881
592388800
23717092
14294464
2792457139
2889903305
1867112785
193331551
50107092
106228835
2913133712
14098847
26053587
2408252304
2838192802
14131683
37002640
28681116
38181453
2837755289
887594142
2815460553
2389305679
22502937
158029003
904992602
238760707
204047848
981511
272702156
2291303334
2851354990
1964791
93995548
1090686114
23678479
14578032
2777257021
1603632686
2792607176
2821139904
154647151
2562002873
16568123
420987009
133657422
396930273
2284406106
88560665
2471535848
1131268242
2546632295
9973712
1351297100
16121857
26910147
122845949
2776969813
2657564192
2827150286
250727334
2662169858
2471332884
2383032264
2597736962
37828474
93825784
2770148808
23919530
315766028
45525576
149989763
11843462
2351046434
316244611
351885744
2788656494
478706080
2586539852
32693017
230072282
40479071
18096871
1102137949
44646037
9270022
2639709329
18291619
1596329245
28869089
2733084339
1682252443
38008736
14881141
492637934
615806782
2713454281
25694758
20293601
48909125
2678330575
29761632
2461514520
156667887
2714875682
17063060
118456668
14205118
87445918
32606955
1258053937
15248541
1562810287
1345672237
2561126420
2701526028
1537342321
2285323476
1873045632
1592350459
347512922
1615931947
2436124225
373831618
18429928
21132877
1259753480
38731843
2486062382
36426770
86835247
149539371
417428342
1354632421
2537640494
818951310
14358413
2291196090
2431253628
376533085
1705585242
33567257
17886323
1311337100
9017362
8381212
1376659609
2275424101
16349291
402923850
199471146
296681599
29630288
294182409
357856315
15923700
35473258
258671533
21583271
41100468
240483552
248320238
89265755
773546058
321162476
102174358
183023175
636915281
2574751368
40345666
21411320
38487053
18428908
175280416
20314550
533657308
2521814305
318049527
318009669
1323019104
24218556
18454287
21324701
16702155
4527941
30035108
37063771
16800866
2519652626
285374462
1546893968
858498211
18783725
402368859
19294825
163993998
1921685718
2474412986
223951123
287997197
568627102
547608258
102187953
543414118
241802126
2435205852
428190299
128300983
2398238382
880105075
42153
8389792
29859852
3084891
2469721333
199920595
2463916236
823919084
248447187
1416375146
1904178889
17802055
1088043733
2439106147
2396771532
562154200
1247714502
560665726
1242710299
509284366
2393160301
19621616
19132607
236920905
2416106004
2418051626
11484312
73141975
1427181
59590048
317841282
31743108
1593892632
2402303612
222757937
2322790159
1601054250
352678273
89727858
2387697378
976341223
14787164
2373628767
385578223
2386113451
34429509
15332037
25117129
2329301569
377412328
16372293
22868168
875021
22201635
17543210
16481503
2380968752
65340860
98222986
2316087505
27902805
18278537
824301318
2314196299
517610442
344888244
5939552
1575992526
870540493
65232567
1729055022
79655188
1631379164
10995982
372630071
134513525
95068641
363336606
18717482
2350465626
234606744
103088500
21700472
1671398924
1007545460
2294373257
17845424
319114260
364333700
75113821
126231409
5960412
16774015
532525864
2319526884
16655571
1464402961
16196915
1654994124
16910012
26916953
25282328
56088493
276272963
546237346
402875257
9536762
222231645
18205575
32270640
970397114
172955275
2281596806
1834799276
725873
985907864
2179690961
25364921
18959009
1729333640
6231392
250703850
2207439049
128332107
42066579
2266005672
2260793257
15327954
22303760
56174658
1445523864
85394624
18152771
227011369
2240164850
634159148
310118042
1961013236
368430081
19137468
231540747
603880234
22045364
168730037
2225580860
198754292
1591254643
16154981
1468933982
140692042
115236633
773795797
1340643110
14360757
351885149
7772072
37809920
2180687245
467039430
49668458
1387595456
1725610518
1570257091
2155208608
194392082
763967491
508109612
125093968
309733559
15766057
437303034
93228380
1957551415
19514379
313443042
3571651
89735476
54182027
196791424
1266174883
16876496
501688546
346272270
427085768
175443281
176130205
127619854
557351514
285257631
83646086
6980992
759390594
1911704976
1559153264
96887910
558995040
22592873
1722965774
134482773
240432836
1687240254
1649509543
18949610
58548823
22972227
709853
1226357646
27156195
377926389
124774460
75094360
478988626
876807638
30947417
73209084
31501036
194664718
1567522351
1278036738
1157340062
8653692
15209587
357657268
15169887
308272959
55053954
15744643
308531079
8209912
196187638
8661262
282200136
48721401
8501012
19475039
204496162
550315054
16585657
19044521
388477608
377727056
14303935
760487430
1179003656
858490326
112796663
20480946
16676422
1265616918
21774673
19128873
19979583
7591112
23692437
1340529217
1467143682
1099011234
15170158
29465972
27660710
1467403322
785328793
422665123
251908733
14051989
16365293
80153510
159067225
225135858
157833562
51432048
250390083
1333891766
75648823
106544507
5693992
761598
54800751
1368522410
56418445
531291518
21826097
808031126
1340372562
471967587
50545869
21440587
30382749
180527467
88287944
23534420
14507749
580936427
499036705
13695582
601417525
32489306
255538275
22219541
16897232
228237765
18462478
404195404
14787969
748143452
345117551
242770820
16697304
914575045
13108172
3554081
15327353
266089596
94493399
26068373
14921349
1263457573
11274832
25939719
323276287
28471046
4935331
15986424
68013356
323260229
22615756
337766301
44985617
21424547
8771652
528979588
23892250
267851101
7833182
10007732
1069109731
1086401
165537363
26517710
15039669
1148912268
21557943
856188486
711131370
17388882
7634482
24258295
18490733
15308809
363688442
218501049
766604082
874250096
544590766
820893152
40804983
319505678
15736845
32185860
15494984
384076776
17296193
29615253
22889625
19518518
18825537
548599827
14231917
21407750
19047759
10648962
618751649
751067342
531599570
26957189
543973455
963037231
611824258
618451272
26581946
527785925
47496640
211707030
890141773
10081002
394131739
104510051
524484964
19354791
265584885
386566423
18837000
77877704
9697862
15729989
22043522
69144289
831124706
19669021
748355450
366085972
151971904
614751995
11327302
19301765
635306192
37505787
411685782
16262632
75387859
154339305
753352886
5410212
735552540
713748985
216983331
8557562
86823417
52444596
49162414
14197579
583339521
17325411
19538643
480603194
524674081
333528844
32280847
234811164
31089553
327624071
328676128
51127030
191944822
554506132
19337477
107550805
586741601
218677254
14760352
922581
316570562
192953069
20520107
558079363
14386849
21361408
588438680
554730258
309484702
122793180
89781282
26320050
12723292
15819914
506849748
285810820
28493776
466841423
48806545
378168060
139823323
249883985
284625358
29480629
40000620
30293423
396189698
20179710
11855092
527984846
519315695
402719409
457701560
398825094
19748053
261839578
21263723
161843221
485938700
492555269
401554731
12827852
293500218
365574263
351769227
17396940
17520349
13047922
16747522
16165037
522409045
82970768
20776696
39814725
217553364
10309712
19094918
45521586
33429828
509005631
498589457
64609353
473560376
468127787
204086377
486654540
17979931
31895749
351801775
332817403
475096676
299938754
415117357
5542812
33717173
22645455
350653
335219370
87539082
17068967
9529922
40059788
214629470
9851362
6705332
7157932
248745828
15112884
17640253
38736768
452492687
26406858
319107613
256076434
111579405
60127758
33034062
40746504
360856160
18847429
332422143
253868267
362561145
113401272
370791754
14060743
378645109
14778827
30925216
394422154
96841093
25185083
392908538
21396132
391586934
389742553
17148698
195215102
389592856
279135367
14598416
385385693
160918971
16660602
25114168
38072333
389480466
16513155
79392035
15465549
37007788
14675864
51310082
250130366
242320956
18712579
37734185
13792742
380205174
46521949
15264996
271219705
5531822
325479597
166737551
59827942
93692126
368500811
310391675
347358347
18957564
334685303
41467062
296023958
344327727
41105539
17621039
325851531
340354681
41383750
15418363
61217458
277069762
31188307
68996943
303851827
15297709
292922597
240013936
301897188
90580528
183854047
255582602
16742365
314328690
46877596
215010722
133820587
293107220
281843245
24011661
229737568
16814396
16987571
15119140
5545052
19214718
170000769
305357914
46676432
188830580
35753612
15459208
21495118
15535991
23084231
36438444
39765711
12139612
19249756
2670661
17922625
17059464
275048698
36922955
15900587
298139324
20749097
248755821
32681541
16033193
15448508
73412535
33319205
259922595
35153494
25545542
287429786
286041383
38593200
26668603
274700309
273681428
227999738
259583180
8233252
18082219
190912616
17215708
238157144
127837500
6218592
26795989
196899004
50685617
237828896
45140458
1256741
14260212
7548222
241371313
221794938
236085346
14231368
101646351
1087741
20406490
14680075
18466220
29274025
237894802
15129726
15334423
221778837
29984787
6219702
216547370
6325772
16904257
15827854
18887491
16436568
6200842
14199048
16101100
232847317
224836563
24209471
14657837
14678158
220564347
120210725
15729915
197963502
204478337
198599634
201408139
177593386
119965288
137558966
124477100
170758570
36521885
15162702
17790667
156435801
15430445
7541732
23009625
18944705
89778454
108905796
130043638
61854815
17901076
17121650
26555735
33722469
17979421
100765072
17627869
84677845
18908736
41488578
58258301
58742853
58004699
17996890
39651631
32517824
20345542
2114251
813286
26547670
14668189
23496593
23277652
14566038
19330153
17792127
17275529
15727087
8934592
15162699
5773262
15359522
