111468117
181806097
376248563
15441965
24889586
232634613
583882213
23631773
15211875
4846396662
57151789
19572681
312169393
512296241
902307726
39288197
101860018
915758846110519297
44272286
31159530
17544803
1147078526
18165049
174509216
24710444
194218160
18059527
777865924795887616
352707010
2726505446
110803526
57425397
2613676388
288372446
16673643
1431486313
26795517
438517248
110492714
90613386
1379669293
509281606
37988746
14385102
14548848
2382329118
20526411
109312855
67196843
803148212
14891411
359988339
207762600
34309642
437555745
65684753
561227555
112905673
111038779
20414807
42802385
21157379
40934039
47702212
403400814
531421909
264320634
20487384
1570621105
110799784
703543128
31028262
21888320
365077969
1343387082
430758042
840011599
114249643
19991627
44856252
27163876
44737978
295831001
21513939
20451273
18154818
256073990
22671461
821650328
74781504
45225110
430327740
19840043
148736206
263784757
24948287
124241210
120674274
386678241
15898172
15649438
18964696
23975060
11178902
785527520103952384
61734492
19826509
709444524733554688
23083130
292675477
1701140413
4114251
47397036
979262096
39469575
285128082
150461658
69671186
19004708
8196592
540028541
15662359
27030591
314091789
16220088
102557445
117871850
19034947
174664616
3403505385
16443393
16336440
7115872
16932573
14819030
252735965
600005038
58001666
10710842
158494257
77056184
218557755
82422512
414998937
78400475
20406724
1613648400
61315223
21017494
33633984
102080846
15827269
409462343
14434070
54206707
7174282
44694522
89796987
734505626
140928543
186094538
1586501
2233154425
14714691
153815193
20770869
379481801
319867347
126002546
379481244
64399747
16012783
277577251
954683378
153455849
17715245
88762215
584198802
587828586
24582529
57977922
720503
239059159
16783619
22422904
47969874
16655571
437235053
106637099
627013028
1225954434
60087571
14596211
351084172
46696817
20000460
31697976
171656520
294258287
93421232
28222035
169148381
526453376
17499896
103145529
19946150
52758588
22303761
259576769
26999554
14885549
66849843
32166535
15110357
28321706
28393815
794801
137151174
43695030
784304
272442411
14342384
945139525
89329255
7686092
917064818
177758937
9532402
14766317
202003
1041141654
268979226
18733392
127923010
56420636
25282328
21865316
15779877
18773005
55226111
40200549
119625403
31437094
807095
21929215
958435057
620069722
22553032
59623600
23367568
511065332
47360004
141229888
16129920
18681934
3747421
139400573
29569591
16742940
50325701
25687502
20985153
14172201
29969461
429159542
191873362
55247160
182107650
15306005
18903971
17093617
355671913
24951815
38487053
16259907
130160106
100811180
20065936
20479813
751187245
57428470
535595426
25503243
40299503
7436592
6017542
45026993
633004600
29263488
1024691
3108351
26744511
2020351
15851878
119491006
593247967
309764903
18962979
175491952
79366215
102807848
19404944
23467152
88350978
499978860
14868280
105208812
16500799
178785979
14431400
93138546
467301463
17626695
351644091
15360639
20933517
237118374
31914221
85311413
18195739
15493368
25305744
143796139
361468994
479589751
451586190
19656220
355321621
342803375
44295669
72831048
27022790
36303200
23426544
84196520
15723995
129881670
40289584
23052167
346953108
366611764
102836331
15309288
16242112
322830973
8043842
108350146
11435642
14330959
15210672
124087958
816653
119923823
16692733
275787727
22887113
297769641
17397552
309937733
321440064
278020843
109275423
262784814
19714682
150770880
746323
19692478
233719704
16312581
37828474
75913
70726727
11810892
140313110
17711645
15250756
222180776
16291865
972651
43727418
8446712
266736104
35773039
17446621
234030846
51241574
8447862
57002719
254684800
66379182
115738223
17525171
19271147
15288769
15293080
17491378
38743735
25294886
201744875
23084231
5917472
45962949
41557348
213159189
16112309
96797458
15198237
18653685
15803250
112762523
19747396
26561357
15458351
30973745
128793716
14863500
16929470
8210552
18997385
41187603
98222986
53501320
6141832
95884125
30893145
18267597
12011422
17750231
121208305
17369005
25635035
76404002
44405222
80331801
17411416
31986700
18690285
19914870
40359173
20861330
83665853
21719637
80664217
15798586
14835428
72607500
67967382
16436516
17496605
27697546
15645093
27036132
43425975
43138388
15585077
13566872
5404782
13784642
41204528
59327865
38466098
32259267
15447034
170000769
15985960
76735483
1434251
76194264
5392522
34036358
19728966
5990172
24931569
897811
48405186
71256932
35853096
164021756
29514159
142459933
28314768
9340912
14616784
11069462
28579125
26533046
22190395
17196807
15633626
17967925
16672510
44734756
129541634
21399334
19001065
48790611
64006211
40252336
16855888
37759594
22001973
15087011
9534522
24773177
25691305
102174041
14150776
16312576
15731368
90893629
17002185
78421432
14448791
14924430
4278201
23624565
35750107
17350185
20700047
91147948
20009030
17487825
14321021
15186155
15297709
9721422
2384071
17982105
44353
16494374
1243511
25690886
15930616
23054248
20742461
6580122
62513246
68384454
41079443
16910012
15917040
23070659
18490733
19320917
15210689
30980778
52089472
2729061
40927665
14677919
14360757
20005684
17918704
20774514
12415122
27960996
27978283
31203
15357324
16083589
16459787
29774570
23484629
17162250
20691449
23464939
24886025
26762692
23593213
23217111
17161138
5355722
22593357
22027445
16014148
14179031
21308670
22153588
15636291
18077728
20890604
15033653
20624855
19770014
19304788
19598182
19402584
16049481
286703
18989696
17220072
19023131
19943226
5691392
15169290
19779556
14310062
14600666
16197167
11919732
