349011810
1227114966
720745319470907392
933689363405393921
3343801781
1003259123503452161
219690900
1001041224344711169
928941706799587328
15753498
906893977772711938
4795831960
75060487
928235115079233539
1003384110679756807
980187761884979200
120295253
1346434040
799586522555105280
525197173
961368352617893888
976484580709552135
3152208870
1002460151096446977
881029503312646145
2989774871
76110388
234328628
625414589
3495798616
997809265892036608
1156542380
4397574712
2991904109
716566308943491072
492991594
863659476855009280
342749902
99934979
3049272396
999319024843612161
817141344208449539
2564156580
998544605305032704
3152042415
922765648052277248
996224592904572928
997211585948119040
2863634585
4643142196
2802168925
820383245346938880
708250693203841024
364999715
390369670
976101047813984256
551257483
2893082823
845590809432985600
995641570044076032
43294408
45832312
982312224214614016
970862673859670017
21058767
957987473816195072
934985452842516480
872159202441125889
278754017
901124083764658176
986930782471147520
1003672260
985499592765726720
907356627518586881
992808942525997063
983618002288427008
1339359398
955742837802520578
389382722
984793997997682689
2671028510
992274383241596928
220164964
979336014861828097
988898435309948928
454536008
3315704765
844543617524023297
991332355012005890
61259309
898836620782252032
365560021
947902807545466880
945972567583498241
2851118320
1196402970
2909070965
769892090738270208
363993626
209304686
2585463568
984292482472185856
21556428
217566958
7344572
2910132017
771430522752995328
435771494
783353379917533185
849333243891650560
19158934
2994586485
1526177982
774657336635977728
826382447885574144
973862503901007873
3032398227
14699520
3300491625
3295392649
975063067817103360
986095123326013440
2230661859
980919546885365763
560230223
898397238
139431222
967938459682983941
3208167682
1447018562
1945024783
765931462608683008
981470283037999104
4551720146
898284031
585075627
3802742662
3131326955
818961674753425408
970981567211458560
831897823310290944
928117747090886657
31624274
3152713340
740222844441923584
901453033778839553
979057051719659521
936809009562243073
3025270845
377568205
62280756
3409755519
937407367892946944
14946628
916157605856165888
762315166696480769
3491336487
759707767745548288
3065599859
1265419969
16596200
1114939574
36629430
3102923950
2890872334
106665356
216592195
4725957312
4643957601
2923251443
57700707
252487684
833894744
634666052
817102633144111104
1660087447
111856225
15741261
825625460092653568
320524842
908809524349407232
2338552634
352441747
976057670607167488
929261104064327680
911780719
166751745
217604031
975819564708716549
192857920
33607522
2248724824
708286396767858688
975042623613349890
974729192481939456
900269312019189760
973847750331785216
130787908
371813111
2508036738
913374675715182592
972661687408095232
972018678718959617
1117833847
1510230745
1887891366
2230574412
972355095374548992
3241162299
3351922371
964965659485593600
4397206935
629488316
723071761
968451117565861888
3420336821
862265511488434176
826382767889866752
167090906
2244782739
970370853547462656
100212446
961649591123959809
2517929490
967932057111408641
527894473
353539116
754947882722201600
2878582535
62011546
3025801828
162462948
176776717
263484423
965648036385914880
912929411397275648
1246071673
218257109
84604761
52612163
900800908308729856
569864841
873250451793342464
962258851901911041
1978947265
932939536304259072
806636764236484612
959049711985491968
965161585038774272
249127820
702625369837445123
837577046532435968
957620788848398337
779306848021250048
4286536876
713267281221054464
51147107
985304568
252745162
3349363191
224405634
125912050
963324550955044864
378195276
3717250281
3222447718
19668681
2441666255
43108137
249590903
935845086222585856
588425453
747363645617770496
90211259
303852879
961711570861608965
3302905913
24103253
860576828146233346
20977054
325084368
331242432
943471373443362818
958335757470576640
12912542
2372092065
237534954
785961401525243905
2182868187
251241037
625944189
939225655002181632
1440597906
827963574484082689
1380613633
3298936829
884162244854124544
2920639559
928225800209469440
956909102130696192
34247411
2581300558
939033593677881344
798996065655672832
953491001225744384
735547917902196736
275868513
871650279065882624
230878596
65618767
763458140499247104
2759769045
123890004
479373543
2925155327
897314048877903872
927901518845612033
2511096447
1466860802
818826024305758208
3838052359
955051852252446720
2778926597
332792979
1199514524
710817344
267761906
598118917
14453711
953369848582758402
831386814019670017
952679133204680704
3339307571
874735861459558401
915589428189569024
951369013719896064
917696739896971265
756152471844626433
88168692
569194033
2792236799
909003050102198277
789634849359278080
297333518
797974998
925803361596829697
923027392792231936
785117908103987200
948566696452919301
944151223468548096
3125229772
52504177
380427395
827040952753803264
880749355489263616
498241523
558956156
23671233
1465872776
902187490651643906
940334840796401664
3229713669
376797155
752936061278519296
763711328011845632
941373845973368837
372285706
930503897965322240
942091667187871744
873359708
2464805718
937623910962561025
3222128050
74500266
2256057176
801625798394286080
934852801800192000
4900807199
3044632967
286818540
229200507
610406918
937211275062464512
825748187671621632
933707764475531264
935447580061913088
936229829040582660
213368245
217939965
766015164575543297
591199720
936315010753576960
22843616
122755134
3078021093
3077840613
14221058
931871651574185985
908794020847083520
907912851997704192
224763047
24229651
899780129714470913
15278320
926197073313255425
855372684628295680
1533690079
2558813157
821591252
732285958318653444
1350103262
24578794
932538646816837632
925320327638474752
715527606024609803
928367825550544897
928312470409809920
928544246012968960
262598869
411699347
3370687582
113423108
931291852610949120
925420209665708033
768089344041181184
915547310368714752
178590457
1709511834
15071251
797957732116545536
616868585
284414981
3084565914
914970129741598722
220955172
965712546
355089280
747932563688333325
906819310785630208
198297977
923257555928969216
1618127947
221042906
928029655919194113
914136314550898689
544639215
3337966048
925847191515811840
925804226441248768
347431014
3230838328
356877985
926168406751109120
706540711
884832736606859266
3299910095
196285200
715995360
131557039
734703626099232768
906197565263269888
1591917751
89290474
92037419
1920255865
4578248368
49328601
2810756806
1374608137
171874145
1336803638
374209310
787904132820729856
893259340496355331
306119828
563271921
65364522
3413895742
776836973822676993
2380368408
231029762
88748460
920560258979901441
2170050756
2470073786
920334496834211842
824688791172427776
2572844671
873543924278800384
4082613496
3316868654
911788058051272704
2171345116
472299201
918476870164865024
30655549
870017037736792065
19906029
919212572989157376
1696629974
466984083
972320856
387288840
291286927
312522672
559403024
904369005313622016
2347199039
271570329
3081459872
810730934
578452913
779619654591545344
943825952
2446865677
1219980770
2354614351
36327060
2580707835
1324769521
2847282256
859479301875527680
330717019
756736788958441473
932809794
781302302938427392
906489190648614912
178287743
911425256988069889
3433378632
2803704355
241657975
913115159434022914
896398790432878592
1420547803
710103804918808576
3640612403
882218009720389632
635328117
115374736
851124718920970240
914458047400964096
119763157
217033362
908711160446423045
772721533877792769
3309249694
3415784861
106729035
2509627380
905666765182480385
2581297773
475413063
866787637293707264
890254311359492097
910232791840849921
287096414
565395037
912349786296213504
65570192
842324264862810112
117148020
1366606586
3145376061
1501406586
410836537
891964130717974528
159820704
85635728
548502653
527261864
2783622989
809466203584405504
294796440
841909917292351491
19285728
35702051
891917731271933952
886473842482401280
2886226879
715985888
4561708033
443216455
78759700
332500706
573725765
50502571
794146139985629184
908014698087542784
888750228
330868876
208514695
345999467
276896647
875665884131602432
1596034729
569757823
907112736588488705
772812903082786816
322821777
57727235
902127048302440448
4709584942
792450705185447936
117104573
901039836861272064
2289771759
210798121
902379161725100032
901045269374144513
301968685
810146615776477184
897830826469199872
341132887
3345336431
899702815840501760
897763045094674432
224300428
873496111675211776
895805516810772480
862385738272387073
260670708
399283212
720540178
895006548786909184
2533114109
893692065250512896
617505482
469283950
2318484933
2935508190
373861691
4755935373
612791162
892444433060376576
784280066
4097665216
636882422
3095187395
196298395
1276283172
1579811209
601747520
303885825
2562386763
553159245
506178252
873527898719887360
405078948
2246313880
871671251357622272
240329856
354825599
860395437018161153
118521359
1004822515
192492218
34354905
216435681
287080682
883350694866104320
1401381865
463272300
418282674
2266780461
879333486724861952
3303126190
3590764875
864494442
3901487541
887614444200701952
4856763803
745933773980770304
355539095
747099463928418304
3763867761
630593966
300591433
400620163
884224586421866496
862467410351226883
881182205795500032
1254255745
1617528302
2239446643
151570529
338265143
852500957233643520
754812523875078144
46732082
237430278
64652564
730711615
3038553598
838498545531486208
2597102416
573994308
881793400915324928
2554814694
828598786448572420
881488660545368064
4550648114
255529291
3429800651
438789425
859715561290436608
823635416104529920
773041566265053184
874215485352574976
813464677556555777
3715705875
807917333083721733
2544599167
755819059304919040
2342194900
876248137643511808
840985012199657472
874914391266926594
55461681
100602628
2924213659
26579556
874201248647569408
563084750
562087853
828326050803359744
872804930213597187
873710135381811200
546437984
124855379
821604472489132034
19759717
771009625
164118386
3252372387
754109341146415104
1026539424
3376238416
869991878925615105
871335220477382656
2323776219
419872877
872064069267861504
871769618402222080
186382841
34326019
871841673990610944
871879953813446656
285794187
2635277297
723142886464823296
1258115078
869453804336549892
3491936687
868981912672636929
788323542853120000
2365066170
869618863385849856
704782825
608583027
866146027362856964
869146104746487810
854777208916856832
840526225219153920
64235709
4806516857
20687263
1282898262
109277680
531664160
3228325264
39879311
867697787957374976
867755207500984320
810334020
3096503981
497831813
3802227076
1449305558
863477902595284992
855835145441509376
2829065391
2768830619
821662678229876737
729401725010989058
75777176
36016773
19915705
2413686608
329350322
2547979656
3402095722
739193209
862988263728046080
862283950659469313
734839000813293570
858200219275714560
425267708
307496980
66198802
288996329
3251278403
798873782211448833
2707162135
3050401258
857338658516500484
861560891405369344
856489901235343362
860645573006954496
2202263926
494258649
702786476061368320
389946569
757415274
67399823
2932227161
308538903
856558695240658944
9541502
859767257655898112
764851651966623745
2210569885
3234272191
159201601
2914486029
431927979
351580962
63829565
148675504
2517733432
818495842688507905
857193076602933249
1120257042
329249859
856843337801879552
312624026
149100489
1894748401
3592010423
2734364314
606653754
723533652924207104
821643052553007105
2396234124
1977301446
3742259417
823439487464337408
91482677
3321433109
852428785047793664
2590067195
811406380741619712
853990814929870849
1849653355
94047664
220009613
366157489
837007488914505730
263918540
55162539
822896558823841795
29195781
837239292082679813
1314584706
850697472045350912
3375722183
2878212065
851770020921257984
421185853
4422297315
812137824669564928
147261814
21081933
42904938
80914516
367274725
779595451192541184
788758871280148480
3325474761
156379111
848202829902774274
451100607
4211823899
2148641420
719877304277692417
270493821
86928998
525311312
175116704
705587824561668096
2354660132
2828750690
1553248886
803465771787513856
3313461562
1642442239
784378275711815680
748971659332349952
2995010923
2955204874
2508076813
48413458
810269133761900545
1876876074
353952628
4393219043
2640111729
288147417
3303572765
845605605687660544
432029072
831796566184882178
117489156
1325697936
2584010520
728021521
842738136174153728
4905916911
846877586806525952
290161250
843465237210812416
287073010
916565258
2195924316
846501170461880322
14372270
86749661
830137372209737729
846209321318989824
2848354197
369712115
3306123220
2422587631
81183987
1179780852
845074913127993344
845878091301830657
845593879449501697
845753248917028865
485157825
843486433134436352
1431070124
2160907986
2773541099
821396092382220288
4904667383
818767637471588352
285234470
839424867984236544
3088970121
13937442
2580856409
179437385
1380350815
771626912313585665
92335596
843066006339833856
2457911179
628651748
713384633
1545280896
4092474195
2340176491
25832509
3292620808
354365511
3201484072
2325276518
474263130
781028581694705664
840066681011552256
2853643156
835781089771782144
77759640
39545083
2225230922
809036945951223808
1593295976
39930469
3323473756
1461518160
816061382
1849233902
4074069154
1952513618
388149141
730512102344011777
747643970067570692
3196791988
3276850747
344891384
4122161452
45296725
916992540
365557568
506281505
4909987960
838806104087855105
2360418063
783342077224558593
273747791
826464283882094592
813050659683659776
805024092743147520
2154475518
430418735
22546687
911277499
490631657
722273544755752960
433312294
126438768
297356830
83342310
1843112437
836347157879779328
769389343203008512
747592891720146944
2575495897
761164156812857344
807734338666123264
1380046267
746471521
13642652
392924254
1355586816
57440214
354196991
836235955933589504
714808251569856512
4024321461
790519238649937920
24128760
1644590880
850740866
1124812956
835148533338533888
28201999
4717936273
628542675
3431302317
3529329556
241546054
105950751
776845180171411460
3399730485
827134889535340545
3036713907
2892912833
285513710
3448008448
794866860776980481
16177639
614237855
3834708316
3187863087
777138266466287616
4061699741
1372252118
78328874
570084331
489153601
4657723574
750888209677185024
790603134288662528
3250950361
746663335551176704
784530688246706176
707864264766263296
740945219403841536
831128921542377472
3883211477
1396797078
3300725879
3394775267
834009830884904961
301719931
2592012414
2441664074
986408642
2789384378
553081266
2228051384
3307518731
51698340
833651045406502913
2435149890
725574250682159104
3084964685
1635599076
572599585
940705411
833072880019709958
1531451594
16876996
54938044
775949884956434434
732883980186472448
760852543039688704
3460302449
3201052629
355761245
230041005
361971984
753895596197642240
3252743741
832624785444130816
713448004318072832
2734144708
92376826
269543677
126820867
831171338865930241
722706024663277568
542541559
21572011
1479926797
609583161
133984183
2390560923
212557757
715280726497828865
569915255
183266166
2280244084
827853014
3822532845
712029858126295040
715624224304586753
607937366
4001903429
769117463451762689
248832686
24679269
17881816
945507042
249265872
27055847
3301070174
747788529120448512
817222719204978688
831537341453967363
85485435
1228567338
821524665055248384
3749925077
913504064
366472264
268376872
608620923
826805383410884608
3285504265
794303707949109248
31257471
830963957401780225
368409302
814161121192054785
4414900697
486627847
728277085500776449
1158060332
2760919127
725558701839519744
740869103724855297
72398127
808289051790872576
3995531352
22860615
4407007168
2318304775
3330264436
119886310
2896621617
3341086535
4198175271
2645588154
4916876501
73995257
4925740182
828697231888785409
273263798
14367719
2781790509
30075311
3241692111
828967106381303812
205631517
1443768162
46475486
386263630
247062164
789039618
51699875
501196426
49068640
4715265441
53544165
467740864
156229652
798127667866456064
826709254979612672
1311888458
22756584
74953666
636318048
815691173415317504
733340864030855170
262929693
794904548355645440
715124849
2388866398
2230708833
2842798966
507035401
1649485116
828071672578134018
758197975764131841
785209583291727872
300309052
87081270
3056498193
712565254392320000
773149314
24408299
818894638346014720
737402444217454596
3019770790
1106886998
19777511
4250090494
2312520753
827170151799721984
822916297
2290367978
739528514685132803
789188241396109312
826475587288125441
791800379394625537
2991948728
296109601
2767187376
14784939
722541298310184964
752545015268868096
233933230
1094867792
581782385
71098330
741232951086698496
805861003871195138
1641645858
187145786
636240028
826126479000010753
3257082573
1282624237
3555525856
3750116117
825763765169844225
49274927
3343005550
771454470186295296
730343083829825536
131591070
718595551541862400
1733414166
374542919
3314456519
2320923661
391475794
3143334656
22821563
2878026210
3102746391
825327607117918209
928372518
282741821
19642069
446508271
2515629050
722141417703809024
1345188266
595506195
309356726
17262830
3170731873
631367235
2165475697
870249654
788964211632156672
810748032530649088
802105191273263105
3189001238
2805716360
740597986846203904
169184049
2840779281
741000424505872384
262761630
88807579
822935530031742977
818455568667054080
769613281937862656
2415010228
2501559841
824456523355037696
726637603
4701471135
66084645
3599184016
2567663469
809809802079698944
217022743
730202466
1909167080
376051654
2412990282
4825234875
358701012
2217643566
473021291
125007819
815204325580505088
42290868
702175065232818176
132111956
703969384977588225
1048070448
2428753280
295791780
21422341
4041633443
2579872933
144535801
817082063652261888
804758749416198149
799911188175978496
1648180778
31570068
762675351608823808
3352946254
23053335
2477012889
2954074169
3160574577
559747758
201137220
3641677101
636273722
2603212139
3247064653
3468362428
244164179
342572119
3521388197
3313541309
4033949483
760181070767816705
102315108
3448003937
819062391719612416
756830971178213376
80299965
721046456
1075589358
3474300860
1237328814
822581449979269120
796244020674428928
3187290683
276668477
709448702
818685572294189056
779454472783335424
4346017283
440031218
34155255
790451674812854272
706242049
3193073724
428525085
91602515
21475288
1242502021
2754049744
66132112
339733481
2959460082
514734706
272412772
554308022
1939065583
258316834
105845308
2722454130
260361065
822522438
424499878
81282310
552685625
743887314087194624
92846347
29977884
821648311425896449
821806918549245955
50194961
115142697
411011774
246959449
30870755
131297234
112411608
1205462948
704696038934896640
3042074491
334022799
1385727235
4256712502
4787135535
766631317278756864
291991611
179653468
132224750
377514168
217498355
3182683943
702490829340938240
12360432
37599351
267018450
230353033
816590020270178304
3384369003
114639100
16027289
424390370
2901245151
2492748497
728567301251973120
4782570416
29223684
33705663
742183136843309056
2590831728
780335467401191425
25647080
1421649912
3180322166
620148781
14335189
3240877355
719663840024268800
748444593352491008
2778608971
723320896472100871
3048203417
804568019074576384
702873794269077504
3303662086
166501881
2173911276
813296683777949697
26502864
3288470950
4083165995
707945768838107136
816620360913326080
599217840
3298306714
417992966
409264051
2346482168
2991684049
3726997516
750320759948480513
3176528295
725305637320679424
3298393134
2194846199
3503504897
445418929
3342034072
3072376457
573895433
707093709486034944
769857934440398848
1255702874
2780615457
202774089
702308936783822849
4896027763
801575085417054208
220983975
2371374448
384945379
48935222
2772367174
2615571577
4740534929
779741032317583360
2797958613
797321044877053952
729865175327748097
810956019908177920
23042311
800163143817142276
4724292141
471402008
389679244
3209968438
3238617833
721642291
5514192
2824592229
3982721594
3708275903
40375615
965842147
719550034006712320
746022341256286208
786941088435204096
138027035
241466609
229211585
1657305342
124256726
194496442
3435257615
748142440872349696
715169119549722625
397417236
3803474787
815267808632258560
2554462692
109535519
2371718170
190361927
781949934647910401
2539687942
138336089
3898637445
798489419841961984
724594173165375488
81138320
2385468812
767755393678311424
2766007172
2224016714
32846894
64002024
1022580114
782569958626758661
813496427339010049
698928678621880321
893039438
3190952669
28065741
812690181148917760
813404898419179520
738212285198409729
370754131
351741533
2510819289
759063102230900736
18065823
72867391
256188191
1251624330
254039913
178069616
174372471
3241614083
1696667718
744070665288945664
716887717817278464
1613903071
742952780
4178011460
2154933609
3130056449
3972246982
15615931
2584114933
1120367713
2904350746
545088857
292887594
225379065
2802421804
2999226807
777915730909995008
242271438
3377697077
799592265547206656
2767303416
622743271
4657904734
4053876143
2363302466
588244020
766527608603287553
3291347266
752571096877166592
16652290
3260161570
315188354
4870430601
526867836
4083762676
2740147945
822291044
3332929816
781463288802521088
460836991
57633046
269295141
2951423075
489472884
2306407791
18020640
762506484206809090
3873984021
2842040019
766315976807841792
340428453
751469719899676673
724351944773500929
3246248381
392646599
897639667
752865765133389824
730503673596379136
227492981
809305490907926529
1404744192
330458651
1548639703
453710956
116414303
3874776803
728003679404457985
2902247985
128216170
490419761
3054508103
2519530440
2564023187
2228654186
739519315704188928
92786427
1095088680
250653751
388454092
4637756600
188257970
701137176197632000
483771071
3380505328
741707316781797376
251799175
2809933120
125522696
16600574
946749721
4709124207
3367187673
740499479770599424
961134842
43916259
222443655
318525953
2426753225
388858910
3324863853
297665080
139838565
400793352
1241721932
1300282147
3243345299
1319130330
52188980
3073735040
803081242514067456
216123868
20977776
4869558016
372995546
328083788
3072616433
2461131890
806005365041221632
805993948758032384
805987062440722436
805983193140699137
805972552183115776
805960359567851520
702912538703433728
805924542963191808
805916913591263232
805898424688197636
3311619180
2587719446
805834131116609537
805831360078344192
805830350660337664
805819650915397633
572087922
805801052121473024
746577534633009152
294207022
802375834845597696
2778437531
2907791548
1107197041
263567747
88936929
4138644339
285220085
3087334598
2452554295
2435414623
14519764
1423256197
14971321
790211108871122944
790570720103325696
1534013419
331729995
2905325397
262297711
801890492313112581
3295757781
2288737831
377496687
3403050004
3250953601
804036739727839232
2919300275
213012926
725777824360071168
1176508454
755101132029124608
570971148
2460109227
751061476379660289
2428235007
62123765
40215581
2320041236
2953541445
296414754
386710518
434374354
448804346
1048852154
30335828
77986882
1029744438
266822131
539116569
55485803
802498204885549056
2557656169
3070097967
3360112245
236762303
797718214520279040
626550086
20128606
2755073988
761965519
797616786
90616909
3035638353
2428157672
140362266
139759899
4234719395
723179016082100224
2188968442
43497473
21028978
552773317
44645354
551689231
229132625
304391313
2499819283
967675242
67985059
2657686228
20092175
249871313
795423039437475840
107974723
3077916129
4237096559
743477639948673024
1350371712
428085863
754436291329159172
2840128288
736570776070070272
206999288
2939782917
194954127
3439052453
1370881602
3316379060
703550983813603328
13519212
569076205
3355247174
724163154058612737
1960370958
1913719038
3041319063
3251639429
21501875
743470239275417605
632792228
303403614
455793162
3648219673
17536486
216997731
84860555
30588028
782071258229805056
780388954117771264
2949617104
3474782129
19527625
4493542635
780170181876281344
767634740631535616
75684570
3299170744
3376276054
3961149670
22759743
719837748161613824
320721568
49317619
1352030828
4840599207
827590350
30214987
1262028362
2762337652
1168877696
373381617
156778080
296812233
717610831681290240
1270080493
748236159747301376
3517724428
747436218900713472
2870337183
634464332
2913009640
755818236311138305
2798487065
730000932356919296
737388116919607296
2372042612
722443918810460161
747143872900366336
3393438658
755143070690213888
717666683473772544
2671802902
738603786483040257
739909376492724224
109087837
65366944
590310230
395848819
752904430882873344
4922708085
751606318297997313
414346867
3234594088
744204653844299776
914471598
85080476
738177193851817984
1965005029
3555727397
3353703262
10196452
277924273
2641993872
2905488164
3418976931
739209684394082304
1056176180
700383575624052740
4473513673
1601606658
378490181
23094312
706577077898756096
390263070
2972754177
161365044
2760301092
2645588238
50816720
701885769988841472
713114479228239873
292679847
3449220507
746623374835724288
272169003
579997497
2535721665
578081022
4223700543
4896034947
917507532
745076610903138305
744660954688913408
744443944977711104
23200135
1414794510
1020562279
573953385
2824953021
732084558431059969
3351871762
557626031
2780215928
18217021
716965020328968192
186184434
1964697812
3842835111
738796900590211072
4474121003
720890847529578496
735192777575813120
1112235114
185934032
737402757582360576
706748146303561728
348006981
706857211671273472
1037826288
4909160021
701014046997245954
388379417
1219871094
97961899
735942243266244608
4172022095
2874035339
708282185078480896
1914556688
311107880
4927375072
3408388685
734394223550697472
3311051301
572539795
82244834
472475366
3247703020
304856240
513681315
316033600
80798065
40574665
91075222
415635255
174450011
219975961
744710035
2626162264
56978179
165062546
731948433486024704
941187560
1722455744
77525513
19077542
4892171949
730507966722494466
2850781875
3229949769
38876299
704940987945189377
80699016
3342480616
702399159173783552
308921323
728366099314651136
702323780572459008
555537855
2563656001
725273189471887360
720041653239566336
46926921
557154551
2464824599
717073946278039562
702382838784663552
3174756456
3140084890
221414794
106052171
2808717586
2535699312
3192553977
3377188983
111392997
700493266114850816
3438438753
326178747
468388675
55935057
9570042
405044444
112638263
53882586
3042923567
719833569447845890
3285126852
3244544775
297570674
3350259970
4882743003
717081401137500161
614498529
4766969539
861604646
724189806826270721
720044492980621312
701283347461513216
724595338322018304
1381417621
42034114
3421168606
2995938455
3089008407
3057697935
4801439387
134470836
28580345
2901033340
3289699434
2912697681
2236414884
4327976849
4895162199
540812533
22257624
1075324656
305048395
602615258
2733816872
3408513395
3784966289
3023421711
720777260400136192
4908752788
126270041
2252224257
131172264
704710129531424768
109180337
3134136082
3631289477
1975814814
1707969559
703232964449181697
896927635
915763742
26785592
2926122563
1072359836
711341222779097088
19878371
1346350202
168776321
3923969715
716653057656926208
3217865411
375032643
864943009
38244517
3884244562
3045421032
546852809
3084520010
700548007973019649
1907058972
1735390164
3694652536
109036600
390275951
523085134
4267106958
3328068824
206962580
1723236590
4655124315
3165967697
180706923
826537184
3298004530
582727782
3391985055
319790117
4737263367
2683847543
238254313
92046939
3386072121
4900530773
1341405523
1505051394
21666641
54640582
333231586
357668606
3001518083
120234368
710562525872463873
567010511
994271869
1385262920
2411414450
3163477888
338255103
48024142
776969239
3043410490
122185418
71803082
277120302
707118605305909249
4405148655
77128292
1087316768
4769830803
1041096109
82150330
2241270623
2385679975
2892003448
708414995189596162
212126773
3239165475
2571249761
226268650
3241751231
351721063
2340659096
523839958
26245757
28207516
706473842047320064
2861775870
2296305972
2928547687
348130743
28272361
2540247871
4748259445
705968174919843840
25712530
2765387009
74219748
114299120
2739217582
57941621
2901511516
2778790146
625352842
2976796559
3062182186
3023033587
320857592
1725375530
1125937411
3022892467
292943285
3780471075
563902942
3186447063
4534743852
3230330172
3296175664
632096883
222644862
705458022542225408
28426020
3165905308
707047368512958464
987022944
66998204
749873336
793658798
1901043696
695826236807999488
4878803559
238612064
29071807
4832679616
4151674402
169152447
212978473
517621902
302886576
3129157222
363771758
927662736
4818356293
3101808875
102650963
2960045050
318898025
3163621037
21382124
4709975071
2154316563
174798940
2497022018
73623683
3192052900
103545336
2915716078
1045068360
4892089749
4892123843
235305958
387131851
4632989535
2995204103
191007877
43372852
3303999065
2460353955
2565914698
721993951
491609625
4865026035
4898012364
258778885
971806633
18096706
72386549
2887090060
2902464529
3303792334
1870150748
52180061
4900058267
33059689
883117099
148305598
1392662262
4923830505
2570744229
265298637
12913712
4036737622
797844446
4783928095
435636930
4138851095
2838333676
2983150089
3274781244
209176493
367273527
3744439153
743708678
3110297637
433591525
815631805
4258332149
3682822515
147714169
3035918272
62474458
535507135
2147485273
3456855863
3238264531
2893633372
4063590502
4702004719
3407712737
3004154919
1868678738
362400064
490715316
1663629690
247286375
396534158
3099543917
322555170
2437115653
2807647809
429321193
4139520374
23183254
231391275
137194965
3331754062
290348545
21184213
4884183537
3247716375
2186755171
3369629457
1789364269
3121499183
2259429926
2156227516
4565880261
4869625583
424987168
3091617656
2577305225
98152196
38820881
338968305
306909253
4670785399
292500246
4856655975
3249058632
14993272
165466036
16126957
3403367524
21943892
1019407560
482457738
4645633814
101321544
66793352
2321141975
17971747
352311545
2374433016
978864481
3306235911
849470024
1166841630
2700840230
257618318
774728510
3222260281
3326777879
1308836335
3159410160
4155753803
2192099668
3283058222
31572163
2262720889
175680890
3157545646
115686442
3167006704
3120031873
272480716
16580053
342822563
22607674
389878278
2282707423
2866121667
4256801061
447717230
73986605
4301521822
1381844899
3429232198
51092418
133842493
3964080815
95139797
1570364611
4162640903
23093589
33853050
24936348
49683238
3009959603
597384473
3307013550
2432627658
3105625858
3238910135
2909614018
3139489989
289828399
3020767324
717149203
1359968023
307825045
197006543
351300423
3091246977
3289989677
22419717
2973069083
50985375
2997936939
302220108
2969273009
2583048726
547424549
115890735
189825248
139424153
3080273542
2465606708
2990049217
2358954131
2703887114
588268055
611992653
78575113
2540936784
2883786647
293738001
560333410
513568168
180912752
2197193578
95930991
20802909
391637233
2536821616
509660191
16671869
126264971
805265448
45436858
1708610294
871567250
144504713
1139717610
831286598
561359810
