3288980982
318808316
1148279660
745246769961910272
767933996575629316
100606185
975769730748506112
969757268932734977
56055651
3167415256
531046324
820372638400909314
1628827628
386346975
2522126634
355628733
931434153702281216
1543737187
3192471028
15014405
2277176238
291088977
2798518750
2282002465
245141598
335803612
917917876551606273
907923806739722247
895159561149173760
847326377078431745
2812404403
861621498808848384
341283742
227856635
2449347469
1768394180
168391817
809379120807231488
412749305
2599127362
19013519
38961168
1733170128
856188375103090688
4492961215
861849913453416448
154700485
61528254
487894321
800017932873072640
125822916
946310282
824080372384366596
991645375
47653542
3260919297
383760229
163351850
30887601
35523602
793939019524501504
22870443
747822074048176128
805625270266953728
293750357
47771332
1944928934
784570796089995264
3733471697
3232583493
69136759
782730414129418240
2698876650
88543270
62753435
763843102620708865
36770443
2374768418
2794731148
707291978623557632
4449877114
515807965
1263467378
4876932453
302975315
4698804762
2862996958
4049333909
3177041958
4697846658
4846326833
2762719267
3452190618
377680838
4561447037
1287103652
2346116251
4618243642
565647707
3432907659
68178300
2963086413
3033890530
3294219787
3569697382
366772712
4181675232
2195075501
3333146697
3145146384
241273611
124236068
1372857926
17356930
222009658
200906664
2527969620
3784390343
2950895402
3378336717
2950845156
3109520805
3312288596
256411914
3173791990
3112938029
175847144
409457314
494287512
3061769023
2460664230
3016976035
2277768968
2997518424
2653684940
2953043495
2713531903
156434019
2898787346
2898783181
45396420
2884643072
1202348640
2292154994
2776705177
2792437364
2334042997
2466982416
1485126366
197800211
341928284
259546851
58969166
28653488
126544206
87639215
74288723
2537979584
1138962878
399704042
73267511
1095488570
18009153
406503822
759926538
2535850993
485187877
190074536
459882355
2517057722
1571847048
2187447775
227736461
2461905488
2424475854
312346735
70036213
156337951
2477525287
2237734093
2232128773
2487827830
2461098142
2433923604
2208175934
954917929
55153973
81693789
205440179
20565214
2407740823
20444795
2381469588
2382225804
1582037845
2264064840
371654469
298687822
275511424
49477508
262894814
2290197294
2244339670
2279855618
588818487
2252513546
373245266
2201911075
2196314450
2183785920
2182401818
2171296387
1716979370
111072456
1928015106
486242047
1580380231
1953305984
31331417
1932282656
394238491
272242171
10711902
82483886
1736479490
832849476
1683793003
23839779
840310766
62596481
1546136508
202347981
1626055699
42168222
1418393598
68011844
1549425498
374320822
38709231
1598863220
267151578
1531887451
52511881
29165622
1546583052
384843873
857822605
1508487612
1434626053
1499337445
58490397
539627209
1480565372
863823576
96516910
168218371
155373618
105611899
179199279
66137037
25689798
1441931192
849701635
1400679937
15829827
319885205
378320174
1363003904
142901608
567430011
985857366
50061334
143318653
263894425
88749992
90503742
277289064
178957133
839492456
283821999
1038242828
375866465
33323131
1010326345
980233196
1009031210
1009492592
1116278437
468133061
1152884263
1149780216
579329141
307328713
842311574
950896141
27926174
303328413
280248337
397852855
27649612
988838293
972778166
963704274
956474352
491713917
289013820
30754516
83935836
20833266
220465339
928633820
553071953
381919172
26232815
345111694
17543210
201586418
363389060
25931375
47816090
106248172
353991541
23655573
307053794
242091566
128811790
800851590
371901947
715517623
284626920
261787161
163793327
729778704
26173262
624939949
244672638
618817181
490068074
138557413
37836873
193094009
270717380
244320975
231268473
289731677
105358963
56996092
623055346
252170609
69472592
399082140
449243564
196017219
603263250
186667982
456420486
390860270
496605084
184511180
590536284
578450575
71045110
583323604
578282798
25040934
547903927
28505225
197155189
546404708
461615046
138685727
560559556
561403186
88867174
65526242
554901931
552716625
504880055
17003327
534897130
125523602
118917966
253848639
159528730
494955579
436040801
380050083
52189283
151240790
132059110
290724086
269562898
498774136
506022087
184994910
106850361
286290029
38388730
52407833
493672372
229926758
176689221
240509595
349205131
221915449
453009342
300298017
18920304
463446404
311092031
132775866
443084294
115541543
90901086
399342217
333935710
54028901
409685792
108651969
333655927
234562928
436248604
383944575
331284444
277273613
158041677
157190416
36594350
427490716
41590125
402438778
129013075
77506693
362599581
257687683
340150884
398391181
388581095
407115192
406755127
298778499
404356305
122502574
403714730
372795361
381934380
171678371
27614642
319666116
129263387
372280626
217070838
68175501
234643741
85598555
228210184
59804598
335804602
47413906
281291684
374378763
308460753
48210392
311139252
96916018
288059867
185841696
361658171
253477619
228832990
106509783
232218912
345346679
37722318
360713317
106618503
25744519
362601693
48238540
355234515
303574067
355257046
356939037
25181195
303652567
269436467
133441183
220571923
234342246
347696042
14564271
339981984
92848318
325589864
352379716
282862435
342925655
28198859
240080365
215711710
35130096
114443225
157899515
341629850
341883496
338497564
341325638
269945171
340392649
284331459
337355777
312478795
37317683
250803250
217500148
305276344
333541865
281759100
244765324
34946699
125079226
275344278
332974824
250881997
332481921
31332685
264550124
325065146
110181725
280797656
256750497
214598203
319557159
30883242
29592199
326448971
148840243
284887098
290565991
18665908
31897587
25842160
104291622
34838782
107230472
237527639
130016097
69734011
98242091
319413075
287443391
305157622
288055704
16225233
64606817
102814251
267378282
300597547
289481187
297741471
280876939
277914042
165605647
254868000
198377566
140231305
280757388
290806114
290706194
224417018
146334382
122580222
37588998
267807504
224416379
107339899
272974859
238714900
82021313
278323643
28188694
282125908
280863303
272059693
216313444
120101033
237497966
271083919
85469390
130211334
262389999
271844560
271569329
197851934
271077017
270609868
138489837
165270006
241984932
208632964
44874859
260937424
245076409
54051182
33547053
76250877
251296406
138991174
18943565
203235557
54355056
250513297
131816897
49210861
44123841
233764974
243823867
125750012
237491659
236009130
242624659
242211021
26686443
102528944
117264571
235050198
44385443
241000822
240434831
201375698
86161533
213954001
227596234
233275423
213951036
37514969
215822092
214688722
86147868
228684266
33400890
227532473
24130962
222903372
61123259
224000150
221814552
28585632
184519103
213970043
207237566
196307668
215175406
207309452
214471493
213121912
145655921
211754710
100153587
211268377
206561096
122290271
208663214
166353933
24657239
204670337
200243952
203764765
105536821
43590345
201779173
40606330
105028895
85590130
28636497
130212660
196484311
35983013
57797743
155437651
162270476
195614760
195595845
171207660
192745432
120094157
191849677
136704831
166339350
191191359
62987341
70200189
180088010
183366250
32612357
183263323
183836531
139483082
63374455
101120997
179333837
83648535
175424486
103385521
174054759
159259361
101084935
147762919
150625768
32883591
160614234
159724572
159873140
62693114
158918090
130134341
57599695
155141295
140273384
131504595
150625136
47055995
3908921
47431281
137806647
52990527
139699929
56040061
145511236
148200401
75347563
144745693
29538031
142309485
125738806
111612024
130491376
87754870
129312908
30378607
96417776
136792656
95739819
114333927
130043491
103302567
128845723
112508338
93345115
62126899
36592247
130677927
129420343
128300364
127978233
128279666
128012457
127524513
21727564
72676933
125708541
49838919
29160885
91602006
69965037
116510410
16116218
85944008
17906462
112481744
113728699
111088693
82420205
82419835
109657309
58451601
19527711
108362676
106675646
23629646
60265676
35696405
103080311
103719587
48557873
100600465
97688333
23677423
99406795
96069057
97292309
47424645
97155928
97113370
95331503
95476999
52146398
96023095
28430422
79621094
46999338
64880665
73526452
37378143
29601063
68216116
67545542
64646759
51122424
24782142
24001931
53128309
37128125
51878690
50228529
52823275
28195188
23877209
30088811
42898731
17018102
19580335
36134175
16100311
813286
