3342221332
861717057347473413
2850733666
2676902727
4756799386
1656980018
800160080695918592
1013773957
737955318915796994
1548902586
497641950
2431318645
740037570638155776
1129903248
464218445
822536227689734145
2358531392
4079121213
504779531
134879387
146602408
1226118932
1876048075
1240126646
169762624
865245820114923520
974443416191893507
809924659101704192
3950955617
4924258461
2264617474
1870250906
4904209377
2253171820
2675509782
730534523641958402
370930508
3246851216
2714997212
2960547307
2913614161
999521922697195520
464210807
3687529099
2652572112
1039701337
884953905028882432
984174765299634182
1177413062
874523124
96657898
165617065
3390187947
826646152485421056
4867045810
1069927699
751819132312678401
764584123541446656
751162452197404676
400413791
992357663030874112
983168878925803520
3386460676
103461272
885576268086902784
753437859806404608
970368733683355648
91938479
4049459135
531741288
3334938814
881147144702480385
877581658257600516
892028038766112769
896005478915944452
897531599943860225
867749612597149696
923320046503518209
942751168442269697
924295934342811648
874022914026332160
939965712466096134
957464385198415872
791032639029407745
959167284693651456
834227903760068608
959171042894843904
796206051871916036
814161906206470144
833544410268839936
1959676812
805917443537469441
989237210020024320
820171189742145536
3006427425
965235376775401472
767170630462701568
952114471182454784
4355176709
902581324107702272
1858518026
165856368
813853085500108800
442320153
1290133177
824526330
2517593235
804444099424026624
500895395
943313222920220672
879136009119838208
777930326542778368
186640245
838574051530530816
995857305496444929
994752914680942592
821200672414691328
935329268049022976
994603988027928576
994035369011306496
996943415211421696
777803867467706372
989379649762414593
146241861
912101839285473280
877348319047147521
1103204101
808805259288121345
724288023240695808
739548899363454976
875401768162607104
774747955169521668
1716883506
1405998726
3439828996
1951639321
19058681
183052795
1861306309
183413584
2909393818
986235963486556161
127992490
2938895613
2836550633
151318921
189016700
896158272557895680
219402785
279334127
70552782
748969511949328384
2738282992
4760109557
889526334397046786
52514858
955121461571870726
994023326321446912
160142615
30040682
65463088
79327591
1262214414
883069914843668480
810914703815962624
806354448
1222485025
3303053769
938121993815248896
957675330369720321
464038287
4865730143
778323206
1064172361
70781596
217402722
2494591321
733123529479086082
807866515034963968
709812548795809792
1007242022
3006718552
3865834347
3327670035
986661813445017601
478113058
901148793655132162
3399864897
711395902271913985
909146906
154992863
3389412682
867133022
990395266019811328
4776656201
2847340433
889223272759525377
953778800772476929
19348713
3288093820
301119650
70246837
631625984
1431053396
3143260474
818503720400982020
2580567414
199572356
992260196272517120
174368061
725411893523918849
15049017
720074300900917249
4493784808
46957344
4876602340
846368556128358401
333861120
3336854483
3107974309
2264673218
4247186553
780424612475703296
702914006399492096
878665625702453248
468028729
755060017024425985
2384558574
393587565
771455612668432384
994122740
2869758675
4870665454
4188164866
769707695003820032
2979809483
1270602014
2393026449
2466906175
505013795
714705427
282323525
792379400658546688
708657686947225601
480418871
216808488
2281029236
707028825125867520
887565104077778944
1544802643
701107809518231552
819917042266624001
548496375
719204258348929030
112239997
1714099141
3396028812
193857303
711277429222936576
3731470397
2477818717
816385342756491268
79808155
2502382688
820298940041990145
1713397136
3392451713
3122582856
4537018115
4561907656
459552892
3376756763
3633713897
723545365576835072
1875678624
4855514513
3143546962
759067627830579200
886564522898489344
542097617
882220671992025090
813863279772790785
361726877
888388669903687680
3028450118
2190946363
2931092043
801844279287152640
307573939
628787377
706642922997981185
61095220
337873135
704676806478192641
1542745674
2283494192
476045125
747513972585279489
772265491763175424
2255799954
526365472
709437051213627393
1537698074
2934079628
769634575353905152
4828136349
2270834473
705162984629387266
622080335
745347628255297536
706071159062831104
823683207312932864
3986453962
887875795234029568
1395831032
1156266618
850222489389088768
1392804511
1428969732
3053757511
739936586419339265
622615995
744289365774434305
818435151248105472
2691653485
185585454
3380767323
3370864581
2661899739
286901349
700355270086512641
3493978463
780979553741238273
1880756448
2373111528
746045576677036032
4062208217
1700432480
3375915237
706499155615727618
904174981030047745
2805421716
2867977145
2923013806
781563382784589824
1671666966
810284606
3334897199
901518729388978176
4755561923
2357611437
1497143468
716451117274677248
1228189639
2830552435
4087482856
2311451190
1544417222
2575037059
1665649568
769688208020037632
813858404666146818
323787377
817523972673773569
2163580064
4636773203
4240923378
739202505532444673
3348077147
716800120759525377
3121992879
615790775
718745720
2810381263
2869051883
836076189726965760
232437400
3173949130
868974159375847424
768541425520746496
2792587027
860489377952256000
108469651
316129680
780837537120006144
2211627642
2568440222
4203711142
873370018494509061
745005462790144000
46576725
272218890
130151627
322967690
2485336724
879369780205154306
748260555195027456
797979680716550144
841738272061718528
3366609809
794575863945826304
1586104626
4508595988
275765080
1309044655
3073533747
3407530996
927647828087885825
758031914263515136
860926792194027525
633184189
2866791527
773542531447619586
3305791001
862763269458718720
63289251
1384463970
4430411375
4035359296
806146983979352064
825869567704625152
848104453173637120
2634602041
88472466
2990141705
3134923013
905458513958359040
2519210031
1576388952
801798805
2983408065
531868747
2331324199
476860963
843516001580974081
826194340968067075
772129097283690496
2422908919
2731865151
719609627088941056
3908306258
492409411
899467812372193281
4530960399
2469150444
483313894
2937586969
2303174689
280120176
2398379844
3678868395
129534276
909904984489234432
785324004999569408
3020652191
2328034723
544483221
549559995
219700953
581177714
802311720916189184
906178161293099009
3379403175
905971034377113602
818208741543870464
4887754232
788009474489483264
1620940070
817059739456638976
818161212596703232
422538151
2148589582
776072725
3138867369
3379359779
3375043665
1400957263
477132874
440100980
453393476
1643519220
311628843
792176475042635777
897553425721896961
840325767930208257
814545072087769088
1216910042
3003470379
1348379052
2149036499
773529253078073346
828397714123665408
3073797147
731852594264608768
230805138
2872197297
2766559397
751462410
848171213792739328
2199676934
68499473
1540092937
1952530526
832055832825229312
1149536226
741034170470813696
3471712333
797209261784895489
779556555121451008
2770165458
840101904600317953
797503532962353152
4711962074
1622020987
4884817160
1035817045
1732678506
738342168096575488
919085339913973760
760274494661488642
842064180333150208
357800774
2558653295
892440952333271040
867734900450963456
796957292516311040
857446910814191616
798933169022128128
788441285401178116
753767825215459328
3919086587
914868375171555328
834395546873913344
884088019023745024
2732570548
842350953760198658
814281918787231744
109321107
4221226757
69911172
707252926973157377
3041059280
2865828838
774081765304664064
2473015174
3029077648
747775705258295296
973277519012139009
2929639366
824003288681119744
2792908303
503168953
3318979471
628408435
972180867442532352
724821437412941826
2870860756
843921331208912896
736578413595623424
764093022858391553
2585198188
3363010173
778832660
876045883942588416
922637579236847616
795825726448508929
812149149185490945
888856623883714562
803051539149553664
3072163118
889134534536679425
761693884669956096
975613515817013249
4145704874
17019152
121158585
303565315
2449677052
2365331543
4632271872
486718415
4026690808
790745839
4879898248
2764407743
708116766401044480
280082260
3697857201
4212992980
724799797723566080
811562637008011264
923259619518111746
806237857396510720
4195074863
750693653916639233
706832307735298049
3119617225
896053574060453900
2761127479
3987228196
753670724540334080
5516952
355696544
1587150428
19914976
98328274
324341748
26565946
24190981
153156412
77504008
127357611
2990417284
738743669801508864
19777398
34716038
84830575
238143925
4460058406
738854437339435010
19051166
17174309
369692975
26053643
380399508
28201743
34940839
2367911
128023009
545244176
16231318
1852644804
21311712
281766200
321970500
375508619
2294692417
725675895965552640
21656811
14772687
2453856481
19046392
36746176
20431187
278662460
2516650610
3081648059
2426480467
268414482
145344843
39261061
14465084
313087874
4832874279
3337425623
351953986
272529588
4615000285
4429003533
217910108
1591304940
21447363
966204836
1099690736
114354410
799302961046372357
906974225310896128
938923889178152960
864954016090001408
1598940649
4174634901
799435189797748736
3031877880
863186304
2811662347
2504489437
4059049094
3450744315
1009105268
1058376110
733113125461856256
426951343
40915216
411112055
112289040
441285746
2890798142
1588798255
101084127
2868939611
62591415
88442109
4746974104
3371613978
359622892
2225791442
253073516
897129047079231489
104288093
739784130
3267440372
176429522
1532931211
20699981
20054788
182921713
7111412
27911490
2305473636
3052648658
3057649773
3057625575
17230018
9629222
223841564
2741876400
23797067
3031873222
873365946
27943891
43011178
2204034272
123289567
44388979
18142856
111601992
8163442
322308666
83557871
19538986
25977992
3497135052
111396109
19383317
117834264
2418100549
709540733456224257
277767458
307426028
779100876
4918738512
3060554567
332638587
287906708
155705264
748259155849416706
21143468
249272021
164036989
919442993739952128
154591004
9695312
128958788
35877056
351921957
38741679
205011496
313913938
56481539
48672487
32985158
49110693
50515656
1194582374
46116615
4440347241
33989170
889858245371633664
747847447
283666773
150035280
160626555
8105922
109040582
25992212
29622459
112764971
92422285
768742305205522432
2477416504
80758116
735153382558687232
2600962691
3379737905
91408245
266336410
221412285
59325073
6761682
67995848
29374598
44473103
174816561
271310204
14583400
49608424
16264006
16212952
3311908124
49636886
29300489
22596730
18734884
129928264
22060294
133880286
100220864
166739404
89478035
90896009
379408088
176629550
256574001
1066737342
1675906850
122482029
18378446
492399548
457554412
358996059
575667065
75916180
45709328
344779704
596895339
3320478908
76185082
130718415
754860209877688320
371069402
2786266138
16573941
409713189
744454819285442560
4035503243
3242495944
756271337585319936
80144576
16712746
17429002
15945351
1578961946
164774579
56783491
820381527221669893
99566858
1180397514
336632231
156643325
712087752540610563
139092348
257766929
154101116
21111883
113613920
17842661
21181713
174508942
22548403
62513246
813286
23375688
187366488
1674254432
2305562478
3494104341
28335508
21955058
139556944
100376563
451649471
2495199115
241264057
1332594374
213745334
2253070123
2372310726
35631695
89699362
104249727
1055961048
505915529
24900072
17919972
27260086
34507480
53338746
85452649
160370783
248933668
153619589
201061994
214942749
84279963
105119490
158314798
176566242
181561712
30974408
126370504
493249666
495074577
618336955
264107729
403245020
403246803
403255314
439125710
85587056
85589315
355931279
216776734
227324947
435921103
545443555
17951326
24780172
154589345
154590712
154591990
210341090
3165380559
209003577
259435698
27776098
872374136
363972381
