271814498
21001599
850876367004618753
29580609
2835240622
180568685
3327720838
2370768271
2163360396
15163255
17799686
141697394
14708901
256343532
209938251
20718994
35575327
16106508
23497233
81556396
4515563482
115759655
18144089
81859985
27212075
23611560
17736232
1037473682
981050955436347392
37785849
919979270
19541922
860555190
821520293122351104
39504722
2468242350
33530012
2311193425
230919253
483192121
772807006549925889
2893511188
42923944
847198791031762944
890247136855678976
25136460
2276814487
1673612756
33480991
47459590
2849311514
40081196
2263153417
993555932532695040
1550520115
1300678026
426084854
1096084052
62524028
25162845
4707569613
1532862722
302883217
24740039
980703501440487424
145314369
325966046
721090011869917186
14692827
876894196921241604
824992364976549888
267856525
482338695
275192498
23653823
30368017
46815816
787416483068538880
16531768
22898904
240420946
755138873202659328
251918778
4423599613
97865628
51376979
19255422
20270659
821860311846113280
21681591
833458906743570432
1653075950
563940069
21624951
3063032281
2439032786
786653427782877188
138044104
22811937
3226720350
104979702
2731906259
15676413
6931262
17006399
19459649
946042809345363968
452545583
131072390
238456744
145320485
84447226
37982492
887464646
42977712
339926479
16053405
82992977
166747718
18091925
22544911
191737201
263227378
1286161147
284247834
6797952
178933144
32342984
956362437514506240
168180425
741080600015032320
20602711
22581339
921150725195001856
36712233
783429037729296384
16422629
2886212542
21277023
2911927727
52799548
35859588
58386544
784820294418505728
17468528
20711389
33575373
3995302993
785520949105950724
1599896905
864626940938002437
822972709340610560
58636850
18453535
160009672
2375155327
232091637
334868934
18147389
2799465957
484382106
634734888
217294690
17815912
262768583
325695101
15387664
18659599
15588104
126406217
552077627
956163518
19825173
88846611
21654350
98509211
213442602
11679342
239509917
82692683
70157491
402888514
2342575328
233266490
799014935225389057
323971526
861408991
2906764318
258516777
15447034
3894870256
34487135
18145907
824834152117784577
802111252344487936
4768154514
713452747987652608
3258406777
1486285009
701736254
1333219885
113819586
965053191695077376
2227281840
16225571
1179613418
22634956
24996939
259392555
2386069684
751480665456140288
266830368
114917142
101566422
35586563
43244971
112445679
41761325
101431573
2332431056
21352879
31309603
46306646
18278629
78366205
499073990
738080573365702657
14134204
791077327
739001734157074432
1915033663
965399078979948545
965266179836252161
963631905878036482
718495181914316801
949509409478094849
25917171
750751206427860992
2847028078
2180168234
815730901
906545648
950469203852632064
3265688360
4165505600
733335202185895937
121558285
30961259
806180337864740864
819659689122140160
4775698068
2976950800
26013885
14596318
19409508
23842613
151295755
2336715689
1512446430
451131659
64864261
757695091
938424931230060544
53282102
36816812
10237
30649105
19654090
15497613
59007798
19358830
180503626
52268795
46576295
32985158
939091
27825390
757303975
37099282
3179977818
935288227962945537
445659911
109303622
27678749
39133880
626383760
370241546
866953267
63262233
189775074
509237054
19910041
167421802
59553554
20100312
2733274605
182972598
174076633
395617181
25321854
304932002
1589628800
63112528
801311472
213478296
104299103
15819763
531561605
1881225786
307912317
142905425
29037526
936370782036545537
910650762723807232
18708466
340740149
339336382
764660606
24083901
1583955073
941782988819521536
2857479956
321970500
755504
85003783
302736641
1524213558
115666612
18221058
2334193741
875029068223315968
239548513
18018355
480819245
268414482
27641807
939570735059783682
22209201
81480697
16444291
22894742
17466140
911314518667653120
22239212
17842366
378171907
28331519
203162990
29952857
393852070
92717138
3165817215
20106852
304679484
262388975
33617320
26044686
225265639
744304725634351104
1465666501
33330562
331036671
11018442
49067535
3863605355
836756157716918272
794369722993152001
743362985746280449
17915334
18131961
74669397
338727056
1668303476
30966489
816312923119386625
719804523208974336
4420285017
580125684
237047303
21059255
14529929
46233559
182176877
766627771514773508
736261245938999296
193929442
726929769422450688
721061121570971648
219169428
1628324778
200718285
67577416
89519673
863772545228488706
163935706
884118412938575874
15784513
788889619236589568
32671625
234943628
888485226653024258
744365907514888192
2894761217
12650332
52052011
14581454
17452154
2886200193
412751346
338889727
574168493
349814181
551433993
413274241
907944039273648128
735624304050593792
262799542
22333048
217158161
22938645
131351549
18312897
31524680
4477976073
763528572111761412
825534178804396032
821072950845652992
822691259823206400
15274218
820761991199518720
358022496
15019344
362074693
138146673
4236082696
88108024
885955491339186176
128388773
19260016
29838500
22517388
3438874156
119166713
2715212179
172743125
224700958
106511987
261239594
273093951
24668720
24156740
29330577
23464695
22548403
60682433
842486214
40996128
1961920975
342361812
78642169
241204643
59839834
2180158081
16051471
65492446
858924511
254660986
23746411
24931027
2963973606
824342267238313985
14643178
1059157682
2546793606
2514756440
2432716338
776878206
15171664
74506358
160950277
88776580
128246602
628663273
3845278055
31927467
85603854
237829559
826085385499447296
14104847
14996251
865245147595800576
366010246
2730066025
782973815496192000
130617778
515034648
706547803561062402
24021042
16305370
607788559
12925
69394398
33452466
27136199
141303634
275686586
2463803701
2468124720
292083207
4709232802
288304848
1633987406
1290082680
2463499796
2597498814
2717254872
17565514
14982804
34785922
235161193
10167932
1969455858
765307341533220864
9783422
2529194850
1596486997
16031984
341871198
33442941
2898355198
4803705924
2534235203
4207961
49698134
16008890
3144379449
4898738434
186691329
543952883
543576297
21473334
244655353
870813256687902720
475199073
1677056665
28208983
134316725
1099199839
216503958
237770636
788389903834816512
3218339445
249787913
80883914
19116438
823565852922576897
215952307
30817847
39668527
502281810
61371461
14677919
2467791
5392522
3957074657
3344248390
4897267704
3161564275
3223426134
138600717
82939583
594175899
18602100
2801780500
71026122
30354991
4628602041
45639243
153093481
841463908179169280
22159846
36686040
18078296
326359913
297047872
43736146
394953878
3060283235
19568591
68174078
2180171528
174110843
25140900
2855864495
3257110190
228794007
2303631914
759394854644441088
2499853201
4709822887
210921551
1157861690
772941628134699008
545235190
249887374
8399972
723185462022565888
800942537083068416
16402111
3063124155
92492153
19197186
225993157
105891175
2821147448
3376066540
3321671932
163724029
93121635
2936204887
62606201
476907667
79923701
146627634
290375334
45285833
241217294
16008484
33627557
163755960
36169080
2863488598
2746283636
872570005
2495072576
49333809
43190270
21326100
351287640
77270421
11757522
28161405
21125133
3148787797
276177481
15445129
108617810
25728193
292990703
2651708190
349803020
26149716
447929619
82282572
217920201
66493142
18133405
107436986
36139712
17228366
35798784
32876210
132540959
197224469
5880462
1902773580
91180720
16129920
78525538
52820773
191678703
253712142
27974275
146875185
351632633
378651351
7334402
292737255
172858784
172491865
40076725
26705414
18395177
332611996
450636864
573863902
865033543
2889924959
603025587
16228398
2919021885
20900209
384685037
257834640
407340870
254873869
51197470
59145948
2973669039
15222004
4846930760
16954845
704699171375198208
119199038
20641995
44163738
2925316787
23089953
122130797
31080039
386959017
2897441
300844271
577403888
2835624116
110213431
45055696
1373486120
1056657151
2227275901
1630896181
497428562
2800292898
216296961
27801361
265769445
19038899
156764732
387711015
149180925
294991606
705594052134232064
928935920
14482397
17904118
1415719508
41300925
428772579
4928184425
91942071
3800787072
78326526
15681343
2753807133
2468221996
738009195035938816
2302029086
2320508224
1113516805
3215256993
27453762
35726888
2499517501
289315735
201594578
3917337451
1379901716
2700840230
2182946797
136986438
115749048
2270593045
36711022
701081673681637376
498204760
65992743
4579155913
34676063
4850743164
4850934792
25341996
18565988
2916305152
25453312
4753851480
24315334
21718006
788524
87818409
742143
17446621
16958346
3108351
17525171
17220934
57917441
870498391
192225008
251313143
2825909160
974384082
2981382739
707982165368119296
3720858257
582897918
8370082
85399171
180821354
217518231
234053160
515933373
409486555
50325797
3232908690
625022363
586136477
47216804
2400329084
754485
1888149452
30602016
2860958345
267938462
17844415
3040628053
2319108198
282392576
22269570
263953535
2180163722
261289053
1051127714
467823431
234128524
164369297
234812598
1072467470
1045853744
84119348
1074101017
63169388
1065995022
33576489
193872188
199325935
232992031
242426145
1148468052
31939866
1032290077
3044993235
16256269
27676828
26778110
17074303
1261294051
50669520
221792092
111635980
164007407
15012486
9300262
2836421
1917731
7713202
15675138
822215673812119553
30313925
9624742
329998786
137794015
1077121945
1140648348
239974061
82649553
479872233
787373558
248495200
553863817
292594517
2835962353
28221296
570290656
745671216929832960
27978179
250386727
1017637447
310310133
442824717
242892689
2293131060
281540744
240812994
1071900114
1058807868
33385271
138770045
1060487274
234797704
234014087
137407124
190328374
168673083
249410485
24745957
188019606
206364738
193732179
942156122
704907401464516609
1055907624
325385270
8557332
73238146
115979444
16789970
24165761
1045110018
2863006655
2970279814
43963249
1176796766
1058520120
321774180
248735463
14135426
108376246
29450962
19223342
150078976
15888142
506652594
337405519
33235771
72915722
340613443
248747209
124003770
21982720
15039042
46775436
83487731
606412878
3443167339
21669123
21692297
32774989
19608297
31583882
89084561
4856062690
4319460623
3250063562
185289426
2896988931
2884845544
1526052913
501389799
993094381
3227607510
2568033349
4441579709
2600909527
176692408
613304376
787110116
33787936
15764644
357606935
970207298
47708069
271725689
1132994426
60681283
414304780
85401970
34056010
562381032
26127836
724361691195150337
717896330866110465
19119809
153966123
612473
527526077
243662948
92727851
3363516159
378323538
19739420
549766215
164354823
68518234
25120857
236930610
18997933
2482655844
100150576
53238154
158777509
273984973
35771819
217546128
16409285
65184105
25460615
2206520060
2372164754
709145466399666178
602993818
123945193
18208354
15927336
30849103
3315157103
63302020
1604931252
205302299
99572856
27249651
176328381
818910970567344128
325830217
17344075
233345816
241264057
2292488509
2252616702
2459609448
283335371
759887934
45571759
2835886194
52613032
257170054
3420477195
2233154425
58598187
84358766
25233746
96846955
25545512
19731770
33705556
2557037323
14293310
15744329
3806553495
19247844
14652182
22162854
41419199
701625379
701615052
580097412
17105214
18173624
65289126
47285504
14417563
216776631
3131408711
15926905
44945327
1407822289
26090319
247560825
80366372
438433211
14724725
381688396
3439498882
46475424
140011683
3305125276
2808577839
43522180
39889652
68523142
2176998871
130258595
1198406491
54943431
17536486
63769373
105154989
174377002
53192519
500089281
2803557642
75264585
45617221
1249982359
22139417
39364684
14750424
26369893
1512871537
14645160
3438540394
14819432
221244167
575598669
241260517
46335511
298320111
328049243
38682272
60520655
111385858
1514143770
37457377
2493440148
18494593
112394394
37847128
2472888950
417284503
178940085
135742580
339298403
252574370
437771376
161508874
1445263968
16665921
589430454
273694989
577280099
90081495
208934718
71413402
17207019
160842774
3191421627
1343727325
3143254775
69416504
102600381
3906974116
82640260
26787673
23482357
21346619
66441732
31143489
50741466
300872812
300878069
82691931
309220197
257551606
126084292
121149217
105145017
394216985
8892822
58545637
62513246
475068558
38510946
2267103942
48685276
344143995
22479281
232872974
18171994
237670274
1137161258
42052422
63172203
512700138
130894721
74501824
25203361
3061895942
61507052
21345455
53210455
234244054
1432501634
740936156
17350250
1345702333
189248614
555548903
403084079
3265372914
2421059132
231220896
71091067
32765534
1216719368
963264620
140755692
39547342
76856486
471394955
931154360
901772821
71339449
926829288
22307101
2963280574
2468239741
2780889279
46949238
442237496
2201794429
274789264
156411211
89503894
2191580269
91390383
139823781
618300542
336851461
275754574
243905905
472623389
30271564
155823836
146290693
22324642
287484017
1631970223
166271849
35570597
33830368
126757355
19832580
255302246
1536791610
29442313
135039839
85325811
1017428671
47336979
400126696
579006169
51895123
128956175
602317143
17471979
11348282
37710752
19725644
19089165
915726438
2875485611
17293897
1418745782
23827692
2317351705
17643283
1122192223
15635604
1924364738
16573941
21206424
3074604035
15028394
29417304
1968638208
23001804
2749313005
243381107
74594552
37019708
1191158750
89898430
22128237
2936953745
149590738
241382835
59949396
14497313
50055701
87595338
544517731
284602545
274649460
574531403
74712538
334321077
384031846
1023051954
88376643
16900536
6427882
1228516999
57097104
502135911
121626258
19542638
2759225770
1069839258
2780908210
23855299
64857767
72423061
19494203
17953972
201419073
14867598
121574840
27711685
25725698
26535267
174075503
2617002434
33041426
53297035
348785149
133093395
122555803
1195370804
355708717
255747911
47786101
250831586
229219088
104969057
124335068
215060612
329746058
85616395
8283082
18336278
179682563
1394399438
1249916264
1252821192
438441018
33588552
400193050
1327066436
338491110
18575406
2560771585
379800937
59293302
37727867
314316222
391573671
16872500
2302307900
10228272
592912626
361470906
259736281
50202872
709403699
403502379
1421910212
473231435
2418693338
370851445
358855692
33778988
20322986
16548500
248917209
32117870
386244525
818876014390603776
1093090866
14996376
1339835893
1330457336
11522502
21816984
28406270
18519661
20035593
90552683
18627768
393053595
15030766
8200072
277546050
37000209
603115750
15405726
27042513
2298131065
8161232
14604080
27071444
17542901
29261213
23136007
20256437
3357441
16324950
334334584
25465315
266646078
20913964
33473521
32621370
143664456
126418609
163297524
50600062
275215221
21969693
17091807
56783491
274119641
492399548
184910040
2456820972
71932484
140134100
77056827
14314214
45668062
473493882
398323499
1623433723
1729764206
296977242
178463040
612964701
61903300
472872558
22462523
1338096588
1318358233
9624042
332638587
56883665
55117855
48345097
414186403
403632664
605824568
28171935
150137797
520099340
280302977
1578939732
1130158213
197072804
1355216142
882774614
1306527222
27509906
855760404
1361736937
1882067076
45497367
66699013
25521487
243405235
314120493
43302753
79332579
99570517
204957452
170002596
137524817
182033179
193494089
168767461
456066070
32729193
111199728
288000034
57982473
89556802
258868912
139848744
115682368
229333456
38973010
23089228
80815716
105251590
44527648
112915037
519720552
1604056416
51629376
39385282
1021419234
343608780
321916534
89224447
44143762
30237426
292591922
48672487
15166316
44215023
30104231
631478663
537702411
26020351
277595625
28644174
17844280
37517004
30614676
1715051
76997832
80096621
443215941
33990291
74755679
23314049
20630639
19879313
152801977
500042487
24807616
36686415
57084769
30065770
316389142
158414847
344955115
28382675
287858728
297074078
13333322
56405314
130922325
14847894
17074822
22192847
19165963
25395727
18080569
41055396
22222761
29791700
23997019
18088267
15651878
85679487
69938917
35184346
75343843
158014897
256672816
20955168
16377845
18064372
15358329
180505807
40495710
17883640
78194111
17196684
25108484
14790899
24774508
15703179
14791044
133880286
17199170
16305330
20109973
92367751
52070270
14790817
7831092
7744592
57429065
18139619
18124756
37792861
31444922
16374678
20632796
14622632
19720019
1563332658
452335823
21479907
74835605
18899882
106220335
229636313
138909476
33946296
20019468
82134568
22676390
15416955
17368405
15451591
30274144
18247597
55327075
42709841
30000832
121522631
163593390
184780451
48825085
15454129
25180501
316756361
36298280
548464863
97486299
89517423
73200694
85456751
23911410
25587721
27744130
174042635
197158835
21856179
837181728
273182282
283768782
15120121
97234829
316021052
19816812
383969160
299367982
422886827
851976278
65453869
599444146
20515090
288256108
98627870
177330628
18380058
838458716
111654674
165478097
322324594
15898172
26577824
15221743
484535674
519095091
636926692
37204632
34717669
48100887
111135769
171858440
14681602
32625314
21042561
611182082
16461385
10926202
9506392
28395645
568555197
64283571
44729717
14522546
388626028
157227049
239819612
168535296
107533885
404942436
177340270
323521502
557046543
485047630
84719568
469499871
25885519
26782958
278262089
423124565
425083231
484964279
31005848
261861975
137169355
60774548
199889890
8357192
384701129
18335623
18812301
35206553
27902805
58093545
26085654
453661719
419960770
23151437
144130505
246686801
21651332
24980246
18583722
165511377
21131816
175297480
116384816
37202601
198685736
21735752
143580436
135328880
174294611
94020141
17354303
48442572
61698439
150791272
18671559
257578252
19329393
256113470
34495256
18039316
342265980
516101462
197448979
471456464
283756719
14497977
16218242
155369164
28695912
28400223
46485561
24698104
23806761
100100838
325675612
24248663
474150749
15231766
14453019
14975282
83799163
35623352
328930027
411035937
412137650
200980447
481824903
96865690
63796828
41229669
336116660
34434206
370991350
163316103
237868194
436411543
238319766
17146147
225616580
36681590
36105669
39269998
42973972
418155127
28380724
20866038
30112076
23654421
287281370
67162768
30360554
50772918
46669403
18572452
14444926
22795877
15846372
41116337
186094747
70422990
23491641
23016395
19996727
20837404
19794082
19644356
33514869
6753582
80943051
35616203
32432308
7215082
19772559
15098223
15088154
15099503
26053643
34036028
16672328
199473444
217494658
148841925
43283406
162064245
28348955
26861998
39344374
141664648
14920785
69188130
18279039
18684520
20968034
221572129
349256001
101530596
441360880
180983683
24055334
47774337
425424737
180977528
195277434
193763230
180677606
317276820
19540868
17732285
281821258
138977989
34641628
50008321
42267262
361243148
388344391
71869802
185393105
39186236
130581745
95353205
366207141
13990442
59259902
117169495
124659044
304516190
178117805
118889414
386052628
15295503
43254005
24024778
147696582
378223565
40786192
23018333
20611194
251496825
407977463
369905515
110552114
59522488
243835805
125481462
78670429
31506016
82419963
224900280
103130238
3013511
163588685
143812589
449237769
280845193
372756354
323556863
21126323
334036628
477555197
21922603
456581216
527240192
417953440
479438957
457395544
479474604
409520068
26928278
396794807
408903028
51436020
91295208
69772391
13577172
244457460
352694670
327097579
334638804
252755045
32188995
443573170
15863699
171997798
14438417
10156532
20678895
161536440
15166459
29730065
75974281
24929621
398092540
36303200
19927627
427475002
22080646
413487212
61593861
211942264
20015311
22888607
22752559
15566901
25939221
73206956
161801527
28061932
395309383
407757201
31347275
16727535
783214
142157505
110827653
256573865
214680621
8637672
43121121
28949244
56660677
43803786
109285030
14791251
74773211
21305757
78074287
74773917
246401452
43403778
20565284
339243061
98917636
130734452
534026234
305917537
177465992
239647794
234847894
184596818
432619881
166270127
1319921
200913899
268439864
278778939
335442161
241546412
213455679
17074714
410092603
432766138
203770783
29486936
384163459
43289545
33597201
221540491
184566479
184565738
192530235
198573146
145169504
205412470
16219475
102933651
18966015
194073803
17872396
44817367
224318728
21750997
271994532
88245080
44881624
288214041
271232739
381761851
420804182
128472974
262860125
29344169
88749392
28731194
285282053
15147397
24621955
16381279
31312972
271309899
50393960
17093617
196917975
22872643
17461978
15210272
70436289
128066134
19006894
92130344
226967001
19602869
30109568
21910850
18744862
18745729
27139045
34738598
32166535
83987166
84432417
34438009
30558620
109677490
91700891
17537834
21987670
198381852
29058222
27483369
104121043
60451948
47488414
169280005
82160486
28375496
199124129
237870401
208711264
136361303
19923638
107930490
36072985
66561957
252088905
237845487
36098990
308221961
105927770
25815656
294170859
273620096
45648517
276981055
57779976
254433349
250222643
52344859
274701323
38110627
33830574
16084451
15356708
232360396
22084427
16943339
16302651
14348594
18395950
19768193
17769258
17853760
17453527
6480682
17732153
51492686
166941174
196235064
84542880
177501065
177838266
76338150
185902260
64338176
45828349
171117515
205584866
17692554
105691292
36973711
182401865
42610327
28521141
12860612
19176429
30318395
3337171
24465880
18393773
22070897
14174793
60180322
1586501
121887978
14480251
23433022
16998020
18776605
19519252
16793850
21915666
15846527
12946892
38883394
38649019
16145224
17396212
16818600
20276532
20882981
14089195
14049880
71099570
21111883
432093
51337479
18720595
6480732
23631859
20632528
18125335
18101713
73443014
19818494
184568507
81075789
198572088
31606867
132188898
25393674
62411649
25866873
27109019
813286
22692379
18498684
14550477
15966494
18831507
20978103
31293110
95956928
53717630
59247894
18171035
17883546
127315301
27124714
17879692
75097609
18322639
78644388
23779324
31059928
180141446
14982315
36824686
26056708
73676730
14401698
28195724
35551733
18948541
75641903
246481013
115093438
43469093
227050059
18456892
15074642
21449197
25434201
169274239
252972837
99812589
23508952
138546900
156177602
25831182
43115008
25444652
27970832
266587826
143380253
241973070
39604342
209039950
260153123
173041767
250738390
259439466
253288347
259379883
146303551
111222977
19307271
15786845
217843684
245995410
251325958
73782758
222290890
15177325
214165502
121199427
193640673
14179031
14360757
14868280
54730258
17173775
9605322
7024552
7212562
16688389
16211434
14363353
31240434
19404587
17053662
16186949
23006794
6207162
10798802
16264006
20659839
14327149
20265966
19341413
21114159
66217288
54951973
35094637
26737531
6815302
8067082
15108422
809760
19793752
37291805
20639369
57371662
28164096
21681809
7861312
19362341
229618808
72500530
1652541
22685200
15224867
82235698
83883736
16825289
21882128
774096
14369768
17486893
16944165
39588492
65716994
24008967
15237605
14667274
35792776
27750488
17494153
24775528
21774892
22832029
14994465
22563769
21771224
14939981
42343110
21955058
72644227
79293791
18753325
19829645
19248106
15901190
18222378
18220175
36532507
14464766
50751556
6211972
18887740
20696985
40255499
17696167
18863815
26885308
67995848
18228898
19018401
5248441
18907022
169686021
12844642
18091904
15473413
19552745
18057465
17505585
27406401
46452468
17450410
52939106
21035409
9930742
6480652
23027237
21499292
820585
22461427
16187851
28744383
34559099
9562562
14075928
16588095
15130854
20661539
20020647
15205798
16723838
30973
94606098
17008726
19502592
26527812
24581397
18128265
17904776
14577706
48840199
1440641
17909625
14199378
15370860
12998732
23680913
1183041
18396070
60972923
22575307
17169320
16190898
15439395
31353077
32309662
86422542
48399528
18619979
15913
20108560
18713254
2883841
34192959
54682125
19029137
83147002
13790282
22677790
21324258
41259253
24773177
44039298
48410093
24579796
23922282
33342154
190190752
249346453
68185774
102595595
156750769
16132846
41466852
29484085
28516964
21018995
18464353
16061163
110000195
26130127
127415560
25192428
162102212
28493074
212696558
247649419
187312379
25365536
102218524
233573516
185677515
14845015
18056956
14424433
112006177
16195748
192892308
184909659
22766752
173873276
17696046
18211473
199727675
199728799
200101916
183633127
199000945
196492558
204169065
19058681
14889506
41648843
177805944
191699497
161875426
19488683
48465407
117505437
88554417
114225051
105368325
102548437
16364793
90472483
11854132
14755171
15562497
15441344
17871588
14934204
818647
18452253
17219205
17879066
14404642
14194890
8397102
22766861
85373305
18013387
21129188
25088201
17870840
44694928
19024681
61108285
37153133
18215200
16001206
18200290
15640208
89235135
23775898
18005715
15358794
30042831
107698160
15521214
1504011
949521
15316815
14934818
20177423
19784831
14791162
15515919
35821471
16426177
3004231
52634006
20690398
641433
15668745
19621110
39546218
14312841
7846
21506437
17587207
38611183
15380717
15519430
31183437
5768872
2018911
16116995
46006331
20778387
54991635
24626969
16190278
9694832
12701412
22843068
61240266
24212723
5808612
35554723
1861051
3065101
15398191
27696993
24737795
18224213
20196258
32004130
26642006
15057943
774280
11512342
12804422
16568227
1765921
177316736
200864430
81160050
10200012
171982632
83716559
135954121
182349851
196809475
199386877
24365741
196013643
14345566
17086831
32604347
14190321
16423109
7376382
19571299
24523660
137817524
22757990
141436081
101143321
123696696
69186606
26177528
40837715
37997708
22633584
37045017
23626355
19582385
48203178
23888081
38256164
37344334
128749783
18002296
23122597
14869478
18928877
25087685
32469566
14181054
14288822
15010370
7040932
17022842
19546942
20609518
17470793
19397785
62586762
23519852
14258424
15764136
11740902
52544275
14749070
14378113
19789294
17266725
15905103
16896485
21001534
74411022
39626053
17208738
19353534
165834001
146556731
68158271
26078911
51960027
6181842
96776630
25729999
42747783
24958146
21794410
54315479
75504218
135306636
115873566
14852056
19776126
18949610
15097998
48143209
36141681
19335587
71680153
17909306
21715659
19074134
16801904
50004938
26589987
21879024
20154668
24868011
16581734
28706024
16409683
23375688
15131310
19195914
16852367
27091468
17796018
10329052
50093474
19756722
30278532
2521001
18958606
15661871
749863
15112070
17918891
54275319
12513472
6539592
48255881
112508240
14094741
1468401
18812795
6173842
10810102
62591681
79797834
20086998
23544596
62290422
25589776
41218028
25489250
15666380
15693493
42610472
15112249
91935208
69129108
82647069
194969230
187028061
15687962
50515656
41265813
22256645
14830193
77888423
126881128
156917110
23976386
77271328
39980127
145293288
27917903
21096869
45207571
33750309
24301357
43578147
193511832
191115759
190292423
22863403
103616455
19208457
6541402
117848769
75072760
166739404
90767831
29265181
20080887
28422142
90420314
71273952
19697415
32713532
19209687
156132825
139162440
32964976
85459697
39706174
17524863
37337334
53712575
39097715
96821645
21414413
172887151
14824849
49368656
183310940
62581962
35960001
129425716
133776062
158631882
153852960
194139339
194142040
194515340
173354560
194144001
134927235
194195739
47072954
90467120
102611250
43452157
81189900
191905878
191922531
14771122
190364901
41729403
9636292
12135162
23690344
14663955
40768837
149169643
18745640
18335041
36690579
14230524
15155074
19661294
30009639
22940219
17919972
14790966
6273552
44409004
24963961
45900567
19330043
21447363
26565946
16685316
26347170
26046257
20221159
15962096
38259087
24447643
21829242
50835878
26604904
14749383
14123751
17596014
772471
25940364
22997517
8223872
17681513
15458833
58977148
49717874
17242874
28810824
27083523
14880616
14353392
17444573
25170188
2869531
20710809
18676177
16310534
18784113
14868699
14206711
21278966
14709355
16492009
21148293
19562228
30364057
18548221
16303106
14990751
6431392
63737212
18698775
1451811
86330674
19637934
14515734
52551600
15227791
50826280
27457788
50374439
19554706
44570946
34971500
19877186
71876190
34747631
52146755
15846407
16941646
22657153
43192807
29840295
7860742
38536306
115485051
17017636
14506253
20638192
80700514
7025662
41073372
14681605
28644321
18992997
14165865
18787734
15809249
19307911
97997562
21425125
108294347
2178051
44125306
53414886
