961995093669564416
762389795037294592
868624082996219904
431849684
390773941
876781404478210049
888489008002719745
246076427
22739473
112889614
63683149
822215673812119553
822215679726100480
817380531771883520
16012677
3092497326
35880417
203222867
2283013347
1367531
16031927
110445334
3099993704
340973216
320942528
3085835595
25277423
2331445110
2445809510
25073877
40223755
4185027039
117921684
571202103
3225728606
275697180
3694796592
3246989138
142210166
3247200464
239637813
171197513
276328808
24979293
3507554172
3368226502
3363099796
3248928739
3250085665
3431844093
34044489
3242114901
7004532
2163449420
40898254
60710764
62988756
103223543
2610791137
1578669343
16022540
1932580052
1870360351
19961636
1579587907
1427786148
544457687
340456963
2279290890
46753327
2684381963
7025662
1656505459
14116807
2251007414
1489213771
811443944
164229992
195635966
22303684
2448465711
55972401
1057650752
1500269714
34875898
2278096190
29145313
63813253
34721772
273597784
253365423
1648450424
197285376
1578152886
52768351
29391021
110935306
510471614
1358728615
52207856
405210420
21778272
312427406
309469832
113263315
65739266
13058232
12925072
1348523892
61567378
280616009
374005877
44966340
590204099
379652768
337789545
74310312
336110109
351259443
133867955
211106897
195762277
76570765
39232011
167567599
162515421
253780724
191663909
38614324
15339624
377759240
84763870
78184379
29561816
52791522
35269549
49643019
41168617
36902874
16409683
39178520
28693155
40249309
816653
5380672
10350
14094741
21324258
5688592
14575107
13
6449282
20067354
15076390
19058681
