838114538868342787
469194846
275276082
2864429747
63578758
728673283
1418709085
22160119
695536710663434240
783041834599780352
388983706
850036892
56561449
40183366
440964485
2176328988
273542042
232901331
592730371
25202268
901857120085213184
4267702654
3250141399
1045558231
292929271
468646961
1209936918
1115985253
264361128
862493306382626818
1390318944
169686021
766411449119932416
367965905
81064044
74791999
76987599
3405962098
379690254
334715818
941689475956117504
856288002435420160
834574395767193600
57824414
4911105927
875528034438262784
894465693755637760
920580514318348288
19026201
3009028587
384910109
18956212
2314322184
59288409
2372075479
888433015927574530
18313747
171632862
18983793
18266688
3066910393
18247062
17995040
818927131883356161
818876014390603776
818910970567344128
917025218735910912
894939050255290368
719276823809540096
518976493
18767699
874636442290577410
822462665910063105
31191508
235839823
28436566
129017224
780898131835752448
58120509
56413858
2330590446
723566018094878720
1068500113
31869934
14779526
822215673812119553
112047805
914332780527529984
29729626
286505906
753304151271038976
40094447
118756393
240454812
2417586104
722192639152492545
73495696
61287964
13850422
16032925
20686232
189252968
847172743015608320
27961547
3394617646
91617862
54885400
44166798
890891
51263592
18947645
153226344
4492919355
2722034916
14504859
29249435
281610530
93658300
15513604
208155240
24578794
804980736
3018696308
2934763787
856605207307931648
848195270043197441
20791372
732569212556877824
3409004217
4892135704
19338246
1596388494
25742569
342900376
455392875
4435513152
40926012
2786481049
197418586
26829777
36591195
228756628
29495727
193848106
318094984
17393196
35110248
16157855
384161958
22703645
329801259
3192734733
34739843
41206681
271460108
976857223
14946818
271463826
2201794429
46627530
336669304
973854252
9229672
3343907892
1115509724
22819823
66369181
106597684
383772910
18479513
53120768
8775672
16134476
10126672
511402689
15647676
11348282
115749048
2359926157
474464413
17629860
818431566
234521957
13213122
247723476
1180379185
138499929
18136692
91882544
26898230
45193834
257623216
38451233
309703900
38548256
41629785
41923765
997679491
2720788308
3153190519
19541593
11611052
232442418
274651084
308439963
142475902
18740765
2878411785
1084724191
19091173
16072676
202874176
29407288
18917882
14179819
11877492
17498747
115664932
1216996328
201804770
512613427
131948686
22815383
21323268
16570573
488679352
44945327
21246151
18208354
487198119
78523300
766863686
2865560724
343171266
81191343
10121422
500042487
14506253
262760847
128631032
237446906
38421062
97816001
621351135
800995518
2344212051
2349354488
169203819
10228272
359711510
64816476
325852608
166270127
372552237
286378739
2187587346
755953153
2268304424
2228043417
2281228836
237348797
2176998198
571073811
965427468
166990746
1074480192
65493023
25073877
10168082
18791763
216881337
14730894
1367531
237403203
21010214
10774652
17454769
46681100
38495835
25101996
41634520
189620906
15976697
16031927
36452050
27744185
18646108
336116660
204810045
391434764
28628850
334053327
50769180
23970102
14839147
110445334
27311044
113758100
15693493
323397639
14075928
501170460
312861962
314134066
307185788
329864982
353774531
353762462
384630483
24048295
340613443
192728370
32959857
1486096075
869871668
481480562
1072621693
234904246
63859155
1694527406
15518965
177426319
71633193
123015364
341588061
388026606
540093601
46483082
1160224880
1284993756
345125875
1409096822
376566512
745366351
339093779
902715066
1029387883
90914191
738844790
148024700
148336110
600111152
1223425309
942659461
8012972
23021403
43892980
266820148
6446742
24638945
259379883
62373285
64763663
25521487
16801904
21586418
22922759
19249062
17076218
123459370
