98941260
118567880
2460208056
950068534360657920
2446162202
547163541
818876014390603776
902996089
21998314
816781819555311617
9427572
4639413136
747203794719612928
334715818
375721095
347013006
1269230888
39308549
423561145
18004009
3634508187
83932539
963642545589968896
232901331
994757142677684225
46613919
292929271
951302891708583936
85684661
852380528
49632880
169686021
1056182258
202643200
892880061266673664
919945377691860994
341588819
707265090379128832
34082620
922235585334534145
1537533012
861668545310097409
4871863612
983766825610694656
379962842
346384148
24787367
51661036
3514507517
936090238522294272
2832135565
290097255
64857296
2338755568
714128911823724545
2510374854
29498906
2335720549
802623208704741376
1268050147
822462665910063105
27888259
25202268
923994874713722880
890319316327047168
1209417007
630673071
849277824217362432
4311670299
58466926
16419140
928277218756788224
2164876369
126755086
597046933
272150198
730204715439534080
19217369
18279320
774174489458331649
2766256263
927022530224783360
3406938525
826406978
786059588571455488
857989891979747328
745853715194712064
824801583439478785
4563974475
18071459
1171793868
36563254
868533711368667136
24822993
832788979393060867
2887465954
240454812
2334193741
890002597385351168
562255311
546537304
812420226142892037
1393297200
3009028587
736959136164806657
197224469
874636442290577410
334921581
46705002
571202103
817661098988019712
763567741076959232
46233559
28370738
39753444
111778335
732779507506020352
33280581
1520883330
1453418317
17060573
1125440364
789969215650422784
823069233785384963
832954205430226944
3409344489
166751745
18170845
83634118
894748894789115907
56149176
738980966245371904
832713490213134336
3958240768
18266688
878247600096509952
2641993872
488998711
887760770519445505
820808196956655616
812479795841945600
50164001
864146068908511232
2927284436
361006184
28222581
3277865125
3498448812
127941629
4261318354
15395753
33529092
47293791
16628062
955628749
42266389
2735511486
125128723
545062246
3551446154
42433492
1276101230
17148521
2513881490
816037407015378944
987661393
3297022953
4183248796
823575687667871744
22044633
902200087
227828088
865774267283238912
803781312150540288
46807121
859254355161231360
337484648
467810972
3432209199
21951518
242499111
70024758
5820642
133371829
1876660194
85985754
2767680652
718152202078949376
835860570561777665
342289303
821087931909767168
2771678740
785649571787444225
35747020
4291079838
15764644
252124100
129235890
739133515170729984
778426497078091776
30352096
240382396
364214133
2417586104
707231479047315456
120588315
717191759147573248
954124423
471672239
47204170
827318121409159169
802950117246566400
818910970567344128
245441097
822215679726100480
708161593524158465
3282704666
712399748905443329
15739391
62230014
586727928
722207654
25029495
3284112337
784410571638657024
22703645
2209106522
4121225056
789014308512411648
252852141
29818336
780564432552206336
24127811
735221894853591040
487198119
631310817
918169628
847226666
274316654
757029661289304064
710990834972233728
2902031256
35039490
715044396
356199275
61015562
22677397
787427214140723202
1144118802
126742095
733663714042351616
3914229792
422798683
20878297
44483327
404179950
611986351
2853461537
49452556
2369640619
2422609288
324236072
4703755045
274891222
1684239895
850036892
940368062
1947303967
393190233
273542042
38126579
732983334268248064
3697635196
1332568579
3453942737
4175166177
720258271097917441
25429371
266816841
404478440
49130199
4818110147
1582039562
1308858198
2903166449
27519338
766436258595962881
3092154496
30694631
43332560
16163639
4884762153
896258742
2278047080
745288025035280384
513438857
7900962
2598183050
115681686
25320639
374789783
754832739669540864
421560288
559207747
4167487403
735147297856757765
1948670748
567156832
28611453
29541842
2905527472
2947709045
4191064227
770874362
3860504239
742749379623165955
762389795037294592
4162145293
713207568609488896
76192908
22341769
293721781
2928224473
107953123
25925625
548647783
2996469091
1210375537
4380273612
178999981
749856588492640256
27915028
2830898618
3446634255
4349621839
173247432
15546191
3837629183
3974665634
592730371
820935110
17372211
704034081898668032
28574172
369820241
468646961
799031060
16589206
321528322
4289460455
601346238
2149187136
387712782
4761064634
1871926728
594788982
737768072258412544
932013864
2209322498
76427085
952410990
2986275737
4735161019
4872514721
818158974
500461649
755817369721798656
39344374
39349894
712309141218299905
3257146604
147580943
2510362008
711357572222210048
4510755552
8559342
275276082
17980523
827200291
358545917
18643437
771953244
462090844
14116807
3154508072
86129724
247981000
900696884
863527405
15757578
282275320
326913617
1945436203
19296440
27995424
1222553947
450028096
583456963
54086590
963262460
19417492
1408003598
15930061
67494190
31126587
414003816
43906698
223970563
806075419
317882775
16111766
16386704
594244296
2495387354
1115921820
705231440
798914238
49708023
989446776
937704163
3071765029
22637974
21467720
177813214
524990010
1173578298
3010052075
41933342
218895548
44773535
19892681
366631585
800160924
38762687
3070860981
3405125506
3262809600
18772468
2656746978
2845849081
353083517
611350965
193927910
2984530990
100332944
368793771
2949703301
20080951
207646972
28006508
416765077
18566109
534714740
302209247
25073877
2908170952
2259652932
573056468
2379135360
261749735
492616985
772678230
70468535
90956199
443858973
3231038202
3172937325
70477603
151755285
26496457
15374146
1317009750
2270982404
2516595448
1924098218
28355039
189648278
2434102818
878439888
435725661
2302134816
264268489
750652153
2548063214
16921339
25535827
82113500
860431956
375964465
81014765
1100352667
466090255
117459934
158060289
394078615
1447070082
2998089696
555431455
3180051073
2901264769
540273614
2862836927
2828705712
1536617431
1305732091
342887079
2167674121
40986998
40933129
1930980487
177830416
102746181
19985444
50434933
17057271
377426368
35937256
22197119
2911514910
2903158613
787845938
1227891254
462483569
373703200
149913262
3161716870
77032085
525781567
3079561335
968650362
15912890
2651806537
768164826
69469543
797253074
18863455
1886607632
17919393
27283890
347562985
17904614
1550449868
18089606
2165094500
458214340
478783876
101918522
2540239046
552421902
191843163
8234132
52490379
529555835
19537801
717144530
206522381
435704007
51966887
46190093
323132701
381399271
343041182
176306447
405963037
3022045469
16101182
56548172
1111063441
2794539156
116402625
1328464994
461759120
500368977
270630682
365004530
29465136
760134366
237403203
186306688
815273012
31505215
22091213
22530046
118845216
100026898
2316246829
1431744560
41121290
2564751
802939002
2961359030
98225550
174618314
339832905
2334672679
455764741
773883020
502474118
568240602
15693198
216252276
59244509
18005085
57215100
389900539
27744185
36452050
18313747
46681100
18983793
22770745
621400341
2816975412
67523815
2798417365
2464945057
1736822605
21331501
14173315
2559417079
63717541
1394399438
2874177333
6724252
2811858696
417451460
2792409146
59567212
26820275
2825171197
510245805
303453769
43027751
1950706172
15920162
50769180
16031927
112047805
69773058
176930329
204951406
933693476
609573775
61008839
575636686
58333924
48425734
138864371
1115978809
369249722
26876136
455394184
62348901
715059638
1250251675
1868469498
148653311
601076863
523554710
31127446
445608258
333973042
486301292
1090556088
60933564
1979158939
260920107
27263949
1458687457
502577905
230859523
714399620
17964275
84359334
23251075
565881780
26761317
1957499384
112280016
885721369
69190453
65929480
21541548
60113766
21707592
287871693
1552341818
186578457
852023280
2343949321
617246776
1722647352
622969430
82687751
32449327
970758463
65545857
217512803
611255596
63291287
885733974
531746750
599620358
236996389
525653834
17175662
233933230
2275677769
455425961
2168995328
535607356
54996176
830303922
462155325
2788731444
71869296
14222524
18856867
520011678
21888595
80468102
2305871250
2147635317
17979662
24295482
2645085059
34793128
32497478
15923226
2385637799
2558392141
464002910
54673874
111081551
472155463
73448937
25145373
30440135
356285402
340326586
286349282
83312898
14154693
23892865
193978434
47459540
876673567
21484891
587591617
53818826
885684950
28480422
492310356
195271137
18188983
57773081
383556187
15742985
70424767
200163987
273376463
2635672871
26572089
16228479
61969196
629834583
58966831
285733931
33620267
25770408
302056834
1071137250
193976920
42259293
287197498
14706964
312149882
205825760
49889809
375331314
381618515
30601622
47681231
482506246
2362937400
12144232
177584156
189749686
2178922148
127313234
18610340
393049830
2254719760
20094273
1627263451
217543151
505300048
237348797
91882544
72875666
17970907
74953781
16068266
2310475858
884304968
112562263
74791999
90651198
236487888
1901916354
69201760
22938182
75592503
63277398
621110959
906595219
627821554
259332340
43362305
53403780
347627434
248419585
17983365
453205202
118756393
52944689
363883148
169629177
118653922
15450996
10168082
14730894
45190383
190905427
2488541
191162512
28854604
375452789
46524700
49964679
1667054670
1543428596
11102352
1525441063
22516671
237601705
1936142911
294892027
68760726
364488011
1120785356
1059376884
52760470
176657599
531529420
334053327
54769979
25580745
254189974
531525569
531524384
1110475561
73774016
107512859
187578616
89076159
1598524441
487909278
1955044351
21343653
342821167
254732884
758066780
20266374
42091611
22540858
1250705515
18047695
53987594
179245596
636239122
1337864071
45014748
138150573
294183414
1335434438
80601437
198934587
282695161
16474630
129019194
20897273
1658157224
2168461388
17106346
532812436
1241668471
324693875
1580009174
173106869
874606098
17714851
45450902
356434482
101489570
751214924
53086811
1708767644
1232352379
794401550
18388923
18070110
18646108
27882000
509726800
2704951
17078632
7713202
629547806
28364222
926317914
18208120
17118279
23022687
89120565
19515059
51486676
88784440
1074480192
19031426
22615740
467296247
139436188
90004958
17955706
248867615
567930956
1393308187
399770251
805669518
30117864
61318348
327111100
22966253
1254429360
19364382
145314369
78523300
860990054
194615561
247723476
355956690
196168350
730629716
31065730
19722133
332637055
376203685
714334838
65664359
65517621
98764400
198305999
35811347
128624041
45996727
16076032
247725869
104874562
45641358
462104542
37270337
331388476
36046325
328053246
440601632
464618945
258921256
846479437
1165308708
28008019
906620078
882457231
128587008
110201928
274637076
75029376
19185333
137954423
16364399
97912404
42822396
567523972
18161620
878916812
543373179
543941240
17561562
428619678
415732951
31242111
1326005070
50403442
233484761
212708176
227161165
54338361
1315836344
621862693
452385637
606345587
277120302
44135635
16300610
401675584
208662594
625541717
835440584
465659427
22509548
26226598
18250756
702995419
19264063
893338705
556902009
39768085
42340544
65744750
18058317
1216651544
331481741
1219144500
806010806
89005882
431071870
422254701
66886804
15726358
260567394
474533802
196871565
28731961
48462847
18890456
86886925
1065869268
1053947070
532622381
27311044
15745368
14839147
25101996
21010214
17061263
32897787
16869718
346924655
581523921
73935439
460748307
511970204
792660210
176950935
48605417
502067536
14397239
38141157
22915667
18588822
733403484
383896720
27671624
1018736664
71359942
1191375307
116921177
196969068
378933826
562323802
25828917
30616441
880581516
203226736
1180379185
16584046
500704345
40875530
28628850
128393253
38495835
86674165
53606937
14506253
458716234
139550237
336829000
469194846
6782762
399222360
33750798
250929495
727472528
270412323
212640242
66265121
218348332
118717877
460786212
518399661
20245031
35822388
14389132
540100041
27170624
57225858
740973908
842565144
82009394
945106412
29620256
44403079
21779975
549679040
821780287
588778634
216881337
18461227
86662638
83919094
14678279
458943969
21040094
324262703
4134561
128335404
359175120
35787028
899088097
421482987
29987506
16814727
361394095
733520714
289719219
610888206
473495152
403406021
231815020
777088074
403631939
48255881
51292934
36552180
928880108
90695701
76773857
92032544
549066642
54645868
16672662
403171779
48442262
34434801
399179578
229323985
40401325
251240960
16232940
600348812
16703058
415256606
406616566
170424259
10292132
234540332
276194903
474607359
30811812
28144506
417388541
372924469
15749205
535681746
257082992
99464319
624272345
844620103
16267319
80670332
446228264
15755670
17696682
168903233
4393001
121626258
22523182
17962266
109979045
386331159
831202248
141189815
570911869
133027374
245649240
26903885
22689128
343171266
263758909
575271758
26900055
23257880
15335534
89496720
10102272
170162954
314752435
15984306
22300305
17890291
532701310
603041777
91279573
122754082
123015412
14989516
143798379
46176168
32288130
363477478
28811251
15954472
565883475
160591174
20009204
386767657
333159205
18448384
214693898
20733972
27046785
211655887
97963881
733751245
518122856
324230103
379498878
306419892
38497702
89297892
36231639
152043061
60680268
19091173
7702542
399703982
15966651
586276257
28178127
399028441
131943599
403729859
255798674
80940214
470891681
353307636
115052289
124458035
234101276
242256735
33515703
24923175
479132341
22047070
14749383
51913011
72579376
18916432
17611447
16989178
18050303
3137331
22956220
18828839
19211550
110445334
113758100
113420831
818927131883356161
47739450
7841652
18280993
15976697
17454769
14669951
41634520
65493023
34189913
