4736171489
497794314
1621066993
893933951169040384
1237455871
1017563923
996918918391398401
3382982009
786600607146651648
3207787084
1956901476
558296890
600317812
977918195284824064
2919956533
870786409698738176
3079176505
907563681298485248
555427424
921267416
1359680863
253140733
444942173
351100725
2430881157
207860941
41059973
803722554162774016
963967410070896641
3081110593
948496613768605696
728092664705355776
940352670082121728
930827235027836928
46088480
2989189975
316227123
1958648544
791502047472267264
2788638719
1100450214
148592559
3254435561
196271471
69632909
15081182
790547909943058433
910065533139140608
711674979423817732
2449820868
895736843085516801
1315463654
3350556508
2584048753
50742813
749595223
711314971792113665
102890752
119518562
282987814
763829166424879105
319607265
256023301
568509027
21580737
399471105
904248416326361089
6108862
851908548347006976
3333456825
899564209738051585
414926759
14645160
844604247643766796
412607295
202702999
297320460
411004964
240854121
62131863
306726302
351833891
2792372385
764042742
600056409
284667903
2902252709
286631982
61608747
714006734
878295593906561024
15210670
872868265827160064
89483291
2292649220
461907126
3328803514
388778188
869271629637046275
125319714
451710216
2772844393
21360280
766244302402023424
813099315635818496
371180316
866395885864980480
608311214
252782020
862779590560894979
841037827177664520
449831617
198148654
878112050
3153430661
400406553
856407658999541760
232730195
1152008677
603967786
190906140
470442175
2796794673
845559942950080513
948489864
957956953
143114900
813147489985503232
298221402
796794792
371789748
107823496
170753287
820151136
623879506
821009271018160128
715010327323082752
153966123
470545034
163615261
4096271537
334331683
2335040792
2946287874
2351206340
721786209228496897
533433721
428589438
363904029
814134235531513856
730323020
347608334
3367483114
471192214
468681940
831261212864282624
160171227
907979124
317734192
583742063
212327700
3074778982
743475747432574976
291799605
41183337
2854702635
210764956
413387330
809145329396367361
454146884
826091375158521857
5514192
470489295
768209238774743044
817295303648931840
52411891
817383383277965312
393560238
390272041
624196293
821149138276544513
730161221098479616
788517152680714240
836407909
311040422
159997293
81594412
992855377
367734416
1281637596
317898805
182960660
135980626
743494381668270082
793914094160113664
101478042
807601588260966400
2442991492
292474152
4450195822
21135406
3546036016
304644736
763159420759138304
2472975794
31095945
3234923063
776109725729558528
3113339153
769577435243446272
283395126
2860615499
426210999
2848974915
1335036762
2801620383
152760183
2458150569
2297901945
24365131
149255771
1577889864
752137262750699520
169006925
219476189
63775808
588493751
37789456
735254041677172736
110797547
388535343
141539813
3806169497
702538072001482754
704658121126518784
29090444
2797625683
701689038068178944
2873861576
4833021233
3034984421
4312721363
607535485
385002900
3404022351
4755294167
71102073
4436355495
312726287
916777758
226536766
4048490667
1123599362
4046374065
217251438
2826676056
339044491
3891679701
94369275
605531153
3707938636
153546192
50750456
3479562617
262248347
325685522
163452991
572984884
32355069
3317030105
242022570
3313869979
3402855371
1004868295
3303544262
3241981818
328709033
479745947
3373067938
97359876
3308142371
3048287439
537516893
322196611
369685592
125347358
432376899
418599218
3022799099
271976537
203559883
112147381
479054645
25046951
312556725
557081623
338497293
1541844967
2765781998
54867836
373441361
2366530367
2710751698
2622340517
2595089709
2458287404
71329170
2371114404
2241798514
418108867
114250272
965389969
99314017
2299597036
833155242
282483849
105041536
1954189448
339753620
849851509
558603387
491162343
214408658
839918304
614518882
216806859
376423531
1478036431
1144573734
367900483
1389645938
427372362
277588448
878806178
1377002635
47443857
556831946
317798232
207680193
438719291
269023558
411829065
630084221
46512372
1043135888
1202428986
1075623481
889597380
236519034
1195334696
172431350
447299370
599522805
561974482
736989907
1138323144
95460069
25842466
1118078882
244014614
745568305
1070464687
1104338683
714113564
313488336
133736043
263239199
1020120000
241982792
614346141
144096399
1058796314
171573269
376955913
33977802
76200890
242349411
26570643
413467432
587527300
253736396
26602957
548676667
624605898
198674601
54381303
77696009
138844258
774461725
233682214
311375241
258757430
772935354
234515110
540355120
620284804
273475125
442730051
944003154
19854463
221798873
493037080
491784100
343314217
71501360
96417475
351775828
90233973
82680114
128367790
391835498
344972841
267403877
27944812
239963471
497744701
408083837
8829782
19859340
26291990
273075781
402705472
304482613
51894180
279515942
222532702
220053131
257963409
97275194
36667459
371742116
346224563
547694842
