18791763
49140008
179245596
19609504
16989178
85985754
17091571
16311797
19400611
788049661
35474809
3898598357
19173787
19985444
69773058
45190383
762496814
2327400218
782720001455325184
896093449455366144
918204080484507649
2899997795
810829815313895424
1669275799
2809720950
574834262
4551217760
4180352153
1922121733
3415287255
885089956389154818
883382034638540803
1849848000
574030924
4350900315
814318474134691840
1191483000
2639302925
19725105
49638895
323315970
1616425044
962418734471229440
940074687186345984
800096135217967104
2892931404
2937476451
1936718714
919236794109046784
751482605334241280
948757475230089216
838798224622235648
712282144307974145
630422888
799205060865564672
4702628401
594963309
996820317917057024
425366980
895584531243188224
996457363514241024
22307360
727137760574857216
1375684140
858066163128872960
743042827764961280
621436577
317385247
940365956383215616
383213541
2941294806
3273340652
1065869268
479144347
941689475956117504
58560915
757811997140393984
956339467085692929
812399569376047104
50010587
118567880
1003585314756202496
61672704
36166396
158769098
2316003960
3075562766
883855148136763392
5509762
115749048
5402612
10168082
252398355
2732784567
993558972287205378
894745035068948480
832763991487164416
2473219639
57444335
18006415
1037262350
53722758
133188015
3084145955
50393960
142973143
2791988124
2381246233
2458781599
580054149
49736166
95869752
20714308
14759840
10810102
15439395
116579971
35184346
3169963433
26205565
15876379
1392956425
88315048
1560875191
610659001
2654167362
15815757
874904274
51837775
33856936
745600340
17995040
16297096
106204123
34868965
15912890
2864381561
3775360879
1398479138
107225267
78683448
419520517
33152005
116994659
18379614
14075928
95092020
934160454867472384
139499789
779066700490682368
872547520882372612
871735806884499457
187936720
15161367
951524126547640320
727672002106916865
70024758
2290728422
896258742
155910182
742377702305370113
864351611807612929
46735715
16997512
1000739286206107649
1917803892
3424990769
3222012967
891686817195585537
46808996
3162594446
862319986542612480
36652924
845359054058917888
412522465
836275012877287426
3093551696
832642628906790912
86589218
96168457
777985758305083393
165586474
983136570692722688
892133369965944833
877239859789918212
933788966347780096
997661281392918529
760766585007026176
363124757
1679672113
445990056
4852163069
16193222
2205862450
900117285729443840
967127437271236608
48263269
552419539
813519665360228352
913416571548205057
493715625
702818513979838464
261226885
469999217
187782838
880801071052062720
2707571696
781905916891394049
934328765856956416
980793339573362688
2307296066
154350597
2192757012
71613350
2266673574
54412900
3434177986
187351126
825174266320674816
929430463
911339449036034050
79228319
829290572670177283
763534904
1969854638
982695307220848640
890278574699282432
822302391538061312
741977462028926976
16822681
916177742
947512253674385408
742709341762015232
853397398416216064
87274760
790707147436920832
2660661588
982675379319132160
170716826
18704545
167923560
4515650200
408121047
3061797379
386263630
323223149
29074702
2761431445
109441206
2775866878
409703516
473049394
394669902
341588819
594886554
541092406
2433757075
4885703096
1935871722
2162983369
785727576547463168
532698456
2817070047
283686427
271871753
45589676
931100528
569533095
69603166
607631809
836764484391796737
714524166553268225
793728094628478976
740483180
422245220
2986089359
772204864654942208
1654804826
997503485707943937
1429199480
14714140
1618641848
2237922350
966886033152344066
24822993
266816841
75184478
16523905
947594147166273536
21467204
2817073207
805511952076259329
16117029
835227434681184257
805602229512269824
885612991428820992
24677484
296012434
1301920015
340070013
2567960892
911076488
861442003
118278538
728617212152455168
983483059428261889
816795906179743744
148913740
867435452294324224
1920915014
991470575846658048
788738939939090432
970298792565231616
19236097
2554131522
14800131
744185866097025024
822992921637113860
580176830
88394635
956037081427599362
526707382
2449913803
3759602909
91390903
3760843453
543540672
974671340723757057
29235171
17001090
837798409343946752
1086962856
112615700
867444959154065413
898904244
138058289
798603640613335040
955455558106021889
192329667
37987830
9427572
247124972
789139435036213250
3247084837
799289872393633792
826397825177104384
22872595
335006147
41160276
825025570576543748
398169353
900665617
759928434088738817
18673125
3409361223
3938342419
930290144
882189637892149248
802664335982161924
971981598718480384
890180563285553152
55113653
3668423603
810898260
820363149073416193
3087693439
806743221627797504
768127225484849156
1967216306
929143477274734592
3174461267
915719436577001479
28940522
474242346
3433022621
760963385320026112
350379608
783387952751575040
341200047
4918345812
883474605003821056
74529892
17854826
885610084469833728
854770181221920773
3681613033
317916069
933215602625220608
810230725744193536
2195737639
915691286
437280678
858066056786694144
2510342521
813276610858250240
91407153
786625958283350017
774667042301546496
42020998
834018591766933507
582501111
2149408423
4860451825
317734085
966725522922156032
2200285879
3029243374
237961699
30458059
977394633834610689
18353967
29309901
1059040274
703716176959053824
124069045
3906745699
1604659484
2573939444
936100746067505154
2239864518
4476362176
288868258
1550175378
816564002075463682
882326108145721344
940790712010002432
209667075
172831033
3195852355
760210372888563712
874994308885213184
817214576093597696
27075946
2555233502
10731952
565407573
35167187
862493306382626818
3006015921
248481789
1520637229
764292829040480256
2935489123
756962533022375936
26702508
123886315
119771879
1403108310
14839147
254036748
931000562
2331287820
1911043860
4902369955
799612683276324865
726430582675111936
92752327
930566035
965259182
15918088
31065730
40908010
54761626
3621556037
68526790
940430173517811714
41238485
3806135535
55623038
2648682119
935077441181065216
585373512
14136886
3184462388
513795854
709821426937692160
886997331895238656
1873568736
32626129
1561077758
788918874389487616
20709117
27245742
2510362008
172157075
38895345
1099168418
995822395
801923601230241792
3267757346
327876963
18004170
82689705
46131997
346924655
14828860
15455253
899648533510316032
812479795841945600
884995717462360064
523248016
1231156038
2546478398
862366537
2735510534
4831681367
227474177
264501955
96772855
2374698961
2986706541
774407190660591616
274699227
2374466929
496328612
792437081238831104
454432735
746959126358560768
248510637
1589254772
248469208
72406138
368544047
275113151
1077970982
3323864375
805479163117244416
831597414263844864
704183237015375872
810591421191294976
482471798
68319975
18822612
143169070
19417492
4551720146
954713638945800194
2389453384
753071846359232512
710892812192124929
16821773
54248457
3454027281
760308775786057728
384330450
2924716780
3958612006
626503046
848412300579155968
403806271
94208400
1308039068
30707905
29014246
425218851
229278838
899079080
2830881297
19563355
525884669
714128911823724545
817867668623597568
21192826
806122520202055681
384910109
245441097
21506324
361217244
77417989
1129055840
2703457185
831651493329580032
594970219
879548970082721792
3176004357
760858183048892416
14336645
736959136164806657
2187248892
21150492
21260858
786701463410073601
1852669202
291940918
2907915262
176036131
774174489458331649
838114538868342787
819551238
832965832837885955
2397468266
37666984
32400683
719399195854180352
379690254
4183085298
1683907286
532458661
90999902
47064286
17164830
1566572072
2178882809
287505023
19921268
3501519201
1452574056
2297338710
208155240
798088749221613568
743311013747920897
136811343
150281740
55186341
10621932
738031868923150336
1239514435
16190478
1053958502
991934816
1206161593
1538970138
293975861
443158945
315477574
307460630
254708177
825382857275109378
805525562487803904
275716992
14429823
4184203773
872010359493713920
994459970
11895882
2730264319
1610788956
49439070
1488170760
630673071
812746157722046464
715496304777015296
843223302579601409
856288002435420160
837084094588727299
74450803
745531290
46705002
1345577744
794715364336791552
4649286132
30154152
26520948
907336104042307584
823801378401193984
1581319537
1181974273
803677403184820224
27058591
315142269
237348797
1626795866
18572616
163604631
357029197
1515254905
612931307
165039823
1181842302
211782456
17148521
874355210566684676
469925974
763127590932602880
321777822
789748886122356737
2172140095
909587381577072640
573692319
408023195
34824846
3252846038
749958546004054017
826812456852807680
812135885328236551
804789670605365248
920783748034994177
759046543307440130
794560230805950464
4519638443
66042325
733370906
247138663
757389540403187714
4219013807
16495811
4884814474
705814804141727744
163032766
3297022953
892375125005402112
21949130
1435699897
16926210
25202268
3168760383
29266503
299798272
94119095
906696848471203840
22523182
2922345639
4221102749
3073550104
371882114
14729726
247374262
905457379
409285978
1524857611
30238204
851426978066575360
735498205052297216
2560588812
2773918108
858453441898610689
224183827
27294954
853409704654979072
33938700
4876115712
894500924
74014041
751985094349520900
1246585963
902303180641505280
90545216
55676803
825940918842777600
865189695508148224
629632921
26969584
1392951560
2281546171
735213260069326848
494576287
170774688
32883529
709077126
292677542
63291287
2153342610
826990564398735360
421924127
553224712
2861149258
29879046
840659696386232321
85794542
28796543
779114917748150272
858470205755928576
16963034
3401254649
14945261
1635773880
101021872
411073348
792862490350661633
424652521
15989937
3206254672
127266874
60445791
1546656000
2248221147
18159843
372536101
26183714
2942570415
2367966216
22936237
86215306
779337133744009216
1191313062
817661098988019712
29913890
756974026413731840
20147219
752868826757423105
77570278
4184457737
34756550
836776168468660225
805791368899624960
16004747
826406978
4911105927
756680054160044032
81122942
931286316
2894262499
31239072
745034624674390017
17983365
450356596
264361128
2746979823
327715898
742055549932445696
1889049655
501333858
52944689
21149655
19091173
89763587
469801511
3270951991
754310205546954757
73150459
18018468
89167642
798602418665783296
436244083
745135695379914753
16156157
912827861647724544
747927135847878656
3063990535
1536600704
395123633
4431161327
1888955550
3427421892
21130688
730999815232872449
1135993442
817158216731820032
825874962460323840
3301847203
381399271
2426049895
628681061
1168972057
902200087
823564183182655493
723187723180363776
274403383
16721461
564702165
34504242
3308193378
3406938525
14791251
169585473
1061345084
1949347722
52136185
620571475
39349894
39344374
52544275
818876014390603776
818910970567344128
818927131883356161
183670048
28614262
1373486120
50434933
202396203
823295348047314944
848226062
3271255423
261371390
1118691
2788046484
389039294
817839617378488320
714572211298897921
850139462092726273
159009432
2715228391
4827783416
4855849985
14411136
325246257
782343904515403776
64008841
716845561647931392
2364293742
521563490
832029322693267456
464598720
20791408
466098316
1222028304
481493517
809427176143646721
587967177
3568469379
624419139
758332364715986944
3203033595
871547402452430849
55385462
2401744188
845439872018001921
3396238763
695054484083470336
2920889489
1025492215
442384647
803780005520142336
21374730
860606766
823149192
3871265832
395700090
26408827
16177626
822486681328570368
806273594628116481
3022045469
3886653026
709539226908491776
1431744560
466183294
741123851229233153
3009028587
2491952130
22048382
4817958794
2212677454
620479881
785318767278653440
1160775618
734129107714375680
2753238146
8150772
19398213
248781239
1305732091
1416166886
809213634
826471917473366016
1216957579
3482043801
32138442
169586755
42740688
345586761
2869581248
763878152107986944
705480398537670656
2366210331
772707545307766784
3951563303
714633790749077505
3865675754
627850271
821083234616250369
765382188787437568
2559647343
185868832
458214340
20658469
381678556
3309041036
719276823809540096
755362053984964609
262147093
18002528
70814224
350045415
27799202
2984556109
1681654711
499154896
785234767587442688
840334469060001792
3351641339
809956042524266496
832972496395784192
853060001199517697
409525621
3125154047
826886673103470593
25021862
713782529216614400
714234573345931264
25916881
777676503354052608
1002317977
4552716375
127941629
830950389231001600
878247600096509952
20182089
42433492
65817569
2912461785
44417425
443815416
2543934432
486205523
894748894789115907
47156427
482388629
29210791
34610263
247981000
15416505
19217369
1931084401
18026638
22915667
15645343
3256973010
3198126187
21439144
17494767
2417844248
421482987
597046933
1102507878
873354467281821696
493798148
885147318277869569
313024334
12612432
21888595
63717541
38495835
25776509
317284206
972909709
72350324
217634501
1609546459
842072478834909184
822462665910063105
34082620
113987669
4305051193
629834583
848322680843624448
833208041419919361
820741377197834242
2812638431
142438895
15757578
4175166177
783366801149325312
2524673598
166751745
791249544801554432
21951518
126755086
742369903500361732
286427926
11134252
15207668
14344823
764244117287120896
67657700
1531974344
2831505869
18266688
1955132936
491461409
30694631
16930489
14458643
872606893
1031153772
776272687
2725171190
4850191845
18208354
616297361
870376557461872640
888433015927574530
22203756
4774817840
16890518
29832466
380487055
273456262
3352346254
39076082
780104972
23370368
527295583
235672285
1936536769
4615173461
702705429017706497
800086706678419456
785649571787444225
22109363
622969430
15939202
187578616
2876420003
1146358172
12710342
1494005965
741609209389809664
791515514
202086424
101856262
704391334128394240
821511862881845248
2417684971
22025917
2369640619
2205261256
53958222
125300190
240837333
1343351467
478007109
829782369670410240
1692021860
327990253
55562722
4884762153
763789779775344640
94818581
1085411936
809097792090206208
715558395
242029797
47016586
4720002764
761799487186735105
725654281605492736
56149176
4393803438
475357216
147580943
763535755545284608
857403003808227328
244674034
232901331
34409467
735633664696946689
61008839
601535938
30699754
322879013
24746929
240107748
436360631
2434476516
21677872
750215064
703990775223169025
914478134
864351682351607813
22631445
701825647
119195187
26413056
2743832694
39753444
27995424
90480218
823367015830323201
1209936918
723167125272027137
859179371310882816
1923895026
119837703
1416161688
95994080
1308675822
28399818
1650712530
813866664320266240
39477726
88168692
963430316
73186101
39878846
826979341330444288
209484116
777126939605684225
39510422
112047805
534734647
344786265
92408522
317176981
122650771
3885721520
2993377468
807399219862458368
454513795
50846751
26652733
249442064
74614688
82687751
1355156407
72579376
263962759
267322812
22456513
592730371
2907774137
25975551
25235151
71643224
4480906040
1629035310
5447242
3971636128
809046475275538432
4370418312
2535783169
369029151
413496131
1952182076
837738064088813568
334715818
16205479
245953646
358545917
1601480558
2571167994
3195576180
3761169267
702793710
725000336226832394
720724710346989568
344384479
3018827561
846483573892894722
3105804912
22377889
3294258552
275276082
2362831658
69469543
491719838
292929271
4198275023
41118614
34428229
86129724
769150908265553920
622576194
16912064
22771754
182402931
579131635
210928673
556232310
426917520
3192736846
1933042237
817028531238699009
15212187
89505884
16726846
195271137
16887628
44086072
1889934800
394260665
704034081898668032
1169438480
33155165
333750798
65142279
824044724147408897
146456142
498939401
240120889
24127811
28817252
247041315
790019230389248000
2687775878
3498448812
51241574
3308323093
1370179141
2207787422
21047811
271733366
15650882
15041797
180107694
91882544
49113314
393190233
792031000356237312
2295343929
29351462
3376927462
28730336
879086671
119099353
708838526121484288
900187770
4165642155
786245347135721472
21572351
2349012840
789265440086241280
454119389
357279184
4646744832
3974665634
122006125
785694347400454144
993682698
26748994
3166623503
2564640128
22173790
529548712
261008103
69483012
18660028
1595364620
632341418
532746799
19558678
2581758266
757029661289304064
40783447
3320465244
493390391
3885497892
4509866893
2845681325
749455671918297088
1395839550
15363308
757345172
920140687
822215679726100480
921829986
319766207
3885049754
16669075
8775672
17409240
15113565
31310158
19611483
54885400
10126672
28576135
25159286
66369181
30313925
822215673812119553
9624742
73181712
2359926157
15647676
17629860
48459553
15669672
266893944
59850640
217543151
192538987
20776147
35039490
3284112337
2497279640
462574248
53813160
14362404
3320010078
787887222
1350303332
29458079
78523300
2996253413
2971580099
24388970
704778449706217472
185635130
1407855932
2184024872
925666188
893338705
16323332
88245802
61608747
102108884
4077095548
274316654
818358278
53702603
705173135998459904
25230813
801555575687495681
20455872
53698155
17798031
25073877
998390136
450062327
767930036435361792
298608719
4744839074
3087340352
191575386
105216684
21360280
502225187
4252444512
728268268482355200
770515328
291874773
33529092
3293406121
456342405
705651851329277952
714614269032198144
3192441942
2502895924
722528529716383744
1209148250
186875904
176564327
3151947463
453668785
635938883
554802503
157481774
3301818217
2418424520
737429665585856512
3586652594
779563097237303296
703372083007463424
42367916
204389438
22887113
16074627
76966092
125793686
2834620568
791398287215566848
4083244521
2598353443
274891222
795482561443168256
775429886584483840
325434092
3070209746
1004694289
44914646
25029495
4289460455
2822619188
713461348034813956
236182540
26210888
154681376
196168350
16163639
1589267491
599530439
393469195
2063181
228448495
68187970
4906853915
588640557
876908442
240076272
704306828
71675903
2436005928
2509367595
24133242
463316651
1229074621
3349925638
30575767
14347972
2908170952
797557909
471672239
1090556088
18856867
604115899
861291152
3086902329
2175836343
2865078826
142150016
809505366
16585364
41501988
45838753
33611715
28273116
18256467
3270588001
718957124
4921087510
712690051201695744
488060497
17980523
562408977
50948136
2845849081
741769252936372224
33810385
770057078190768128
608471241
2278340414
3263253388
416729595
41762831
2853461537
126840137
26368462
954124423
1150914516
16827173
764943403482247168
765616871567568896
4761064634
57754858
489682278
724078855418335234
747420327660101633
10207502
259974035
908555298
54386976
19849347
72676365
270679712
559701767
296435971
1317782702
4438143382
850036892
22152577
784523868694253569
69641315
859294034
394797701
75556439
261749735
211635204
132235973
1859409636
161011007
1378053408
289836894
14505838
706105772048908288
18929394
3325081700
705448989030817792
4821375853
49245441
161485260
29210241
559645321
3716932994
22677397
259489745
87234523
4569690923
2174696743
143882311
41002470
54808609
634598384
4564665231
22703645
1370971824
27882000
118756393
18247062
19782840
93288759
3017752532
38335908
4818110147
316401797
247368688
17372211
3609762852
20480549
295824553
929585106
292590965
466864852
2264644885
3361139333
536528296
495601120
30050899
471896078
15438913
2472796027
795368869
2315583427
247971267
50769180
19173608
4105765714
325273846
3368733712
2361224263
67494190
331674222
762252876
15450996
24009801
20713061
27744185
16045956
29216764
149913262
113120838
16297250
382230093
23798694
18646108
398490298
640893
762096368
5781452
15976697
237403203
326255267
756139310
87782095
50902189
3347199316
860200224
736624580
2652435918
4698967314
2922729958
467810972
1861357040
565062169
583372173
320629837
129314386
60418270
118845216
739469799462449152
978561402
2197388417
96442308
3031838684
1177632823
22956220
66033904
227720229
16589206
27802948
104979795
22219473
54996176
25511878
4167427523
872786449
20998010
2833164631
484851978
3293118434
876464412
36679987
33449278
1684301372
898620354
36046325
3958532542
4856364013
1925034110
701541169084248064
2954834457
3672584544
3294049086
19102612
3945784187
22984882
20218885
742016855213232128
23317891
4247959813
301212396
920393460
168238759
3082702335
544589549
403695489
50978806
711587041549557760
312428361
836915180
3407572954
465989629
4910733693
713025118692245505
30296346
696108046812983296
2923233890
315235706
284542517
908546028
1296041922
3300716285
355144150
562323802
49651439
293293427
25750158
33410754
565112799
4445095872
4445498741
76808845
49207725
36593049
933653886
921533490
3464860760
43868864
110855805
908064396
3101613139
156501196
21434408
98769374
3903251179
60616666
391421618
717907210769010693
49431169
107012365
3242652540
950830002
3956055689
178083995
4671193153
88078856
296551518
24702075
18208790
7900962
755113
2605729207
29287030
989436361
2386014535
4236806414
2756581260
935944254
119766595
1459900050
823005493
268607705
21328752
32896052
346652256
492310356
43906698
1109620921
291513513
17804586
18305815
30169170
1717651020
389070477
110191821
169137868
2332264339
32483926
368175960
59625134
62611751
576587778
863569338
24756899
940368062
46303458
176574821
292519466
307537516
1454229751
1580772428
184153602
2346869647
2149389206
18124830
16992416
42126668
280254672
33079769
2316246829
161644944
28487209
453205202
1183685479
921190909
94260950
23336328
1150915164
38244366
66037316
1689882661
159705363
44236584
410076442
18593918
41280377
19758510
20369095
42741029
992193380
164322849
25169797
2312576922
18953266
184018200
1092432378
1849297728
316819445
1561345824
115218307
18604689
986060978
17953041
373728675
83234491
926317914
525656191
60944590
61015562
36814557
299665036
1119607400
600163817
20243128
21541548
232352841
357089929
14412914
507801095
403064943
45150041
20998647
14946736
986106360
49426846
1918348550
546271226
181913019
416318065
32543448
53740848
163671640
277955712
586156562
793019977
17467950
71627462
21172162
491820465
103492704
20076659
581518524
59673815
1337864071
89005882
1488931566
112562263
88222637
42834939
2168461388
35051304
49139523
1720606045
24108211
357049620
978908012
140635519
19552528
45489122
719232147
23931838
343672955
1436790152
177219288
880458090
363883148
20889358
603073859
44002861
535607356
16425672
1418887076
28452459
428597557
4923811
249247586
70156027
1012040023
1853114688
35218566
126133014
438525406
1496545255
898927489
630591565
17070787
369249722
354880579
43252642
304117589
39595443
862394263
417451460
17495624
18588822
1284248696
20897273
98507228
64816476
16377693
55976150
619510222
52559087
155303267
250745369
216881337
15273001
890236020
27671624
258621582
464235324
94607882
1009195424
517823485
910989757
374269607
1549059937
112045270
155025048
5820642
106218527
28914678
944756730
754370958
621400341
727472528
60680268
31947242
454389074
28401740
270535444
1325021844
532603860
32258396
57039652
218669938
458088998
554615090
21669254
900670338
20532568
70182264
52118721
34434801
73155705
431969214
414003816
831864182
104850722
222101617
524744736
1559237605
220510713
471664093
55996537
1489923553
52024198
20200651
16280583
248868822
313008413
1695474900
274093451
263208756
514734706
61842118
899108372
49057307
72882689
856195111
197672821
1260595735
794401550
1531238594
44707136
39608768
36047098
538799334
400429003
62706357
35028052
1095803803
59461030
993951462
711007148
95562040
139263188
34265417
142680138
306260235
1372786812
1191461804
1623194148
326428898
22375126
1495747434
1055920698
183449212
365606579
1700793590
1287138295
620097567
973024128
464676049
822663973
33927104
130160055
260920107
203730706
146206614
325155919
494213047
885672606
946215643
409389563
76858322
74644440
1519536698
62540886
542636314
217628644
48969390
454029369
331693829
302353072
44788203
782594725
527516258
27090122
137954423
270974542
543127072
77013143
619705280
299066548
72475383
16385104
930245052
92381311
1395987716
573812555
378933826
740973908
24333544
16223834
546101526
1011598050
27054030
19768990
16385353
47670025
214916802
341200881
577281559
38463287
208568172
378779647
1429281218
40443752
17971747
824400206
19515059
1155465373
367021773
139020999
372877109
329628740
372301595
432486797
31435069
553991337
97009960
88071033
969446490
106822606
316632855
63600552
84590159
400351001
1151425748
23088741
910823640
64523086
302933780
139974630
261963480
921562651
35654845
466986372
182087016
560828139
143598061
20562637
15918353
23799146
249371213
240736691
446272084
18444388
38444104
59846716
522849671
793103334
58382834
1591020726
536580594
56508589
257912039
212670233
305906928
311137675
30954730
473560399
540391346
21124964
327913057
16886195
1458472836
6742412
78312588
859798052
156865325
367932654
214713778
1058559158
433337424
73229841
510245805
25448459
40471894
236207582
532019601
29451220
273226864
906234158
32590402
386006325
232881614
877790335
130203314
707584363
233299951
279779283
16000199
907414394
489981002
505054622
116420232
302870603
148077072
195533491
28680619
67183525
716653464
353459688
19983868
32595814
22502369
39167968
425061632
839915725
556433657
827947602
971145752
42100669
584347479
309535454
443924415
28240319
389904788
1033057364
19479214
17613067
222911412
469069845
282695161
181771233
22217443
572260847
37056172
18071459
838630554
39885951
46681100
31531945
184383206
18983793
318491039
28918971
264268489
23350413
173106869
964675442
25857217
18005085
13023332
42666106
21369637
105303715
590173575
245013064
17079284
13032222
953991390
367333161
429512592
28487370
529564536
382837921
22331215
236214622
23537344
64946742
16506802
577460870
257171654
16102308
68596524
1564561872
37220484
826301749
612987079
23108383
24360045
403171779
17758555
1137380594
402127143
917167866
62829146
377735275
1247778625
285776648
737810892
27656882
732980827
212049876
534978236
228055022
435099091
502067536
21795901
878662339
576311581
21103532
1246480764
26391721
853668180
11673662
952918202
69190453
47681231
822039337
318182225
350018443
848532770
242256735
393832734
519011732
247723476
101264587
316781372
18227519
42822396
478855762
350293633
14649503
28465478
70587127
828170040
59909115
17829274
751214924
538481859
188158173
374331041
17492541
37248934
329323059
529551094
264686213
105974236
401594262
162915498
864881161
66265121
549679040
1096452331
431071870
28147277
885733974
57497901
16265835
49118430
450697476
620532546
212992600
906373914
574145489
563362273
428619678
554385500
571846363
475811383
54613670
287806204
7789342
90296011
1246885800
1146135853
594368622
190905427
1074480192
342894187
233933230
33186808
104231792
1276599528
1350524456
60699354
27046785
492833134
100480088
476149277
792660210
174316096
294892027
525726943
14669951
195092201
78010564
742272523
19387828
23552459
44135635
443448838
350036388
1352034930
194615561
1199664061
568240602
24566461
1123669453
42151130
299219515
949539506
26475752
29494116
97383592
20414217
16126957
22510125
1005183901
786333739
19550641
92298139
29455844
111381659
612728714
74515144
455764741
797104076
31157393
33152496
485221115
60630907
57174231
344377992
65686386
95431448
455394184
396158429
16381354
20198802
42135344
476750353
43395057
379498878
805023030
43147980
22115384
129235890
457080067
752496636
307154654
127553107
790932535
8071902
758066780
20009204
347627434
48867264
450291742
15628274
47494634
197671768
48961660
308894834
1225484868
17928609
166866262
76761471
768198540
172893705
100638300
4393001
723233544
505500130
29888040
440688620
90252949
53910169
15051735
198615011
460680199
16711026
141358824
191162512
636303971
573972193
827924594
23195603
18323740
159478788
49518404
44504025
846152197
17714851
7702542
19359721
485831834
133161412
1122286398
41957116
23138382
26860506
11925682
1275486852
48485615
428081159
588479306
35234928
238756212
25713562
500704345
594142919
17584578
147698398
23924532
351252549
584222042
394860161
382128416
100607304
340841057
210546085
398036427
16631675
49155869
40536887
1098912428
914471598
332637055
17428378
34019808
478153611
1090692300
364971863
205889882
55836027
930784507
284450411
17000619
874482116
568032922
19511717
39959975
37016742
473556278
72301224
35757225
19205708
361859989
30523058
786230298
110863694
420572112
16725276
15958265
43475901
593700012
245731917
19068720
260312885
148587486
27789999
84338344
617525299
189274489
803769560
28587919
1019060826
17192613
444940567
80601437
184498297
230867660
144350248
13396002
16672662
26572089
860867510
374688806
946542792
401544048
531916865
33872167
784826947
33255309
14389132
1180379185
461564910
73181817
14894050
19381675
564947756
34339474
833271210
36374979
42300159
250635872
159968414
1054540363
70683132
615497361
539430257
256849727
1077281906
121656624
1081841946
466090255
513834256
1069311288
1075197222
1102941451
77197634
97963881
379943597
18616085
1086952340
857001662
1088140784
746206196
17771356
187975219
50656889
566975554
813857503
308210202
525998738
19850687
355589054
540100041
204872686
312149882
400364870
91387548
242618658
17522884
419095470
128360486
932893484
166985117
40481342
28382704
48124610
212066025
63622563
22190800
996600996
314208110
1030276328
223190592
15973690
329839187
58103489
543373179
115422527
710976812
233768462
261933137
901025844
821780287
1022842098
969075140
62077787
724279094
37048473
123403685
290893013
1058702742
102476124
295434058
24781552
52907241
860607366
315961749
314943503
15650397
381140954
79628320
1017189240
1066207495
867058501
1081376455
138190423
1038498380
1074281682
480515620
403386869
885213200
1101423026
1106790398
589400275
122096875
1049681827
892005842
320848710
393057512
48089348
85692109
15645717
1073449170
135978171
231094495
269622648
336507504
477702366
102219035
74302527
1018894987
387416970
119466953
95503338
312938622
1069289803
40366128
57113074
44832407
345759744
26122639
401462638
16479143
452718417
609224045
220138198
125471278
577434930
62692433
604486877
11102352
194947075
577743706
34413416
69768385
1025312623
28690500
145724722
880734110
1081076028
885829842
1099530660
529748357
15454582
324602503
586087993
792356124
107695855
203226736
212097279
495132844
555124249
29487664
14282169
136337303
88335997
31513523
219127318
543565632
434449429
19558891
365833469
376206064
28885440
50174923
23039411
287371352
763498831
73774016
1077827977
814403810
205425209
34784896
355339637
111440588
149315713
158496418
23468661
28407251
168485883
70992939
15990612
20386167
130608234
17744351
92666862
829216771
14898452
391897915
377653938
454907830
23025248
901324098
204529842
842217397
110294530
1106907295
862436984
403166926
243595983
17295837
465008407
53111469
29766418
37959835
45641358
15031129
21610240
61764215
103550181
915594294
829735580
59674605
212302405
209941571
924114080
1049402222
18909949
61804416
93251884
379767285
364610603
45974692
615687834
1059201871
536383105
889980282
95309446
399179578
20577889
32670258
38926453
921977310
878916812
942215088
35784576
71424670
1080575370
33848583
17224930
871121912
116198288
871031503
37409515
601551966
270974417
65517621
536971446
105976378
187547165
14367719
74357390
808221312
535812960
892355978
318594095
57376697
505103050
285999126
812079955
18119606
396392284
910626049
124556404
859875217
554117316
804927926
552462392
481844398
567295169
583348785
788620878
23113181
506918638
797236412
308721235
272237835
357875764
286312781
290743295
468916175
61792510
885745434
357899984
19766278
22594372
88440238
18092926
811458026
19726270
60100421
37791442
22283872
224919452
47957420
218367339
175728812
500406486
353530295
18201366
336710813
762754596
274057621
346068647
82224636
74540500
199875940
50302324
23256613
518663218
24233368
1026776682
860669810
25761316
803356862
169089848
405573630
344437215
1022481914
18333082
112481764
507751051
184995425
716603186
47787520
636607578
14577222
865457791
94586761
23166558
247912208
829804838
876830978
729292453
37532300
231810890
55840287
408517306
58475589
124024091
85371916
552983235
30096408
181293295
562448643
20094273
845719214
202801777
22117615
552732182
18466375
119171074
123617604
402396142
467523179
33811812
16143703
625986278
314863215
191522723
538954027
84518521
115116322
288283415
230885646
270064871
731677802
58953462
59377043
485896464
356837905
14894427
592381265
585402852
49311062
29961541
413347462
128134542
44961495
760597862
37874626
574092325
186673727
232913157
359459578
25579962
167688868
21670832
402308743
21597194
282245556
23453358
19912421
15667937
18523265
277991040
18315644
571447558
29095374
181339036
33641950
932944808
25986794
833990756
350608797
985124227
549223039
720282206
514420227
599402151
112932259
827870118
378545634
883022923
444829120
71337419
736137199
240877623
466164631
612875602
525634270
509972048
722531178
508102147
373697915
792942738
497747503
14834145
582056406
336659575
805056157
844661802
921914659
192800960
754109270
98495393
876442260
417111676
263801289
369056656
286330144
19610325
22142402
35396272
290137961
861261163
626934065
47839991
334506898
610356928
465034064
558428367
179820688
535773306
23722910
328017437
889690850
885741648
515818683
321632766
22239813
49345031
20410334
105662032
63277398
498052677
84831981
34302657
59871131
825801150
63241623
7164312
14758434
90425837
66115645
362232708
536975643
23684807
265467383
182013287
1018353500
16225882
1016171113
553126021
438660600
317300870
932713160
239004957
149491758
233685747
378907086
393634800
427153052
238003047
91405696
260579070
534695892
350643151
1042932907
24099461
49890534
330390978
287430264
19766949
921983294
275652201
79295744
318579399
785671278
80616285
46051012
107980048
19492240
17224549
487797124
397697610
18093701
82436679
210848603
18293052
33972168
76524097
902450426
900486678
353461486
47739450
28710939
123300331
1014834912
877699334
525664437
580477306
390398191
813185570
16413143
394050287
264908096
18437547
204575005
528988614
20990277
19205104
579930245
102861149
387096686
31582404
307629778
351204400
30385667
80638402
515869032
733814106
251969101
91856333
62882239
76668205
75704269
28229264
868749343
239861983
215749324
1019125448
785970552
30472848
947843994
916181630
136154921
137101022
52245664
8134662
1020304968
923509962
552153447
411914356
415836996
550767396
20741759
22861410
18909202
434605401
870213830
119964912
28549426
247522266
60403583
330631056
832196610
503659213
531479986
4240441
113972216
352282586
48808026
100052441
833997992
49546741
16107034
15656004
876163886
565188105
45746929
38550646
30331078
175521110
442209303
805710757
564774747
135556071
561310591
287314441
73032567
68543202
373973224
350338890
30974710
881137596
121993174
415324525
44218564
885489284
378029485
25570457
349978326
18388923
451194828
25726829
531622458
53664305
285791680
46705928
47766764
26027136
35116739
22059342
19686924
18609307
68270085
565112744
25873619
522650006
369189316
222150884
20884200
203900080
18236187
34992239
860475799
262116127
160365218
18085447
22440812
26578825
29647950
464002910
49162880
190378877
547698417
788352756
434643952
15244198
278245984
428539465
133129730
1061345708
950089194
36704131
596025267
30530168
635617390
774431023
928875248
404539126
546347263
525692915
371064566
339215185
917031912
300439280
939859825
23258626
345149891
16449361
14871143
373658858
267243203
512273015
516065423
30797752
158557459
26519763
331279300
33345380
264017709
446228264
351361539
383350510
335004632
607831812
15491840
251905304
1045096429
69642076
105078383
885382088
712651489
16294115
26556275
582944730
713234490
598701030
218111549
450011933
16405982
59212728
256533756
899088097
377797642
28045541
798947119
293988526
55072359
178812801
18248159
823794966
103637634
443044262
446586389
69373781
456348540
17922886
39893812
63910001
376462676
467296247
15891547
184650231
276194903
529545253
20654278
580958513
311896879
393375338
474637625
1049400470
294255137
231815020
26623652
121818407
104874562
973300650
34334142
272293513
37238077
622111465
431244773
23974861
21283587
14144027
121616820
18602254
404979153
31570570
522823573
400420473
112789101
16084945
20623400
610943786
401131191
552421902
315305748
351258641
14659330
48027055
73025974
621862693
113527315
1025315810
17387589
524329211
243450221
743425316
479036502
108012983
16343524
20540306
523875236
199953479
575846022
528110943
1002215947
28565796
390311861
65528956
27333476
54666213
133027374
510782639
911656490
599677972
1048722518
454587166
293583457
72358967
619632302
331308091
66204493
513451948
55953050
511970204
64183846
278231817
99149391
194388713
29284444
132971961
487448993
30298386
48569555
399702823
282271953
16192851
502088563
142926085
91622378
30209291
48248352
898583592
598733751
16043194
22960774
67328110
25750022
338792992
838157954
47673765
278618766
634162570
440481603
43561629
241144285
23963874
27161936
547142836
220165430
484272263
318836623
409767821
19148087
217254150
456271926
19081958
829645010
755297150
24302157
329105238
188594034
624717011
582362420
48083104
44907764
722513881
914785680
811821134
220175178
932966863
211638412
450114516
538602903
386776833
88861467
118483149
405263181
614801913
636600752
27897429
329141413
72587771
314530538
278092457
31596414
906412916
360721051
188527754
625252557
456180100
29257040
500330093
362848566
432648221
575130676
61215154
385997714
396119119
894636810
216595995
42118225
596126113
330234803
32236860
67631585
19685812
246308909
1031255268
19926492
91133629
30602823
876731610
880504676
21429313
603106178
419202462
636383511
52652552
531558027
422306175
586103054
605635673
751725193
166346035
883142600
388282863
27366826
44639381
51294103
22333646
556118417
343772856
717953316
18098616
420617542
848346864
362404715
501485473
47833957
431264470
30250938
34996703
123148227
574019352
18220885
56100728
973503684
121153053
929961998
857121152
353345701
18143552
16568788
35577425
600209992
21125943
38435322
49203495
198267229
21482462
49678240
151558105
932613620
360080281
112333327
25503039
525785725
44204171
18261890
109126103
201278594
864081109
20175865
27478843
430118889
103059187
529925115
8617282
482595199
363882398
47737341
124068207
29359894
263471041
198030170
27850972
352999575
335399864
287395527
30540257
15722673
483420800
30507281
80631675
1014577686
705626209
451256477
522263340
57987429
158403258
548413930
388616677
16490787
81782131
21026493
231023430
536856784
1011627654
453603690
126446337
27917419
54738724
56938314
23710640
214614496
157513553
885084961
15238700
21775637
176406752
25181561
136432427
96477111
1011890714
7179562
805669518
951201950
613963341
537563949
1053947070
449429709
625721234
270397347
120526418
25407310
400910706
17844907
51187882
345380476
937657417
776538210
136055526
111708715
727013894
454980008
55989285
21627601
1020144608
49177371
76057201
108310388
903651002
17467874
162574628
611308603
37787434
495613935
17759984
450033262
45080785
479562736
67442403
294145954
19916238
60190631
547969112
31613729
66951419
19521569
322984377
45285656
16703058
930776336
592210219
258527170
531291518
35264007
790143649
320524842
29500696
287871693
721521589
407084959
73657657
143695063
418830106
583295962
166751914
457930636
382412724
878434837
535355810
174780445
316126656
885149478
16710420
458120629
299535458
21032998
111645399
198305999
36681617
334266844
304218719
19172805
51609807
595428630
151405084
23071508
496576200
346089075
25504976
74467999
29987506
26756907
443159289
79258361
36109024
339274528
588532665
799455985
367630473
20347310
526020757
554335063
15696261
419190331
376388082
319039160
157741362
328227729
14147191
596193642
190730028
29553904
602817314
417388541
20932284
498513553
134600833
55586264
525977431
64095332
16624121
27226756
265056673
21721727
31863438
537596062
408900002
64709081
17084071
103594788
627098712
16254899
466004766
705069115
48047188
524349790
24253326
466981428
808000502
274116692
28512565
318211277
35779221
57368963
143053056
33332251
792856020
254312139
190508058
78199243
27665506
115411450
628904166
395053128
17233536
64006605
54555594
14728168
16814727
707305604
22966253
15244220
18294521
148393922
176950935
109782727
158060289
39869696
342821167
413571025
19114646
56449803
360901637
18456640
5511332
629527375
34842246
115753716
76682321
177584156
89496720
26900055
32071013
15662660
95507080
283794003
20958510
26643566
18089606
248419585
21343653
82144210
551852779
555704190
