16193222
63291287
39433851
1408003598
695054484083470336
18653221
472431999
961445378
29070860
741977462028926976
736959136164806657
816178589200683008
841509042023460864
1000688034239557632
119837703
55605517
93059852
4835593824
18983793
745273
268702954
894450550032519170
785491546900684800
780451584207491072
384910109
919074083559452672
20118767
966737719702388737
421271885
25029495
37920978
10615232
224351791
747544757727952897
127941629
375434404
978773409466277888
728918606
983483059428261889
202952121
762389795037294592
3434177986
2513881490
14800131
875453908591587328
779066700490682368
25365536
44196397
36417257
95092020
848850503723298816
3551446154
2894032402
169686021
403647191
1356792044
1694715510
796925926382731264
166751745
4081106480
982675379319132160
921921205
24822993
2775866878
12612432
81645320
36529101
149402723
2244840272
19415893
4499382678
908400777890115584
800086706678419456
832672006113931269
789748886122356737
802133
18993272
862493306382626818
895136231369056258
3310410181
27716419
557046603
3672584544
515846981
49736166
985486939
951006367
14872837
58348452
871223722753085440
101395252
3075562766
4176804132
3311712966
37532342
803129760771637248
787113920297332736
18336239
730693248147030016
608471241
7702542
491719838
4303298356
6782762
56561449
203226736
859254355161231360
38057837
264501955
2316003960
836275012877287426
822462665910063105
462104542
901857120085213184
129235890
4831681367
582135529
56149176
818948638890217473
817661098988019712
808152564
21536398
919881324097400833
19899980
562255311
44397959
38495835
739610364975808513
963480595
1058807868
798603640613335040
48117116
878247600096509952
951302891708583936
128587008
868150031584382977
714128911823724545
4884762153
594886554
783819402261172225
818927131883356161
4380273612
24923175
15976697
1469101279
2555176531
2260491445
574032254
888519521710989313
1333467482
1051053836
822438166992945152
811133420
2312333412
1327769568
385562752
361289499
3367334171
357312062
23970102
166990746
22956220
2568108282
812135885328236551
910692864706805760
54412900
434242566
942868836
100346733
2798085656
14504859
17546958
19417492
130684893
3441165682
195271137
781716136266268672
944703567113457664
50772918
37344334
916448846007246848
2902585625
112526560
431719095
4289460455
18279320
314547496
794652195484565504
3406938525
928163087127064576
902200087
923994874713722880
852269288
2888153230
704070213143232512
18956073
39308549
20791372
171632862
48029066
2329066872
64643056
115754870
759786534
16076032
54679731
18851248
1947301
8719302
53789862
153517357
48459553
925686816006647808
43277789
16936686
956171191
16538546
48534642
707278892801765377
3092154496
456714411
217543151
14662354
250134716
17995040
902282851499917312
834421576233803776
186988324
27995424
523248016
14338147
898759943393816576
879548970082721792
18166778
232901331
393469195
275276082
18266688
822215673812119553
818876014390603776
818910970567344128
22203756
240454812
422894799
222005349
44067298
101856262
4827594804
22055226
986781648
799641010699718656
26183714
247981000
104313486
237403203
91882544
18005085
903461110765850625
26487169
783041834599780352
19211550
62876780
278145569
18089606
68732027
537709549
39076082
823575687667871744
2908170952
376453771
12634602
3995778614
259001548
25493304
710990834972233728
4761064634
735221894853591040
704034081898668032
2175836343
781125491302473728
47293791
43186215
22891214
722528529716383744
1013374544
601535938
66590132
567769553
441389311
805441372681601024
823977428364259329
3719388913
837853658008195072
838926695616905216
831961929266688000
831887023308943360
828815993220640768
836231821503381504
876684278490423297
98240178
859854436843360256
23812337
245963716
757683962114347009
273542042
954124423
52544275
931286316
2660095619
34900333
30244119
32626129
733458185638416385
1592061668
18646108
266816841
968650362
15416505
3009028587
18071459
763789779775344640
339438465
749686190
2421080683
862328742
4121225056
52136185
261736294
3309041036
740685626635227136
19804673
3094164140
18247062
2764631099
2730969312
2429862433
1119747661
468646961
3293406121
727913871730716672
3267456386
274316654
785649571787444225
2878397393
484983185
367582828
822215679726100480
78523300
20776147
821511862881845248
426862142
233842454
1702155980
4236806414
431071870
3498448812
292929271
10774652
1022783893
25202268
24233697
48100522
4556881220
2695810070
123752501
1417793336
1376059982
2795404498
850036892
16989178
118845216
29458079
471672239
22703645
196168350
50769180
1447794301
2417586104
15876379
1036325418
1022403074
17375116
247422094
28350927
18856867
454232867
822423872
167716675
216881337
17148521
797074507945086980
164070785
313038011
43969372
25320639
801962070
791249544801554432
21951518
816037407015378944
41634520
264361128
3018960919
1633453286
297688038
2215592053
19017675
117777690
29442313
14709326
29226377
18208354
96025389
107190796
15808218
606776750
224079521
550010708
35039490
457984599
2853461537
1209936918
29216764
17800215
237348797
15950681
31464977
95713333
20713061
287413569
2916305152
312696314
39344374
39349894
25073877
1064206014
26637348
16589206
90552683
15022633
611986351
388983706
3284112337
2164876369
18380551
17980523
14505245
18643437
592730371
14669951
358545917
109065990
