48088063
431071870
903019321236099077
1001453952909627395
809532486728486912
1005409465548574722
4056983819
900168096115286017
16703058
823070757232189440
1003971068791607297
28391425
997720243521884160
998173922003767296
1001042123154739200
904174470172033025
1003986016603181056
802379840913637376
766411449119932416
719276823809540096
992081273815478272
3303026415
2163814206
972982752768413701
1002223065068134401
852872565139808256
3017703114
893856362
711197156821094401
339294899
927927498700218368
920432227326005249
952519067520380928
999078491055448064
999275059469602816
788259655
826445551294115840
745717336334807040
981357709890150400
991579097296986112
979069112369397761
716465282500444160
872730202346053633
3328172816
118745885
880357652340981760
998042734236782593
759201588594499584
941724717500846080
4288745483
40706897
990054589381726209
1029877729
328209091
902359681707925505
935253522391674881
2450637188
813115479376142340
996722205726773248
87693237
3185297814
501341268
4893628737
381319309
825451101684002816
438668235
2521293685
26697297
3383903883
937447674495737857
973622512365047809
992678974059933696
4597801212
916089624317059078
17478809
3367987133
82273837
923978757135839232
826293456838459392
817401046989467649
954182009236070400
55840462
992149693290475520
441940470
970707110173511682
34191291
2556267041
1661561491
866469157637959680
936968472898125824
346924655
992173741256970240
905530344
818553347858907136
598802590
831158096831471618
991660732277313536
2719556213
2802396665
872695783
858850129553575936
935722758801166336
908279541910708224
900243692895821825
1705723650
863399994455449601
26989937
502362720
980759917979152385
985312775361712129
2431306084
949030893301190656
754832739669540864
914222906036678658
739762692
756839678020497409
2444395363
212248844
984174677563265024
1087916142
799264962
34175329
2249413736
381985881
984182520039256064
882615488894746624
917159398182600704
26956404
2857307888
977483637179416576
2941870487
937444513215266816
983337707207307265
982277507083882496
138445621
955817579574185989
914280877210955776
64229716
950185749718224896
902935861880344577
972245675307085828
967042969466474496
977136723737096192
3531684437
1904471768
14800131
734555735414190080
809427191847153666
4102376488
974219605899177984
974057663544938496
927314039444787200
36715753
942834839534886912
978355284879073281
854362403705933828
108472767
978856100257771525
886244042161483776
831926282757820417
961746310041923585
25138194
966625118700138497
975382781785231360
956786262328913920
958723462138335237
265710819
878990466
977162928184053760
1602462715
260077327
1726667976
14139884
870650810069377024
842202994787647488
908644780980293632
2859702526
3928768940
22019443
914290012031782914
1127554464
808131576559177728
936826574619410432
941133568931012608
940752388310339585
960611611181449216
635907075
1226523288
931268463053692928
61008645
961501972850528256
797980443865817088
964430267514408960
965246657477652480
895629696955817985
965032010350669824
953795419720634368
28820184
919074083559452672
3836008983
536343280
2274644953
831651493329580032
969927742375563265
909080848477097984
28932421
2256965582
282355995
24346022
351976618
788940385292652549
1689925255
920820095789580290
3951370763
810537088097677312
882598265312739328
969314366347796486
972750758625054720
951018041873182720
792531286426431489
15273001
624376674
967043734356578309
957014637798678530
843284490084667392
966300541180661761
880978144768995328
933266190948028416
2951461185
526960836
542117414
529633251
1955132936
911586668532129799
967182504741367808
40840621
887719675349618688
2831988279
962700083463671808
969581072110489602
930116162532364289
36052928
600075716
3081880392
1392556434
373668532
965360628478160898
3160599212
30449971
202952121
719848910026616833
32956032
26476045
713721447382917121
373181768
16012822
1268242182
922877057994035200
913228118
786261962405445632
966255633732382720
967891805386797056
927622368385814528
947648989276655616
858501829
829391905402343444
575939562
966220767754145792
799542226288345089
182606087
746379668194897920
887342905534238720
1519723458
55428850
336041336
2448876326
4831870234
778517023
965736282151415808
880530036893339648
1278904724
763772555530502144
1607774136
3586652594
965996926029172737
989623975
902531680321331200
806347865073315844
957641791506866176
964101105461399553
943236689576759297
142438895
951392574333423616
101395252
784829417168207873
829358447367950336
964959131323990016
64544088
20118767
934463308622594048
14429823
932671248676675584
960508698065072128
2239462111
954781524867665921
2873870609
802933834429759490
896533218928730117
889233441849397249
736959136164806657
845802442801369089
800086706678419456
905828122876153856
952772051755876352
16623835
2840053331
963179612317601792
958231100219969536
12912542
885581376
15259959
788548986592452612
926114548024782849
918096432229429249
16671007
818300122668920833
884863719469178882
2950628719
960688398762741760
141534505
879866916537589760
34367582
728617212152455168
956693203113066496
951062029
2177395602
1609564021
909457128020045826
927690731006910465
792425445929078788
43415365
25975551
3927594072
529690920
961207139716026370
950758134846492673
957313874537086977
912222665867481088
945432426238611456
960840822215401473
882626906042105856
917934138296094722
2728360603
352429706
959896936965988360
819491240773226498
43186215
928591642289950721
959837061170782208
960587976366592000
960515997122859008
840958519180374016
920067774378135552
3935305814
704353017106206721
574666044
947499951432577024
918887538068283393
2762251732
621120230
701227334
1431345054
181620377
1134610999
313055068
751148068368621569
958464563539783680
927717703573475331
860758062
202609554
947395757329575936
867139989540290564
901665751202799616
537521497
33542493
1537305074
958515450966667265
33535091
757714340548149248
955817092221227013
925448070476849152
926157017009610752
949758815079190528
202754356
743247335321272321
4164286468
705468884170772481
405172788
930277290033995777
955469385430265856
36286459
3252996888
707414237505671168
809560867125788672
3819446302
2599066807
1566572072
4657723574
1441113806
832965832837885955
895686481209159680
938039644901593088
954043126418755585
916688741879517185
865316441104494596
22411342
4520657673
1965838394
942562505183907844
867503324840546305
310548781
926636617040846849
783478910113767429
952553291237527553
4878696827
954658421034373120
169585473
31065730
953776746440085505
940750445403926528
954576746770247680
21567816
15378447
940268509032075266
954497400231677952
1575692791
871506799840690177
2312902755
47178451
934740105247576064
949347166509813767
3024520334
946683482465538048
952714291051974657
567607876
952918391349751808
906569680688635904
884456296866557952
915899780160737280
810827980952006661
39289869
755841039403933697
922872966823731200
800057658241794048
945663046705299461
2525024080
799346012653375488
929699381330227200
947190332478906369
919929824503885824
704003885850095616
805541816024047616
528120253
950396041387544578
880709788035936257
899337010858655745
2837478708
4440372735
759346582588456960
817245753340899328
261226885
41440333
891866077709447176
936999435715964928
916788452909228032
946682746365202438
919121657482035200
950765065367584768
53469304
949321133534384128
825838592979247105
757776865180483584
948874263498493952
948541468192493568
7597712
829346312076156928
943634119451467776
901371049740296192
946076235251306496
936432855709880320
924826585546543104
758782977727881218
883065851691315201
913348830975922178
899349991369580545
264385247
934401925403021312
923276798439325703
849075773101277185
842378744
34057982
945792855053828096
867482747501252611
935306751427084288
944791438763667457
944616016453296128
927114370580172800
115681686
1917788594
938286012060651520
937569189761609728
935569533032640512
10207502
882695438662590468
897687785427140610
3040181828
2596351088
935158156006699008
876123425634439169
3399692344
2963505474
2580382098
831952224460873730
939308365645090816
4691290693
835309132509024260
927826769897492480
936777926502174720
931462985482162176
885878342
634318836
939163174464638976
54159671
908340090962882562
938552625083113478
3176004357
907217932190732288
923904546396692480
760527694861742080
115813569
411194431
933670938683609088
21789755
910788535065759745
937223563681193984
937994339569070082
937990566339600384
930871102598983681
932868662205341697
905006039786913792
934052047141425153
312749376
709532601032286209
935193291137667072
780468551488593920
1598748980
4427224377
929148247054147591
785013451
751163203527249920
935848201306984448
927700219453689856
933783268381650944
930413832744423424
912750293133201408
933397811277844480
932917285811032065
928094224913969152
933226871012995079
933040446066053120
930356608105959430
93096478
3355547532
918561372228804609
916669464027987969
930189265874640897
871498923642417159
931765222620237824
921161616565170176
892174810398195712
3151927958
927162032071340032
906573959067561984
918273119164518401
926537585710764033
931016220819841024
928091668644896768
919697255262760961
928587860319571969
927666255531737089
930157651371216896
905803349576048642
929385164022657024
929032365355266049
924234933429604352
875043675360907264
415836996
55092769
883505695517270016
19400611
2306964991
4906718786
290312127
925908447702536192
848127456078942209
2297338710
742055549932445696
2378818687
810270931767689217
927282251964051457
924728142316691456
902402836037820417
924241012817580032
907633346666143744
4877182917
856288002435420160
293000471
840942270622834688
500257669
912533708065824769
923769536947589120
611052628
923002183360139264
911543448930418688
923200482604208131
922570478874779653
923183235072450561
52944689
856458137112543233
832972496395784192
792808845919879168
921566970109100032
835676806455832576
819236636621934592
1033057364
582373831
1430508206
919348395252310016
345020393
914070530562633728
886733671910313984
921038240374841344
920892962057408513
764952765680406529
921735285163077632
915067738644606976
17790116
736570685225570304
2490186745
883713788922482689
920319702047580161
3250141399
918015068608004096
817661098988019712
864516210
3299417023
1460680651
34144158
709058258120658945
2414888390
840374296082075650
823355938908340224
350522296
744776017739276289
3436908429
779034169955405824
893993424709455875
3262969386
913974370514567169
473120078
900881187807272960
2263344216
820786129138053124
17014151
862838156521033729
825809169815130112
917445518032277504
804575008844632070
857027030386266112
771004707523342336
828754744495702017
877672927751229444
786189934868701184
919548844974723072
919953738974015488
4014873383
859254355161231360
96485736
917361651921444864
910140223161556992
188765713
68526369
1462990218
904020688515850240
887842999278993408
540187221
914706574890930176
901221561780371457
165924005
790692789583351812
875671094077792256
839828983222947840
3423340305
796744365226000384
891016149319680001
909263872166699008
80478879
27075946
305979692
220371869
903146267483795456
916066812407754752
3282515257
915004007998947328
915115478409973760
901498624714178560
765718694332817408
914736627796254720
914559881868464128
890415323517767681
888040697697325056
908041744775892993
17701099
175161093
788690239967690752
1881253033
1636487546
17380467
2970979947
815916290560835584
913422699841622017
737395473233780736
1935915679
849557644243349504
890940626698686465
897414949017964544
21070366
709385996270440450
2550962958
904702704655753216
891058566672658432
38066483
910233202438131714
1710869538
911636076111986688
1969399538
3184471478
2392801119
894966400422432768
549955938
24517955
1967758842
898953248
901030730586836993
910646714876301315
3381043833
1018739077
898276552848396289
54786485
813473555572670464
835819495574888448
974097816
901545984467103744
1578225218
909847077806657536
910534365326823425
909355705903276033
909239614166138882
26018085
907578222463930369
782015956478332928
907587809736839168
907913661653700608
850582473188626435
906588748451913728
2906351399
785549741421568001
904835440888471552
797111066484424705
900605190478417920
274517122
907289895282061313
31276933
1537798038
860951135372296193
25021862
794742864198529024
3036445053
897022531797962752
802218294920916992
18218955
1275386664
891683778791452674
905860618397388800
66867985
756257489520173056
905509655467741184
3685845554
895048413124931584
360725530
903386052018233347
905450585201287168
19609127
3228021464
899366264585564160
3271120975
874729160
1609546459
900688906110324736
822242236389695489
58000475
887785999715233792
739602239048683520
879417712811945984
867755186261024772
772300223330734080
866110653941108736
888212116540444672
725110320
305899561
805083944769163264
867066531116613632
877028522560167936
3407847574
4157997861
900757661137993729
821331656023805953
898141426252492800
3118705906
166751745
2999324461
796863876667207680
573827350
884801023369523200
845767731160891392
3075562766
900786600942161923
900642586762907648
737289682573103104
3274916322
899970068498575361
410094301
703035659695554560
2435680198
779441883097489408
899556865423671298
3091296991
15887107
135151712
22270993
899771420410093568
899437319916326912
18653708
840588336276332545
2429083328
726140680003690497
898371857216360448
893556282422157313
741103834894852096
2888016585
696478801211969536
897055839244230657
3312392488
833612511379337216
881714411404132352
859147115745988608
1542054223
489938054
3939870857
886358291428904961
708471306702823424
4800778407
3006015921
896455394113073152
890676914666577920
896146582395129857
3310939669
2596516920
4347365717
2366707681
261749735
81855328
70156027
4890261560
893805399824109568
862881167531532288
3284780220
15363308
1668756914
191278849
169479199
4799007915
49711587
3947805317
822701304
4761064634
893203236102033409
2314375435
726533301796765696
881103961952059392
890319316327047168
4079572813
4917311502
21363569
3297022953
871434435648004098
49190063
872230337157279745
798602418665783296
795387712064864256
633067163
838246501402882048
3711628096
2342256410
4175712135
614329754
866524026142810112
891591830390751232
54086590
821062432735039488
836757182737678340
822517413732229120
334914087
319379485
878262861210013696
748711844286726145
340121606
813885769949581312
209387058
796109065256583168
2168939118
889981001086140416
887343989422206976
876095133007130626
873197711813730305
589128515
704306828
827523366856835073
402912676
887111337800859649
877315763224420352
885786029067841536
886010874590355458
879145831147991040
885224903607287810
732731925513818113
364380468
881945194349907968
1438736275
882982982226763776
882606848871997440
1209684721
813426434819715073
882679347139592192
882243463839920128
874792524992348160
307118831
4878224175
866764077338460161
873163653570330626
877866087295090690
210978450
3020425427
880526412918267905
3839774380
396716038
64398599
877849310305689600
711356961107918849
865734222903902208
879812870925582340
872894140165398528
141933129
799335719768621056
870437907080900608
597138913
749958546004054017
873686232840126465
873660650505023488
873973869400514560
3104088627
784400769030074369
874624254913937408
316679525
717803408518938625
783822349980225537
874612809082048512
837769784817254400
709136368413200384
2875562541
1651506721
2887465954
863575058958008321
22173790
33908800
792842798542258176
872973983586684928
873767479880949762
886886838
213451424
824060134615814144
871769657358733313
737294036
866726120867205120
302477338
868928581656875009
848327344574038016
3389073989
861757375073726465
780816236275904512
788143044121899008
822825713615175680
827932460440748032
340597105
318694851
866150217682493440
703561088
738542807309160450
132969164
813688465590284288
487308755
19850687
2351091272
859701470601629697
318738724
21724499
3305140008
604281072
379426043
222452046
1952636125
19807561
2798765561
183520216
22292787
1356992605
403992815
759502344207728640
2319270278
857121912
2984556109
556118417
858333407360819200
54424285
837399527963389952
818011052
802688617957171200
806744931746267137
4889384753
827170816777297920
784587134770569216
826471917473366016
22010285
2683032895
801251826779701248
1952565175
18305815
823905811013529602
370182558
2783752108
460378065
277210194
572652029
825368260287795200
59614978
4222775595
1976799128
278098811
791112864316526592
3111993791
524105000
865921795
312260303
23154538
3406134395
454513795
451100607
453368938
4029747432
314472411
1287533456
736413440135204864
100691861
784024821059301376
751271975012610048
3244703755
887690060
384910109
16282502
3499821328
51408393
837250619886940160
1860953034
844118755525476352
3419514238
66275900
706835581561651200
3267757346
803775551102074880
763903558970257408
265245636
216195586
290731684
500191750
520084597
881106972
120295432
56401482
758296749345640448
801139834584764416
2253860190
836744076645003264
465113602
279279553
538656884
87769330
60308396
826512627698372608
2987802300
525636026
777126939605684225
1498573814
724969074
18075767
4765952610
52273943
4810008290
714445385809399809
1186625826
822992921637113860
2593571498
3290965597
1025511073
561223753
787029531970277376
274891222
806149288078221312
59204121
185635130
1455286956
822619881875132416
761641204912164865
2379794034
1884962527
3067562018
3305506851
270636028
33923443
809264068699693056
2974047566
64701125
305402683
31458684
22890025
936858992
1270451611
138182116
450807635
19475996
1371808819
715354484403253248
119168685
138809881
2863601719
833794082
712088477815447553
759259568794894336
782018011536302080
223996109
756974026413731840
874481815
927293780
37398878
2616138607
558360059
