186197243
222794071
2998716822
934396742593863680
977176544
527631475
3087471003
864683591711678468
893170221867044864
233928002
33143
870188018895867904
358280685
720377922503114752
2921759993
2917086658
824233457328984066
115922356
188824315
4334152589
778268740282703872
2976600220
3832638797
702064795370000384
345453173
14390964
4835789511
58154458
73611003
3947193435
602862965
2351891658
137358615
1362210494
401888397
246688826
1707020155
70098522
302700289
45397323
874230300
1638691
148068474
1377391693
251553509
2233775936
2516700787
2564966280
2456348948
277183963
215686715
2294230890
1212544759
347757707
845145660
240192854
334912482
342012034
100473009
277562477
279084117
397534179
