1004563647622836225
3133664856
846381149966536704
746398059408531456
3180427171
982392359815204868
997629647344095232
2914895979
732353906475335680
982254675113082882
963462781151440896
761163587263922176
735556904047521792
820315927627649024
718806088561336321
720151423468511232
925938513555705857
903453560834220032
856704541735178240
987766076737032193
981394841459396611
983661690
293251341
2230572049
860337519799304197
2779729434
963195573984727040
310313976
948248094805696512
757758835033604096
886086234522750976
4497194176
239182064
1568757446
2379580818
2607151485
2839701168
756276352890830848
957776820023128064
720529417
832062937443360770
3317088588
736457064310919168
4462276404
949336465426862080
1424014356
876116374438989825
42877424
3251174707
789582505854709760
810250149310136321
2963160603
917614656012771328
2467079714
716874843367452672
1727556212
897992577953214465
895485867648831492
443153935
875812426536636417
3179544848
734952381796909056
2803508418
814338976165363713
2958754367
769826220699627520
794176624719761409
840758753687404544
