992646180051017728
2770941494
247100165
2984872862
5449422
15212700
610305866
181886189
995028178769854464
1528204855
2541047887
1003208867629551621
179103996
867496776298893312
1909453058
16700933
81475201
69254763
3302871356
27210124
998672720064860160
985924114690068480
874746124673859584
986664781779218438
3150029837
22917664
48554967
3609685586
859041800480280580
958816975567933440
23577513
971378599008899074
973663444183502849
161628984
18531373
981898856706330624
987798683537367040
31226389
987185587382726657
2794664691
716394291820695553
983324081855586304
973982324
109069195
983381627844923392
13953552
978303837818773506
740542066472701952
2755036237
923231878689251333
945684968340164615
541360617
975741034062893056
728919922173087744
555812817
864958013534347264
630340041
386642838
2163372120
968689359808589824
942700782
969212633827201024
14418528
753371793155616769
3033875847
965655496790196224
322760454
21019917
872893702037008384
892191928976101376
821911618766389249
2827934329
477485888
2254024257
1586833242
2855669471
4850546427
951252541152534528
946498668689059841
956693260772298752
36173368
739739459231485956
925827019514015744
451647690
821904218374213632
298495726
946529893055127552
948150478197723136
2486034890
907380488360341506
87797970
472375355
902894177855442944
822716630
947386133805072384
2225701063
867749004003692545
1365724117
1276246051
928626523405541376
2413220330
204854344
880543038644383749
935517671164137472
924709119067648006
16411898
26889799
14717783
43457499
37097007
38491424
3570178654
2855007730
928371003474014208
3238221950
169809685
3225090827
824638149997375488
1056833912
902560455507529728
4020704309
854289204410433537
846120694622543873
912410254637445120
832333438015434752
90479583
921023533576224770
918824656609701888
1528722980
393160291
2218575001
58318899
1222802623
723129702907449345
88599695
1398204360
728211428545454080
1636178964
115679415
1278913668
861765444
3438119429
2306888732
893554016164171776
896102591498776578
748672304524173312
20810303
909478873208893442
43200849
494371783
237456373
2235191251
4654215618
877629044828667905
41140413
889578346727780356
903307970460753921
15422161
23401034
899926505517531136
127122971
45593098
895680746047758337
894176852897607680
375886998
493345181
1548618854
705850200473010178
836779237919100929
200737765
2372282196
885944485615738881
2201169726
885916026809884672
3551136495
3153796259
866711172837507072
21208555
1136846372
17690583
3103007871
434276087
16745577
1665040524
43140228
2786293526
871487265129865216
1676268720
794634592988884994
587904611
843078227488915457
174419736
778666823566909440
944404436
629960169
245197363
65991427
865285906361716739
2507500212
887124578
2287327470
21598671
864851755649163264
28318558
109533917
109730935
119748732
4288190068
86765981
501457093
3226075036
851522119489945600
39327240
17083959
35694375
3035365653
841913369389072384
1104173826
751595066502766592
846772270051856388
852600697011011585
2173904265
1482826681
770698366309326849
1183221960
705146173955264512
25100124
839652842143047680
194381895
2259220171
1710430632
919551456
351732275
819697040678682624
54928951
179038187
1304329788
2919929018
2467462218
6332272
826001497980858368
349193443
4018703206
732527073084989440
4537900419
3374053174
771519754272145409
733100517400924164
61585573
28390482
731923950914048000
1703091768
823581945179373568
908209069
2895293762
1067060850
821378944515575809
104373288
819992930190360576
29270273
329301528
51252892
1190221885
159849348
145347685
731122217258352640
218168341
24578794
798181430400405504
807084886146154496
25575484
806945474875887616
192113381
805214758601457664
954116070
3596301683
14967901
28743977
965142457
3249323055
214975484
15066876
1132485216
7851172
16570318
2458697066
86300978
798893140786708480
790860986257317888
48054671
347236142
90950503
248974198
1660835581
19855204
2695049883
3074314125
788856342798893056
4015060433
636707222
786586965005086720
785819275831369728
1293772668
293564709
96037030
454195011
783657929744482304
39506791
4810299750
309040553
3304291198
21802814
111674427
2477354024
777108656236011520
773882744954912768
755752372324798465
776555947443511296
776507219315527680
776186389755006978
15170256
381556160
771548011348451328
768598717398036480
79747155
509283913
3374736802
1117688185
13137022
377770044
597004395
1156749361
748110718675755008
202890435
4830941247
522756445
3318744151
2241491610
3652196182
563900382
2306579816
33636365
761368815900950532
761028466837852160
760995623529308160
322630451
2380616827
758777959238938624
39348604
752562013121966081
758704361300226052
149866764
443945071
1580832080
166628775
602100363
20610289
18226851
82765241
3048661803
4385421951
80282377
3145207149
730349567670112257
138461794
730556944872837121
706533732891676673
747510709303513088
117411995
505307868
275492753
3131442705
242444623
68765178
984517692
2842087954
94824790
3303021549
334072853
725485842303619072
2798555590
224654534
497956144
23988915
332451043
730619153132851201
898946624
3180466841
733521574490341376
4889412192
516198702
735358134898831362
2494340462
1155650533
725776215618019329
300978967
14134676
845141
18143413
2802519079
732999318286688256
728270240321253376
751635697
451826327
94487448
732189925940940801
525334283
486871713
1514058230
2589587083
2556419099
3229291352
18078252
6862832
60621888
383396427
324070246
728663273663549440
4881093582
18817073
15290294
338011138
3306819759
356169894
3246269706
2725921153
36413716
730744232554569728
413253752
179851420
570310529
3237635797
1330390680
335067450
1237051501
374424547
730170037886058496
129315638
2297053591
101806923
729715931597963264
201612601
729024621069078529
997236462
304193840
728816089103093760
728774319829061632
186133192
550444769
728265488720134144
392723608
728270940392542209
725175176032178176
1722972990
723742954418884608
2251125241
80122538
725614956440358913
43549026
1517570112
738905354
1951043377
724166577474682880
34759182
716935040492560384
289294895
2826725218
4919783854
44994228
4292624962
705244506610774018
311407420
4188732623
23274081
602189400
2923894270
705765217
719935955335942144
44401482
718055792188985344
3739826055
912852980
186674557
2891044083
35821300
25986415
52127061
78379372
1651215511
3194674370
214490910
4120935502
317106383
48056647
702553867796520960
901956217
4851168327
4361767455
45564714
4876412710
2699105556
462077390
97000665
156019256
132728670
65122792
4860483251
3305381427
216176294
128969580
19721284
2333032803
26755373
255040719
3192436598
4735378818
182776102
80849401
15564564
481630327
4648198496
3378069806
3184506858
47865477
2352151766
148414158
2830871928
127928308
1948680224
2870381175
4181059522
3303376845
23746590
912208938
2884840865
172942846
2332523660
1156221950
256193249
10323112
55209639
33597898
1014378523
4076647221
4072188917
4046480597
4006426813
102761346
409680437
3588074477
2432233939
3387991877
2788076612
410048215
3723556158
218024954
3028357067
250841535
2412053041
1511502494
3701810176
334564808
30840017
91884097
3177841372
135844200
505145762
3341929402
18066944
2690849651
898876338
3318277027
47666535
3311675725
3309891258
351767878
1592590002
14735505
8243722
930672577
8184102
3397643409
41206513
501394429
411015317
3342835870
3235334092
3375641134
41104026
3364525413
3194402469
376460441
56142077
298724462
3311555049
1022398207
1916570844
1420923572
55126845
210660373
3315281717
834534283
40900926
20985265
2472704857
3304888474
23664267
546023508
3257768266
2303714420
14554657
45873276
277728265
2729899548
2426188206
3224674009
1102741873
2969704083
2378438017
3246529312
294268053
289653730
20168054
3011536327
21830865
552252489
31012639
2600538319
3288363441
976267632
168227856
2796164198
29092109
635461105
739269242
3165318749
141092646
270707101
1075114165
105239885
3252582657
10077362
891457352
921902664
501035933
27376142
2557192675
2434042320
1563593432
25571574
1408160280
2349217868
45690330
15089948
14854961
149826455
26018179
2844108593
371901346
3179459127
1875265284
2951528052
19302645
23091194
3097851456
1384456410
11546352
298899827
18232841
280702984
217437553
1464955021
192617461
38441493
95286060
495749911
615667892
2872572370
161371621
575555115
3095051133
219393130
2945940359
3131094143
19292008
50850950
16798006
3015897974
136733764
122025945
3041600365
3098307373
3071651829
15585285
581396459
3091433195
133247659
2857372021
2860876290
112802980
2885361652
22146018
68349114
2447655864
112371289
3033691236
116622296
373131539
257608510
3034954193
3037072624
549820890
2474892348
148822746
3029137048
490577703
3020131522
921934345
1489210260
2449447567
1676420120
543130227
22298189
557714509
2992555588
2752831603
178111110
1401050113
34127592
17352243
138460384
19428306
2749648363
2370824395
419733488
52085307
21653773
2893624523
21034845
2931596378
16137463
1086870883
22717141
2903217107
18695697
2858478230
548989587
10201722
2617280311
4509741
188156839
70479696
1067989220
589408945
20097808
631019315
2907179136
108672937
2178411
487757286
395893044
339297336
19364253
8492622
14633767
2250582733
2888966232
2437391226
26839933
559323507
624891651
2647742042
239950446
2788857960
64516530
514375228
22063028
9416712
466726525
568980920
22203
268449146
129225630
559837256
95131337
2493540116
15448149
21101306
250935914
2576431
1136525257
1852936092
2693513166
296903580
19487451
1723905210
125901669
1127639406
220871398
2458892718
2409542472
281541402
166902496
1411432166
16047639
116272595
67395335
2163177444
1349794693
259550453
19685572
122107612
54751981
82768367
11731322
374699095
19294389
153047235
16992388
220126202
2291936946
1047559584
17916617
733299750
1618662595
2750745444
258844515
1952763782
476894528
278191637
487840423
596861249
1339148192
48557655
222204014
369826384
635598909
903974023
23908154
172018245
605934790
6479682
2693386501
729242005
2669692662
559084088
717063018
790096987
23655205
625064780
448647703
2482745659
40026891
55389946
1260535370
23437682
432060308
35751030
443846946
68419693
2511196866
24500036
1134025404
21800063
24931506
180984675
426020316
2505289592
19926012
1418540804
512646194
21114164
291838764
1411105375
109140800
87385002
17983371
33978061
320376685
2449322706
1535034930
16266742
82192610
89887198
14605233
37979150
2476343539
14455799
2282979822
2192390305
2462293848
112454084
18252796
2432178355
2382274184
22676614
2392017546
2373876409
340388549
22746972
1484961512
1607022061
883532293
2174439128
105745969
13565472
422287269
76673897
271962647
14207595
1291016851
1868911538
385910999
1892199733
27763626
25065396
21163925
917635430
611312598
1131922207
14411355
165864348
18272473
221865685
586725000
38580205
542784515
390805981
45888030
117440840
36081082
946901479
21984273
35022773
22019904
400516356
480832646
256110788
145236121
6457212
155934445
135163305
367102815
16679641
249667239
23951442
17053868
20564812
419540146
49750100
418881617
68978991
243233213
511206167
458900048
14482731
180171381
130284862
21094939
132172834
17093617
56474245
902391762
298580695
749721906
445175720
19656274
598393926
31093210
585724922
336042923
45606648
15999045
4115451
22505168
295458046
296942691
31502742
22572946
396055114
546041141
19308762
211245822
86205882
14230784
155371560
2026
