2886683791
955942381970382848
135740275
83443854
290067072
4488858014
991622431
3041806787
2264878122
788426155925708800
880291435068698625
2820530295
1482695678
940598436
447685008
391734465
907280537416372224
717763483157209089
949903338631557120
75741873
84761454
972660286955118593
119229724
378684902
104916879
821855389
747847447
1259746627
1333647714
252193398
3139477784
109616029
174501578
920011069333979136
875191559809097728
926272805758554112
261361920
390995354
452943574
45186055
229033316
723940385047740416
896576469123702785
486969404
872496993699897345
84202810
293063533
773634511791947776
234088034
88143494
3252924282
82949288
233350893
1618451179
321717093
447386759
1363645843
435964930
1120151185
474213039
251492143
2332029048
44493548
890291384959324160
1463559722
4860027038
1109638088
3638157916
858140893630480384
125283511
559039305
857975516170670080
213957289
881706749702660096
858471793144864768
391050181
160298199
813946771520880640
214119006
3010442558
211778170
2401879849
876604362189090817
2599261171
1036481965
4203957614
620418489
41499026
2400183337
47881680
41731711
816729646846922754
63770820
15635191
115418078
51922449
890280597926670336
781964246246535168
1184874020
2355324871
510894797
2192914214
2231063575
3832603098
1935269162
2893180716
2209272198
1578895026
2321161561
96634419
71130723
824451951047966720
101658779
706658575
340283630
3161836224
65412033
19542001
368418142
116258533
423849423
892081209462976514
583141672
34357406
3722113874
2847847041
1410281173
37323507
51599026
903095457097900034
842113173121458176
420521150
135643164
912859539480834048
366661180
206240358
88972552
4852413514
433575980
1634687972
50057241
88392584
33544352
1397308596
625857758
539644310
25071402
95685197
440712782
143372602
33795075
833136693553352704
880553320313745408
592091336
113417086
1008128580
798711448775987200
798885292518293504
316769403
733720022464389121
246407925
519952294
836433806018117632
2445330312
1052787834
2232058862
2712432901
882439019862392832
164667219
79046647
2370454267
1434316548
1072594441
1449747031
2282998123
2282220960
440370171
263930284
558818929
526171896
755436139
719099510
1170640351
553149862
432060442
117141868
110855694
340342599
770043572
803594829053775872
805054639
345501445
17230018
186533557
137726439
1949894574
89311749
36808175
2606457408
1702666544
56464152
38526607
130232412
80103477
34499075
124405878
883780088
935337536
2273847973
132413469
1319195527
126744409
160251812
853408128481730560
61355746
28665877
4831142864
526814137
806927925043830784
841534920497471489
566037597
822938840931454981
798256113959505925
192990536
19356823
2619127871
722603987568963585
106469826
390470957
838762739254308866
129628214
799175258
117603554
101651686
627574213
213698984
233543018
238807707
165111862
114592551
3873965293
1643265978
165631605
1110733818
290263127
821162946206298112
214208596
2222324148
125540246
850962907672301568
172346252
987664214
715338768
107803742
20542393
91759111
813286
712579750229741568
2362200080
118241069
45733970
43566131
22700117
820846696372568064
67555066
621235842
114904740
133766879
245936268
2875616533
3169065290
1544808433
2815754953
268632904
124495105
68488945
425733058
242445890
2461174153
133054393
6291482
40488493
1606707108
1861297381
2569512913
101520317
1279363284
3102530902
4764625104
2396873587
1664313241
95229015
1413441612
902870790
292728205
353198800
227917868
125177917
3115933559
17070714
3165128447
473184096
59154532
615189767
793098003322171394
241325638
360024536
861518928
1635887754
224945516
70598840
74029741
525657233
2512875247
98613134
21928361
30412016
521391995
1173383473
253585590
3096188116
90684036
993530797
159608238
38732095
86773724
171116752
28139905
437493554
148297855
50067922
736324876558946306
1283820343
613182658
4756412216
3020003120
1589503129
892549892
1084032673
462967773
1053376928
840686210
82220015
1376485788
26185445
21369178
3298018944
607321716
57457781
719356549169340416
496490778
93701998
1605581221
574789932
2249269052
2738091988
23178888
380891417
987556117
50340436
47312069
3141305171
541667630
4907091738
14538763
231351857
3407932996
797949645829865475
2678544263
2584329152
28940083
791292265
3656150777
351104532
733455510
2798985931
61587122
2834533685
204179987
40917745
142953320
64055616
303511993
851525425
33587566
15430613
2889129193
1243971194
786021997
854082600
249752847
2422334334
23145989
292477862
189331676
1539807698
32828599
716999530995027969
1635712332
225837341
1086772074
552929700
2534875736
302601993
28148876
1676525214
153656302
623245910
314986773
116246577
30889536
22543350
112572078
217139759
19182138
28266014
271919020
159368301
187543803
85698025
21175812
133501902
205325601
203210633
224374329
563262627
20559914
297614111
559120680
409522375
114378694
243541026
116602060
2584529353
1270738711
1694289078
475249310
4380460880
725501418497445889
1465495320
55760484
118687771
19081001
19661294
779664078
76785359
180167939
251724201
111351340
14055296
243832873
79377160
31716443
2788508000
23794649
14730343
2834911144
1696611762
18863815
163834624
150003563
2161686931
69369997
115515444
164337327
41005683
245501609
76499936
125757774
162966403
83927932
376435387
138072143
1548561128
82717109
569254873
243894586
202321002
120548601
142253460
479078325
20455887
232245653
14290195
43992241
78364553
67760095
15949817
2209343700
254449601
2307040928
109374325
313951293
221470760
449286709
408515538
149326818
2250413600
974034344
112467236
338026616
205915164
373369727
1552506474
249196966
986901060
309934624
1089509023
104898696
249746634
47050697
44828172
106918352
60638225
737490901384105984
1312281013
736391894
409452617
758355139778359297
88969629
2227447760
3296491321
46284121
750034571748532224
726175711229157376
576987514
738746179438018560
2872690439
500286364
1315226900
832173924
814510250
254399176
189800491
94156913
2635273913
229699166
187638046
317142124
3795336733
2351021946
906417612
556612171
934937802
277583791
158511120
111110077
103033665
37705479
38277042
14135853
121883701
52422182
236636515
38278953
58970005
41851448
23377748
103963822
52998787
148372339
109651819
1935742783
19889168
35541975
799168800025362433
377177052
18923343
251538489
734861404583256064
70801724
31680726
116710152
54187575
21534836
271683245
80066056
34723684
97734028
88957440
778772002567880704
2896283722
81884680
807610280129757185
727253400
3192716655
487092321
286506167
217264351
218710883
4707951374
143143792
72950601
786001257609605120
2790651212
109621903
3161853996
2687625156
1355967367
1063895989
745673659
1263199704
1094283038
135531047
114821589
1258612098
530884727
555290527
180275605
2182790750
231577324
2267620283
3344244314
858305708
358338598
3239951506
134596126
712396801303715840
329321428
544910028
36158959
705598668
3331555420
222349275
1601927906
756197361748090880
67380738
115977913
77040152
75025438
708204413
329488263
3158069268
741865116
2342712786
35764728
1378455373
2526207188
103700448
173860156
1138316948
767113917738790912
3674785812
365659879
706989507929890817
81961953
358269037
56259903
144923326
356652660
738416207141982210
4465949780
17540485
1182604945
433915568
62770238
274211133
1100652715
2445809510
111105017
1382717473
261452945
352041178
35352270
115096859
102817149
4341386956
154711827
511182586
132811266
724744354103857152
754113173150511105
4540180332
371037557
2386333164
794302982
790781976
4197049398
730422669041012736
3065004741
120822961
2892993135
2268354534
13001602
762758845957414912
250023825
1562541049
40540451
80056207
4136861913
506404866
149218981
2437701986
171777988
3195688232
2811643723
801820963
2915964900
1406914928
26380564
20591744
69739236
3249135685
4914168748
2546612785
1325038770
69414625
809267388
736255287921889282
601467459
163924793
130194455
2442235167
59623377
752898859601317888
722801855705649152
739617096468832258
725546991221092352
738163820154228736
717146477722619904
4638843432
714573353261006849
696927648988196864
2745479533
708642877732233221
3008559901
3328647605
705112261740904448
3236556468
718929397634310144
3095160454
2218317817
58871082
3753313938
2892532653
2276784031
3085651971
145779909
501003921
706336650566078466
3727106784
1176153217
966677203
1595070374
2400697836
1366142172
199589316
336770521
89582354
4924144428
204668605
758106391
3196930576
428802698
3168409558
113751608
174356573
38239319
336056562
366789034
275849933
149301880
1291837430
286772755
314350626
628691217
40098528
313809039
313749522
44670915
2542765590
4140018434
1630381495
3198285905
236849151
584431389
590264799
393863990
2344619779
85380340
11456702
371732110
214757909
631260803
281275950
2747116938
170504972
50505691
92602509
20444429
81653301
4655709314
3773763612
83867220
58879208
195799722
31139023
177740354
4251705078
603282816
125562385
1223955540
1237240099
1129608006
994051764
993283470
1163006594
1178871662
66579257
701570582
895959031
146152880
2577805283
26094519
1171476457
26144902
4707981734
260281138
2992772266
2149284096
465247578
1037389688
1445148350
634842683
133520999
1279343617
2149322857
357702702
2427952357
2785029013
74495081
320915503
284347224
512824020
195515878
98276260
296592711
334201927
14513033
374686467
9429542
3069819156
337943946
3045479911
155441139
15344414
1069199844
2663837040
44833834
868137444
329387521
34200156
243267795
176512528
21844188
90057238
3253413343
84978989
751850605
229191355
67627719
3090123806
549609965
4374961092
3712528041
1965866570
114631813
409546299
144296678
80635411
61021139
154980041
2657521513
481937152
1101478171
250269925
190891445
2342427188
82406287
3312626264
160131066
148112157
2303685738
83518440
726631800
1687185738
1692820333
33881804
2891535721
4126345512
128714450
82194576
138222773
283325190
1246594566
97007033
83172189
201718078
538281061
125413036
274145603
2248262418
3185841320
3344270478
131319601
480838471
104659079
124354180
3262203116
146589502
156405314
1077886753
211642818
118161896
276108387
78998229
162228597
240000044
129280923
191949347
273692315
267433110
396945853
602406088
50672288
197583082
770219239
380567317
3280962542
962634128
950992585
48829630
104683173
544897099
142758967
1936828411
143637490
169888814
2822014593
2425151
55072675
104490755
126432539
929487601
1176577052
263794947
1046352673
2802228181
1421841415
1133372743
261465726
743405552
123096120
3293445415
2896164207
141281940
215020381
68506193
730996422
236964652
121549722
262389559
3307356451
3305597481
72612497
69489016
256249187
608970631
2572666914
171154734
537480207
92613985
132330097
1706231534
441067097
334705831
252687994
182932053
175054999
187981817
14116807
262951508
64826618
135622652
3063676443
1489205042
94028202
1078587416
1145293285
15429316
93080970
243711677
94154393
1646515322
3273158041
3270429456
89303321
16792258
85997630
243897670
32545074
193811318
254274083
70263333
34746971
270005881
82908370
85788068
225179780
317557872
203307919
138554627
228609209
133074605
485207048
188103460
42954266
298638577
476031767
365090662
166594238
198969509
217867164
281073402
221676481
899450888
1390139634
1236210972
165203981
285277076
330763865
268361752
255753195
58041391
148964067
127873874
1638859772
483373550
2339178511
779349672
68506753
474573432
128929097
2601040028
2690745050
1167593275
18863867
604648279
2849910621
110332354
25504390
125381483
365445243
118524575
77046221
118247792
2893823423
104398563
148448683
69514271
42358250
135785246
269889808
301540491
65161245
561471584
138816199
330065779
554578305
2887720869
3233211571
2209252657
2350598876
107714342
30973
86559416
2363645809
79245318
167272914
1009299486
2927996313
3136886400
915384590
1148462179
2478575257
390242186
469557836
88980448
469417236
31512116
2949888430
302184973
68931996
72789973
85471405
106154575
1150804818
3226442122
3236329940
77018858
192402677
240336494
279112643
1355778380
1009694862
2753528598
392879989
3075632910
3038643223
2818952300
354007030
814075772
90897367
48175638
75179299
96018597
116541593
382740516
110588091
110474025
164149716
58847335
62844209
2658650143
3060604242
1901834082
461453805
2856953797
61037935
2188885158
255603809
82476782
67629318
83171183
43091034
90719947
1190425374
819778417
62576701
413840802
2291302555
238031347
94138837
48816917
1561619340
817784875
861846776
219858307
2485484208
32745368
278104862
500461239
74587764
1195807458
2285622499
1210546226
313036632
24764075
14792927
419906026
265631324
132939255
1397710974
133524022
370861028
137907761
1852303249
46796745
27482630
106291027
24113852
920407026
706695534
65979639
93711247
322703507
90264274
783214
382267114
20536157
108457850
2820639392
16895981
47612389
38679388
185248328
126188258
143466772
82657275
373140977
60103408
319286551
2887269525
254585983
166744823
63142949
2385659526
14357275
2842362797
24392193
39520941
6963872
34544853
27408585
39789995
42027974
42029459
42029109
29018452
50809377
109579509
181334468
1354808786
2151773917
2159914525
971316348
1072567266
267331433
399600757
963650688
479223158
85664490
152809338
551540417
339475361
829997748
346364000
96884674
101920157
256376295
2347568984
2332567050
2318224226
2352377274
264318966
161134181
249919500
184487399
198006631
1442955428
450476127
1947830414
2874737380
253065815
440535520
125734285
1080407922
184593313
405355739
1480799094
309905123
736191956
125175501
2189290514
200638912
278174494
53453707
405098517
167210896
912771829
1917931519
594959754
1611974113
156792922
1434470881
2891818021
762008731
106261107
219533385
17372602
1613748236
104177077
57449249
1538034133
141045796
112631837
2615952174
2836307188
74305053
112921782
843128353
161734463
2873939373
2239288226
2254445515
125176115
97949339
142041054
237594965
528468636
27492521
232604234
189344086
167940144
79560703
1307690317
71268059
915550093
48079831
300100604
28001088
237625469
2185839486
42342493
407904252
51687765
165388792
21105244
30885248
58866604
43778014
756388226
124956649
2221604968
64256113
110637007
310391882
150857673
2366781228
242410493
32319951
186516660
133807822
117246614
158403194
2778782960
14254520
116588052
184282628
130934881
1168931125
2279476748
2547296534
83753072
109431441
211266269
494586663
84617128
297724264
71940068
147667145
82788234
2870008523
177176161
148513350
443891291
1636532352
95711439
41116606
1587147637
427740159
134833183
20633032
2385899964
2183158382
302938174
292072914
314764246
86962432
300983788
415881051
69413371
109157742
1292002370
33283942
313790795
195951901
409560174
275591862
58119841
145459626
305279513
105815038
2287599433
353460706
106887027
2424999450
78311694
111104619
126748046
364070973
542183783
870679398
991892389
382631561
469915193
295926979
610122722
347496167
335750728
62447154
113529739
1345579976
148853101
93660683
348546871
628118502
1550957574
168557923
2342252624
94872011
1666708400
108434822
101913326
315310364
106813038
292666180
69196022
1877584428
76251552
120835612
1481498676
321606630
26244066
246106079
900565478
373539722
1739692783
902545394
2491777962
2341500698
2526349466
2433938708
2393327714
65026616
222291714
37011348
289181322
48158247
2599376875
290401936
39690141
21731490
154683173
321122954
2149445605
1228294027
178204132
1953451040
2527578756
421734331
1963358917
500300644
947019572
1557112608
363168872
1650476288
31926657
202767864
277832912
72382674
261261112
73935457
59836274
60078943
126227233
49326815
38718635
219381997
1247345594
166242968
2727610158
461144578
840912086
439019938
472483729
327865677
820743847
327030346
360090118
417987982
635715367
587796894
342148105
181689606
128811005
161916635
462273118
1689124279
719169680
106300744
29036076
277180205
40949882
596771904
526984694
774588164
1239189354
1027687465
138380149
70506663
1014384037
2485815110
100061941
1214143584
2541987979
125543082
182680252
1705703036
2360217499
764319397
2588312125
1228312916
2684186460
21839695
61841037
192411115
799618842
84166399
1090098702
2610492798
262948893
211953538
163292809
2366310945
494039969
2342742672
2475659113
2171604650
21365896
2468520450
583442936
2379413498
433181253
321752415
33543881
20013113
82017309
196754511
20348431
459516221
105818665
907112922
349747635
223400942
2385663674
1473457758
466839807
36928426
273056992
380957466
66796893
441959168
46919513
495472675
531442877
602463146
476875939
54005749
82064606
132937730
2292826218
121009010
963505290
256146639
130907918
263916784
56123129
194140226
56772451
41850691
44931080
118634341
309020976
1224869389
319287640
294258328
92082021
99853699
242499885
828033854
104846297
74473079
62536844
278822771
36751350
419626381
386670965
242758337
244218738
43115590
1569142490
491939014
316923827
443109366
1267512901
1525893732
111648925
102402541
353959801
419715974
771641540
969193106
124949059
1404137052
146649677
59246363
139850058
84219696
116655679
146614229
131729765
44923719
1112938314
83749076
184046005
40780160
51325415
582005107
111134905
36696463
73517704
189534066
841273166
82714804
241792303
42682228
20213328
327005343
62100113
98687461
222305983
141329514
366728376
71303860
83882783
413711832
94137469
746304721
583488712
308694564
1019183922
872630720
70031747
348566949
337999820
231610644
107534539
153468222
257632213
261310479
14288925
120108814
113236879
159264534
113800372
191868641
31023547
25401359
128713071
77893962
201089794
456876198
121476588
148424002
68489829
51658330
131995901
362264628
80098132
85693499
98921106
68240346
140217673
84905749
143370482
29250685
185912979
26289923
410959262
49758266
468469701
604939318
137486112
309725596
266956597
173181733
625996155
517022531
406330218
274295589
465852953
600332830
399782340
242757647
364477596
516302899
1068653131
145104125
21681783
987435914
60838754
90752546
248225920
490151722
450841972
635652740
500250352
20536515
118539291
39816601
176411975
31907515
18189768
26272380
226023004
177613620
774204570
225212750
117569547
66766886
88974647
7996082
595835171
15820664
434366547
330481594
142822026
85625564
28615972
101527536
121855993
85285932
352077541
165940340
567744736
15346086
64051613
64655117
158390241
117632168
398908048
57804665
277867310
58908652
156675637
140558570
517743239
277249254
17468170
67679151
27911072
197517721
76122124
942884202
337500993
596849962
823130696
900840955
90346160
374902091
150832830
112244575
589320254
589319578
54989438
42782290
105152635
36100710
27139214
242515036
381923553
104427768
147227083
145712497
722415858
521439834
101848547
216394171
55008654
5833932
461796190
66374824
92850633
64444249
14780915
45220969
231560378
110301074
255608402
286269942
531780584
846476263
175204444
93980327
77512825
41380789
69121927
519652849
310409762
208699970
41186594
25453238
165886875
519083878
156681659
499947995
50393098
497285485
189583974
58641092
62519695
23224159
108740292
96161717
84613584
112883331
133062071
612455509
14641021
608794317
81980290
136076052
137910796
617960607
139952587
246487262
282289065
174351951
90011720
34785450
222969399
253266583
35977487
166827972
55307079
34363947
76717280
52123226
19068156
392371895
71495282
50721738
16409683
15648827
14761124
263084845
226993739
33948518
239522764
94257305
33734997
208175891
15732219
27909036
195933066
86113920
75347351
74321432
435299501
80064831
49727721
70552000
487007643
529855269
47786489
16995969
70466678
45986928
81048349
7540212
4097801
468741166
82184217
15212604
78938710
113719996
8273632
48330513
180505807
12925072
33020319
26037326
41156599
84149661
63580647
30917455
150344596
40131441
113240939
190456056
154978665
322004861
267369749
594179680
224361856
598569675
14689728
8230062
73253165
40915037
86167825
112876885
96187825
82140184
163563492
186242643
532674380
56499368
126745056
78309686
176493986
147430591
240767170
520653311
532655344
41273036
117952494
46283202
61125353
430394141
21447363
102472753
74750304
244749450
199424745
114552551
83023606
76999370
80599544
66389143
131617388
34083132
50626996
180050952
103411336
334767666
40233769
275251396
291811706
540407105
26697899
99185420
524798956
221605643
11805432
128432907
185262968
137472587
130257996
363936601
367590912
216571132
115382902
95350241
161460594
126514523
231656705
399489420
169384192
24969337
32155074
315274866
14230524
19757722
113118958
38190507
42517526
43764203
259899376
17823129
142860505
428333
63563841
42481059
33884545
46185987
84625571
490166513
268869105
244616455
471574114
116832880
333494815
144394471
157522930
18653350
16676160
31193743
136214725
194327389
85345126
114894699
61696858
110086189
40511992
89571231
48436234
27986223
76759718
82119937
146200269
411218931
247046579
67078807
82652901
124061018
41421105
55628839
106876550
76628542
14469769
380659459
142941202
19784567
38693792
110586630
40255499
46527223
41221076
22742867
215102224
355693841
352457529
128360048
109387470
169279319
89210037
126672013
37718134
266320857
147076992
84958588
223044236
74580436
35310222
68763748
44409004
3233481
218695564
111455567
43172504
87508031
128100882
44554692
53007005
2879551
22529067
20654052
18600518
156115248
163561056
90650730
113693283
354636452
90261005
128982058
15707399
75178495
122442458
92565470
83887991
47205009
103145762
353132287
43908012
102729125
89974208
78461642
29337100
220154324
39903056
112057739
39628652
127671275
52267283
38347116
67778493
293010985
134921442
44465139
110483159
16721910
95257207
35832826
84427100
239469292
301529829
183343802
64573492
255625342
333703999
24019308
18730977
24715169
67690250
119247602
158540575
175465379
27708897
47256841
150678850
87775038
105267220
91375577
149204568
79880298
27260086
78639527
54810472
23646067
155718357
75809461
27449298
106207295
33617427
119084981
41294708
118849927
85478408
203728089
72361272
166692599
114635314
14390187
39600564
46365884
240915888
57186187
3362741
39203045
808213
107120856
103506565
96802136
82978967
20458105
99693257
76429392
102801984
15934029
83297130
119393310
130939213
173268786
59225421
81256689
125538081
143988984
73191113
14207548
106775151
71672291
67392455
58835677
58871589
136346432
115193742
182011271
319876401
124587104
97739302
79129693
28121809
16676396
38871237
174717054
300969410
103954026
28404785
74594552
42183286
10457232
75334313
36307418
23605048
85426644
43152482
42881092
30996535
153191730
176461907
46192526
167182711
47756354
22965624
11740782
143722100
257085483
10228272
100489557
138307295
76038813
96201251
128278252
211875652
182554419
41914716
130913046
69898248
234968633
193564261
29464732
135032108
31241437
14268045
2760141
103117390
104638469
85484324
84733567
87245586
85398954
49702281
65580199
62185934
20214667
94133288
71894114
94457200
68599103
82460764
65162107
93079852
83454267
18445186
54066167
88093377
97259994
69611603
87614526
55092483
84117529
33071809
83918917
24938852
