2847691336
813929797
737824736470667265
2370283937
744564713653174273
1003781510711988224
1410236454
750046943905058816
27789237
76715323
34740650
13215382
274264724
875371752582467585
64119853
21103888
866726061786238976
59553554
155544257
28406270
271725689
188803750
586291040
2387674651
125481462
2616145214
3333055535
133028836
780206406024691712
768648128035598336
215487565
826209765659385857
823349696945065984
510846846
80913631
786309892990574592
548384458
57362322
39155029
15467700
35773039
826260761915826176
565039710
978672748611489794
624056226
248884036
417572167
6974622
340613443
913983698013274112
34133456
2822863047
68611923
3010453386
779395991413919744
2289770467
800194936461135873
279170268
277853976
60506242
113560280
15676413
768486347300626432
20097201
51241574
7786612
911406450731253760
130051975
14362404
7855062
827523329527541761
64916983
134532916
961684141610762245
14677919
30924790
219041453
1512021254
246939630
865739141690138624
979476230851432448
454071012
22236163
14757934
40297195
890408781544378368
776059417645158400
968708109383454720
271436156
243965913
701750402786717696
86336234
65647594
723260142003752960
705209963694587904
14707666
251918778
865596977270149120
18912121
96675300
22891564
52392666
881974187589603328
129853177
160010755
20073120
1887595111
14360757
216920141
2308491256
809519333034590212
169939182
824834152117784577
18228898
964032914626359296
965266179836252161
730899167740989441
1915033663
19397785
92580421
18586983
54861430
472872558
112243614
755141170288693248
15846407
24913074
942156122
461720085
47438401
37590426
476907667
21534951
846496843722887168
1188081602
2911520575
38936142
33206335
828719562027835393
510464011
2421067430
132339474
133938408
887010284166144001
947894837218492416
380268462
11744152
65707359
48100887
837493634610126850
842550390818201600
98247788
275197798
1183041
16460682
1106501
17465970
939570735059783682
784575415457308672
906960201957470208
787373558
20106852
83675402
342863309
18602100
149249831
309922248
151967576
21035409
14298769
1711586252
1167735445
24740039
4823897435
860123351154556928
467823431
759251
1917731
807095
9300262
16012783
2303751216
2297143668
15978412
863055164940464130
493169878
2863996955
7429102
476256944
150078976
916444409553489921
635608354
95520415
39364684
55948054
3817401
1459232030
369621758
2334193741
878259902686396416
123327472
378631423
519072324
59843304
297532865
12354832
847626557380218882
1017637447
3300184439
23257981
223223376
239548513
15804843
1604603671
245548093
891450230
24889586
759481842814726144
3924002953
874673688498634752
373522445
33540700
41017380
905154759560241155
564668361
21388284
454313925
87454288
738080573365702657
821387408
870077183028604928
131948686
372536101
21252618
14324883
21966695
79923701
860456076
500456877
16868756
11606922
858924511
278124059
22461427
36686040
123281817
129905901
17335703
14641347
20540348
292083207
887418059501305858
824731065520574466
824734510323535877
824708824800059392
5920532
145313067
1390918700
1383272101
21059255
14606079
186667011
830908366377611266
130496027
4091551984
834081571493785600
33919343
18227519
16378486
15976705
1579422614
875029068223315968
26642006
17882773
796811192924770305
236930610
14377605
295325513
15111156
15931637
7588732
111683028
871466086293794817
44134773
15441965
241382835
21879831
47098558
480120122
830896623689547776
23281108
2369325200
186755547
22187085
2233154425
816438390862282752
723185462022565888
242555999
2342513659
14260960
3223426134
2889924959
193365375
17011177
34743251
38970940
398088661
137052694
132496568
139738464
827494604144537600
3011691524
820378690920058880
15483390
94921994
254036748
821782476515409920
4486093643
582897918
939091
731132367058968576
781172176607207424
29501253
49986034
17944853
47475039
1551418448
338608917
18382184
37932056
32004130
21258337
577436900
2316383071
823396021573140484
2317351705
26053643
309282144
4797361833
2918426355
66409312
2467720274
824333698728333312
824277855832014848
18018355
2467791
15764644
2836421
824343328837791744
824422730162405376
824797212425191425
3289946727
746387674286559232
316389142
59816209
299802277
71832238
2255182597
71339449
757303975
824153054731759617
824315778866417664
824264707641057281
824416532377796608
824302085265035264
824248798948052992
824495955848204288
824433789699026944
824437258941980672
824119137031094273
824450140131975168
824494641890394114
824473943931293697
77764733
824116562768621568
824139632354988033
824137712286441472
824126001936474113
72198806
824190260338954240
824028553067032576
824332206952714240
824270573203292160
824320219866923018
823565852922576897
3240143771
20772763
50325797
2293315159
15220768
382685028
17366486
36712233
409486555
874916178
13393052
38712779
1051396218
289342771
1969426021
755886754180243456
29450962
1357975226
1626904404
22771961
139162440
17998609
818513652814843906
914588454
2915971617
1965420800
304679484
805598230226620416
18464266
810590628727914496
970207298
798592799247572993
17494010
61636488
860555190
30354991
627799297
244532473
810540336326000642
19568591
59031230
34643610
97040343
2573480784
31122582
806184745499557888
32774989
27511061
803634804642217988
216495966
24881388
500704345
4508740541
62606201
2863488598
962197608
2365950774
2496408438
882838615
2365943066
2496469717
2496440941
2614089672
2559927866
4725821855
15135675
755113
18244358
131497030
734740625438826497
367873443
381078471
281177488
15996661
70502952
784890784273215488
234270825
2240756971
111141045
91386979
18064757
24024778
17854063
550193822
11856892
780104972
4211625232
89351830
215207998
182545611
2884771
16906137
61734492
225265639
48120914
729680672638394368
13493302
48802204
1286312880
721119821065269248
14251225
261852987
91180720
182503471
4207961
158426909
49698134
114101835
184136149
321082871
702147673651027968
39000115
17579312
172858784
47216804
502135911
321985527
3497941
27061115
17365337
139823781
2372164754
158414847
8953122
78961309
797401314
3266848870
2927801088
1536791610
2269570470
19725644
122484616
26581267
19777398
2225511763
12292722
2250794556
2233538845
115682368
213474069
24921197
1686407630
35407181
124335068
151739057
1686544976
78693749
32193728
428333
8839632
336116660
50374439
21220931
1416488203
16711496
367284950
64827034
173999134
15279429
7334402
398092540
15635604
1395219314
16900536
1604915342
506652594
338084918
1339835893
28134825
44039298
1330457336
197594920
22931893
1020058453
5695632
227837742
71597660
1093404122
37727633
15224867
30003420
26033768
133880286
733228808
468896332
14780915
1093090866
32876210
18704659
32342984
62591681
100220864
20479813
249937679
15808765
922238588
16017475
36473948
332611996
80273245
11866582
31312972
17446277
28204375
858646280
16303106
361965946
30345764
30016344
35865024
813286
14075928
97280062
282789898
8771022
179150049
15473958
555129716
31080039
55493018
490117736
423065979
86330674
80676984
180055456
256302342
287856067
473050607
19018401
27825390
43969388
455288410
25203361
170023489
17350250
407977463
23544596
18009781
28221296
277546050
130636009
21414413
123958896
14511951
75974281
14506253
349814181
20221159
13784322
76987599
19697415
145737381
267978097
22898904
180014279
142157505
23480093
26565946
23881287
238253619
16125750
130617778
288452305
25084978
248917209
16045575
22339052
66645488
31353077
19279990
210334764
191007877
14514804
18101713
90420314
14824849
259379883
24608680
121626258
1429761
27110078
46186400
80700514
6480682
115485051
17461978
15485441
16129920
17220934
18458142
23159418
29119687
20393510
