43403778
960652434
19279990
267856525
852343640491995136
38671739
1732995984
34036028
26053643
621105008
2933116851
223671790
939907888675414016
342863309
114840227
27793335
22143372
938100412300906498
88471724
27789237
737980128832159744
861731641118662656
800942537083068416
855240223432769538
13657662
16948493
828706394073395201
794651044450041856
1448772696
951193739581640704
1507338108
91180720
19397785
2481896479
40296465
38442478
15764644
23824000
371539066
215790341
1613440802
93270398
375837200
16546457
23557758
42535683
398278536
829142086125445120
24931027
855604858321346560
780454154959523840
227837742
29450962
45055696
1498504338
338650873
1678498999
175861593
66739464
74508260
4804785672
854112471581327361
4854332050
132339118
1096068614
2875641098
292083207
178778119
19443952
38477209
1051396218
30354991
566960412
1715229973
833727863656480769
21059255
21410672
465046121
1976143068
3167508269
3576200834
541175711
3333055535
2253656905
50669520
341190477
3319372098
2492279785
1018361234
24727201
183958809
235238966
161425978
821782476515409920
20772763
21728303
1055907624
15932715
1716256980
402957663
14982804
36992033
824662654065274880
4833477208
43963249
73238146
14377605
2332431056
261157191
23406730
763317208629989377
233783568
803694179079458816
58503762
825151045869432832
759251
19697415
232337748
30313925
816302372226035712
50725573
819224053919739904
3290070855
2293315159
16455297
409486555
2330975353
3187848737
299929232
3059951966
720718169116143617
241201438
239509917
143655326
264924050
41395061
29417304
25403956
32780218
131497030
60919240
49698134
244655353
757303975
21228708
30602016
970207298
21419847
59959530
15933953
3131408711
16129920
1330457336
1339835893
27457788
4180419083
22638312
813286
3550304963
278664831
21040811
3038587134
2484679148
67197351
23148645
195137176
1963553425
43651622
15492359
2556507999
39860895
149162374
104299103
92717138
26589987
970828124
