495117195
370530499
20633972
298326260
15528960
3001182548
2942807001
718441269219979265
120149451
91329443
2426902464
39041631
2330068418
17939037
414762592
139202745
2557555458
228862601
182972598
322658469
39511614
2471607080
16684998
2549031829
472431999
56310176
796578568176365568
27212119
821845823508148226
46873986
15391725
16343974
1004814175711956992
19784679
718057056125771777
4638439948
2204554976
298679637
93008735
102659539
992375877982937088
35391464
18774246
330451458
935806916978241536
930852304743432192
998850171487309824
33856936
3067712656
986296930962571264
123979525
933835161434775552
321432951
557746406
90464160
143154065
987377649759801345
1849601222
1476406152
85830870
1878576403
222363063
379371328
72897136
936813302667243521
3298163359
754604381048344576
848497121871499264
174203068
15127178
995953170101800960
959081776240037888
346191924
288902530
1342407828
164229835
177569030
871705991720599552
996735013545742336
1001567369716748294
359507445
191461735
16866787
577563464
407395156
1310187668
47991955
1000499205880799232
265008206
715185670
759786534
746260576209362944
21089816
453764488
378390428
939570735059783682
69276406
1652502014
11522502
1600758306
52487416
19338275
424971370
4734939327
1112352553
86997277
2150681762
519404663
255903064
3035376096
1199729766
406842374
993731456680808448
707780618
221758335
1490804198
998970376964247552
2763551163
1002999302828855297
1003331030554763269
718523849277616128
967124643768426496
931975878510292992
1100842183
1092394669
19651183
191768822
887469273056243713
14190189
20329848
832353704963633152
931840357918232576
972465384761823233
894309938583023616
27938182
155593300
1697932884
44600963
966349772490788864
1000288233442480128
122742906
1003305218350690306
918140963553497088
5396782
859156266
872886016499224576
1428998173
1110222162
230025585
234694571
2645983903
2350624098
153559385
18715745
226569846
968823202603520001
14118029
948718107228450816
2226663112
334712382
1239852006
62001256
1243503134
1890578203
939582159551070208
958899800589635584
1809008642
580089548
999241321159196674
3060783336
366527073
943209666
989125126082854913
960364807668060160
955811884426412032
763407939541536768
700627128325267457
1003314486814666753
989426316641423360
968545363417329672
4318461574
912961818057953280
4425640995
106725571
14926006
830809962
452013942
53854893
2717403003
935054541623455745
957015345885147136
252514179
27929213
17949156
1180510526
810196709431275524
440378234
303798678
999930503665999872
140166872
4171425689
210903693
310282286
123974837
22279296
979464474867445760
3533899761
48226768
4405455381
194732581
463879259
979815970414977027
897994398797004801
127930635
855813777455017986
857257967116275712
501825960
1001179456013307905
65375759
351743832
7798662
747375379
60127218
3207146751
18099202
2514914953
922408384753754112
959567298855129088
977382298537594880
17047015
998904833749942272
129837660
840857859948740608
2587993106
762175643396165632
765311136178671616
37353200
816848238552584192
808335890812547073
2954031410
38742805
143145579
892130360888352773
431922490
141245136
21587468
3656836876
967467316110905344
136047627
1060587013
124819361
472987747
23100755
909849404680663041
33674781
13748562
2389795056
2373541108
16435797
999369310119198720
4126653519
262163061
1724916146
1184116376
13215382
994225109845016580
23872778
20950239
138737516
1271641118
1001115820578095104
812016528560418816
1228075772
223539098
2652530370
957387388560474113
14476016
232637109
152656121
45413510
206071884
999895178914676743
1211203422
395293528
936261175821684736
395301502
40995304
25728193
895626492
853040165295706112
20970341
194555594
34888595
704391334128394240
126497231
794320005714231296
39344374
22239898
1458245617
1646492610
967185952258121728
716340461611401216
220034082
3023601885
990623637010108423
81081386
3610100597
862416941285298177
890946475320127489
3513882561
18305629
456056180
1305966728
3285590396
802594298017574916
999760969978056704
990628528210173952
981554138541682688
279678895
937543090830798848
278110774
3787654513
397786464
15687355
1143551
50109331
2290656570
275361193
862483279
841328963557425152
41911386
714291392
949770174193963008
292929271
903658500
276540738
702093903361654784
1541364193
4277462056
25965976
707463510
984505063098986496
74111791
27549064
1931825178
481647908
1000314567929581569
2939894608
14700258
599357202
347992576
167562422
60606206
959173934766837761
712403798191427585
31135856
21619775
309824548
169999427
910381461118836736
2750243619
1696153686
20668369
576645427
897505907914846209
206275396
773230284926029824
900557028900450305
1709947278
962671179684368384
3084973876
967306871282397184
879042440463831040
1000402805742624768
2746664091
95530009
750626106256953344
18772878
1000119660245729285
998631477356134401
3148404372
737524349888909312
781733832
1838087174
39288646
1430744833
823518894182846464
2470338270
14538268
2981649911
860604739
340301736
3135402598
731625421956128768
8532092
989646600828932097
329117826
266824453
956667478016495618
228531431
225235528
1381926373
577047486
134567208
798468223230324736
16139649
826127408151539716
764335664
883548937
911018492371054593
444304733
3775360879
3771874049
27485036
3555640397
30861631
65399201
716704506491314176
802961263764586496
3232865978
119552537
472935321
3237132314
3433187174
20112996
727930044715274241
23481610
909002636216668161
907702090159607808
880498967800184832
872917932006940673
2426912269
712021789358960644
4876627686
168828976
66175564
904015839875256324
2189551524
633900444
266711913
28692902
3053841456
911939424442871808
2977849811
908757133461729283
764111275391610880
3264033605
2897989261
851675980456480768
1355700883
718953353812664321
1580490168
926728561003827201
792484965254443008
94952984
2918161040
4278121821
832250449088618498
934726060494684160
2934129743
3111911878
163154809
924784912355545091
890959849319682048
185293144
16894478
1046203657
373732429
730592490
925480690036232192
920444862528393217
26882856
908087539226963968
832181943160696832
149249831
423977954
851671302943367170
869151672207126528
3710455289
937761356807311361
908748542696722433
3190197608
890238860504047618
931649239091990528
102466223
380849851
1198182049
52471289
3029924807
2860541682
940281321422602240
934820338554224641
4911116291
23891577
495193849
839960721660248064
25815263
2511520542
3298843560
790656415589433345
3752246896
881554774679859200
220619052
24242356
931031169424154624
2880134671
4844680281
942403368277831680
198795608
827297149939429378
51361276
944973719964930049
914593616479313920
799022046554550272
522593098
943148408486981637
2893223998
24618804
3693449609
954529928254500864
403856337
227534992
4888384719
544994902
908399235154022400
929780107438428163
955963904047419393
959307946957008902
22799821
2810104812
27299242
100545608
399976382
29184911
934163022515523585
960717129518604289
84197234
244026688
791726527473856512
933349021862723585
749188827697254400
927321553896968197
2748420781
267107833
3259242054
959717358746161152
959396398838919168
398195463
2332622932
956867188387872769
1313289206
937460458013028353
825776310790266883
964728351666638848
800526487937957888
717682258765824000
149878643
773402568
2518574096
249393823
964066962388279297
2715652048
3387315976
223339200
724287251325300737
557190882
965578707640270850
960246755609759744
842887524120846338
428988033
21289554
804184219991900160
962095217053716481
93964759
913983698013274112
2192341766
963150872137084928
3307315384
4832761109
325162750
913918449293828096
582447605
1536698576
203981523
24056805
960019535310000128
971645689712267264
971495499298611200
971464667934621698
754125611044630529
971262549550354432
955183049561575425
970307304640991232
937711503834337281
52027528
188829117
25672033
755852724579684352
954021692426407936
213686170
957698488766291968
864910531001368576
958018048644059136
927347479330344960
751690573887709184
2535575595
44134773
395561046
112684136
2539754309
1894489496
2317418220
15081340
748305148393492480
265212200
919641704784912384
974045755928449024
971749739480969216
917816546583445504
911880954460770304
93452044
870388623190917124
831968752468185088
959966706004320257
962474751263420418
401814068
2746892668
87727384
844169711072002048
963097369502998529
963504915082596352
22075159
66646347
958848519518945280
954841220936798209
948641987963613186
939240752772780032
20643592
4816
56942906
797926601451307008
970814280885878784
94435293
381787276
178812809
2902043687
43097836
2532528332
86736133
235409684
623185107
2274911917
2459904152
21595043
43963184
1446104708
2795665469
120678916
3148768879
614117928
922744866999762944
976852243474472960
431336140
956757495711547393
783615615680516096
975807942007119873
505862227
89894607
28302225
69324340
28559064
3074373141
744919241841836032
971124665954562049
850583621626847232
844580217712758784
259194513
16573142
938616281741139968
972255920251162625
977123185467576320
108370814
908238108113686528
198295171
68427813
954488335430451201
922824605919784960
196849085
916294670753427457
2580261894
892923632170696704
759673668767248388
982298114534137856
722994185171816448
2224785541
367860025
975145905597943809
2321702467
971913621986054144
974740425830477824
38244761
984810982936662016
2509339436
93182481
952965952680980480
410381776
930300098
1377749539
988895617865793536
765840450750128128
15672839
3153555511
184138513
181816483
53071658
881996983564722176
864175835149979648
58959628
3300303855
880504649509478400
2482943431
20133914
784149515079184384
521904567
813083803992424448
798371664
936531371119570944
20243337
2849102111
466992330
979375298297942018
3247318839
987772372806787073
30395567
433049310
3121403397
961614343661129728
124283474
992337275035013122
932165475919958016
888962750
283901972
1592469128
853932678
3026653814
373157754
15051254
141221226
939246989618716672
994217840520679425
973384006388469760
420076685
745505425483718656
974324697331576832
15941245
974277506978238464
982651046328786944
2189369726
960909909666746370
2213710533
495468168
2427771014
1244628656
434066239
60887989
969574328688836609
930588178800504833
1460115566
875431993181425666
980109844740001792
719573184769626112
986519435145089024
969135013789913088
627835000
20166747
969762640888320000
920875513
907392928292773889
997151052452392960
992227569712820225
991477146475487232
775522817785798656
981300106006814720
736217455723433984
770613038
1038369697
984147226732716033
972276567954153473
955366200237805568
840598554938920963
999296107032317953
345574596
1339344703
6856162
910558469849255936
4373559634
2253745701
115944954
988674469202886657
317932734
117089224
20195672
250547084
23989387
31307939
3957554421
22537703
992962639968915456
3161562293
856464553152008192
987125383630917632
982436764127121409
866632991333908481
122891257
2269130143
903070624691585024
580048882
488191605
979790112304304128
42475830
980830063787741185
915660380558577665
20232848
908822722058301440
972211748160921600
959347578000289793
977659715248361472
1002070759
977483738534891520
970302082212401152
3180308991
973814267865640960
23843749
3280234194
938496080492269569
546614338
971232365619154944
781947939174256640
1952029057
216634651
17367838
25108518
74138037
958334966668169218
783407430998765568
4503116795
18379614
292305977
552805323
231104159
83490091
968841908096180230
2414100698
817373704355250176
737735131
2337321698
955790829062410247
866793970143309824
963907102833070082
975192033915744256
4850991603
892393550448533505
4843810810
987054672618885121
220791247
127304174
3949206875
978206350630105088
4790585689
799642214406246400
1553950244
960594785621987328
874902716031565824
934913024279891969
113798187
3217965041
794519390628757505
1116458226
1917198907
1951913246
43300047
976470958482640901
802185702
90518272
746750063154704385
187848607
964983746511466496
957573370245246976
117200197
870543481
995511416726536195
1297743313
44649331
955684691557969923
984925234435411975
1589712026
258687630
801974539672391680
776737574425600000
1556525214
201764216
3912788789
23295813
2487121103
909514153743704064
178038371
115649745
974039698871078912
913413672525078531
3346264816
145671928
440982753
261782937
741986144771035142
852483272
79553377
18327788
2185080004
60284734
228865149
999339544238374912
44196397
943093404610723845
2232886279
80285961
69694875
967478361789485056
63990666
4047897297
192895416
141589674
16106584
112396534
577239400
3299308534
324124500
254193620
12
749107248
3076621
1849665475
1444085198
84083000
982784978000883712
20696498
202583891
752248946601385985
910798367701291008
386217938
1068151766
71067523
1685998452
131282783
14441754
28359688
292931596
196167865
169137527
120560224
610659001
992725756957601792
325796299
143162420
843971396090974208
913018418839900160
2458402670
921130564857532416
877868902486880256
76662895
2981297384
235573486
16935489
247846270
955523703948881921
2340871951
45153872
847810073938325507
843767253279670272
855397272376541185
610988781
1126962648
17782951
2805943751
794555680694931456
1534013419
4099171
988396280211820545
825352468582240256
908020990613090304
3365962954
752533912925134855
321955206
972085888997101568
472908435
989637759122984960
994406910303518720
963063807558995968
190406317
34615850
964638576813248513
787560314480885760
113683399
829242257966563328
19088758
940246804217696256
322827855
1360299343
2611051812
35576032
556716394
924638656098390017
84558424
2888893980
15672615
702262777319190528
14869343
53089163
182328457
353150513
848473064983724033
24595023
976407599972278273
918475019046522880
268862229
149430949
245397938
993103344595021825
977548494893453312
715684689017745409
19765162
605523537
1344710419
3048477482
877632375722655744
843596614476484608
945948207372210176
2318348203
2716720639
51081149
936694678094798850
1182807762
911225409986994177
996670904523423744
204832963
237139457
48642739
177661775
958320921433001984
33018114
27055447
70796349
187879693
595245502
911317793303355394
2426002789
132124227
462856853
1912681
713779856
2911572943
966402866322829312
245133694
737563213114396672
1691761896
937369981041434624
748596183879323649
746723350886625280
4244492254
3250469885
2523212675
2910369519
2367636167
789548360
44141752
116010497
522600515
3028820993
6974622
177501899
95275149
720097644916383750
2773490962
3739989262
571189619
138168339
253748115
122152355
15174079
17344265
19587390
19362713
434773795
225958661
398972405
52411137
384349937
802967985757573124
20378392
3235201
171113520
742371740832137216
630506149
988046517335396352
976759713143672832
888154239100473345
14563023
289871820
15752082
1913741094
2981847527
837677630
757133024
137414884
242051914
2739280006
2894419187
92840551
92066860
736690978023739393
8402902
509212441
544397215
26998871
17137628
1551255859
2969611414
4016524577
587645817
28567809
19658826
20847805
442847698
390016552
4496473703
2923964967
178880588
20513578
941844477869563904
992114898099408897
221021194
51413710
955472646757634048
968477352509497344
168644899
579064469
538660461
1650838112
733005584946110465
222330241
21201150
144463766
350782341
947618715448770562
914698754137247744
980596753643855873
34937300
16681111
370589204
56986489
2777267508
59402289
1224736304
98357151
2174347406
37881687
2792207595
923915363766755330
989785890
421029429
969997941426573315
910590835632201729
3115597935
937956009712041984
710053624647385088
833423741287809024
146574531
792331586826043392
307252591
996733316660387845
925787688279691264
414316250
188673275
951884993126531078
754469115532685312
492988574
281259322
81840001
136749125
3956703892
136946812
909183369111629824
105829614
2881756059
905186480322117632
377392220
845684053852459008
952930780967309318
20049477
22878226
978854787696472064
268809577
2939658159
93908207
2237973781
2566768790
482463552
2973497434
1548648997
738666771855577088
840513832325910529
1946647250
18846524
65728122
145342098
20244875
901723063666057218
305035413
1090056552
61244859
911906824240140290
884104490928025600
325521247
259986447
57078676
910705247194157056
20184950
949273589068521472
319530768
371689710
1096735723
717757644279300096
970571835120193537
972802273997983744
841759150589784064
14745197
337781369
956879344349138944
841342170162438145
971138742592385024
347439870
1099228927
133750174
43313304
129465270
322060697
489797914
1378702723
212935450
2741913354
212681975
3300411279
321455045
995766214050963460
389044623
841694686121230337
1858294406
1655125118
3084739245
303165484
933252094735216650
116813943
200646949
1140123648
985795878404415488
833424736550055936
22614685
96758815
2455210460
2512397118
603817947
70685388
22460658
106118793
938662053925081088
939092667341815808
956623367968317440
27695248
27692596
146429315
166971234
499811102
20052899
1104749521
582785175
209029473
475884318
65357102
830775721
83814679
350245783
821171185589174272
205718684
1924889588
224568664
730794190033027075
991392455739097090
3793538353
18696855
41410461
2461784317
63557728
69231187
3234219104
2772153796
75785928
105866710
975809714616520706
215779616
118414389
730795337191919616
737302283390750720
3395653750
2950416875
2953014310
2649091416
19122144
4876398237
158848407
989107720472145920
736614063598374912
73348266
594828288
799126609915584512
18474493
1101306559
908634438132740097
877042248797609984
2779418672
963930702105513985
989566722389696512
109476169
24907913
40364732
227285828
435202527
939820243819655173
2282328912
3095072877
142245222
256534161
1300926535
740549837372948480
936990491937267712
102076137
473977825
263131194
951005363083526144
19717644
3589899138
389611050
130923805
28105607
15778426
1975497764
431708568
3040607747
383718792
4027224867
174812418
2844485359
219256799
2970422703
425683868
158009210
371967650
22613811
2875108875
901874434994266116
19181906
597292691
7076492
22244204
237200979
817199466
525684659
518108383
769776536
465678245
1857325734
28680544
90918950
136288132
20427223
52755452
45542770
256108230
322674792
126319424
151181122
283612774
280427471
834393676373704706
2271025438
976629355
109644961
4765348675
243820762
64691977
46155954
118622636
19452549
2230560835
92932892
3256978690
105294772
262721381
744560235818418176
60093658
888940591
19651284
16932829
353094706
49763896
844618604817645568
919177951765200896
271413771
3224176660
1965057302
997293914
2205165174
244540519
3028314515
2801867041
3030111953
140604687
116459535
19608199
3000261466
92091625
2616215901
3037079585
2916227068
287212988
132490359
270078105
14525315
18730967
14717001
251783210
252077991
211883434
46609085
65988265
989159346008453130
50128405
1680792846
2362746566
202813040
334921581
1733467884
2492433756
891428134532161536
3276543596
881205320864776192
3252636620
484468243
805748036039155712
261643785
192502203
825041318141378561
769552791626928128
841455814426607616
16264686
598209003
4076581216
62130713
970252159089545216
747192108994330625
858822560087023617
258864323
166712218
60886384
19906615
944099511823200256
966641290619314176
987677276455292931
20598137
16683666
1282992704
884717467
127503320
437814330
498986721
362004761
16823185
198640541
162044153
130835710
116579971
977966420704325632
95906698
316682552
24933826
257752001
959824315863662595
869004018592436225
957553808992821248
924282250853863424
853262035047636999
959827122964582401
153600382
1280750804
50989447
2571206629
2820709207
1733884542
141715166
3317969487
4143764490
783667879719895041
1442329266
705401877060517890
393985533
39668527
3435104565
33105059
16187240
632951409
22013470
20291015
567091856
19706585
343465155
3308160767
3326916040
2611839747
40456167
266617841
15583886
512554477
20977851
80802900
1114538304
866636593
165402581
130794567
2887077099
3266848870
974062444879458304
226150204
14526135
4182327579
233995247
2505828180
20780620
2843425300
19111851
20039100
345442962
135250810
40346974
612449060
734762361588944897
995724014663491584
495911113
968878384565583872
97423151
53107828
1519242367
17020096
17735875
174378986
747776772750643200
213689248
995655483167072257
16326882
25595473
14190948
548633789
566637738
22026054
604940737
214337395
935208925699411971
1618657429
2889227999
971646361119666176
2972807835
24858139
2192721167
66322503
925666906014666752
22146373
1448867052
833928788698419200
150307037
792890634386505729
16133363
979314671558840320
766799727757144064
959935196186505217
953012334124990464
1574003011
885184561
1398479138
880488436221833216
3024559964
975397667151937538
758742722693869570
25415538
20555137
1359481236
923212161203220480
144586651
44425897
132849881
120236641
974962208223481856
978947769888116736
980020934596878336
988509668925419527
105236496
170252522
54886540
260944419
14095052
152181714
187835686
20458467
31547591
130594794
986657541752086528
17799713
142353695
576190437
890851240808243200
828237714768007168
921509940539387906
888496150344384512
13393052
3073585924
972129387364651008
18581468
886556735686815745
464128754
888678994048143360
130577244
2399687505
3117208024
4858023813
251979004
855496082289172480
92758881
703334935751483392
783010551119085569
2161524618
747133053043089408
112217146
62097826
916307842499600384
2560769275
583331481
270330096
20675211
256044455
21562073
16142020
993786341283557382
1688181319
2250827421
962198649722695681
138541412
15148517
3020070129
89170530
136004952
19588385
930432536
4004901
934110284293255168
961635953550024704
97356078
947524659058237442
121626258
70391821
948273125875224579
956304128271175681
916429584639287296
140011683
62513246
20526449
2958865320
27830610
33933259
14159148
14499829
1337663156
804724456975429632
913866623081172992
172663253
163664835
1942229683
83227475
278583497
22378250
801388682561339392
895618649674792964
1377029846
1833919200
8863322
153088095
598549595
321902940
74760662
18163040
21769986
481763866
112037009
24167917
90870968
67449907
782339187202781185
959537969869803521
956539498225074176
2934969866
16712406
226195230
20785944
3322993172
960805534558576641
20078665
388822470
311056176
757473350
4830361642
69081339
975282243634712576
917741234
80862758
335206299
977591398559043584
123035831
2173007079
932743204839088129
937191634554327040
226910162
712485852186845188
3314715548
3434229976
913455156913672193
3333685912
23362742
1637624197
2713968041
748737584
839999294266585088
56482934
1319003112
1110105054
3851336907
2925550074
20934397
316548183
92751218
335930666
3327953062
296900205
3297800601
351959386
1019484541
3993268655
80588808
40015678
14224719
472062402
240339489
130782559
226889848
3014391393
860577935115288576
314700035
791332555463225344
22923895
722242009
761467075
225744854
365996815
936710711681732608
962374110163632128
2976192581
979527401687334912
570561735
207244231
240769295
581177809
19899980
584678046
354197301
231780291
970257702105550848
52506316
970156110563782656
977137283961942016
18629331
926088397797691392
289858769
18610633
348956319
37371468
199187638
3012368996
92615696
146054065
3044269502
929779523490545665
1746786614
4045716921
34214928
18397585
2193949099
94449835
52360480
207681710
959335761051992064
925413667390312450
2359419058
181938853
595922335
49698134
22034898
3306654832
993537877341556737
549400191
750432471167164416
289342771
847298186607644672
1443578982
37932540
2239005410
56236975
1330113763
2783336885
19978982
933021243158286336
933985509319348230
932612980407234560
932844864
26019075
753107928069046272
971542844
941692219
26760282
19775007
750180830
144636238
307587058
125143408
965143294744330240
737049250366820356
19834228
9730472
140955302
817558227575455744
875214810102804480
583643503
360761430
22812734
15348883
14085096
26985345
22776133
112764405
754698636496347136
25235151
19654724
19962737
223468754
933999261963997184
933358336069832704
940589072619274241
1415606658
237727595
1498933111
758769740517179393
859686953129783297
18601303
19964756
1660856886
982201302745665537
581681390
151859698
2698630929
955234328073687040
358351833
15661886
62187218
24190117
3556943356
4846788053
702856798445895680
737020359401177088
698494573677563904
4736801
982320628895244299
870194365863522304
796408628404224000
892085095812747264
37002799
890109754567249920
449871179
22398060
1551302604
968650123915022336
891637571708649473
415053388
100747431
1872998461
931257110129729536
20388817
618055731
717285221943668736
68091256
3598695377
2218493214
2226569588
927873292941193217
938315481781604352
2989830303
491568275
2395018110
872567600915648512
245137412
2447199172
61553454
956974104497786881
234775190
126319621
1365368946
2938579760
976508719512084480
941442888503873536
301398322
843558184681967620
3367879359
18353866
752607733107593216
763676898
960437852
124447643
572736333
326184301
201551442
483701025
2817870914
973975008845467648
785461610
1490133535
4001825595
977049736342589440
16855888
218158098
1879695085
84805126
924024728112844803
52459324
317356725
3064025553
791392098192805888
786865313539383296
747276800938520576
61183568
49536046
302492970
191979540
414234218
965202791789670400
2800783431
237354300
991306844802076673
2295918197
954633210658480128
794151181010538496
825006596644155392
306174897
987342355954126849
246308189
965924029898117120
947126183354826757
973861513957199872
354210656
753183830
3601828755
1398344725
1535862674
1727667812
81845615
619050616
202529252
18721353
2583270112
260657765
2864381561
952528141116956672
3290676613
496949367
28327518
47583917
482388629
6599122
972196775275696129
899677801606991872
13367502
972664902757138432
247877036
59471660
25087909
908261869445677056
936157344689508353
763607083
3031052802
1017559741
309805481
2762051408
985866197387415554
1066949670
218645287
600714541
819162859586408449
19355078
21536791
144091285
1361872532
146446713
906524290601943040
2188715942
17300329
703346293624737792
849800450438254592
351891157
979779467584397315
854009450306441216
10855372
500692541
1543810160
917472389419724801
2900163069
783985343125151744
871583479015886848
459281218
885238771603488768
54499985
982600824336547840
742516437214998528
1363499444
27221778
1426046876
3115218359
102093066
2890487434
46760864
1475749837
46713371
4105205369
20000725
103065157
901789566088208384
940646007582412804
291046044
740754727
107658551
702544283547668480
1225696320
338335964
1907071178
273937489
15439395
29979814
1081316755
890578929093939200
2500119126
966839465359503360
961231092
49682880
836986280617590785
899014211031846912
2533211522
190110860
899423321133006848
785646032017199104
890125121402359808
205274391
2353484702
2300573127
841061762954874880
953106684104163328
405769757
713413081108324355
27915105
19884529
15012486
62123765
858002537382907904
20058088
14291684
881199174162804736
104730537
400792849
938977191592976389
863447743720640512
3366411389
2924559488
32493647
14145879
4372279702
878247600096509952
17692254
953911102127079424
953329443476557826
69031238
984736915801985024
595593149
547096356
3815577253
2193779081
887491784938471424
867010651738296320
2984302589
158037850
138527390
117366399
110437588
126937890
19744643
761727152429666307
261624476
28651828
938960644019142656
43416740
18977995
36560943
224235883
15161132
2460334446
66342631
19387082
905423327157682176
2771315359
97550294
959417497408729091
836424858284208129
3082044473
388806043
2662390033
2495031704
2156220947
2730108210
721981861
38744416
177280097
915652905130184704
993540056420945920
972623489352966144
1673777258
939832229001420801
973496955266617344
954438726381375488
21109485
540812894
613469003
33852508
3106939163
941587645314031616
765400364480798720
840533458350952448
400884956
168040648
2158378035
959701751564615680
1726759182
2238203492
2378766770
20843656
913681452059021312
892796226512596996
937340863591657472
895357030420144132
50412264
1855158884
106439085
750475814337126401
900763867340447745
750807615156912132
3298201232
2915128508
784567583060193280
977348982459457536
3234677874
908253725843750912
779278984290922496
839939547504967681
883531354465546240
18914256
845304079891021824
755351655298822144
462465455
372614258
719297184538107904
1031796342
3241131838
830589789606928384
2519109764
2943580917
980027538171932672
788162397689249792
749374058588811264
42822941
1952252358
722142645049364480
966378250544041985
972108129189203973
4920974094
216815088
742576399421034496
1222564766
876161998668656640
1673297485
2842099954
262107714
288357228
2594808331
16621805
2414784485
243849230
24016833
41083268
738302988465364992
764964831308967938
557966132
459390022
946532018472419328
2479608130
938538814250905601
950447968460726272
4326150502
703084614
3121748307
3311051301
728224890851983363
85794542
951531863851454464
2981354171
402526351
38834516
719638323921305600
806293734715334657
3173913645
20842181
800713651824930817
709804717455634432
769651645219115008
769492280293994496
227884407
2490692474
906520029025505281
978907647159291904
987431218710044673
11801292
14994676
20985003
249700670
29011916
778193316630368256
942735676990197761
946328340985761792
148836456
808450839736184836
943090084315877377
746484794419257344
955755708838014976
187959442
138495291
255546442
161665079
3114954688
6892312
314754247
981292027877838848
916644227286814721
391317778
969612369159651330
966669824939167744
926563043580022784
903347172153876480
975845390162497537
2391605503
3137824900
4863187106
991704722
857359853412548608
22902016
890736305168162816
826973809328680961
19874049
3387092873
19602965
526541956
3753255197
58287890
2563408570
23730475
226022534
279089718
18921582
989398644016209920
927253520897789953
2660219592
29106807
955297095451332610
907268915285372928
889533774802845696
82455213
255765895
90000361
44585564
754779907297804288
891434340
712317698202603520
209512953
858007686
823279021546938368
539322301
806987718504939520
769564715940839424
824742443115565064
942319041036869638
938127759183884290
963594985881915392
271603436
710450353
1364280583
285916664
1436093042
429287410
36742302
898161006270132225
929487088264929280
777118795710300160
761114737740439552
747315656094154752
2364531623
18064237
863505234236022784
891029528876908544
777892431148752896
948278906758590465
973070573294247942
962441330885570560
723382157758996480
3145662545
758198281906237441
404123976
4138814420
755379008972419073
333615851
863205279428747265
532156362
809177151035437056
14097516
20235032
56017321
379041354
828561181
902277943380103169
2306099193
823537937694490624
921033470712918016
44871849
2564639727
777202055039549440
966695532872847361
3938140035
1240595720
3075288851
869810927419269120
955426517537968128
31355529
236916199
970579457483444224
957923155309346816
1511386590
17169076
1278730303
947893741293010944
27987687
878772504
170005259
954417156082593797
19647329
6107422
622426905
126895093
4316769252
822294563192606721
736249556111884288
985480160576245760
2223507069
59150150
951562980071755776
2546258378
3345331894
1910728098
231259944
57728478
976926473515872257
2193829069
401212191
21202851
72583738
39229640
25984418
20327179
3100150554
2871381503
524545961
14431987
113299236
960108647761276929
634704431
63944344
792017765544693760
110698631
2957790496
329952712
4906332597
988828154599964672
4189054053
583607102
909743718575611905
728085725732724736
20015311
