992225666396573696
3060657140
453511268
865980166308278272
960161349392326657
49679352
860968207091367936
944620884
876114576705810432
119906002
3011824483
132744377
897978292971741184
794629002052980736
253207647
160343989
986000596976193538
754194206
541266048
200607519
738901633673900032
987381291514556417
2383553995
983246125342908417
743545854238298113
875427121186971656
3698689703
829525430239641600
1390697833
3713381055
841059251695038464
1104803527
2968043007
2842878990
4840716340
808527181110353921
876590518817484805
942173532255145984
397336947
920827926194429952
1354532509
3768982403
901583577531506688
3339642971
725424811154018306
188684410
754874239535181824
860556935971700736
3302762926
778550398093135872
4341499632
50614413
963238538765586432
56044247
450078504
936327222205566981
299077735
3996447922
44197057
910672118
909902804118114304
456538849
868866685817819136
4033021889
540920746
12681652
20232338
42932090
854703301874659330
93270699
750711632087613441
450334989
4892224245
725374276337946624
203640500
43089692
721179463245897728
696265784432189441
2447625764
713926706222903296
4911520535
4038720802
3687500536
1200980329
3233171389
158424765
3069979206
3187123758
3125246840
724223456
2934209976
1722052039
226793029
2896236262
127360861
332002104
254560727
1643687467
2355566767
315820007
253007280
253006550
332736857
1532082793
2247584930
1376769733
350105323
20582899
2423682319
409477772
1621341282
307264167
501168889
1279941392
242473542
1057385268
879704605
2301513889
2248188590
20630115
2275361845
183872290
194219762
1693465837
632713692
596912366
1671617852
474191812
581289585
949468729
1265623124
1556619950
1535109648
774925406
1320914256
988885974
548667385
1398727838
35595347
939120248
337828360
402523045
1197741307
303978547
548529828
1215115748
1345414645
583138380
425003971
1058101783
430831664
1328384456
1329299964
1277497866
1077574650
14858773
540253473
318635882
999680724
808251404
808190184
805346712
805368096
808186369
721029895
138878829
200430275
