808873122669674496
20306808
872826658457309188
994722252670226432
903889965863636992
38320092
222507783
121158640
794863989205237760
971849721995300865
762668587769171970
859194023323602944
2596321125
1493610086
970049454429687809
4902677608
2755275794
1720565970
901723620
3177500092
792829163216527364
222001708
997792984069369859
1591884054
1434715423
4266214883
853015595167735810
924901148120645632
451779339
998759704133230597
1247422555
20927633
906185319682236416
836516559094857729
56032436
993351522225348613
2955997966
438315063
2306438274
4209029841
917456044967776257
914497977489723392
34659247
967034362826055680
3546965775
905505009667846144
949255711208308736
2907421909
1096103756
841022423105429504
2417439978
2903506032
1648216506
994674354159017984
964979804952031237
2482116318
46769303
49636886
2870972741
1715217475
240615786
723909950041255936
820871232945995777
3096972044
981260906125582337
923119757636730880
19742197
2629111043
898852738607587328
4693897165
923736625774919681
788454973902163968
2240029705
741956850581659648
729717380037763073
3313771267
812205455724269568
805265448
2984401412
255261663
949350048168488960
895111057487933440
2603396707
403313016
2151416029
2992061922
952992527845679109
986808055051436034
760279042243395584
3240104521
774713904295313409
3237342724
2431419187
3691639576
2713443102
107266477
189537525
15998364
134159394
2268709901
962023092083097600
2893849749
131719674
978008360145571841
129510625
2556446658
976129699058475008
392401737
1328308664
21122239
272968043
2423674597
741733505214873600
16961203
932396772370067457
2831946441
1451831522
282881255
118166591
743568381190750210
861559776261447680
966848058905546752
2967028120
318898272
1378340377
968407756687400960
787366837550022656
2205205634
137306724
360341547
1427729749
324815210
430279849
4262733140
77059348
722185719423373312
2984134805
2174566747
794385162192752640
721222373341401088
2205122540
836402576245440514
1322848680
2592344425
737564898
2177804683
172212310
636306457
815588489953624065
4788991543
915655836629913603
2322295384
2728101932
3311493489
975819998454276096
27532670
28136539
2159494153
15014849
77101122
967906938322333696
36836023
2553893994
818331893838086146
3302761634
2268894128
76064992
4689136404
2377864770
952590396084846593
3951951799
944729318114066432
4702672622
813159060425969664
827698469003485184
3939490633
894057152758693889
1553755268
2202424680
3407621123
22831992
2275195304
938901235238875136
757289339298648064
921069146976280578
2572949394
3963607820
3303005782
293479676
2686647218
581859217
969324345372889089
969311406704259073
438965858
708551737032974336
812073213085696004
303054366
3858588074
729174626765549568
500998351
837610512753946624
133136904
238234091
422465737
1643592452
3317113172
815173091336843264
922304683976339457
312072912
735163639448010752
949310116037316611
921056317762138113
4349359528
3160423859
48719435
919708987012141056
1453951124
1317548438
1474472712
906181962607583232
2731061290
824787903033126913
227945138
4491070601
2966414463
1234621190
1581971714
365629115
2942706361
775431206825406464
478446511
119773120
54978060
843156415459950592
833631935742238721
765932029305319425
186154646
2796268820
585866854
27807166
1217394751
245465946
700383575624052740
117044098
601861696
2262611868
2160106116
881474060785299456
2446111722
2849879751
2775089563
3357681544
60585642
879002976215420931
882588713766854657
959580976769888256
324391547
2589692532
2401867266
44974494
781510504988696581
846181795276173314
329287532
2271275072
123037239
176990904
4187831020
881173963354898432
4279832782
3194666895
821159028612997120
955620854628528128
46098651
3854082807
711005909179371520
912054403305177089
882036168694448128
3054326712
730821686090711040
3953578033
521096600
276393603
2338230812
1943185945
743892675384860672
1438109502
2542322263
823871889563119617
368341192
4417440863
18170733
3316649432
816382125112901632
715354635876237312
47961524
485245637
209088518
2494036088
404389844
813306562538156032
772445206520078338
26224311
2472698593
178247059
932146739254935552
3372259234
38857814
939546930958557186
1340815244
3322243778
3301961040
3311625145
911633140413845505
1411410114
239683857
350834733
3151878295
93800778
804799932469248002
129547160
4604832379
4795307996
870020965509480448
706388571976937473
860264497671548929
6227672
1230837734
1377451009
800449564486447105
144696093
70824146
28354416
818632802560155649
3064133542
2904311526
548092887
30686649
45709328
45266183
53338746
793390497356062720
1629253296
717129937119936512
3876467123
725018845249937409
908742598533144576
2292197443
179380116
876912815315046400
3439105463
2362447153
549769240
897571002019753984
4859544506
775150046094299136
3775918939
1012697293
921047073331564551
1547779548
773518777296322561
25460615
16409285
40097683
787488170975825924
3238349217
837053322616008713
928607524185624581
882945397
2272309710
178933144
19081351
892563808392105984
2707998189
409713189
572545402
744454819285442560
4867580579
1333899109
736860593227894785
782947787570675713
3188049300
789052103855603712
470163382
2792275272
887658921728516096
920685874295304192
3003146091
2852564233
2171133483
133091680
163218185
2977339773
2731731132
2796321149
708786791629910017
336373888
571384487
392009371
509832564
4720954490
431066096
594620134
110471519
782677213615230976
3323745689
1435915850
3641518992
320566370
539674181
3021640108
878202151884931073
4101072372
3240122348
3014488759
1407953551
4025509270
1977528128
233198142
3024747140
856524832015626240
938995682
162386978
3428162681
3402570263
4083714803
3669670392
785631337021571072
4241580673
276811470
821608533959512064
3063452590
808178418462420992
1575984870
871941623638306816
2202390818
173827873
1416622795
545462635
718066095
769391704025640960
2588577584
2381033437
148415637
723156494192005120
716375031777898496
837482325965332480
1573843418
756271337585319936
242311950
727837912721596416
2251108591
3150226892
93786759
98916253
760930728221769728
775763427910451200
923017148250849280
1108034342
938801238
768283581697421312
85413907
3119832493
625193217
910312847946780672
727338733423464448
802249850
18370476
907702089488498688
774502707218395136
517655784
4847368700
779378809
2173080957
3286935235
3236768276
2919547765
54723180
46160671
241310391
89008400
97422337
63225060
4727275335
4108628534
2387827543
4319659828
831982398
3154570794
737654005107728384
163436555
3190307562
3781177334
779895587478974464
603042086
14679798
349131329
2800383074
372923595
137193630
3126769720
41408509
3304307096
893189080250560512
152632269
1625242556
708933763946840064
2675745437
4530130943
3015974600
2233154425
493974431
1447245938
124598995
2576790506
41289543
1974799530
837942504288747520
2697712436
2271762927
2337993751
769525016346198016
870469956827324417
3238536889
1607440393
393458454
263928436
2302437587
591602621
263165090
3435611542
720414720428126208
709240979249885184
2491978778
109392631
931906554
212403098
3191064109
717252015873597440
713088307383681025
1878963368
747013802
269600343
3283555988
750711097305378816
1004009478
2581630052
232179157
4777771121
880774577554673665
3449206518
1478644790
86062604
319852536
59325073
731853951969177600
817904633633013760
846505910038155267
3350677492
1530468577
3359395877
2463744883
2812054569
3390676552
39206422
6131952
2905827396
704882784251174912
2902012627
858126901432463360
3295825407
2875530185
4875711490
834490705
768486356897128449
773551873227911169
783715175551602688
852329645181734913
200397274
1578772213
1909219404
847919711132295168
835176008668102662
2945446796
36898952
848895146007683077
2429627581
840458628356280323
2245611751
837456220063662081
794762813780754432
1317246576
122915590
2576937474
847391679761993729
759123604269248512
46782083
834928732154576896
252822479
87148957
69656547
565285480
3106778520
3297232100
835447890864648192
2583305838
4033772715
120123821
2775879821
45881767
75193677
316698998
791753953688035329
837117211626123264
758696779604959232
837711671321837568
23458300
2997722560
37289477
174226791
117275684
786985750671876098
4164909094
719923957491769344
831363020429393922
306497807
3027373659
704015337956753411
4718775616
3165682337
827996307230978048
4181648555
730552633304465408
2372589557
758769519359918080
821014869256339457
2652081963
1522312160
1563963894
1090533991
3419235857
816543255357599744
797558140850016256
255388236
1009179991
1587175992
100220864
4658267542
2212760827
726132381615296512
20698646
823561386496315395
136251918
3920776527
761757415989587968
273335968
3027323597
55196271
2384180394
3194762309
784429927151960066
14631115
1659312505
779781848486600704
2455284787
2432387833
16712746
768849800187916288
831231756
3940734922
4386913492
221412285
710616748144332800
2942490676
313868711
307474047
2743249097
3079798020
798331428853321729
2668363916
178378715
236328582
4331845576
2305049443
802071560353783808
810979471364915200
3387913661
789646548699316225
803237740682903553
3231846721
58476864
805472963642425348
48623219
1629398438
811544255411978240
93581514
3732192077
786258858595328001
789320990455017472
3054588025
769154255865327616
2462449476
2202693198
3126213778
795267202781999105
94058007
793292941888331776
92920452
1736046002
2232537224
2778517547
95138793
634460335
739916957286322177
2529656718
714254842563178496
54845467
138038937
753509169517387776
198610432
776879417368973312
1059207540
793545761136844801
4087474757
3549401663
133258389
159879404
4438149612
72312229
762975686982111232
257306436
797083146193731584
791969837488545792
162622654
3184724436
2346132908
3001899088
2659051561
804354505563176960
2579744274
276236135
296668120
13145132
71905484
787921547457474560
2801569506
809278998584901634
353168415
967636621
785851345441992704
1314110408
3646839019
461937428
4176062057
802025527657644032
2569746246
2340241094
3741771923
1053673519
742944283200737281
729928578
797150069128458240
2608500732
313154734
72073299
144665111
782760354480791552
785984706189799424
2229727452
789882329858801664
2802969670
775807009232781312
801470266916401153
820591130
335142902
777339235154079744
765054997004365826
3319952125
2238273061
3461625799
199948324
709567921031229440
791737982201966596
149853707
10045712
130106799
3091874163
722151197059080192
389798115
4569096074
4128550816
2441905471
799225853020291073
790991411118309377
2337955314
2865547254
194258857
544806006
3181061850
4599374210
3244316298
806360530214592512
792152321102929925
2872197009
735583903902277632
43558137
1653913656
212019546
764268043228811264
3214056347
3813995719
584694087
825252702
4109321147
2853443311
3416713383
1940557393
3800765352
2917392828
2379215695
291573505
197647206
790092817884258304
2611010131
785938488558489600
1093507603
808782007127908352
4714784782
3894051879
744141509788860416
60000588
755030493029171201
3434652793
295238731
246334090
805259906
1095702060
808477456432852993
2285519126
2929652450
47509268
782100914744152065
259892566
79802289
3194464495
3307097171
2345953448
721437559587532801
1687046454
382138221
786249101897674753
712073896371965952
3240801627
2583349095
4736112877
111051614
300519663
3037000956
1013702947
168336419
2278466526
251664940
76521584
787184937925349376
628763630
1663692594
75168579
372176956
47631417
1901850734
242530207
712890188633022464
798765783258046464
732214138697453568
551752222
3084235243
1791693493
571704632
783036300295307264
1455373357
341147559
495332107
4721388342
1088001072
593203187
2572856382
2211482976
786284987217616896
4783199127
2746940134
3655811413
1845328934
709474046711353344
152731266
105697957
4034501304
3066140398
2273438743
751330122
3045196593
2921742916
608724700
1422918368
2391942135
705937370101780480
785218114661253120
789937797390012416
794620092982161408
743645241178193920
109118797
224267898
795250956254449664
792089925818744832
750812461431922688
246064168
3828731292
144331740
754774722131427328
3091960774
3408161765
4421053283
759886847468302336
781998651514249216
792072829281902592
767805179265703936
4740165317
2971493974
1573438136
269046570
788963302894206976
788947386374774784
788747537608040448
2784876978
561376149
2901399863
111582103
17092937
2874298913
114854681
339563867
15938093
20282537
15911001
14843987
67505345
30950488
14569714
72933335
783334366277697536
779428189814738949
3126801652
728992691292352512
772991988060790784
4439404093
4358599643
782768718153646080
3362848408
458987117
780204259451236352
1934629364
2485697292
351812647
732637945346293760
762841205839306753
779727174735724544
756190094789337088
707767779227611136
3242495944
777530000266461184
35726888
700452863651274752
2986303929
776170106908999680
769606173582557184
275855892
4767519149
4151404745
4855683537
973009904
128674688
744965905109684224
2873272929
772225996422610944
3437133759
251215759
768187911711952896
2953485190
761051803592962048
707744407521468417
2838001497
4035503243
758888135862329345
714540303391260672
754755415280324608
710588143955800064
746559617761705984
3358829525
454340464
5162861
3520122318
96879107
757638440414478336
2839430431
3622387576
2252115254
3124572483
4898531253
752675962240659457
734402375599984641
714204084971118592
792692845
3129510034
729816653517729797
37312877
2730240682
4796855715
2994904262
730505390287360000
376239280
706559525348876288
81243794
746143602070401024
180949358
743169016269803520
286301059
4374267627
3039416411
30892730
632315812
177126750
4241228765
48338745
20456726
109164843
28062164
200050704
5910492
18599435
288829295
531750633
365445243
6741632
40148479
2922147247
2910091390
735201981418065920
2908078959
3044015474
2431740352
19836737
1187447695
2616920756
716402898129842176
313865781
150464810
700852393416593409
717924680309538816
717900854423134208
2326260662
4432452434
4724922887
2935468805
435185504
720782291639934976
142650029
4767036736
4804193829
4899276027
713616472350855169
95427052
239435760
709876468617244673
411758048
624953558
704729085893861377
705852417468964866
3429053699
3837045814
3331545227
28188699
280247568
52471614
2510362988
3217404384
3280342367
4847088664
4852317995
26787673
10228272
4519111775
351873011
24107633
27790617
158515843
423781033
274355165
114035804
281766200
68792381
169740780
275400224
2270753810
279052330
3851486841
2990860247
3165332829
367980893
450065687
484880338
3063790737
533156970
2172309888
3435541391
359911959
735025826
4861132406
4799262258
3732999388
3997334535
4809246801
876267012
40307300
4872943163
176566242
2384591702
1181126616
3022769609
3499487536
23243920
4855656574
2871945608
353904663
2908515443
4494721582
4830170619
261261608
28457819
1148644417
27315988
39157744
20166847
497502711
3082692532
412350356
2912237140
3165092261
2704934958
39538010
4605533597
4654089676
3920311875
1965445633
58698296
8170282
3588113837
1881245467
4579873522
528020585
351978685
3493854203
186526835
609745659
158314798
105119490
209708391
84279963
181561712
3115898846
230219025
228163377
455445855
1553898787
90787515
517024992
81751472
121517065
138165553
347751515
17793452
527476142
3744748409
4011409697
71358228
238475531
43969388
53262205
348414608
43521023
2230644847
16548023
23535767
16582027
2551472479
17343012
1280737226
1340844715
2587658342
622928997
2710864022
324721866
226542162
1072376233
466727736
3433288181
115135482
97155985
3188073069
416699325
1591603314
374186211
41941859
52605025
292038296
94168113
55001146
57567614
221552410
232447988
2875654301
3248749785
1128461923
237670274
1137161258
779344788
3399655408
1219680684
165523320
73770504
3089941363
1689419970
451200058
193104350
3090158171
51512770
88031499
