1003821510296002560
858888334801633280
804073715558416384
812688447181881344
716128620473745408
2531717927
940959878889193473
975760471147003904
988630627724419072
982018010243391488
4881703984
858868863123034112
2415357300
3200570892
836385678900461569
940413389645414402
346246513
998800775055753216
985292724059418625
965733428925644802
996896637061619712
855379386454900736
959755668755369985
730745612849848320
3214387792
990037300791988224
822241542966366209
949657235998871569
981637112134021122
3655834761
980027334026768385
975481927976316929
4551926838
890548028305793024
928684846267764737
992187920223219714
3013091774
767136278840283141
900736859717939202
985310812330868737
935965017349939200
909598614481125378
730892591542079493
2907032733
941493824454397952
966061581309218821
851529440421171201
4874329037
2431387039
725688781844680704
2963287719
2341455625
849577357065113604
871703639173222400
758879828535746561
899830066288504832
917659748983439360
981891353977278464
905304223847473152
971864713134043137
981838755253252096
780902843989590017
982724292424228864
4584639635
900082982987468800
805879982316724225
903747008988672000
3367330587
787440864947609600
972918574653124608
777581467857743872
607288174
2863533225
721858969346682880
979269124114141185
962384430147997696
977635945011793920
923155974348857344
914634865739538432
1262568042
14318607
963803578392629248
929953741071110144
907028579971674115
973150210305146880
976928047529152512
887672124839559169
2836814073
946561648684425216
941846860209143808
893588076336906241
971287808185982977
910644964312408067
734411087177732096
955246940333268993
4074336013
953695278225223681
3226374655
974036971495424001
907039131280093184
945943047275208704
948649458065117186
765718617862189056
796920303561613312
3251271140
2542290145
2928087277
970859483617308673
3169252327
848918407521067008
2971583555
712362472569589760
785291510304612352
191281005
969551803678412800
968852683896557568
952683068053118976
2779611456
3363074652
955630305590808576
760539165695946752
841720595263950848
911653056978157568
920928432216670208
2328658157
897985966387982336
897238160203276289
3401547303
835329723953741824
3131062683
4732208354
837056854702321675
736995670867988480
886323488939679744
4809857444
946763440667930624
946120136729219072
2713072064
911744204640006144
771046383579258880
840717838620868608
837444218171834369
2836410574
909236704531353600
853321534907088896
872444746035191808
1584614460
917205282186514432
835605422241366016
833874133750538240
4872411254
950745903861821440
859913913445605380
920309591606480896
945479092731809793
3287188946
884443628692799488
880197862658777093
770332775123554304
949481518552027137
761971765136465920
2863435460
2431059072
4582828757
879031754769739776
814565312943165440
949057176735178753
945482163226664960
763918396643643392
4549848132
740533168822882304
946986818523734016
819316871279378439
939910074893570050
881030930881794048
838860759408877568
921493300984590337
4837660192
807449161260040192
839744425542615040
822653508721799169
794301775519977472
863573959782146048
867098378223599616
868929849171349504
909089686773272576
929430647013339139
3316330337
759923131322470400
3437445899
2365005421
3310042453
860626445789540353
2919140416
809795738398035968
940665629794865154
813917089966780416
736869550168412160
875249899834441728
3221703632
822103436833370113
4927574579
760728697599066113
840396898703925250
921030713230667781
777706638773854212
2925164635
937142640033894400
836989494976995328
926883731876581378
1083448034
400302824
918506369371779072
3064336451
833342420125351936
3650927542
738529429060648960
2795356417
706166321298481152
888453126012915713
900208290549964800
926551281677885441
743387195352948740
740698924105748482
928018664145768448
921516348110528512
4786821199
820330918799966210
4677783709
2474456970
739499161230450692
805149317283676160
2336246022
745710256085413888
922569974362845189
842168530099408898
2945453727
3045610192
822913680949903360
2872755546
790578365241503744
3515804187
857831681775947776
816751040724803584
834979437682782208
131879690
818154014709870593
752244918333140992
884050896010723328
795678232146300928
703717344368009220
880920025099534341
912697079872487425
878161966627532800
878362507416453121
881218256568287237
2875906020
2168463990
744198806623793152
911197602636480513
832025293657350144
884263043789717506
892894786104860673
910369511714541569
878057653305397248
859070516036083713
891839028970041346
789111073064366081
822957914029694976
61005543
3547342817
2278287402
762782607469715456
791739197103087616
903790440369065991
749383194965749760
887083502998437888
785474260294860800
866457232279580672
730423180154785792
880522330602172416
880380020979634176
2967715538
758364472658497536
893802644992647168
886053738506596354
898057385532456961
754550038492090368
897325470831833088
769704873155846145
838923097394843651
2701892251
789595343809679360
845742085143715847
813893075076427776
2657623207
762745517407399936
820274650680819712
715304004557807616
864688702144086016
871105815494643712
2811877325
766824442496364544
2986755141
2482310269
891736178692689922
851905703715508224
889688310846824450
866951872917254144
766857392357199873
535797357
877945970151092224
819722297523183616
4370469373
887675613418582017
863894364526981120
885402713730711553
4431384701
884805994487980033
743188403831832576
748672091868717058
882189658146439171
701698594118610944
724096667125850112
884157899039268864
883901191352184833
2732577494
730560103464636416
719304046733975553
815569379018637312
759246889141342208
764936066390487040
822986721864204289
878533215727755264
4353257597
2264959756
842470420083273732
745763613609168897
828965461740122112
1596675432
871275340672286722
1035149180
741905782707392512
767106712583090176
855075687522107399
866988565829271552
742873017122881536
866311166175457281
3051583588
855809670237343745
863437597397458949
827994723293868032
860919506545385472
819214026257350656
763732557569687552
757504576014745600
839475912974356483
830452064463515683
767125402456174592
858002957752819718
3335218491
854169028130197505
3000779181
850806641792561153
746713055820660736
855180650541928448
3091720702
854691245385433088
852266514933829632
724670723495698432
844143761416507392
816496702043590656
853072006320992259
3179615134
833509128425336832
4457557032
848085447221719040
802731601658597376
747543213708292096
736685889091457024
727071043630702592
830612234707488768
1038401244
846398285958995968
847319607509622784
770372064993742849
740002266405470208
710215132182224897
829433455847022592
775054832436666373
749608923829854208
750082819737546753
794355167516770304
1613648635
841057511641882626
590164526
833492264479498240
772542517300473856
4168121061
3079449716
839272290151882752
4833516181
761376021648019456
765018603729059840
2724507718
721706456806989824
746131174959919104
3668819597
2973561734
837894144374747136
833293701279600640
784462780585746432
95699795
835961155575238656
801792110630346752
834883975600619520
3550979236
4462991915
817239881135046656
828152068619825152
3665829618
2796496189
783694171689328640
831280346830405632
832049522213806080
2730373452
828711637603450881
701979621303005184
814829711448805376
727298543891976193
4855865146
3280959847
829630336883638273
3861554009
3722913743
3389332875
816203269781487616
2907399112
750807684606152704
4229975609
812887044296998913
792754231451279363
807059879458316289
826218042237480960
4879237371
756873718891241472
798061106803523584
819665548271157248
799190614508269568
3895643053
780907904945819649
4261979114
791768260962291713
716680692
810077043086020609
2773495922
782583579880648705
820769979058552832
821093649874292738
4640427802
3097247676
820385171635662850
4640343788
817951055547875328
3306489374
3925080439
798840257986764800
713901506672594944
818265240584462336
3323104661
818088581226840067
809214098814672896
784168023485739008
817166198353920001
748507662325800960
816624476179808256
762612237504618496
754072746150154240
722980957964230656
778363776189947904
739935293843877888
796053855108792321
815403819739836416
3529297827
487308755
746420883581865984
23461759
4230916828
3109349159
725476422903549953
797783818136616960
743827973019697152
3437451972
759825025591455744
1669886095
3237592267
822203696
4700025912
744694754416300032
768121184223232000
805982423867592705
3307665713
755973985964138496
758042878081798144
795236987380912129
706273801919557634
795034769994223617
624418348
717993933922390016
755601172220608516
761659742062194689
802691157276889088
802391725327183874
775491834814398468
792166016579018752
2781941343
961136095
4592983527
3150614804
730874197422014464
805536702966202368
711723136102895617
781523755818450944
804822150842613760
802300654001733632
114046078
786525901769113605
762045224637956096
3035811431
170254395
2557643400
766699598299529217
771043327860887552
776483997480124416
767145532728807425
3431031389
802073391582695424
798272679446974464
4339296193
3214530172
4838445338
749387829432680448
3191083272
2882521608
800513951855300608
762287307051438080
770418681302151168
798304311713419265
940535394
714955873588789253
712799613204434944
799892207540916224
2879050180
771032871087681536
754749013862121473
779833983412547584
2905342081
759153261957963776
793141276778475522
750143183766614016
4759964848
3239575295
1643164933
4138610057
3157705159
760910297620156417
771419926468845568
776115679875375104
743952740007567360
2308145997
705221226520715264
54356995
775236349670531072
2836488707
4834089903
712483152694878208
2388365700
2548987896
712064738117754884
3263291357
4308634875
3282725724
3305778152
2310910846
3371192519
1583481553
747854751627247617
736389519721811968
764883791802281984
1045068294
2932076698
4767272559
745756465927852032
2426735173
747818095767609348
769373901621125120
3131522382
915218203
768899167041093632
765881039042543616
754650166729306112
756325361617477633
739516846555029504
721450227899568128
2912036736
713744908423536641
4222504361
4085217493
3279015668
3609716899
3485559496
3135065910
2366539632
3287862486
3108391241
3240664987
3346284107
3098197119
3263544645
3194668986
85414847
2821641371
3124922476
3173048672
3036973742
2984757303
1643695110
3160381524
