802718101821329408
4830822394
965862361
57107167
889526123549212672
885132385410592768
468323913
4565369903
49288590
825545588238336000
53269300
738068300001771520
43801594
901154343780405248
2417717099
835524142757654528
833866052639539200
93513333
998472338193747968
834718978966712321
772951079474475008
801658156321386496
1247726113
965737673431404546
3303812346
3278854344
940069932431056896
969985762329550849
2427741792
838204336580739072
970812707489267712
895926423944257536
225303511
2149967021
431332876
898321581444911108
512508354
872342040184586240
971217195727577088
4890260980
143605851
885212198611570689
431737925
888979065524281345
893220231736246272
961307569716432896
4317366314
785196019793338368
906958049646067712
900840355318386688
3403170825
863597152337096706
892028249340915712
712134504081694720
787767426524086272
955441218149761024
2474525832
831937687162671104
772390255
920312802769715201
2898100080
2920928723
2895380191
791065461672685569
904078236811894784
734779467906715648
912696400571486208
879087637931241472
3353360296
877696980943765504
332813678
2161085748
767060286125830145
49873268
204173043
1091154684
2661830150
767730044223578117
971537140386471936
738690695368695808
893713821524664320
870131673668743168
3214826433
884907632426971136
3401890300
3065786852
721030921902821377
707003388253200384
801239726
908848444373995520
740293740271534080
851996338359238656
954469672765681664
2302542510
3274741789
393796751
896410449410801664
938726615147778048
716793034797490176
826645883953565699
3231954144
955891060298977280
2370778417
974274514606608384
962997985
803427054
869463746862886913
755601761193209856
729435363807268864
329439380
49534295
2883672621
3798814694
44748824
806142925729976320
1091235367
4585860383
734929042730717184
2602469600
709449131467476992
1422645906
274013439
53111253
16464333
769842816310587393
33772385
1944856926
2457905744
964311191043608577
3313912213
806422039083053056
947908689285050368
2981419682
23416945
4860379092
4691152650
20019741
819450136682233856
380983951
846557730596945920
2268572360
2955898581
2511499231
780555912226353152
920664872786059264
93816834
899409471281045505
3199702375
745903591462952962
148113358
3065749329
759746201864531968
2497852817
1252939435
57808755
101204321
906921008329879552
701842942080786432
1490902771
15108502
949040844425891840
1604641628
704523941600055296
952330586487754753
198214162
787747851539447808
729169271876542464
1644327920
2798917619
102479852
770151400491941888
3339628893
2603498251
892484090045267968
3389231387
11348282
1620263048
762126924374282240
3151777106
2739756908
841575108657340417
3159121070
783690778782478336
1558517282
842373180639576069
956196859009294336
954475121770749952
315933371
2838515114
4727202920
2194794053
304679484
2759484273
764248931781996544
1422918368
260599964
862073242743386112
825126501783838720
3400249917
919045562112008192
907082526749073408
365213411
3181833636
301808068
62660872
926042371
3160547539
2817343110
1606148316
2252753256
944652376488726528
865694554414092288
2605500032
944232036218429440
50383927
774431046666297344
2937912950
319309535
2383648954
731106153740951552
370747104
710652027634905089
1150132374
3042419364
745088816533413888
936877439069904896
573130390
4199496219
782638591885193216
18473413
3264787938
2165526102
168717945
871191990431436800
926638899400728576
2716370772
387394728
758999991738175488
2846162061
2972089600
2674981758
78869787
2857659325
1330863918
395010064
925119613892837376
1585733083
2893242163
33324015
723921246489067520
879154279176654849
2546141375
617777039
3300047592
4573061594
893227208319410178
708622300883476480
559625989
846065678201360385
2959345868
2792728983
4744891878
40394255
739288908802850816
414474114
903343549797851136
28242202
2916067454
853092074048147456
20824155
4417440863
2744358077
896616297642860545
22461809
2898298382
3131557841
868303857100570624
730954680763854848
4710629789
2989434941
848313763728154624
3949010429
796503443879895044
866536817369247745
2831776034
923748181
165502911
1637305554
3281991889
870876711327379458
713527262725824513
630681062
3131681608
806383866470600706
3509362635
848728733028679680
710988571096711168
2458004209
2269430701
3078521279
1590884899
852186223053611009
579412813
3690461058
2274143670
859665478221955072
780804311529906176
633778366
3656295977
1499088482
2830247462
1116106506
752670879327322112
3169456081
1078242410
3403753307
15997079
2644697608
2845406089
359805379
4902344478
849954689902882816
725364673009192960
760971698
1225633519
626612887
2217208904
3366467387
2430197306
726782316
882079917785190400
3138849903
3890263576
2424794118
803824775365791745
3898482493
24292423
16874875
323091128
3044307659
3122482465
149355943
2367347437
16242868
97537815
24376221
4844082417
4780982729
2592127645
3689160383
815596959784435712
3243994889
794176624719761409
2326038084
226010481
2428061607
4152812118
2973453269
4325064087
3161109669
34535029
39770320
2328322334
3346639509
21076522
77596200
2464705512
94019946
2161940131
246334090
3082138918
1126575572
779982719920971777
787763207934840832
787816818459156480
2856309152
39954533
765439338121310208
47799910
285381215
780324010496143360
336965934
814724869
1604957870
26088270
757730399883710464
112337776
1110346297
764599746702942208
2746644073
753575007972974597
422308221
1238437291
161741731
765374619494682624
36763009
3055481661
612245485
366294141
3958277893
2666097420
4860570847
635578996
728514004465782784
2271275072
533761522
2339788088
3319313970
4917581531
2163942284
165617054
65213986
562300583
3296081063
2411716278
17788858
741334622814998528
3158012602
75624295
716654364702547968
3102680287
3234800551
3096295054
167142021
41669442
3182170442
3045124204
702175912377380864
1559660850
18112954
3243896463
335141638
521096600
3123479516
380103935
2517286152
2555022990
3084171592
2454079728
3307097171
4115149645
27481824
464369737
122582079
2513644519
30136997
125124436
402444465
3289355574
2540815201
2888006497
276393603
1934010613
540026879
148415637
426499821
17568050
2429664740
