346674040
176762037
2705732503
1628475578
1420571466
546917764
556878274
4278391042
851844984
988134942725951489
787547650811793408
2615789766
78448949
318993598
964267437037305858
963493631666638849
980411743
808498361380651008
20811474
114612071
3405261700
436298569
3316492904
699727629180657664
964133835725328386
1653890532
18729020
523394789
939206096224481285
309366491
1137175184
1553689885
118144617
18430758
2767896037
958284511
49848356
2862787672
3354388606
884605077322833920
20011437
1441839722
3023037380
116585717
883555432651923456
3278835198
266850705
264348615
3053542678
888062412208963584
35568818
24217593
1414031960
21034557
2596640844
183300976
14747469
759446160050388992
713988357546594305
877681232284450817
871826074556141573
2963753967
441434581
866915935608643584
2241619002
279685434
4584379169
17127555
15519069
2774042815
794296957695119362
4039941853
755498625782906880
19751666
831774314844323841
830489786225864704
3507831160
45073026
78425423
4845478632
42861755
17500393
55347493
28136539
429879755
14429638
28644219
90310973
33229066
122451685
14519984
14167629
245157986
48834095
59594931
348367660
14683704
630850107
17116268
901514466
42601149
17788858
1067846036
1026875233
438421952
136426049
622454613
17258187
440688513
2213637396
1162148996
2413352654
46554702
194617098
2178583138
252795535
1665427662
2799299814
2465641082
2476688348
1639428475
431188502
2377828172
45768429
2847633921
1048616600
1584914886
2352221041
477975607
2792546426
2264946680
721078573
40295583
341379163
280774582
17491625
261391263
3010606094
17154181
2549196518
3325436232
79979435
126842609
18394403
16298441
2852408186
2343942818
1383473132
3330605555
3329028631
3013913012
3764892013
2415730399
4243384454
948479630
67756188
2580852410
95070740
1138224655
545558899
1664921594
35327320
24585498
1920599959
36214672
1695169405
159708091
64442899
1096845500
95097958
317238775
139035985
2836536002
19104727
736163364
2227275901
528144288
2712316910
545462635
19609162
4150891534
133924507
804617563
2998071104
23989578
192281072
490837780
2945373340
349306151
56296816
2783780029
112337776
266292865
731707766071537664
283231283
768405700028477441
748994568465428480
2737079191
1148644417
612076511
50331143
758156558
59515801
102851981
852929136
