948951335151570944
90343418
989794316351614976
997989489875341313
820220925815750658
1001757368693219328
895433922498244609
978330081549602822
103479020
1004875665164861447
1002473344745267201
3674020110
587875070
1004848255824523270
21517481
902183446591758336
984498134591131648
902818591703265280
964762249339400192
1003313714119041025
373432520
1004695102059577344
51887533
995620364779687936
952988705224118273
892102779816337410
1004255145994215424
1004173874592960512
998410471651848192
262209910
978379998410297346
965757680064368640
778935162985910272
727020505
971907343897251840
1003677252578627584
994711954387238913
1003603841969999872
982443038428598274
1002111683958050816
1908819320
989664672465989633
1001578777183506435
967918022991269888
1002818661240000512
105197658
21472765
1001248737732292613
1003371526773727232
2918161040
1003286998000467968
976405294862557184
1002627171339431938
955057265312137221
897246065078022145
991237634604306432
1942970707
835676407665602560
1002674770058629120
1002514183634784256
1002654038641512448
20956414
1413762336
977653783747477504
717332727712731136
826059392835424256
1002663767199666178
999798301334519808
130408148
974940683961323521
981790091369697281
992582470758486016
2901855011
1002298345510010880
1345580348
999583523429322752
969962219982254080
1002168107560067072
492991594
990177861297426432
1002130793567748096
998519655105998848
904933340578406400
995637272702865409
992300565282545664
936759894966964224
1220442518
812341397462417408
593733140
1001960716579065857
989617507236499456
956501025334099969
24357823
746056091449040896
978916052586389504
996679545913724929
2991948728
999432634643177478
992724661887750144
905447746001395713
996394080665038848
998470150469931008
974438528171077632
1001067736099971073
894245168542601216
1000035003814858752
962518737999015936
998594218888253440
999583580090126336
947497325865455616
1000558049730457600
866780619631718400
963935809446596613
999342981348982790
978547536687521794
986564853992214528
999338166480965632
989888146967056385
965647054189072386
992748483043123202
986265164210204675
996516050656202753
994029480434954240
933010111
271496653
995926315021750272
997849683480449025
867162162980106241
998091285725577216
901929606822973440
989280554070749184
45895231
976564400701235200
995693785282564096
998889946437029888
16600574
998146006247264256
982414068022734849
14855279
46786678
998664652203606016
959749344521048065
991381232419332098
998520476770164736
997618119114928128
993817213936328704
992482212107956224
989536826422677511
789323919891148800
2284458692
903188132610367488
995347036726812673
997570961510748160
994685223081259010
997649646301433863
929124808071286785
996724905604534272
997999785230692352
915946709221613568
980088949120040965
935072214478721024
985913720030351360
997829405086011392
997378233350934528
996851515502530560
399589312
990481040853565441
924326037475004416
995908024849092608
995827906734587904
2310609768
525925642
995643212181180416
997030672761016321
96858246
991608827844943873
996039794588356609
621750826
996530432635232257
992844519707238400
902590162705764352
993924747741233152
959723757995724800
978557856298479617
983294638067826688
1666993754
951914708038189057
993872144038875137
1113446683
955104241064075269
931223984619839488
992325043949588480
975127716872667136
996170921412038658
996097586686775296
991943252289970178
970999963718225920
996011410521055232
995942145457577984
925333914553667584
973183352055435264
992868073475624960
994991086958514177
995353022195695616
992432957183942656
973835254665531393
986950981752709125
990846396751384576
4633318223
937049627634950149
975739156239470592
991727674489032704
994432117848379392
1108807484
954865368136323072
901047607308541953
994354541456953344
993635845902086145
992813322658615300
72374849
984072672672993281
983125801481752576
960808781021147136
989690256747323393
589128515
992133417734062080
986089973492387842
970740249142878208
426119276
992808942525997063
988666390411403264
984053766516297729
3178292455
992188128411742208
991718228090085383
987018267117215746
989108564877873157
930761596342800384
26635780
1580956490
990354258225704960
982359784723804161
974671365272948737
988678424008019968
990274726537854976
765145174829854720
991046200722968577
992745360039833600
992306495399247873
973156165302603776
987505712065662976
980756721177104384
909159163493863424
969210529708494848
427547952
991384364402569216
943624951113936897
442047366
986669469425651712
982753143351054336
968097292610932736
32189132
972440490661629952
991061501174796289
988552559865495552
989653007230029825
942350095529496577
598731823
990666198957346818
990211049424121856
45186226
987470418532585472
989757844198113280
984863908581330948
164551601
842588356227690496
989930946160988160
726040355855040512
989171784435032065
2911073228
979963426847027200
987020115819614208
988093650189111298
989519897448386561
982705857711525889
989520071449079808
989483142678429696
989466240019288064
989399445405163520
989433084276826112
987213053853945856
973592840486998016
827398180555743232
987223964408799232
982805080327049217
988231955849228288
982155510722932736
739178919266529281
989037286284300288
989025060336951296
988181006602645505
905195815764983809
987835191191326721
987311714604670976
988071610937692160
880694845815304192
987709515268280320
988017712487190529
959300177835249664
976968467046903808
34887861
885980789099417600
20802539
986766490195111936
409872735
988193715666681856
498392326
976315545514659840
988101340789428224
987844220089176064
2369117648
922716694912610311
968162454365790208
987292151255007232
987593367226847233
987699662525227008
987469581978689536
899294691606351872
986065855950843904
987469316621832197
979752570762747904
987211627534671874
987130595733049345
987101751684812801
972554998964944896
982159375665004544
40265396
867351118803681280
986694045115314178
986520554353152001
985915094101000192
986492395067002880
977794194122182656
984034902734712833
948276788492464134
983315616810569729
983849793192636416
982692784464388096
986345033656827904
986206199875031040
983883402851115010
986342998215659522
823749320163790848
983475697208446977
978647905438502912
986162646981529600
985976295032008704
3817510634
985221286208196608
971217466260180994
978842915081543680
4250671245
190765202
820201915824873473
499202239
985084435908513792
3944570420
984915290726297600
971749911216697345
981889355471032320
36456619
984574553358823424
981685744761757696
932499942337368064
984168376934203394
983012434783948800
978835470288375808
954174977380675585
980727477004832769
31590408
981118030624247808
982948738552467456
976417457224208384
983049477681565696
954232192741380096
982061847019966464
980339733858541568
982188419571843079
966655909840769026
830201740989517824
46688498
982049380156010498
982702514356310017
981882717343240192
982157714951417856
978704259205263361
980888093673820161
720882687779549184
981904505964060672
980194189593006081
980745084550426626
970608512832286720
970743937093652480
925478519601356800
859492661463576576
977332650699616256
981210885690621953
902624192826195968
977015478907473922
200980447
1489479500
977301446503927808
975834989635014656
980427809582657541
978407781408628736
963838100886753280
3165908666
1138416104
315443658
954794411631828993
709669635482914816
977960180343365638
972290480162660354
978588880621506560
978597602890575872
974314104763637763
978745872669429761
961136885249789954
977317022769008640
978275378522476544
974310969223589889
290328957
331498161
978348253208104960
294391741
978216369027198976
494164992
977830710827511808
974250841887662082
973482087889195008
858378391141191681
977626607455293442
945863523875393536
43922266
963379120649498626
950712643140116480
3290707144
943390148997406720
970691148791582722
968824652452777984
931445565354905600
937613175289151488
947540032155541505
967116993311723520
963830194309095427
974898721174511616
961501972850528256
957764262444777472
975932135684141058
964569094631690240
965150703349100544
973674286673268736
882208347050528768
2363263958
974702618923630594
975932606171709440
976047464510877696
975135353634983936
3308997086
963514905969250309
973532764535443459
966519821985898496
188684410
963880322982084609
940990699549405184
19421477
974925580377485312
955270286471041024
968639993945174018
912965216719265792
28866643
974401398916943872
99859136
1618677198
935629068044849152
964074532867887104
972956355576377344
887618402281455618
767463368131248128
971570229905063936
958826516250595329
489267036
942396820742901761
939066826281058304
950255866745257984
973625437489369088
944317735999279105
467498446
965128983120568320
970261757615853568
970747402314543105
918823936292421634
969849755995078656
962811520550952961
970594488094744576
973322747152621570
952878521571074048
972142783438913536
889103974179250176
968230552775155713
967063637314633729
934069878281052160
969660191187832837
972513249462808576
926386375573803008
968507622558261248
967720686008532993
956959534098067456
969386898752983041
967131441489379328
968606560820883459
971797205613973504
972147961173037056
971893636362375168
971766241269567490
967804923596460033
968857971924094977
2378118183
965860111494402048
967058872841199616
971768645134241792
968058697674051584
889723491112583170
928654847188127744
971684821364813824
792717935945117696
967788581464035328
971106707572166658
971363455373586432
461782436
1193333472
970181105944072192
970676591465521152
969925289848573953
970263938012237824
963303378347610112
969944069739876352
957077728674635776
951793768772055040
1411873562
960454132850135040
969380703732469760
962313049016340481
968836301842714624
967355606888837120
968941085874679809
968930802011648000
968957285333721088
960995457941082112
967762805175803907
957262344857546758
963841442555850752
959946903977955330
2803080013
967117416957345792
966452620796755968
967838309400576002
965226976767369216
967306948252176384
967303296280080384
967427415386611712
966044388135784448
959690833682468865
990001542
956878428149559296
967062078476443648
959171695683751936
907385130121134080
2998864022
20452568
17339689
963444300452417538
965050483399450624
885254288586493953
963314084618874880
953644345596444672
955136231775535105
961919929015562241
955966793427968000
883807808067575808
966207618648887296
961302901925859328
965717277730660355
939923459211218944
965777013968723968
964940222491451392
965334653166026754
956143547064844288
76786636
923617399160569857
721909801244975104
965145267292065792
961359204056526848
919588509828096001
909568839540707328
849592800068993024
710093939815092224
269402337
962270206444888064
964523498105425920
949665372868837376
961742518579814400
962739057146122240
855812023
261734989
964058557346930688
33872775
29023565
963728626062589952
49920069
963692790910726144
962685069247811589
963688925826076677
963682187454410752
955252440869359622
963203282511507457
912079250013945857
960866304369594368
961996000230625282
954374833906831360
962682035973361665
948373879638102018
962872616863322114
893643792112173056
962714501010329600
957272720294793221
950383195635109888
961677035084107776
959703141892673537
915572763179528192
953955499082428416
960537552754274304
320367856
958100801959989248
949690494778597377
3226531593
955960126934061056
961321139241934849
741577227272376320
950085049852055553
846534236861595648
949258560080416768
553528676
957643231377866752
958817570504826882
776316222916927488
959784487411384321
277046378
921874242509201410
959532133822976001
955732454551244805
926559084391809024
957398557593653248
958780984161439744
958776377771216896
881261812792139780
949630837275885573
933830282062557189
958438581021880320
938572001844826113
938530196520660992
953723848482017280
953534461311938560
958344089522655232
2573743581
957968119141675013
957911451997556736
2400688206
880667568
3434325791
957764008265895936
957022917468000258
907333772269572098
952158529888112641
957060222299918336
957394550351388678
956811742776053760
49033002
956137774943371264
899179705647149057
954777318559551490
952867882681163782
907983962856988672
39169030
956324709695713280
948957214894673921
883297123822862336
955691677603201025
955577217018486786
955329909718765568
938502299718180865
955126175621439488
922766398782410752
2367688604
954137163251273728
936805090375151616
954684518140731393
954029880802512896
950860856098742272
954480367972573184
948911784521535488
870736939003064320
925067482754404357
951163712135729153
873189483885285376
953950386984976385
950705001810325504
945353555694587904
949385926970572801
907667822913871873
941735639246090241
953219491135148032
123789941
949783561250443266
930516889989779456
953007434611744770
947190630786260993
952224201909383168
2259984792
952897792791535616
906988552411598848
939798115133124609
721995447347318784
952309587318886406
922974619816157185
949747586063327235
952095094164815872
900095817926815748
950485597952659457
951947544472510465
3402715113
763984664
905832277149614080
1072646166
951691641479450624
951482658793709568
946427460077412353
24578794
905339110767955968
941378366556557312
945952055537143808
938902489545535488
891656911413817344
950868213901996032
915899780160737280
947164492089184259
950722819255611392
4183281919
950851758032609280
943242044033654785
949242215724978176
949540610335223809
946653382047096832
2900982604
950027507654365185
880839351680335872
939891342586601472
943253398161379328
946769351071301632
948942225584607233
927153487208767488
948955122209579008
944543426963496961
949278479299891201
702802116352434176
935672837192519681
947827358760882177
2623858099
946073866228641792
934174379960922114
316561923
4662022963
937637605939859456
948343079722987520
937732772508073992
873586116544344066
257805125
3396323782
4157997861
944690225791619075
860662873
947948116803801090
946367019439525888
47336979
579775890
921005015690612736
945851822937460736
946435829953650688
945653047463698432
905037019360976896
704936443718803456
1242028656
944652571175784448
946034293901537280
943330426516656128
946540413242040320
945765574432477184
941302232082976768
945774872336183298
939619659942387712
941755378018275334
909965025640538112
945720218445336576
945565316180037637
868130508
946001414140067840
945794165299994624
942720987438739456
943873858528038912
940319703888691201
938922200106708992
76354117
945339117176479744
944705751234306050
943527127307177984
940516096729378816
935940450288095234
930351971684507648
927546069487177728
939434187244830720
872973983586684928
909707758265667584
941657511266013185
944493245098287105
943433856283062272
39795718
934734857606979584
4095598993
836983080002826240
943855095829159936
927881302728159232
940945333865058304
897085964794957826
929261104064327680
907918811583655936
943661901271240705
942914206277492737
925808654607114240
943639595782197251
933438316443250690
16631737
941940760051625984
938131227449708545
936196492678848512
750505052226220033
943171373505138688
523750491
929243512784244738
942772878667378688
942452966086373376
913160679611387905
933736346077851649
942030882868785153
928568416079962113
3401405049
936327945995603969
932346500650360834
941291155681153024
888216353475371008
941630720493195265
942031222917795840
942128479981760513
936328984857661441
940794402439561216
941075430500700160
940581077571301376
1102831405
232366915
3393427510
936156736209211392
925616359828058114
930789811836899328
936263311615807488
3081640709
884592312189427714
1444970006
919576120592293889
937263126654877697
888753508446613505
938076987586949120
940235381735329792
915478922237751296
82287769
555324238
888006676556779520
939868350028455936
925819512066314240
937717648468692992
936244807797739520
965743154
39648894
903014124757667841
936753806389506048
939041868540665856
935500677559865344
1721811782
126921754
933845334966407168
770310528254218240
938383254389972992
932036543493165057
937817097605996545
921454716126670849
933252637755023362
917683808522113024
896690954048024576
936100299818852352
917118692558860288
934426253708464128
895932051928621058
935831420790018048
138547253
883021114070499328
935566576572514304
928981268624281600
933611565319970816
933344788786622465
922717009237901312
261210514
934598456999600128
911724266294521856
930273437855166464
932735057982382082
104850523
931633181622784000
932653758722473985
932621673551093761
915569068765274113
934077807478628352
887425687535079424
933945514680254464
920758226605494274
888042526967566337
928515938332405760
887212619941261312
930688971423862785
897162791701934082
929025203048509440
4849978930
16547087
930459816241369089
3155123469
878318441194635265
909428973611909120
398178146
923509058996490240
928386709062062080
916425528252518401
928990542058475522
929711275919097856
904033514647158784
927724617879425024
927847887039373314
926364522994130945
928596181508411392
2372139020
755622586025930753
925487755227955200
497443132
3191610622
928057163603472389
927183705763917833
1558861508
902290048632094720
909773896529989632
926222707439611904
926918893913985024
926729156188102656
896487732628922368
908445679311376390
908604609115115520
923601981951889409
925786750336806912
925995722973040641
906161713241841664
924778750562258945
911120601087135744
914994818522210304
917361651921444864
903602961988935681
919898309237596161
887975435648339968
902711985305001985
898328608040775680
2423187456
4361745676
919465026804764672
884428922267598849
911582375452319744
917270250642485248
917196157033566218
923224413922873344
921613788893335553
2948823389
920282915673722880
490640364
138886094
921877688574533632
919813591204741120
921570010446708737
27750488
148586309
916129755530977280
918648302777839616
498843659
1198570398
919134174644236294
16126957
919708924047167488
828049588145758208
909851883572998146
144645151
919340060595671040
440051449
874635391231553537
915893497013637120
898635124933316608
918204894972129280
915022012690681856
3137145207
895390955582443520
895722493507448832
917646792329777152
3316813258
2909616921
582755823
827903345650233344
115854824
917002660724854785
904351838815838208
913066613469040641
1329194670
915923137853902848
905548230901018624
863296872768839681
3820239858
854389513841516544
54783759
896344269354651648
2749355312
3075407524
914054203751981056
914792432201617408
3195613363
909001361731260416
275476672
875212551600066561
904643997787975680
912004078103941121
898834555213234176
2752494235
911163134659973120
726906717070614528
908940045398265856
108502478
865940065821896704
2478015324
2414845752
910381803210526720
837235194046263296
17115539
905025828240707584
909523232012849152
909772766823555072
168928917
470011224
908091530426142721
4075827558
33923443
878748623516971008
909528428411367429
863526421800644608
900170457906913282
908454678584840193
3401931778
856953062455468032
904348254451752962
907549743378825218
908459725674729472
809908909314031618
32695674
852573046539919360
803278081075150853
907606579226271745
3193554924
904389086282207232
2853576432
905102541138092032
898835923101777920
906437681365876736
118792915
874964879572164608
858363878245146624
906258154366926851
898459063847198720
899711274988294146
901113995087708160
902973327391821829
902674694020718596
883579144906342401
900605190478417920
945293906
184918275
895606400449163264
903870333991649280
900516795727192065
903925425268772864
886290748064358401
903789141422465024
897743709462085632
903060137530806273
903410059719229440
2508152046
903208483671158784
849805334591848449
59195634
902837365596721152
754272579188297729
903041397607079936
797075563005542401
902719325395714048
15014405
894587845696008193
880849914720374786
892392529676652544
902261782227636224
832429372892143617
902126367508221954
895230752316588033
902218335357739008
902007309781659648
913197458
901853732073328641
901969981285519363
900859093321211904
892770910893199360
901391212334198785
901301041056149507
1080892105
885277360576135168
899181377723265024
853150752
356076599
825845867005480964
895767103051116552
866933591116308480
896095559563571200
889637203617480704
870072528315850752
898849844638486528
897116322089316352
897155203006316546
898593945969725440
898114946541727744
898301801996353536
891052263959126017
887644892071165952
897148514957918211
29508458
874895343598673921
896563538394836992
895966387147034625
864598435151982593
894210851812638720
895326996082851840
886339032757784576
893563264981925888
541292499
2753490355
1471144957
885174393596510209
54733921
886318841260802049
892743394912555009
887644535286845440
884559020979347457
32671625
3289960471
799802212687945729
890942542530965508
892792258738745344
891461574325669890
892073257192566785
879524074422194176
891391263076909057
887804749948624896
892445030001950721
892350849476907008
886412526510120961
890645412826279936
891298395037585408
889620964182544384
4809081515
880063293058101249
960201396
963479617
885497470599475200
890549990195646466
889843646887055360
890597596846338054
37771290
889416271145701377
890367124098756612
218763822
883403525312491520
887556806201024512
846948248292151297
2651958367
889439313267707904
889501886881124353
889457428210778112
888188800752652288
889055240846233604
888512073256366082
21614275
887055465783414785
702710127128764416
887583201585221633
876338078180356096
887627015519707137
260439155
329765602
887358281727053825
879799147938926593
877429834330370051
887112537661157376
866395834748989440
830979290531504128
885825822220746752
883155384466370560
884875417676632064
882584853396553729
882379328616640512
879837768985309185
883106753763827712
4229268864
860789484882980864
883780369048379392
884881705290661889
884252318983573505
2952875825
884396236253667328
884499164062781440
828288065588301824
859246548135313408
133938408
882445261901004800
1726076226
881902695954644992
2613143381
882703404128141314
881272352251793408
876046976290365440
2533229802
870448407713910785
867310925631696896
708081192520691712
881096832599904257
880772699341168642
880017920046190596
880486376663371776
872906243853221891
877155954256519168
879951872471302145
879319102040547328
878240951361253376
870236543239294976
869612269952536576
879231702656221185
739826033080315904
873844492654309376
872916198136184835
779053193145815040
108552921
877248013395210240
19216758
877585624580182017
875835970393956353
873692674108379138
877183192318574592
873473773877460992
870626129744363521
876935555635916800
32799607
876391936063655937
740944123012714496
876236942232264704
876098241632382977
780042054688727040
113379316
875507764344365059
875353021189955584
875294608003133440
819628670843113472
871510822975139841
874688681608695808
874600348232687616
4554001753
874540640952078338
874383726658150400
862085495500812289
395496574
868639330469908480
872002366274502656
868994191954726912
872424514231160836
832258657
872918246667804674
870211241742139392
782994596875870208
872679420833800193
3197018322
850574155376451584
2445152320
859818761750282241
2168214354
864484555503394816
116909087
826749150930882560
870754317262835712
837232371678199808
869949042238816256
864615260786970628
866977593198759937
3218191185
869332743733301248
869309790505381889
864569153520324608
867808011569422336
867017918071980034
867280994839273472
624376674
851149092235476995
61005918
829027326843375619
866890585264726016
361730611
865076611682521088
241818989
2293621160
856081783326208000
857883795256733696
25961831
860549217600909313
747959362497449985
854861489894825984
855116543746875392
269336873
738487845095104512
858028557787901952
18133805
857510867361042432
1842701690
45571759
848865334668996609
846119813927878658
3897624616
848837177576378369
497653059
52981903
505868722
826601155383824384
63621227
785668132673171456
38238189
1061751726
57440214
834249563821203456
820349906854510592
2266757989
728755183316918273
2966619382
96388670
37103768
831676615277023233
795608748547080194
836711851278929920
50937132
835540271806955520
789786869114540032
1665794599
122737459
812110911787962368
824730484726902784
1619378732
31156912
733540125288763394
812336077
49830134
610021318
1076406170
2645827902
14861810
4830075366
321029781
823283264261455873
802691821503709184
132339474
4640279773
821712849319895042
822680008678371329
344334764
1589194470
809921498311966721
821569651360600064
806489439182712841
2656738956
65455370
635394764
372050829
808741454331936768
20097116
3307637571
3754325603
818566312087715841
781682187590664192
1114583089
319379850
814171173172842496
814961897040646145
1442420286
454158712
814288686879744000
809308587218661376
804392462055784448
806354375593496577
3310870429
781055303223808001
1510724760
810444432554266624
150835463
2729811215
34658172
804256209922588672
806584409264635904
279319647
801369561027248128
804094038324498436
725133731376316416
2173295556
116047934
770704718939230208
2246032237
783444341381435393
701426043895357441
3282062246
752368253008093184
459534627
4728206723
3015014102
217557591
725195000368132096
799172659489673216
778479416972288001
797524945005723648
92308708
383350666
78926478
401663097
795692601580126208
775847718040182784
794911500783624193
609756141
3812977813
3256759990
776349291736596480
716662662080237568
3843876027
778602764515610624
1964216316
703436646
35149034
2824310806
439355467
767600403286327296
790260640879259648
783511145403604992
600325427
3103712517
185320857
788568950787506176
744839499474149376
777261247557271553
220888487
3755717475
471790056
2940226872
725440439881482240
784036213258850305
4543922312
2414215676
1911425660
275436057
401820735
523365080
1881508490
760315198993379328
2513075658
3424666635
2950319998
779429620034707456
764147917095571461
775160689400897536
118495249
769629652180762624
3134840099
247744426
460607936
180172940
774664042883452929
2800067142
716926968994770944
732948764239912961
719512745859792896
2921672303
62946534
461026420
737721611185426432
750347714781741056
761799748932083712
765105594269302784
18992077
3238969961
402645357
4369126874
41995398
320908700
2451479528
4855078895
3812976014
722432181977485312
765730039434358786
33994580
761339635435995137
763185041166008324
492773427
36158328
3427875593
126506647
32493349
575435420
759504700282507264
758589671395954688
111343672
968048352
313115374
705418681543749632
751439123215441921
481439251
1008739664
349510014
975456638
47984347
719916501483040768
4852613943
57076030
1642454022
218274087
3302210410
3244528537
4208469322
4890120460
722036010876608512
741548895600148480
2666188567
737956554016706560
350218073
745231472127246336
723447198810181632
289149877
723490674125893632
744276333849612288
312603694
723693915568779264
1014477253
25601317
4474733900
755784840
523318362
313026171
3384519831
741019113938620420
611674596
332345624
163955212
38019317
734747811535826944
702086654123610113
4680311388
386070181
49311787
2873362961
3245070880
3166151793
735092063050604544
4347526583
2670886812
42143627
3253156207
4808364955
734744208070840324
2612749261
3924846622
41346671
3267321966
1068828300
306248869
4745328795
19278548
276664857
717879148216193026
16087140
357517458
724985989052010496
588630461
4894864225
766905054
1151824428
2539650026
2555668454
724344245369352192
4034723066
725837122771509248
3807148995
725022761953955841
725482882077196289
1037885318
704487905683750913
14288975
2798429015
160373854
715756972772048897
35104660
715171397878812672
3348936484
16289895
76733225
851791428
257113517
1271338237
96086433
16836939
4665075439
711062982155829248
977179363
1029780672
1513530384
858646280
547310367
4341717555
191663909
4890714304
704870877553274880
4737759077
4192158261
422711841
700676893075329024
4857973634
3092944091
702526822202916865
2865891285
4772505919
967466442
84020540
1684137775
3347685268
17466140
2372075479
4655124315
4710035488
236865051
2316320059
21359823
26801818
3048232864
2230707776
4670917807
17390124
393380458
576144452
3092390175
2944368760
43570256
360696731
898858322
3434543045
4680219378
739033350
944743472
4848242687
67728301
328207317
3321080965
292562880
2551188847
58380190
437181706
3186229844
486121025
4713957313
4712095094
3585071834
4558176192
532213900
3015921637
4592734764
3313949362
3088266671
2182211755
2595160404
43398853
2966893277
3020239283
3184761876
4489499712
418049779
473220464
175173698
4091865075
20554678
2345627759
4164182920
1669447674
2183118511
37025775
331519448
3762157993
4026821573
4054156993
24585846
380139525
2916133982
118895997
450089430
601875376
25203361
2247403210
2416358437
1753587650
473557539
3931353982
3363970463
3939815659
2910580058
24749214
3823496892
930707947
2889221917
3775103003
263301635
2289118140
2978819530
233204398
102148991
20639369
3523438154
3518629815
3349683259
1135828105
1367659537
3714813975
18783476
2976410875
3296713598
1910179424
3317568250
105139837
2345653232
2951109671
3303352271
3461667672
3303921443
38197780
181302893
121598314
18015386
2806065361
1900542126
976857223
2984393589
3093915405
196030842
2302622846
1432501634
45075781
205957912
358638349
229694678
2952621870
3338148364
2651819494
3357437507
3352316416
98899028
209810887
1096138458
2567856800
2999434109
2966214278
355559524
349006554
3032951492
1660954632
2976446597
357382762
289903082
332238460
32431082
135767303
3106346116
2385146736
2967082283
2471700016
2784488848
3044900341
50735431
389734607
14871326
18538268
176540776
2996360931
1304097554
3002644986
2998961404
776173296
2967163013
254518816
2950477066
1355554182
1952144340
2789503876
150120631
2782974163
349923620
50323275
34047021
1180747849
