21700934
2436016446
1003575928209985536
24143898
41179995
358967761
2374775780
4874431402
26540417
115604864
61792342
81906564
899668047899881474
20876957
18408457
4416710963
115791588
39633585
216065430
1037706151
729356827092099072
730633838993399809
997494906477334528
314232881
55522161
65292722
869600280257679360
182236262
2894834568
866154531502960641
42561989
17354377
27257001
2496271447
3102403259
26023799
966511390058885120
156118550
936508242015895553
1415386915
18699643
323632225
98746727
86373964
524615498
180563804
864626940938002437
898847536135274497
2863627586
252083652
3071040496
148881723
40386554
39018996
3378754994
47991897
774357990711316481
716459367655219200
1209561234
1488701142
205531045
239796596
3111553475
2288611836
579488296
243033747
18171703
28353028
20083388
347420129
58766476
40300027
111726083
260894276
3873965293
247467776
574761832
3290549301
17116809
4385696674
2394388608
60346013
3159511842
16061320
1098569166
16312370
256210726
843846882
545246916
275148788
191068428
263962667
3131800007
365006532
23803708
27950086
261988066
164536190
917902551709663233
38830101
895378434154745856
2414920020
382763253
737980128832159744
40965341
2453651443
835762912996249601
23031094
225193809
969697685904199680
710549160366358529
969745661473280000
1286312880
21258773
164790306
17086475
1107553266
965015705123930114
198328016
606750956
3301724135
104040220
2548468622
378101667
128389804
781307958508478464
3229089299
7555262
227026265
64865913
182107650
805965229444173824
15940523
59510740
87710468
911125075276922880
15184929
1262776610
3272371428
906913781174951936
3075938303
15492359
412522365
33995409
758119218466336768
3189074450
173901012
2297334661
73033077
180392939
3424320982
3307493142
93756814
971192798790733824
154311445
1206035390
1391259187
227898724
565521611
825346823070040064
925073216565112832
339152189
249608059
887645575474294784
511147313
3712010955
936731438808002560
2770941494
2352660468
3342257211
3242495944
4035503243
2265261151
543780273
36517491
70499835
871299050485800960
25575632
890018761687711744
809919080476053504
373566752
17351666
17929859
10454572
2458256605
3215160807
239949176
3290885688
16051471
3306356683
868545352164573184
1679307450
1250334620
15934076
264924050
18106300
17530277
82821139
19725981
170774126
24544452
930591559577247745
874279564490440705
3078942992
2224947382
140048972
228896613
1395881846
920344343357087747
1407822289
92482042
3247993823
534850419
1601570406
316229102
128137142
20481358
4063036468
18152658
159225370
1852644804
141944292
2302937503
31309603
920666576344506368
2548985366
74755679
398193180
17121755
33462499
2863580894
473605749
776476771206176768
1083802818
49205656
2351294292
285439517
702303494053634049
629892954
1139189364
17565514
178525052
186333296
4726534534
315331161
521669982
2540752350
2847028078
16314021
216605214
39547629
805149629574692864
21110356
22209201
36739057
15937533
36726529
4174441995
3384896848
173828896
2236020854
24619328
996045187
4735827454
843904779654905856
46769281
16863340
15568621
806453815876734976
754986693619396608
21165847
715654283488849926
171685697
3006433515
56510427
9228382
190074321
2939942884
855844119863848961
2458781599
17936793
840642196080545792
22846853
19794115
394939305
19324779
124203266
42628306
2997477370
903310132209221634
4851362277
958433678
3354131177
1977113917
79923701
834734381231177730
317522823
189231119
2199948698
14529929
572087922
185716554
524601604
371539066
19166519
15396298
40798442
1872686198
2155649270
732763873372082177
740306805289422848
762428242523414529
22900332
864912144541917184
859562609493680128
97737655
26270913
16179317
1202420574
17198884
884147467356446721
14204133
909982581164097536
864119413116686336
1556335044
26270971
38841345
19279990
807453229
618685564
2533216484
437029166
11744152
17138178
704881118000971777
806227797232357376
21104204
158426909
23504870
352668196
32625314
2557750243
755953153
2416444945
58601997
3131408711
365014195
798207144633962497
2902504253
18215973
38763927
3240155286
4915853461
849119923918053380
158474145
252357183
807571713617756160
19433528
875128721715286016
3075451741
3311329073
266685254
2586414132
2434051392
887707490531647488
179508800
1620371462
834476426245992448
821898663207247872
717846328169005057
2437837956
287162579
15857747
23779309
113472341
92492153
195962503
15009761
18827300
791077327
4114700795
1498757215
2785800701
847769515152867328
1455586111
615444681
2574194136
192288002
86798476
39885375
4886114183
28071321
258871271
3379658705
411913395
287830593
28185163
3223426134
25177918
338174945
266697434
15675138
2886006935
67545601
29804165
2482867602
819596222210023426
38171460
157558832
3073845039
37340424
118369820
118876530
22848503
78366205
3350556934
4162105708
43219963
2849075205
2873265245
18823758
816770241803845632
757303975
309321315
4669412971
2492811448
14687666
14707666
805821871556034560
21864078
777630720671948800
2814799105
20926233
148853680
1653477433
23593051
4716252866
2421067430
1640929196
120995738
2910037419
248462774
811651567510167553
15958394
2571283466
139909832
24075723
65458298
243328891
3282859598
5695632
127431090
20177423
4834879749
23779565
4482294142
13850422
93273831
798705132418531329
3028303180
3054258444
20055740
551434072
28620188
1409104518
263785570
193167461
166560427
775542555949748224
594175899
821782476515409920
134547779
22037660
755521656202887168
35326529
249150179
619278612
30554417
3344331155
31175054
731364698
2360683626
262749118
4797927626
19346439
635608354
2889924959
723185462022565888
41940274
22515874
71093106
226155597
826756832806973440
18438022
3177046517
1719119540
2639853499
16232843
720777431951482880
3145223149
805153662909763584
757299886769508357
743856512
2306957688
27187343
427505253
6974622
346353711
162436508
2148021418
852049679785357314
65165111
1496093900
15277415
824560296916385792
35403128
16359233
38349184
63663664
2791082893
950443710
374194981
17621327
472872558
3891897201
845094334248595456
146614864
81264596
24677953
90558751
46335511
801159713035612160
2827109622
202286453
808454347
22086402
1661348209
21027387
736017698694397953
2167097881
1096068614
221935098
123081702
156381210
3080190202
57751453
14190948
5485192
71074656
8192222
1581550639
234903540
3249228729
16279397
21059255
606776750
2851234272
233655854
414304780
63302020
18234672
2484722017
1119962688
16496156
14993272
1308579266
24472704
46564873
15972212
2916991977
27488996
369507958
815964647950077953
241382835
16900536
3061024125
796076551326429184
188370588
773592467195195393
3979755905
4877958832
37614262
214622133
21129105
607747504
357606935
248735463
143639638
1020383864
33276161
21728303
756189324253671424
168850629
14089195
939091
156297357
4797310115
36686040
2992721784
202897788
227096799
31009340
46431166
2573480784
12151932
23314049
2196941238
809144444532490245
268670484
129697769
824320219866923018
3240143771
18018355
18587841
88814954
352816495
177042919
722094749042229250
109272750
989397451
501389799
766020211355054080
281240603
2293315159
26493787
139185720
1434251
15898172
480120122
450921524
6480682
771095760339345412
765916965953216512
403179950
1703091768
1403919698
361270172
3054347402
2332431056
717543557641318400
15749983
577406690
171881218
70725281
3195726300
3146243356
21527568
21247989
4507313779
971050080
1166676607
75469365
156376219
88058251
55091479
313382789
108188552
1491304855
712097792211161089
4446035134
290927233
222881714
97564473
66750855
97040343
4312764381
798625662911320064
177319531
113471026
2901740594
39162915
106792353
1682522179
2961650738
2888153295
436721105
3270127706
3320699046
78293304
762331693114073088
68280242
1427599410
237419257
1463172686
1377388332
90115969
721513292
390463818
702121489
4171250787
3271452962
2347180148
400717718
4897564411
4560563413
720959039212036097
79926604
15975554
22813250
22063870
19026288
804094038324498436
803745650429034496
19175963
351065668
377949581
178003203
803768600330780672
2477017982
45499590
973551138
34641036
15081182
597897111
34113439
237845487
244655353
16042794
1490579754
2890961
1344951
2898701472
19468168
14135426
735275750505340928
5741722
2799607010
9300262
14434063
14345062
4347067213
787139311216889856
124019083
25536902
22213461
31541303
1911669378
787403182301294593
35880417
3054387716
2151220398
25138194
755317595356528640
50317463
30354991
12753752
2916305152
243287822
446616385
2842499108
3331850139
1242556435
286998245
3320478908
240766579
845743333
789665359
2165651892
22586001
23995748
3013621251
472587261
749085116836618241
36972997
29523440
2367911
2352142008
14855279
20177956
75101450
29130694
1202699102
3041862806
254004057
16234029
16380610
731132367058968576
36139712
32323274
744454819285442560
45055696
2377815434
54617733
223047786
3709999582
23291748
38502248
2437329722
2400284491
143655326
46775436
15652252
2893389498
248757849
173677727
4252202299
84009763
84860555
565209433
121817564
15130471
586881665
487846381
351287640
241201438
32780218
718495181914316801
373466005
34999173
91053923
35653050
285293010
2796437380
108449748
715597252752900097
345236807
3865851675
2757681947
225075680
3186878430
47216804
519536557
15222004
3909886053
14294848
4917959428
387050961
1681867315
522828682
23702397
21972744
95644951
248234943
130001287
752037576156991488
18908435
311032328
2581002935
35982046
35936474
265523983
18766459
176895122
2317310666
189362860
27458677
44131286
389375868
16187676
2932188923
120412341
634255790
3662823918
27200364
4417615632
815537202
1906179308
16582131
357668606
1330157610
15449188
2940882906
357310745
2161099874
373645521
17529008
4267769207
1311507481
359690061
2466008792
206570333
9763482
25421094
735557397201068035
912366043
110332354
51113036
36035254
2416413487
3401679923
709744624563171328
75019567
2723201556
2241116209
559822264
68036460
459961996
55516787
3473072065
45623629
565468351
3148897539
34828488
160622433
3024068813
28504041
15933953
14790524
474154291
2916590951
135568529
317133897
1307899326
19747261
417252547
32238490
21036769
29873662
970977548
3926271912
22020794
75485244
49768322
15483578
51108867
82476570
21898980
2796990054
2927280168
3872598315
465942997
2804309126
19923515
14436030
1251040297
140761191
3065429605
42927636
33906088
19963431
2352729630
70322411
91995170
970207298
22891868
384954035
356314667
3188199445
67148716
258444218
26274648
1156407384
187925100
390091056
32781284
3327584174
3073611635
344514301
33753807
18996684
3031746741
18040878
3311708412
2715196298
16041234
4899244694
2335072347
29042941
1569791546
479961304
18787733
26657119
3835855337
2421318218
39472543
45520156
2394470346
185289426
706546693467037696
263972570
1242083774
462277499
2996386035
46597488
231863801
1399090832
800527196
406364655
17908362
556443826
4690460058
3927327623
17804823
43300047
280461866
3293488421
60641188
124418048
119972954
15693172
20818801
973698920
14342018
23912766
71088774
72915113
21352879
29307032
72073289
41428985
31115275
2569806414
33763603
31239408
185739738
866953267
59949396
108090221
14521926
528799852
20518710
15013823
17001730
20567939
2569222188
559438064
185810178
21048301
461509699
20068053
18631010
137430482
17560096
29062240
54387680
39615521
17581754
4721286794
14155907
138118047
25095418
16680306
59541948
474259753
513720352
19592395
3075618404
14235543
2598339869
487256024
4488130649
45038044
14763734
41416662
462997692
379884599
3425444235
29289234
462311593
14175375
1345110602
14416124
17634874
17602896
12626962
17596622
45577446
23369246
17337554
339754094
3378918609
33398564
106538753
26757599
40340946
21228708
605987246
295899118
49717874
2329498706
217458422
122680286
2355252290
133435562
64770337
88987638
124020339
29403387
297125934
3240498437
1143861355
278770142
7662542
2967250415
342629240
59570243
22894742
3252469709
56029705
1359980808
159643888
399224799
710845459
2327408270
138516405
34049155
38228095
62324166
105675946
614111966
62637497
66464745
8678412
2324313714
1044582001
1965905149
2349529394
260674089
256596567
33207248
221135570
52484614
259233404
915726438
2875485611
809887021
231104608
35232236
55007027
125181345
327545905
78744813
22481727
4970411
105029433
2210002132
17922632
18924291
769070390
3288921491
2823389716
1034925128
14854462
77777584
68003308
40684090
16490974
281203528
3236958849
2918312640
135228435
432152570
3288944536
972651
46213956
16028034
440112023
63144098
33110793
84801794
1952511030
905202360
292359364
125777025
28068719
3064674141
1604954443
200471093
2503165899
577386142
1623093584
775221582
320970986
76510381
159563937
2910298147
825477853
326366955
15339701
18018782
2205593438
1378252189
575098246
43785081
2508946429
94141048
130748033
787598970
851667488
537529554
30282464
7313362
58945187
116799581
25387183
36670025
56891751
2905232597
31090827
531436010
537567953
490857705
604637177
104294034
21251057
68817376
2831548737
3141323930
2467637286
316476860
3194682452
18665952
191720017
3253297981
2973466743
110202049
2780974402
3123647013
397603456
14942445
1060093512
2838457489
110511383
174082204
256889809
17725146
1897537554
387914138
350521126
9779032
9313022
179309435
23185210
21675853
14420589
189223747
174433587
67026664
1111545264
451429617
46116615
168374159
22411875
26792275
1440641
74076798
556569302
14270650
59682648
301630501
547699457
15056788
2835886194
45564482
2749989529
1056235112
3223746900
2293609664
442122395
56262306
244218738
256752244
152358615
401548172
16259251
834095274
15319698
32501175
108740292
33884545
26297176
35785401
22952132
40924038
73716850
39349439
2980048455
197598287
2289867572
243163874
2374176276
60814379
1113542077
2825248801
3129010469
110326494
10429092
25025756
1210738346
1556046984
22178780
25319414
1373313666
2422665828
20275150
33735219
786293766
171231974
1639238282
78525538
1287741464
480819245
239509917
130352142
23406730
3254966756
27819083
3290070855
3333055535
322336690
21091954
10252962
17379685
14693499
199490624
16486924
20711173
1561448815
98193275
459269265
3208584448
32521471
14849562
26282046
38079252
2517854953
37603996
21280975
12004852
179732982
22891156
164412502
2347049341
117662694
21918310
6017542
14062180
17471979
13049362
246015445
233755897
46318024
42562446
317606559
17601988
59031230
20772763
9112032
3176768042
125531193
18085871
1458176120
19451366
14375915
43626549
238291839
252857045
98768914
22848668
23327203
15169565
343800462
143751205
12503712
40076725
25932445
1920628039
46758019
2151481632
958435057
406659683
58845996
247114704
65698096
377925880
2850840713
482708367
25552593
74518740
44157405
97474887
18979879
22101273
16333302
3000085551
408902268
2735507191
27711685
2677694917
487600344
18652755
330467815
10690702
210576889
16172976
17103965
19809471
168681472
282123511
233395714
36252186
2757927614
1651692392
28487080
229636313
29925273
2901437477
2820624307
39246283
1291770157
147258792
222890984
755113
2398095708
2956105127
1161214015
2415053456
2981558177
18641827
19571008
21456548
55355654
27793335
46228517
345687834
44204341
23487110
175224146
2912990047
303589538
15810778
17695820
1536791610
52158124
136287067
3022640119
1307544762
22427134
262457364
3156263728
17881816
113141329
1908492817
76640653
119936360
2864553022
2950609427
14235078
930416131
2556558171
49728843
2914574821
959855204
432029072
2667664074
2960864561
198288001
1836866514
2868391154
58026534
577339339
3041110038
2951106493
2274671049
173123444
2273504501
935932922
77482626
2367516953
771845828
290404066
2871508966
498119744
138234621
3077092691
445431219
1497062888
189527510
523177554
820930903
3018662502
20946547
2341101517
123735012
243371409
2344026444
357176410
47150435
22085184
27469409
26027481
2273872578
86034380
379581545
7538802
2266366941
121283211
1108078231
2293463864
2355173220
2377016016
2263523870
2851725481
26353525
2800909565
2513397504
3024354529
3033231600
220089447
3104859267
71473926
2769409013
2699559920
50240840
1665766094
24826667
2897925583
517495068
2297726995
3050335636
1564498860
15676493
491898280
1378596505
2982831773
507819621
14408366
2411653896
909078528
292744735
34921518
46159223
89647995
16664681
29844055
486955518
25204799
43889995
1635728886
18038269
22820251
28201743
9695312
115463768
54861851
21471357
46296304
116362700
20322929
24275419
181572333
22736017
136107849
256883252
16419713
2466899838
166315104
345673106
16014840
430995737
291814511
78499416
63735187
15657196
60919240
16145763
24713327
205864193
48802204
364423298
319100065
56828100
17801805
43638469
131497030
15612015
21308157
44988185
27640961
52583187
43837341
1661120330
2928094247
92528082
22140254
29551475
22663414
253928483
3068537321
66718545
14117843
132343944
17915334
325076723
29450962
26079293
1604931252
154280902
23795109
24886570
31255445
46822887
17878322
1876322665
438909802
15077597
578274665
335533864
3063933958
175485565
39202083
278664831
19112539
15649438
341908197
137346000
25901665
19910129
629890201
18587457
18005231
20068679
20252085
3065315619
25060780
92182754
224031657
411111930
52299545
92148954
17998609
14982804
19119809
2965004574
284602545
14417563
155620016
187767190
157920439
65412757
72870697
274980319
120378300
2461821548
858924511
43187274
2372437801
41199873
1596611485
1375391942
2581709502
560497324
1586864401
32696506
2935213470
2912008875
32309662
20472641
2165590886
1128218821
31360279
16302242
299448712
267921808
73218364
29663668
182161200
2911284075
114230878
359641823
1439711
151967576
233783568
250335913
1490717714
294288304
218770516
10886522
11511
1154169938
148418872
518058847
50144689
29417304
2790202308
950158873
128073415
520760335
520575682
143872695
28300550
100136358
16265742
45265054
18377624
2743396898
2382976364
14578312
1470556118
20985527
18381396
19367319
395296194
23451183
18220386
18758190
255388236
183094956
25709412
317779526
1203905286
20173135
34792516
38381098
18238344
261425006
186860459
325966046
325964747
222185665
28211427
247560825
2806095680
2830456754
1928010829
215683551
1631274224
2738489961
172669182
323986629
46549541
2545794536
827557939
15010978
22225053
213668537
425165632
21274637
34713362
3108351
2717254872
34974131
46306646
911622614
1375736322
1584609420
801311472
154714727
1631645832
123945193
1598502734
204688509
1345702333
558810910
255773815
63112528
213478296
104312010
7309052
743521262
287829204
109951643
44030337
17525171
110396781
2750934719
23748699
45279311
260590025
257324228
20729459
1284275610
27814665
16955991
275686563
14677919
15164565
573918122
2572709562
279390084
471311185
500651859
106275786
102225147
270375561
184496683
13393052
13557972
116625196
2721777926
45203497
180229847
30602016
1093363586
18164289
382751501
82455213
49931119
83039463
89887215
23831682
40732085
1507338108
22022665
104969057
5402612
156651229
1652541
18424289
1178700896
517849490
47862165
15862440
310310934
91180720
4207961
49698134
84946406
14090948
554773341
26524027
195441023
2709383943
2433335246
98424908
222436278
423074045
84888177
25918653
30022428
18224884
105001809
30279060
16642886
68330103
55748107
41753279
534675241
8936082
108640170
17228366
73459879
143664456
253489860
18691124
46967887
112837705
28925253
330494494
2569588138
2612811595
1922045526
142116606
2554740762
35787166
372688790
138840055
15925947
23918872
126211161
431941795
179551443
41012300
139285190
140574467
63552184
66933315
268574796
267473048
101084919
474228071
402645357
27076446
8399972
18715764
34479708
39989606
34086767
30167588
22365908
25418063
26959507
65705589
47500677
124631720
158266963
38042166
148256193
267956849
57729791
329714101
2438765688
70721372
20693033
38469453
154953218
76678010
24790283
19997751
1053776486
312933216
2287431374
2357488394
464790550
19725644
244593107
64831366
237397175
230232721
253676908
224625965
497812203
124888735
195137176
26344773
16279527
20110424
586671909
14601237
90420314
126084292
18949610
475286355
20479813
623113334
299323282
823771621
15947602
27698202
16269666
413361280
617580140
19898342
246127773
26778673
278822333
17391089
27781680
57490963
26703100
25993004
23489663
47630741
560456083
23976874
577860219
28442098
1025143662
41634265
2250821209
16528128
16303106
15536990
34111781
28296573
25280477
17543416
16129920
887774809
361472722
26548315
1909811088
81925834
48890812
188422887
288973089
16254381
18704092
394382237
153067044
16374678
15256225
180505807
904858525
215506582
51850782
7744592
22650211
86141342
42958829
8839632
14173315
28785486
15012486
23614207
16312576
23603092
17469289
15754281
2467791
742143
14511951
22179997
17446621
20012204
21217034
1085151870
39008044
104618477
1947301
22986148
41526947
17718497
23989491
80385764
55334133
17368032
456209930
199422633
28030288
1022265708
838464523
849989623
20585521
28026779
52519277
41073372
71876190
54682125
20108560
52551600
561420214
22196979
131086233
30936698
25685412
803120719
302891377
245472266
298186620
313785925
130291708
321440691
557316712
1104274134
24460328
24722367
24712054
27077138
415859364
210684204
19520006
626126273
1138903760
440618895
331529871
29385115
207350216
242982376
133899908
474673278
151969930
40761772
257242329
310567630
21250868
67982898
117778179
30080029
115485051
52174408
18222378
84353161
63677189
555708399
68447333
262794965
325178297
1058365783
324194921
28763053
549799593
514763145
30570527
159894847
114869991
31168900
201601345
76554996
1080721584
15355390
16867043
72878707
1107105872
20414217
981551894
136525225
21374716
13213122
24814582
416243335
222569614
81402858
61853389
20437286
26810542
39092982
374019904
18784113
42912024
128246602
177211481
33657625
17159397
59204932
28220400
24060589
16145224
818909579400638467
369505837
26278266
36719281
356885109
325830217
15667802
1093090866
40056590
221875854
895095104
141134859
66551058
23967578
22575307
53297035
16899018
31293110
20261503
12266442
19549830
34487135
82939583
228794007
44163738
24839918
2883841
20536157
30309979
17220934
21324258
28370738
49636798
229943617
40626514
104963798
314067961
42389136
51241574
196917975
398490298
11856892
15808765
19058681
35859588
15458694
16727535
17444573
28221296
158414847
16573941
40361513
11018442
7831092
20436059
14592723
18058609
32122637
1101967873
18626582
1075047463
54182937
521963166
500165922
974075599
18343401
32295125
29233291
226299107
14780915
28209292
75025395
202722747
233675476
198975780
26257166
11912362
91478624
15693493
16812787
5988062
2557521
13198172
452429745
1070223001
80700514
526316060
30817847
11348282
37710752
28706024
292744283
55242630
14498713
21991753
5885732
225539878
45112524
1059194370
185487499
21705931
23043294
16332223
621575503
352145373
27457788
18510860
931198993
54297882
106605860
27673684
123987975
38362407
200820979
710517134
297001561
5796972
32084985
777096786
43367359
34336351
409486555
745779876
235446476
113192868
19546277
480778227
240243516
721583304
27028248
27726303
15566901
25087685
30947351
30054059
615851002
279319647
49173064
221606867
60972923
238020959
353163861
26323017
109347321
39634561
252230416
626031260
215576160
580368376
486172197
87602176
17788194
247977494
64857767
158777509
523884400
16645151
26877966
311651235
24720234
23735975
30157620
33661483
29861904
23177270
45453237
20723211
33549858
240467995
262799542
50374439
19028953
350628549
85724849
251686253
188873148
21771224
111474827
22182080
311554840
19801582
373565900
404604416
109026408
24740625
17929027
27195114
557656346
126024264
146702513
18029139
5392522
31048026
22224654
37959244
52528214
154126341
73458781
227837742
482424565
337061169
93742107
357940031
446301732
36117822
29816798
14293310
28674888
30313925
45635195
376457727
11350892
2884771
20952009
19139193
23458520
19688173
21040811
164134367
24264939
25472674
18396070
23746241
28897926
22676390
16605243
19571299
74501824
17771860
18197668
18244358
16012783
35244630
24906723
347009088
19375043
393202734
112963672
36485613
53153263
147600881
28871546
20545055
102278356
207923746
104235481
43214455
67792139
264421092
31212366
19397785
256242377
15617631
30274144
55736459
201441142
191504048
249902490
62290422
60257871
48410093
28054681
100220864
389845002
261907415
373101137
27750488
413487212
15416955
26878188
18220175
28211935
26895879
23561980
14691200
26988561
273469546
16074809
53472832
103069320
125481462
32643650
16305370
26834195
46440103
131351549
22498452
50835878
46571486
157102563
31483387
23585395
250831586
84094372
242073660
23627469
260491029
22685200
31652181
759251
30887601
26281077
34874716
119460225
19566101
104299103
15224867
16870682
44204446
19330043
184651802
184634154
184648622
15467493
21586997
46752527
18397741
19380829
2425151
783214
89084561
212759026
34430522
20346956
17910893
37774152
21840484
22601929
391594129
248900032
55365711
29379375
159419263
194994054
58340998
27053590
56845608
15785100
27662376
191626759
259379883
156132825
75974281
19575665
204995942
271227408
27988939
221990759
141767538
310253908
263826230
30966948
146099195
21844863
20632796
287854543
30254855
49539854
30612633
23414255
30252697
23856081
28165335
18610936
22738950
260536059
29013803
162077205
28109359
324732130
28522811
260878517
183781321
27111658
79293791
26127836
18144089
152801977
92717138
27697207
27677483
54472924
21410757
133792190
314206742
18101432
83978937
24907708
21131863
15331429
19575977
20028484
342327238
161802684
58529612
18845207
67780610
232019954
161456486
27016644
29567790
38051831
14629315
205302299
108095136
16223529
16631904
18676369
23006794
19248106
27260086
17659227
50826280
18133405
33990291
22657153
14075928
238319766
14512909
96829836
26946348
48169084
263872769
16658390
16630362
28331519
15905925
19272244
19637934
20659839
19923144
24775528
10228272
114052770
86335294
129838205
128647342
256881576
43721371
28725783
24822280
15155074
26347170
18123507
39204454
39635217
16150710
16157577
6273552
9591442
168823861
19791490
139930250
35757323
38530157
191204273
38802447
119509520
20728488
40908929
47905488
147787042
128990079
18395177
15122826
18121619
21838634
23888081
25233746
23083404
24606439
29330030
96846955
210921551
28220305
24966423
22518487
30782495
29860364
50725573
52939106
138600717
145499533
74853246
59283767
58598187
27368199
20105192
75361610
23280648
16560657
28059115
34079226
27344335
77165581
15485441
21824310
38311025
35831704
44226815
202046781
274677718
23984038
29412327
26589987
36743910
24967668
27406401
17461978
23151437
84358766
23832022
428333
17169320
35094637
20299862
8320242
18228898
26516984
16463853
24278900
24621955
813286
54951973
125386072
116886351
28932816
19671129
40572559
16870429
93993462
3004231
24795163
22018488
23242126
14939981
18278629
17393115
20291843
60697795
