966665076613804037
707473045888311296
4525406607
91539866
989990254898831360
981828838660374528
794167699542855680
988396407756345344
969164220850896896
961859583302971392
955886019806625792
872423437
3664235361
1003714838902829056
739013040
4210798312
2459073409
129838035
998171563424931840
976083619969208320
2752176958
2886147957
999339561523138560
975381025911115777
989530642399551488
820443782885900288
2418399300
924911173002235904
2882475498
4436975543
797130867739099136
155843709
907329885621891078
986481262683611138
993248533494091783
63346494
3154760255
977929837573754880
704739867754938368
238071433
985907524552585216
985907789221564416
714488473902776320
978389588136873984
837080212957450240
1077872654
958893533477289984
960118400822464513
892283616939692033
983317981206908929
2271705218
982337396892229633
3401090475
971120539107459075
2540573335
980303574809923589
963063643347804160
804756722539753472
980468444167630848
28427727
813748697234337793
95920452
76596972
976247630719275013
20844353
27173677
14884180
3569193923
887956752100192261
3246624324
2218305492
2471027360
854700958701547520
60304094
1922688110
4713408017
945947029586444288
965523865605636096
1113988177
1423973827
846482650357547008
951887588385808385
945566392065101824
629655827
834783904276025344
960473778122719232
922694434256539648
2429427672
1917881077
564536499
21991528
807497996409638912
730430787519184896
929007128517410816
940570141456289792
838438695749500928
4119431295
951434261931978752
3151421943
488222983
950742793290440704
956540688849690625
360093882
781870451148611584
2800246599
958287857646493697
2797736465
955659361690574848
4861869505
3140983740
956326730159022081
936752119117438976
2409147722
297328951
1633015944
108408318
866065754931818496
908354063313641472
3012688368
785063353228128256
926073275003949058
803329147946889216
855348651421560833
903230776925290497
2412080202
3039380398
912427427883864066
719503799807799297
946505874822057985
923432638630600704
926188937781088258
796323310514606085
755728264207925249
931175325979078656
1465709136
517218938
938589708740939777
3127492395
912371511700410368
19968186
899606155797954562
119986387
923162163526676480
926447250909351937
890902685326745602
926826588326453254
777811086
818926661748064258
835390680323264512
214500633
903907685170651138
4824790556
887572146179850240
850291262766952450
914839693421957121
909371785828761600
2814669301
909721803232354304
298850867
892045087806566400
2869844368
3360796833
874684418660720640
77516870
160658428
248309122
867376195649904642
711363481
837792604842508289
889644939021307904
768512415394852864
885653804011671552
59112995
1005038540
4003061325
3404363566
875424771483349000
887032173383090176
481119449
857186809725542400
885104448485380096
805101809513730049
885693559126413312
810043006011248640
2933653001
3906101844
59528826
880065080091701249
874023021513777156
814615126942908416
2545566314
841999066229809152
877848518463037440
788679600993959936
40885665
3424751944
846825362814328832
756102329598877696
841391659808116741
3663089414
874233522684174336
1191778628
872192981620711424
771333712629731328
707290231859445760
868825633354371072
843480731938570240
722030969688035328
575132206
849049817812795392
850375506163896321
516508194
704408634638409728
827467845021863936
2873625983
2411077080
4823493971
327295140
832879575696818176
224010400
2969186459
4858581340
2754859180
833720991549419520
219749046
709664970863149056
59746903
848052798130274304
853151574083940352
4466364166
717650629301256192
804875503228321792
810121406289707008
830239449648738305
734725884494680064
1264429296
727064274250567680
1369863534
821971222594367489
1424650172
3316935301
835798497504989184
433576177
4202491282
836615276779143168
831527828667645955
4915997224
821667360985714690
767732212670267396
1975461481
240800685
44847655
768540430099214336
831968653700653059
250069397
2264884662
3356682922
34798452
825704858791600129
811579699629555712
2336415536
2216753582
3027771256
4733888063
819927531843440640
2252035669
814165625077645313
734861320122716160
3299304465
3179820231
298973853
4558676655
810796665921748993
788366118465392641
2733238681
789383433340358656
61454578
803714638479290369
448203290
747217468993724416
4383630760
704618064483065856
54904521
153064985
2412753590
702835120605155328
1659767467
355665520
792201409122873349
2233132080
4061673999
782228862369468417
82621325
2628361485
1283327713
786636932226973697
758215526367784960
785433658199007233
414593179
45435680
776725018646548480
759964203977314305
777516065597353988
236145743
781462939542970368
232405139
2274647558
3374994406
775164818869264385
763674943011840000
74178754
710052452066861057
744982514595471360
768066089599307776
489335185
131444617
3349462727
4439038534
765979133482500140
403437908
697002299621826560
756571609280999424
2838919857
104717020
4821996597
3121450922
751016322562162688
717247428219518976
741686797936254976
1289205570
750683321001127936
282141167
4265224936
750657715169533952
457426673
1706881099
700126073
2342690900
1375583292
740123028634341377
2964217415
3345170847
392803881
334750201
716180790346981376
2175888788
747899832015130624
222562503
2291018779
88716222
720336693040181248
2554215668
196644930
3087193733
728869033567735809
743514759765626881
717197901638799360
75240269
3629434823
723896098486661120
720002600809205761
163955212
734261366337482752
2217580105
711588012501684227
2261928104
3329065083
4885818694
4351837098
732113196035809280
4765836134
36132603
3498583815
3166277678
127274867
97533336
262269796
133270594
962736456
37706647
141203316
631053736
2992395993
1585748851
710478011179651072
729048218223316993
191918586
725762519231516673
2775006717
22248084
4836323595
727773940643463168
3382235129
704347232288505856
724768430138642432
18943191
3435756292
196594624
718085561790103552
42965683
722093420815216640
1001205241
717353898877452288
435266318
113446212
22360594
1621551096
4873703045
7986162
3026253467
484422641
2205145038
4860217217
564666061
4870046985
458486476
715351296165994496
704690455473164288
2610301873
3740081777
4746146675
114467024
20847692
53834521
275077421
4715153123
3881427808
32071415
706850970857283584
4235922690
707275411969994752
702598434046529536
4703132354
3318893386
4318126408
587313001
701149698581798912
224592437
4900885570
4884183537
2744825012
516424909
4882672559
4759422802
3871891714
3823663287
4169652515
3316050492
2284958718
59505816
4365626421
3346597443
4299812069
2831741324
4502536275
4422103713
4221016180
96954471
3315844740
4291591275
2860289422
3037628735
83681847
4462337481
4462151067
20675718
1676539080
4462300415
4514428993
4443379996
1827624302
3584956035
20798408
1726263536
3437188733
3193641288
2858605283
4369375155
4445232253
4381814421
4381317340
2161456892
300820981
2913434357
4328394563
2430898276
1578440250
3899777057
3872351241
4251177802
588727305
4082130382
611843563
3405630675
14605820
4341940214
3269874122
172679680
3597239843
412588652
3971270813
1123706372
3137029274
3906899122
3246393361
3872098643
4170525717
2567149405
3822908600
475036080
3313687112
2842583969
3437870807
4052866643
85841407
319665056
3298645301
301083222
2230501514
237820982
2546911759
166936185
3437971547
3837528743
3591783315
1648141334
2494348843
433690304
2474138018
1252849080
101780279
3579322530
3902684073
3817578974
3186054506
19362433
3296478452
3298241619
2340537108
3439358482
3166151392
3528019823
2485108506
3130964367
3098960019
3247771438
3372363418
1435154250
3183178793
1100173321
2360920921
3242571927
3217189127
472053036
2798756032
1349855390
3081873377
1318390112
764213786
60561506
2591075078
2841104183
3063516214
25526627
389712340
65333458
2196521299
2448026568
3015539273
3035546739
2862287303
2280657626
2711888629
2574342899
2691857975
2989855073
763842344
229945398
