866447081451507712
914570020868440065
446145802
16864146
341830660
25640181
351504427
26838036
22910659
158915830
620935829
906871451327836167
150558863
987296154089086979
106316681
2748645121
2930288503
968089371781017600
1241217564
552203039
211782505
855548986865795073
330291205
975251670912454656
765245597188227073
2714602411
823588758964432897
357629606
2445691595
2578188186
474849907
29691535
506003552
44110764
38795757
19072541
1098381500
1611528361
2339248517
3948944172
824151114979409921
1024684092
815033210413334528
1338227509
809180964
1299787784
946710131672276992
3164439096
4832761528
902306010647420929
2817838086
892688557273477120
472164286
2972651238
702123023156035584
701015905392721920
774840573526208513
896583050422865920
446134087
2251428201
874603772194029568
779471363576852481
727108352
754357212705853442
800785624382902273
4693973070
1014005971
3003195392
119002665
916232418268413952
607762776
825279145936551936
2450155458
1454397152
711277345
71880446
833885400456392704
1196442986
922446869975924742
710190089071157249
4866997636
1264435880
1004833573034176514
2905785206
1303890230
567882800
3005189614
4755709037
853455302527778816
841061248091471875
892938379
4632640816
230677873
1596744240
731455555798208512
19865053
276452562
1201103720
1004603882
876327755612397568
998993637252960256
2954274666
718292280021499908
726300118102740993
841398316306976768
975913139777757184
986660164353871873
2295324249
549484259
704240685
603105962
817730965732728832
356336253
785940103688486913
999546355
1636614463
487838342
2184237056
1004902184620904448
2601563372
3175679484
750743405102260225
3396825136
708148855
1136574486
247380353
338432938
834879092801560577
925755815742623744
2640420140
779082145373556736
1710561757
4901910550
19066566
4880950025
2291689291
785178068
128389804
2533033880
1474981033
2862427478
701657796
743894682
570315266
905139498
284188758
780500796
2603372941
2957320841
3972631527
39342502
808762428821487616
4777049717
3068529945
3579219854
3254598194
258323876
849576178813947904
1486011618
939661812
1565297534
731820038345392128
2188981151
751237982716366848
100591775
3259615909
39082106
3300529802
732594076122546176
1005760988979662849
780280811522289664
1385680262
859791111107338242
885636200064729088
296150557
563946002
2322467996
403450037
711284922510610432
3366069148
72560966
3869962335
922545381132718081
540125438
2242205971
866828706865479680
2291870329
796999331618422784
564464047
1141995734
99808390
172373546
55877471
87516410
143831275
214746446
131922167
91611257
2253644213
2876905719
1002909018434818053
832231559256240129
901454423251189760
872695783
771918540760817664
1647916304
2439755808
15210670
1637526974
4902969742
2945804404
2551250270
401542034
2285746465
700950868493991936
778894057170989057
50316987
1540641596
2269538321
833063151457415168
18438022
3000400438
465298601
733953875493965824
830553950185201668
1004297951005425664
845392971381927936
15656663
869883184879738880
827237152836685826
3384903430
533968111
820889684821868546
108838948
766058630
100487640
4715321594
67199358
22407082
769889801512169472
2247600716
26890478
805102340428677124
621202387
820959581211758592
832686602585387010
1489703012
2557286838
14993272
1340070529
50325797
16589206
14529929
2916305152
4760843473
17368287
2161726026
100493922
36329776
321774180
39155029
2733488566
767731888534360068
373086770
1256984323
274382033
15115280
435175078
2390733458
838058791715368964
53269717
47216804
28221296
2207482639
615993430
47688422
706307340
956948206943907840
3029863447
169686021
995394537139793920
840700385673261056
269969154
956494460166184966
897181759217049600
335298472
921397493648179200
883379138941394945
205904215
27469409
14997724
566336166
811640172
3108351
107022644
34713362
252751061
301816607
10228272
456830396
1605882283
17070787
968649949306130432
4292073497
713065939881881600
313199716
3497928914
1120140414
712841640
82976625
4443514835
1902284322
38459315
1128243577
42447494
459269265
21059255
21844990
357584312
7867072
16821997
78032175
3079137568
2334193741
875029068223315968
1339835893
961253773
20769495
3307218826
880142286176231425
25073877
14377605
11347122
29501253
834081571493785600
3977233154
246560258
81703663
824460816
111060272
23375688
27260086
3460872133
500391228
17272416
43928023
9890492
352548417
265381926
547900188
171119403
19725644
272278262
60018995
256030103
2604808064
873569301298429953
984011199431004160
100277835
10247252
323953287
16906942
245235701
227047627
859204328430678016
898752001617612800
1186594633
15857447
920265918307020800
869811194340790273
961594715861897216
274197602
934766450094551040
2934074845
323212141
2480936977
800414768024518656
200607519
248288535
1280914483
3445993287
302098572
865772050824265728
2412853112
84653850
248859211
349803020
503708278
795298187221364736
252300935
135994970
496458349
1246848547
37222058
2788256681
482133423
3248744915
4318197863
2192610673
249189556
8548612
520967539
22526677
20729766
3167508269
2192794098
2394219098
13393052
48999435
19826509
23839835
16076032
824010746090704900
3240143771
2968479527
351198392
4352363215
775777164604112896
32926244
88621782
1245345710
3531732492
18920666
3785015962
267634622
47864765
2449228573
2597819294
4838613767
2598358850
1189461192
14426245
568242923
244150622
709446902211854337
24262944
2449208156
2587476416
2789695953
2799694817
2449243879
2968141760
4202750894
3709999582
70725281
2257558088
298391670
44126993
485855436
17622925
44681628
3729468315
3995431103
435667337
182493733
2777850391
15066876
254786409
3099493164
1131485252
634785226
80028630
329617219
3303695658
3281771102
131543835
241803285
1587521689
2892940209
91673645
360488971
3193500601
18411593
918179142
567549711
2238327709
363332454
2895315544
88302031
2821149964
2240029488
2784481461
2983140145
19550849
2836064099
23001804
458674855
129566945
2925659405
350838755
2178348182
28658291
208369777
2763809041
1603471292
605153786
25007589
2826866797
22972732
629798466
27074856
199044299
455904453
388743733
711366668
205360046
713081478
921733909
809416832
178447840
90541262
386665560
35383188
2648384496
84370782
73712578
981535693
146849790
631548298
2238311274
351143365
31160337
2324878753
187344913
274837484
717976821
2731890033
345740298
2614853858
2696409888
67378195
2264785178
2329498706
195665666
2559487117
1019256254
1418728219
33146275
17839398
95183805
2641167263
1958133198
405908497
46458685
267310075
521281989
179317230
2411073120
21661028
2319410766
1004226126
83879550
67564029
594316294
29169161
1520969689
15865824
294948776
1604444052
1518728012
272817257
561547330
280541183
974649547
26251434
395719320
16473793
409182521
1851707940
2198598086
21070366
2263393309
284289942
113180383
267826234
96201668
58255121
374133006
1879389950
133984183
88213049
138637876
2202196428
476338815
290546156
1904763775
1561036572
2200764307
399928365
40853893
82188118
937189627
596879511
89269664
19678081
307892689
49906132
1210236668
260964996
1234728900
275471220
47361334
15095780
1635117804
495539092
22544614
2163097309
86584390
622208174
1191452094
2153286537
734592649
509508121
16279866
2154304767
81417767
313770631
25198552
1646125358
858660895
1112905969
331802230
736108993
61441742
193704949
270453961
18756011
22206388
331527896
352858004
22972326
330509397
242307466
87021740
10234842
416370934
628957840
111689551
313609660
1592011627
293738500
794958810
194238360
436218845
424711422
578202060
259934562
34562441
752445192
458400405
102131165
19202984
632520435
60382670
128763579
383459752
630843596
706872159
273062681
44642126
1887486780
219500995
21343306
14604102
1203365418
1492455924
721017680
311476854
1726233924
133026357
939612031
35001544
1695410376
210652378
96243124
349604129
8071902
602217239
367987307
92036584
1116976836
490638911
22960554
1928160350
291977085
86248360
1677681217
1206458977
940107103
1125852955
270064609
154737751
219931058
17222476
225298709
560842005
1163070374
182300965
605684675
1511925517
1881007644
281193355
26037739
16483349
916292106
534378805
88778169
117242448
791474107
713356466
515925368
256513491
1584981260
1631478728
1367170604
635481378
48320268
192229283
1689023342
1013881452
1409775390
310093471
907393908
61399101
853562064
39897996
203811392
18743082
612886332
417551601
626857170
22517956
53523208
160323845
371760024
221357231
115760030
32591999
34891580
18164420
1075207951
1628350987
234445902
124753258
1594876854
1038252583
309414541
34960359
435845635
44286648
1711186316
148117352
43557178
467375631
1445820096
348783600
361015414
1862113212
1579591680
813898424
373986980
26023283
68522150
222457479
351592617
213416460
44660716
400013580
205790280
414430778
15936868
592667834
624188696
577662358
184477052
930452220
410709853
1152254941
1504219688
1620215594
1419568502
402542921
1671842616
1220687725
790582916
497818190
160189361
1551964315
1330036302
988896834
322477402
157405815
838885136
326001920
1647613771
1374277898
232342189
162371418
231521076
17879144
125118977
160259303
165555737
765541520
785320850
75979027
190013227
94944299
421539732
562834971
136199281
174902886
255165154
23267982
277243378
74461882
210671016
597530748
617499010
325957192
1425124682
63620540
460562768
42667928
385625684
629669385
554435689
157401889
333747236
190442587
135093599
788223169
713818062
1046006102
1349186935
1671151034
1028698026
1130272214
496365006
1670592056
58174695
319475072
16151935
148418872
293338829
613232256
453645940
278461817
1216185416
261226098
104587618
16977308
1638101160
1183947482
495901547
140076186
40062426
140416819
109637094
708826764
41304851
378926080
14380790
373570667
295557467
25537232
850552680
46740956
160389629
165582831
795475314
165178015
194152552
1323532291
336392062
1777619509
248666088
17681513
59020877
483771071
1430201618
1376884580
1730684408
1364610001
800803620
239374752
231023430
165548064
72790406
469214285
308997977
309468702
414425048
296554380
55031637
479562736
434767773
183519242
195202314
546638487
1188207354
522419214
740461250
1729789370
25365776
1519749403
1379841860
42155936
223444071
896084904
1388294154
1571066227
1472833664
1736238152
1488106435
1736213544
1736299225
1682700925
273525116
59271466
473994739
60180275
115827236
783852128
39176098
242057707
260996844
329363331
138242827
373476320
15036892
124558745
39637791
82974830
1171046640
195592527
1334422278
51848897
163582516
482610656
1419138906
19539314
28654816
950052020
43073955
297655066
19759026
325412944
1645442797
380031088
820583084
865592492
1138937383
298858897
1729149438
497994073
1729210957
1670944939
1729135352
1729159586
36898865
194743710
1110244188
306295996
360766927
186211233
585085220
129224467
477073574
215105779
1632019764
1643090611
466543819
56293707
355082098
1120043282
1202469530
916204982
387228067
381109934
143154886
14334487
33342927
41160647
286790089
338162588
430531784
142233880
218786296
450680610
93366189
8522892
317056248
606976239
813286
132204038
1638089623
316950193
409871071
578911168
290539037
406570787
493976290
502841628
1571370050
1660799850
172840984
113437820
16350098
152158810
361119750
1243271340
518437656
493238484
119047365
488846284
1709484217
395226316
419362155
21166399
394442460
175586562
1284493140
1027414212
426643395
1116757608
432578840
625078203
636523260
370165406
595818438
954077826
487434680
912160076
22708685
381225390
124912809
544410892
497244729
458078957
119795566
557162409
1198109599
527553466
493219135
613810470
152348867
1061014927
621158864
536395718
396792415
455234071
1570113404
482238770
528675264
331596585
733381586
1318869392
1368575406
772443462
329164154
234885684
701059196
1173041252
439141535
459565289
412957428
497947310
1452684662
113579806
25110374
516220895
545554630
492002809
550850113
493915836
473980747
554509248
420357997
23652828
93766326
221324384
96128693
612864029
1007230129
1101353329
36142470
85657467
260340277
1535441000
1061156940
1630886558
221164924
238763412
312473581
427799256
15446520
463031600
318995873
244746802
1366390154
174392236
291400594
361468994
14566445
1072248823
39651447
1611673838
36032320
91942071
616635468
1556322422
255390477
222234833
728041627
1133974723
16662077
86180513
19402238
94749234
16126957
14736906
978805254
1682248266
1686199470
97946770
1051288957
1691711737
99784925
10774322
139324148
990036829
222344266
1644077540
367593857
469891473
458836357
23089230
90723985
631367914
19395504
14543748
193433473
70377810
307377608
16325137
116374982
145266100
15657266
134889262
26292603
406364603
323998361
276301652
87374085
1678754101
1681867338
1684217149
1684384591
15649433
902695080
981668108
432050117
586771397
1161594936
1150595150
1219721304
136444107
265489552
139327985
126595195
135375863
237172027
25959064
15018422
235206712
181099378
257452661
632157129
14579415
53112612
317378810
218907958
302008823
282816201
1486602870
80602426
323648321
619740754
17432071
478359113
16935292
147962939
834394100
1436803699
204832963
455929508
330567322
319240698
83719237
85170039
283655502
432285132
985178672
20711390
4970411
24945478
843795684
86681344
55123850
217791323
569714177
1240133516
558757180
22294060
135549198
24496444
376272287
188870539
19151982
1023947468
323284679
15207550
239701652
539506226
29247612
126021687
556318932
352536850
390227675
471312814
20599403
220526324
949161770
194540482
805134350
580286822
192783666
17983854
29309901
95948044
52180914
97486299
518043939
256351435
161175574
25060424
876225517
345034423
574003151
18345963
141638722
291997908
370531404
339684828
798904530
439598469
180348052
89893567
424135585
316653115
90500517
19468364
618666177
81994664
20434053
23217073
36153430
306162639
328806375
573904892
114161615
23233674
29902504
103602549
148937934
69605342
466609097
554683828
88150945
595640607
349312222
266264976
18960211
275361928
204727615
285372597
597819668
39605560
512136737
64818227
21045103
577597358
57484472
265823950
52221111
485149418
509064570
338729070
292229728
552117433
217737954
114054556
97478285
546121718
501421006
399799298
253380629
350762085
342771157
27469181
191206584
354777680
370334990
465539678
304685140
108398698
128687400
286806196
406106138
490020667
242997638
365596658
25049500
377256921
544517731
46046762
62643133
320951958
137511965
456971155
240117127
201049831
73318876
106190997
403661613
416931823
40403617
10101462
31330759
39316651
34940796
46923131
31546426
29915552
179644417
495681619
92853064
100186236
494620311
371869008
29412984
186960503
248665004
220658122
61427691
303219706
399036235
25538276
482424565
247705308
394255822
16129920
48269483
404445017
17874544
15495096
170549718
346620927
39813124
18300375
384856925
18195997
19343962
358272972
324061591
277796727
19363528
107580392
281629828
43368985
431787643
39345886
26505927
425318717
48588611
433086880
218375995
21340012
333808545
367686426
409486555
111893445
33462996
39875093
349594640
75136876
210463270
127222311
23090876
17225620
114734854
243207212
45729854
20015311
42175620
225087684
404003222
162881757
184021063
317888535
232530851
44706902
278636752
89082887
78734818
218239698
287844675
35997936
11341332
31251832
8138222
122448174
39354617
130968833
33120776
84341147
100860222
303830826
33787936
325693993
198164992
141734208
240571704
299765604
43237708
274702007
22384542
285624977
158224453
45248954
15143478
402478016
388937809
383311015
191159103
25986274
404507090
131342305
21524161
405699713
43061572
401263956
185367671
378862802
51538885
243658618
360997546
102555006
347498131
204461464
404349624
362346544
36119208
22873328
76978954
273355387
394373494
135603995
178561469
347625370
17400407
12875902
400454979
156702973
375999974
21999102
138478079
285481912
62411649
52145644
316659756
17899109
62591681
15698254
92423860
86228943
35839443
165203032
389364517
302338052
62269912
44171091
31766093
18215560
397803422
130274081
336405139
89503894
133880286
19478383
11348282
18809869
5402612
232193350
612473
92367751
116131436
121750558
368352879
17296792
759251
45436858
17596622
243248803
15274836
115463976
28706024
399727609
394858680
22589921
15962096
360755530
65589378
23777198
23135992
14647570
28523975
191311143
19605981
107179377
120330535
37926315
59522488
246481013
20536157
52959406
16908562
15846372
114356467
25373949
14159148
19697415
18583722
178525052
277758581
58569413
93151373
76317681
161801527
318642965
249370509
29131981
159695505
54365543
203555066
20443852
115485051
14111068
107795399
14511951
15769327
783214
50393960
15224867
12133382
14677919
742143
20038221
14702533
18887740
19418459
