961728270608855046
961583453157310466
968089461518159872
790377277364146176
960362558535413760
858956257142726656
980081351629197312
736545014
942623420323323905
31472488
934964245112020992
991421680097595392
984803621761110016
992649449682931712
284673747
985233471298826240
985048210174492672
941718866463477761
1056746846
47395667
879364674336288768
980865964492427264
978903567040905216
772444760485208064
948921430116392960
904754723131187200
974465903143235585
942663569283407873
3643085237
717877999
875769674939547649
952334458899775488
3079411661
2924578752
920833376373936128
2263332888
901054970232946688
2292233328
956611377082261504
947156278652035072
749437963742961664
928508378803871745
966528189005737985
814568590888357890
1206148177
3035250931
2601381541
3101562456
716288556583366656
907771257285996544
894990708054118400
949125659623903232
949137461036371968
167904046
948358762477309953
799448526421790720
464901497
950631013943623680
736586925922996224
934101072943239168
773564016312606722
360325617
857935430028754944
908378472598339586
2942355855
4068984679
891760315477655552
3068707518
927980871876886528
2302023908
914712194226511873
775357308528386049
921932071190323201
21175648
1167614448
2547545252
3287200962
882273468389224448
724651041963270144
891327907527774208
3340292327
710812950190096384
752614492983353345
882049701901615104
783154301820542977
815569376992641024
1360394978
710230851124985857
367516706
703316799056711680
804427018628517889
4291036762
732001753474973697
854533150097133568
919652918
865580171725635587
2247981493
874011707345051648
2897881165
252949578
3234390567
798164983515324416
866657045486989314
861334509936975872
792397740244398080
4164273074
868139911
865025911820881921
3237350949
707644133305946112
4888707192
148123762
3561541232
1023104857
613749216
842118261013651457
35373511
827617149732544512
833836496843051009
837714669494239232
179797115
432467107
1961487252
777709827195867136
1965635989
732260722529472513
777919584556896256
1019057706
62489704
829067216511451138
757879793492848640
64172654
16835779
751263376936804353
2912151370
4699888736
766711559808770049
3019882631
4828151823
3411295066
317596022
34706256
755133555416629253
3246906439
4615645642
2353773744
2653437233
3805854672
784779550689521664
3041759969
3474682997
1390248548
782952343755038720
540450660
2984955234
60225505
278013132
3306819566
774634114037141504
1654449182
2951662462
3305379006
17557302
2688381846
3077835109
3062088635
779104663
767100109008039936
734258990469677056
85497446
739581316690149376
711376215949488130
706594668604203008
489504866
2213128201
731370453739048960
30862751
3057321752
744375385467428864
755207281529073664
732783845838196736
748297160291061761
717544845645127680
729722549341298688
748565687711457280
747433612568473602
3320650243
3432028144
366717554
734130582616166400
3047473381
1963212864
333240522
3018467332
737668931524169732
719162319
1067481564
734578954653335552
563054952
3105359310
2920495581
4012030210
727970984163168258
168535423
17235172
365845110
1279486117
719508260903075840
2375531893
358415624
1519535610
126844822
625895862
2341140806
714223190466109441
232326339
720938775
2324643614
2903213039
1136108426
3061812132
113163413
503398194
61036853
404372404
471592056
704108388368654336
1059254773
