784132617645887488
996657869914189824
988451120774180864
2847028078
86082216
857325452733632515
3112268850
2535010466
393852070
15687962
701615052
570218986
750751206427860992
2835155066
593483131
986075717803769858
3348335724
971655139659599873
4743746233
3980884039
954302570079469568
2167821150
2238848531
848162031559626754
4716771078
903909200987901952
936593267520552960
44196397
1012934918
1014886556
732273199
362617053
2630799027
2148106323
951753837882281985
948498012048781313
943039471775186945
1184251610
823937040320495617
731096580124758017
4579559416
4905178540
3068545640
409068219
2589343812
2471798956
3105015170
4028626880
2509913450
2888824232
1883663796
460869150
330446733
50883209
123195519
319452878
240664869
740336334
2714149154
942361969201364993
3591915325
941937140476211202
705807268835672064
938081470828048384
845761745620750337
2593039064
128495725
704218056579395584
2951507130
497157440
840213741622910976
789174289282891776
490131435
2226261445
114782856
94358834
224975787
47898790
133207150
29963396
1556032075
742289460
1167873806
899660964
896703059048374272
798458278468386817
111093944
743674772941201408
878582011908075521
130104041
724465587426992129
100012103
89398524
2835317718
1929358082
2776160768
67522497
80374431
923189442
532041967
826856314953359360
3436087940
250546713
4483317133
707088703940730880
133821192
51410934
86158435
461802946
902792503094525952
3950478432
2579949254
3105113749
70903729
726052122408550400
149198901
324969818
3876886992
778231763919175680
1897575770
821326304867975169
2267005610
107061322
3221400236
546072874
800320855314042880
2982269822
761749237
1580605350
120857811
2688992670
224606981
863052862024105985
56701362
2227103736
3304054268
2609273334
345939421
38529223
213027981
413561086
58168969
75823831
183387449
151123001
14872237
297380894
155659213
65187067
344634424
259925559
1262056626
732770431
196733852
242329006
248232554
338462945
270797700
251168288
324480336
231953303
368534557
348060815
566237773
212019653
235900469
274715985
288662354
132556818
730375072876105728
858207125465513984
120785508
858720042938249216
834665975534481409
282151667
2725926414
292114382
101270748
725699074096283650
61156375
477875139
14263778
286036879
278952098
360474312
1608184604
735827620357537793
66954299
949499113
2402505734
91793642
2949561072
804625626275553281
1630057002
114407932
3983079674
63796828
392531871
2841953954
793759292604059648
843870462870507521
297274488
139611058
68725974
23575592
864505447
943531106
2911645364
3317555642
1513002248
128155589
356893311
806330528370552832
3010753748
778845254
807775550483763200
2249680783
865803599187595265
361244641
241049515
763631078699520000
486239154
2834212357
4357867651
4859025070
2346907920
4001094565
4224432261
704542012616249344
841648634336808960
575188047
167751910
102414125
3041118872
76591925
1094462006
2809029114
1025343842
218993879
942627601
292118045
335131129
233973953
300184599
2276584872
536875955
140728431
3471010574
2574449648
344758548
800001740745637889
145931959
183230213
419298953
2251588934
41994925
144792607
25967276
772390831550504961
431336956
89443197
1282946089
108900981
57947109
557264973
4717258388
1111770013
166540467
102369885
238475044
576629130
194629747
543479491
47657891
2817066926
15639696
121033748
2226545250
2383674655
154942700
1339740637
490442018
79671917
1978851349
1213502011
66092787
2321291499
736203446341107712
736170639174684672
1407101090
2832987127
3195674713
727824126925099008
4682586900
60929403
841174127801225216
774166556712382464
3318681114
182033179
44527648
139848744
179932936
32729193
172887151
456066070
111199728
177338667
50220311
262310943
43769311
15290441
342721296
1675405508
98588720
203635907
1574769907
60473832
816609864227110912
498865894
2335304850
2288822702
2561615036
1571500447
847324226
2891606311
1240585508
7157132
18927441
15234657
14922225
29758446
24742040
10671602
723253387089694720
730400376
1442786262
2298645427
974444827
171271070
4009148182
487118986
2827754928
3172266534
68652286
77662913
2249968148
1326487837
253096167
516240848
1910167951
3228918026
2979376982
480554229
60113620
897852133
2999078270
3251212812
60817512
3138637447
149455192
132533490
1491274494
867899838
387573617
1467228402
39214789
14918367
372727283
2546485422
1718448762
316404637
730088562
132095682
59040247
355063388
183560406
163787110
549035174
1135735267
1217837840
961026175
140025069
147975612
138376066
109891226
131975194
144622747
59855089
132992534
321491273
55788934
2286818349
178239320
359312449
150997977
217169219
247244618
343512172
207878750
2528914012
300108594
303416912
342550504
262821131
41549052
286677598
235139729
254783152
144282079
4824087681
187090217
3042477100
1472966124
814402004911091712
270235658
218916138
39235600
795042258
608148699
219247004
206079538
106878278
224846346
43837158
49573537
66334209
35927341
118024094
143956506
16542230
630112482
395787463
141527741
68399705
8443752
79915337
2163039523
108936259
122995784
122928781
53556894
57024049
56913467
113278275
195703895
84554399
115341081
43847197
107318424
143532941
113352671
449539004
23061619
15093629
14562221
43017766
76294950
214841339
65659343
230140702
104148730
220228167
342637804
229907994
420503585
434865048
210461515
35695228
162975524
216002972
1247982704
803515628564971520
833630021227073536
3254687094
111860799
543699683
727050288310296576
741649696083476480
2594291246
55829575
114451681
95623244
107362369
21379792
59744704
136791959
17753015
376070291
138002793
3259845572
2394157573
962790582
3308628626
425899506
1361772872
2212043760
703538474125635584
478573149
2496055848
109712693
2952010610
2346062641
2656682732
2883112748
2892978864
2926980853
446787446
392542479
245391935
757515814123692032
401937097
309594889
347745190
589705878
387641252
3007783135
41792085
34887302
34579558
23427645
33469443
119406519
84123573
84284470
68970959
90643292
107462882
61517258
69292421
308396269
21777177
4380591
181803989
269061002
54510616
71260284
87363816
141175770
80989226
480976350
791593628
4269108733
146750920
809438118008987652
460224115
249025285
449563624
185969516
33549200
271274768
369037907
700568101
3226973946
624462023
137017726
2860160796
2432156600
507662284
1450530446
508497681
725290183306940416
29387813
789327837727559680
372653639
769348436634181632
2530181346
2398207970
2689245289
636799960
1586431392
734600071061331969
4808905015
760147862302765057
750077069724352516
4275938781
2931377498
4891001475
2432041682
126309470
941722033
797651523912302592
4402375702
4405094896
4478726652
567483109
56674565
715088145587445760
2583803186
400643174
461745007
1904502458
3017220423
837858222887219202
2477068550
722146753915387909
2921801198
3286444140
2911531152
98177864
255822420
71461495
358019924
352967783
834064029048066049
443696601
345277977
2333171106
347060535
993353833
3114169054
2820265567
52334569
3231674604
3357566480
54436268
757940166505828353
300809933
2556342386
2468580307
329490265
328866862
1688252430
2338038068
842089302
537072115
625659974
93794339
934113512
3163548300
112758237
3098349032
3109434931
710038698394591232
221514648
387770442
186054339
70876229
115853882
137944740
479655471
3448716797
4459089568
214480906
239411196
501617441
839893988
44588485
53664100
374599861
832673881483644930
31869934
460322882
250540177
771259932091920384
4210945993
1156338067
132267828
16548023
828963231075024896
54494352
2474438533
1866952375
50966519
54241790
60937837
119060780
425144976
235859663
201739268
514283233
452102835
42610327
36973711
187890010
78058750
124125666
883901892
4489095797
794379354071437312
295714480
3003082646
718385341
210001531
2200995272
1595092410
3252146124
710732526566776832
704911874991775750
2454101874
1410025392
2313218292
796387242243543041
809306778290847746
811078946871803904
814393873069805568
789379963942121472
371347032
28088216
712912952387624960
110395365
52875461
37279768
537377219
532009036
28138900
99722646
346379998
100123158
221647151
102268884
44900754
61409445
129786468
136479128
803262577874587648
350922801
873334429
57235218
58060567
578167417
1359277818
339099296
44409004
2204317712
106485105
82271896
617066753
1025439080
437559121
963879625
785134044
131578343
194028861
2949204853
2427039719
1397958973
350224247
16375496
350334760
456593827
131442917
287117871
99735551
2816733930
169072119
1014634303
200766076
65225366
412801575
552632832
208913657
1264286744
1476559982
1614696542
150533426
946046628
761056015324360704
1290834806
2729506932
105710210
3138727082
4622417918
799171652806475776
65202448
190157503
186286647
45512887
20570629
99830375
252291818
259597381
252392717
196235064
251965342
436482631
285395562
97893963
50684862
259449625
51492686
293539344
251889582
14585010
3017241909
251890113
18673041
224839276
2230987464
263121733
211413815
121677709
68977380
91528703
108550830
1269759242
3781830559
24705126
70179948
21367580
3604498220
4192938254
4511792848
4635811197
4796549277
2526480081
2618964234
3233992591
2997446035
4908027275
19842448
428333
51241574
1367531
759251
822215673812119553
30313925
1330457336
818876014390603776
1093090866
813286
822215679726100480
1536791610
1339835893
25073877
2420020489
316577087
1695938996
17692554
9409752
78380918
294830358
321871656
2579709127
2352674628
447977892
1469065189
539907711
368186169
2911000602
2900350908
59468437
2386496726
420848666
759398725584244736
764165967383449601
2598346843
2396003492
2448362660
177838266
1057123688
423477267
2152927296
159553219
730039448
80274630
456497995
157718652
273557471
165716446
491581948
91997935
1591083258
131228928
2220638376
206110884
317708215
486823248
185527889
165761267
160541702
199972416
301440887
179776014
261598082
327190615
378460963
258601324
466882955
220938618
210792232
107907690
137418466
196530731
323469361
179011520
275564493
199182267
139118162
253273259
2403063588
401873210
2439098062
229433742
1433730727
865883858
834911994
66388461
775887091
369132642
46334866
2237603617
194468676
53855453
193767799
400636503
347257032
100775570
205636824
151405314
65700979
3140253344
213147768
412781038
177501065
221340807
182803523
228299509
129375242
17885553
4628602041
411344981
135235142
339246056
96101258
498007723
403200425
52806830
507026258
271292659
153264772
185902260
226502805
106961801
34559431
92892933
139808713
215138502
206871837
92424604
110384744
207579964
5838072
1889636426
547922610
263800151
248883264
783915224252297218
3534907093
187507308
55492149
2811563444
139385992
59163737
2810785386
241654941
1288050427
242567007
2168092658
2457691350
3222534361
3114898232
576119676
365835114
391135828
628253891
160161602
207113156
122959195
862921254
2945925282
1884296396
780332785760366592
73635568
59808841
87118217
50393960
1176135546
155151279
1337785291
14130366
124258971
256781040
281947148
1163125105
58173133
622360891
165391600
4285547543
334430754
751067894
55520719
513067381
1417829894
581123710
2401374210
878897533
1913738604
1419270818
849372606
1900356463
560641368
150429478
1533597631
468471298
114423418
2440051333
177522729
99987517
622796109
212828566
106620826
2226496302
111871312
221580536
2558800670
45847467
1227777780
765006076848640000
114795028
728173090027520000
39456163
4607065693
2183816041
175298380
168606635
23592970
989137039
17082958
30631766
176888549
117407834
479017004
389997570
425100058
600794148
118757314
64723450
759385549069164546
177823294
2382646511
1203247645
424397957
1334773819
1665763784
750661921402085377
741150533298356224
2785480981
4777409268
758184203737411584
745921316700721152
741284421207105536
451215777
92211391
70663487
176295495
2708915372
2500955780
2855255702
309824558
138330579
75050496
121828529
138002210
186113747
203903936
633914662
1715447726
2482782432
592474712
547708167
744906625
929033460
591234232
755329339
542467618
293373892
143168042
353533799
321887255
233924133
149733596
321866313
186202772
135180139
92708272
1140135786
405427035
1850705408
18839785
4575856758
471741741
4573405572
161832832
204741115
210505078
70664813
146414919
63663831
33868638
446047523
508932270
220388847
443041852
234034661
1402944379
987383070
196610668
338304891
3309393499
459968785
127765218
99918503
109275593
1035100758
179036286
130795100
45025729
45022448
119681723
204002663
84542880
171117515
139876086
45452226
271690376
224958320
409089061
468229219
1302871633
251521725
947192262
1652526218
2469605695
68497896
38403110
283916211
1139649950
2177710981
102382667
79708561
317034396
366947884
950165300
33801019
183230911
94163409
51376979
92726549
57998991
31348594
87170183
57928790
56631494
18681139
52729592
97865628
53414786
145125358
101695592
19895282
204372958
43843104
631289812
1056850669
627301298
18071358
297871169
94041171
286064020
113419517
157903916
121046433
135421739
863720408
606555362
301617005
361315016
2585481402
78941611
358814014
161955453
1492538024
20751449
99448420
94775494
108391251
341363220
54829997
134758540
177547780
1196254680
1026332905
135019336
429437160
216447259
105210222
178218286
222516693
394129778
120990817
152251488
248627231
70931004
1674995065
132385468
266714730
71201743
215936249
61755650
121044171
335891957
39240673
1350259454
240649814
16542390
148248527
2968755672
1646988690
88856792
95425326
108252113
6509832
3065261233
1540749254
2720868859
628205217
14251256
2876092697
18872373
468479147
145592277
44595330
36327407
71487564
92724677
92945681
101311381
19897138
37034483
185142711
87174678
106345557
267158021
2314959096
