1044731556
910700973143625728
998484131053953025
877799251270619136
2995959152
3124558499
1457975419
832621247154397184
3669693135
935033070952042497
877194251402186753
896754728717045760
757685723315044352
797731382151626752
812321672690864128
19186625
577560394
3063816387
3017740487
2733022667
974408288379944960
979371623861051393
2828532510
2542905602
191278906
593665554
3665085689
141356221
19881332
939926198272053250
717568068273082368
968002623637893120
863201014781956096
265130931
238831485
1696554428
728884691189686274
903853255427407873
892062450568376320
245060966
956783081423224832
3307474250
15461526
955591770
4284491115
752138494517141505
71108685
904454004083744769
905382656929439746
940640350397452290
1631280098
4506210453
935833490926505984
818544935855071234
942642273858097152
937006293109186561
1399442516
881678658305499136
850315011146883072
866618748223889408
939499694895464449
883156800505233408
1479316170
842725063375896576
394563873
935246077980114944
933878362866532352
3697177872
2759358620
25458378
2909806519
2901316026
2671293786
842639828227448832
3379479672
2417513232
906537323625459712
902891438618193921
925315327055065088
869476163701420032
4039545914
921453040984559617
216798672
854933421331632128
912300663085903873
787807321120468992
708263578244157441
917062826577072129
531862273
916992992908599298
916746206235181056
3039399961
2559891481
2942961821
915804856723456000
128039739
4534189278
297860173
2696828836
714181169689075712
888835341435777025
11381692
837732516379439104
893181852004958209
2259417536
794331457418330112
888078376283455489
911943186741956610
886152028556324864
77311383
2825531881
718988531801010176
786595439889883136
727877623280480257
857742841027493889
911270098538827776
908918969737805829
899253722580045824
800326774030598144
15210670
870333084415041536
82621893
716053332561776640
905700555229724672
22411342
36213048
867714208699478016
2274797983
1205356970
2549177984
909701110687989760
820169463370813440
1916405226
863105997874778112
908941394663809026
893099733538938880
3212893216
785124558990823424
904455040802451456
800070610072190976
893633329932763137
815779284660801537
3261236300
3436581013
908335769051439104
4509836414
1343427685
890476493062553600
902702940254810112
112747369
302180645
3016379077
845328759595155457
878491764117700608
899390527401070593
2800421913
857241642222399490
371412209
906006993697030144
44977876
703789749765472256
901912559128805377
889823050191040512
809918022207045632
885803898140712964
220829644
1482446114
783046378603831298
3331754848
903298691464916992
898606601761943552
863391312199917568
902146899897192448
906939735792222208
900749849204711424
856167006105722880
903343985887928320
903692828525649920
841955577131630592
904250217159118848
854706623876608002
906735236980994048
709992361930178560
903355329882329088
858114187893116929
903506834350366720
898439890534154240
902858819767808000
904266543357362176
903233837974552576
903483601844486144
900094877970649088
749529085685141504
787698717365239808
755699562510254080
827161116878979074
757465655176200192
903722429335437312
905182942636294144
853970078861340672
904240796072681472
736485466434719744
869081956838920192
905944399808421888
380064309
901478954648784901
360860795
873129006685540352
3236400290
497186724
275328119
902831087637823488
901415699389837312
904083596130095104
2569370923
878249439990657025
881977560329887748
894556090783977473
904183586076721152
883160417023004673
366829089
903831209490259968
899390786026045440
148933349
844689599347732482
737612970969047040
888016142266138624
871933455998779392
2935475465
899034665247416320
902643497811017729
893055669837889537
902639453390372864
902290497305227264
876454047427047428
797362646613950464
2913396977
882939503522009089
904385266676269058
892781209469816833
897467699030147072
3896999292
785437686773456896
3087218075
898875634260336641
3355829465
866311767709937668
896445225622659072
829773943087255554
783491562
879457823591206912
1061036053
2896148302
884307253217689600
878321249365106688
2314968708
3571471586
850655192831762433
894064970945527808
2346031753
2929994563
2771620708
881842233707814912
3263104123
134290681
894922106248454144
893413122643345409
753344161172946945
801064760288624641
2584536938
898251682424991746
845505753930608640
1447562450
766235292256829441
831931437737721858
870669156835840000
765415020670832641
499255449
845132056938000388
3337770205
869518725174657026
897618783514132480
3968593342
721784762818510848
885038035091509249
810345579003936769
898993830426361856
895471901270712320
891628784549584900
3245254729
736542383400230912
855669767918821378
898870934995517440
78926478
37599351
2644450532
470489295
156344982
899530753905577985
850033208716648450
857896115747733504
14231320
862685623982993409
898237658132033538
378307579
823703311375331331
32503885
829208450164981760
869438363694006272
216558300
857840956598394881
2363475556
2921442848
2411822088
849774100734124032
14798210
881251013528883200
869947269637742592
869094272024289285
2400636541
2992503532
4827664018
889554202782871552
2286256149
890372876221661184
193167461
2912941149
860245597
589024484
1969630836
45635314
849296802725728256
883305473688182784
596032264
788196649029996544
232693651
100338893
303854781
703556580122361856
1662942060
889917707730264067
3079767493
2163932538
1721812080
758402931678908417
853257285379948545
747762431657578497
2588754918
4496174893
882941655275511808
876901927
2563676017
3050130792
4808844007
888638084602089473
90115916
888559978365173765
289472794
1317062737
3012993950
4065174311
824646474478739458
876347770990456833
804648004934402049
25631102
4887893478
712999729265713152
1439747017
278469423
3318537187
539242169
844507268
105491314
2372405574
3914040677
2754271427
173228602
363327315
2253943347
717887867335360512
714718983
889523145375350786
888440435940638721
2201951496
89502372
47130605
21812962
809692307029168128
14232619
206387466
42346547
85409136
3061144981
384953458
560646270
711293052107759616
814521547654397959
1450271239
2208455893
528125299
857484717821644800
857726698812358656
3711595880
262749118
894442866
2210401901
869922022507376640
721298749448974336
842327628459589632
2934846610
785366401
4873978320
29165172
716522343665836032
3103468855
24052643
613068687
2989095952
1053789554
768156334290300928
879738983105740800
443223357
4836323595
744690923125227520
15857747
844013505179271168
2273844714
2365377655
3017591494
17531243
272020464
2404852170
963008875
87346728
844704086343782401
145266100
2172087701
755342378051919872
391580348
717743780070182916
880878807007207424
861692990875734021
3091373190
1292222114
717392396636409856
842576032351772672
748377954820952065
750524344217047040
730619811428868096
748375100911685632
748525579138306048
1704926844
753964688329891840
2599336327
3236828994
2320624262
247470134
881560017496752128
884246593779638272
15409205
865603353476161539
21952190
2364545413
702442438
2440883425
40788644
2386149726
717755169337774080
3190849685
848588403302060032
848568355476742144
876984250070958081
852735767696752640
46161430
858770524226412545
2257326745
1297475532
184065976
798970167233576960
3341234925
858516111410647040
854819912275025920
850616776412938240
3315496315
3021695749
877086524910841857
2809346187
33237351
827326590342176768
3251093210
3147086466
396722625
2402937977
932764814
2916261331
2320031040
94292802
2792814350
3316173799
853876168579088385
4374258373
2954274666
879898590709248000
2996377849
838483025834856448
1387123813
735880147941761024
2790462075
711149456301797376
2801690226
479810096
2853375916
3091455273
777749579500494848
771611700860563456
4544938932
942868836
774706155285196800
945606416
755104035300970496
357807702
2882831024
748996450051174400
289105516
826526188822786053
325125341
777751614912364544
4251469171
1386777170
868810412476813312
3561542953
701657796
2530058990
2485361323
760617196523520001
842859875776442368
2718639853
3256985323
882282024601518081
4829648033
4485271752
828623110353981440
2533033880
706133181
1208688576
3068046216
27198917
26761733
185345511
293463355
745670006424338432
3238353269
838847229376999429
3283386162
370409593
876755275851681792
840571836177895424
1654036993
1959559592
873312019981766657
2717535424
716811398
238471502
4852776799
3907422805
719207924497784832
813884430033047552
2245452453
796993352658980864
815609874398724096
3161469271
4888183822
560513901
64272220
998979810
4174486700
561884517
881905291683655685
880829292036317185
854894568063598594
33910678
1894632373
3198726054
125688175
3293454098
282503746
722342046028025856
2939007541
403026859
1284506150
4850953684
834456779312472068
1362461280
854073538717908993
2241016927
2955511472
787761434
192024694
348732783
21988275
3100067898
784275413577011200
2798477791
1912630310
3260533003
4347156732
818381754289549312
834254563
2765409760
781733156420481024
766440900218200064
92042459
