332843675
536511499
135251922
785144010041982976
783331714231861248
985910447344930816
947715977789063168
1001181087949701120
999852248850198529
3434325791
3195098414
1003969872827691011
1003587907532320769
1003961818254110722
999894421939175424
4617997158
1003024780906434560
1002070177352216576
982902501031768064
1002604752331366401
976791229252780032
4755225076
914972029618675712
1001574108696489984
2914735171
997622792915910656
922566699307606017
2317926254
835269662
996258236247371777
741910983396859905
863201325592563712
983371418887958529
979115740514091011
989002523913605120
991303686067511296
819415291050528768
954991685322207232
980048795747700736
951086457606819840
4726679090
969617175211212801
957637274878992386
2219149301
981524407704199168
984301238492827648
960780773971423232
830520852751880192
945982320078553093
979394961073418240
2232809425
979614520862703616
1604654018
957548930790600704
944878961921683456
51734182
2934708133
2670831551
972036946242367489
975241008580407298
969807359106154497
964447010433699842
964945678324596736
969078345248985089
955464041803038720
932423088817311744
957456786516205568
961180051327913984
954424770887602176
930252347715960832
956243549472698368
954201415915732994
843377974070059008
951073661317885952
922058777221914624
771662023713173504
921287649951748097
835147131786838019
910087941300645888
923821186798182401
2578712766
944168721806848005
835364228252983297
731476505599971332
835343268040884224
941609692714938368
918982078359855104
932894977914314752
915969600117915649
938339173089533952
1530458821
3155684544
939106672383021057
936251152445952000
939693274247217153
938764159554084864
54938044
935229363192176640
932552337410834433
934821509394202629
796326732613697537
924658241522544641
913738584947032064
40368200
930848605182799872
880511847643971585
2989263784
930017380306059264
146376832
921640446056570880
905827020499587072
929313939682295808
925323386615508992
928899503138230272
917440670373052416
923486524993425408
872626592287268866
924541194343931904
919096732000178176
917000099049431040
918797782680342528
922015569171316736
908432862579367937
766301437395660800
4183179612
921594598266257409
919272497140371458
915518156881272833
920278910624972800
2882295010
857634092153798656
918273298676543489
913114345940377600
4161150017
742325396092428288
915189553639632896
780453194640007169
778240448296919040
910437782060961793
899411566986240001
867801735716360192
900777604973608960
905781140350308353
900723175461343232
905159884513128450
903949997959372800
4911066683
852534578103427076
899174316729815040
4467834614
813752392781008896
896673984292499456
898182299178631168
898078716886167553
782536984459784192
813490062604304384
772390389475147776
895146458231459840
893806406435983365
879656108985647104
842423796271333379
76054336
797417872557572096
889521235490635776
889666786504962048
884030323373346817
887729359259303936
887186455100932096
728559097801408512
845877142298787840
885907476612354048
1689027793
239236697
885550120078651397
884404498386403329
3274908445
882511584618311680
881046516546150400
882240359979528192
852569231698690048
877034959759958018
2458415653
2413800026
865969556648587264
857223481326538752
752930275005337601
870902199240536064
2182057439
869369641407311876
774486828250456064
869570285892231168
841244206282788864
864762645152485376
867246379617353728
2384862020
852781722798141441
865139737417457664
721378617981153280
783270051885486080
863342964252311553
864844248260026369
741358516712165377
861042146975121409
618360276
3377717015
857140990297202688
2383530930
2989253368
854075633768382464
849670694547804164
837675099008401408
2428651836
852970066656108544
852521902946095104
849953331728441344
851717026917662720
815900011812835329
808672604449931266
848901577465372674
831430898520293377
848626153925599236
818320850369789953
837806765169344512
826485046429249537
839261002176700416
812633423697166336
2251127960
828584181118623748
2468255809
832474247750574080
4534436680
792500952402198528
829877979597639680
831098558652637184
735869316592062469
2800436071
825954936785600512
822872212260589569
2592667472
795262493329358850
787586618467217408
809649411080986624
806736460690780160
810424005521907712
804411870794973184
3230437094
