246103
932339733346373632
884530255947378688
937474183486775296
3594337099
4731261449
1682940577
14175886
869923413963546624
37769384
769262243666010112
47096359
11744152
2736606761
1917542490
151766733
804391025838067714
196713215
38936142
2572956582
3949525095
80918496
21344507
17194090
2286189025
799531411
319849176
3377418995
61272407
2905365620
4609688178
277202090
19371411
801100959652970496
33531486
1626904404
851211
975548535067348992
1569840260
871171243642417155
825729746910773256
1023410515
876064159238168576
23746411
801574586
1187747527
476377702
810178352871047168
15554072
20479813
65466158
291774022
16650480
17006157
111747590
19084896
752936141288976385
824460663800074240
965966149090402304
825369161668759552
262799542
725937883903717377
601389392
832816974992330752
824359737055735813
44630705
235357157
975806115911958528
759088783539081216
839300788702875649
1498281307
70555033
21344248
871466086293794817
557862834
2341331335
3388334597
484063881
3396082163
370491805
459872442
17133549
108131179
2783231383
825883003436093440
825819048977915904
97106823
17824099
744616500485558273
46479416
1888817539
435942233
67313083
18187253
1967838145
510846846
997167730028498944
962498426171805696
4706615712
810018503281537024
2920868647
572282251
45765762
16513335
1365500688
1737509420
963379217575620613
16082694
845334203071901699
874916178
21268897
16135336
468751390
829712720542830592
798953701972938752
893257524006334467
786309892990574592
2473321435
15728161
67124033
513269957
143684898
971206070940119041
909501042861129728
40094447
845833560611340293
58791606
703633296668884992
23645988
3157736703
2613411062
4239705856
877200747984801792
543780273
50344427
548384458
32443514
881105019667447808
21599766
735979107213815808
914487734844235779
292276905
898826405655347200
2832475948
877204145429721088
221874227
46000008
804325711192330240
2370736220
218974684
477012156
1504076474
801241407419781120
167024520
797898926330441732
298992506
791744773707235328
834945869086601216
81741855
880990708047507456
20764031
811327324239044608
46955476
24074132
22334419
176236519
2330367498
15742985
23708848
4855815293
789443070530031616
825805238665834496
719874664550543360
3093559049
837558326883864576
3924002953
43963249
31122582
46775436
908102525177548800
12354832
187289134
1675563421
14157597
887704019296276482
786702025119653889
821041840824651780
84730130
12011422
774580950
34144838
258885469
82121358
714658130
829488950066704385
847597044172828674
798989218747924481
888497926728712193
17168457
19038210
1901908940
883493647626272769
769613171489320960
212887912
4551173799
113669819
760520173325549568
16988064
3952524875
816000464458280960
64035970
3124664090
833354584697556992
81281442
131164361
756899642
862486130
888441868203180032
780955609394884608
536904693
1099570286
258445244
928392714844033025
34487135
757592858341830656
16179434
888874697714225154
830905941855989761
4575577282
3131690685
15735939
1307809273
89552709
16593353
784770859252658180
822838646461976576
824702041393999872
761064718559694848
713205283133267968
830362708658704384
921165247490207745
872646354513928193
311167475
2577199958
836226687272632320
1851981464
874397960489975808
131128020
838115678200741888
279337502
21696279
860557309
751523506865655810
825528318384603138
2226615308
221367712
871827686330556420
252531143
306968647
783009187513196544
98167464
2842034452
757673555320508416
506228902
569934881
823287122631102464
958445629205876736
53314121
466953226
44409040
372536101
595530638
950771658008219648
152497441
1157143663
824698932760637440
520832415
46316567
714673924592762880
18348159
4872519219
354048709
36185294
940013991027453954
33416013
824999280419155969
959880909293015042
2704027533
825871048243556353
827004526712479744
918302785011093504
1674500558
730029223038099456
2901789004
2204665915
601218464
3167583191
2369929572
2161616220
837867084256329732
3241996755
817460680748044288
880921223407968256
2869858477
3303158495
64466454
896496644656685056
823316510139699200
2205839286
3144844312
821382039832264704
937148865437995008
2676567073
329174746
171611273
777227800776507393
244165198
394724132
39279821
587536673
55948054
22642788
203226736
242555999
253600044
759467405810601984
826497712635904000
17092330
45502255
300040225
856131595518005253
36576772
912161701264547842
28981768
959601861950099458
263444759
235236506
4785578258
876811792537853952
836853005148356608
822929171336798209
140183736
824430755862437890
961376632681381888
831874603253432320
1688
242473304
38250344
892950215866679296
1201535478
781022262812114944
4687931430
855228117119631361
2798964331
19309926
52551600
2800257844
825462437986058244
2390266628
822972130543353856
717802419225112578
3291376343
956940216518037505
23349973
2369949012
250492272
218325695
49333038
586853452
4899610029
23098409
825716488283754496
967411728970670082
825332443729235969
1640929196
4388178688
934181338793562112
894969375299706885
119537467
20561258
883459984410923008
482529659
831503763714224128
198024326
818277212348674048
802649176299466752
840795939325394945
832319551131967488
839153256353804288
242893061
796283060471922688
47438403
939320664120365056
2651794592
730519233730326528
19910041
935898259
727855181803732993
731156448764366848
3407660543
536675035
778406428700708865
2357600840
938953632313065473
1367655709
22310731
454071012
251918778
292342023
1381088924
121804666
242447753
22788049
1195326156
252357183
832247849207341056
827008830236004352
337935500
874813405
2650919036
789486904488005634
862370496729546755
827305932325584897
15682430
868251817200701440
14545235
279390084
891036965402943488
1638517201
2855588622
2178681566
910492003359760384
879371244059152384
942235944773672960
24804894
821259812054900736
707571883198304256
364702553
16305494
16272955
388617706
104370949
372738237
41135906
967027984426242053
857638658597322752
211966932
914567454
40199113
14298769
2726053012
965266179836252161
827246630873100288
28395645
27789237
907432001032073222
146160591
803593153521582080
906545648
140496030
964154755294654465
523791976
1915033663
827856654951538689
899665432633892866
151444950
12579352
19087651
908179792289202176
1787201851
965399078979948545
338298739
965231053119148032
948395295074803712
964531745893863425
50735431
3130760753
920736092902580224
771107991948963841
15164565
860248372409757697
951972219189710849
1032290077
738458355031805956
753275658919251969
150078976
958502468295544833
769889801512169472
797899198645538816
204713195
37990581
827137989658734592
16558638
828719779934375938
153662119
864238199228563456
3043758497
878980172342579200
787728243960844288
48438566
2347323266
25073877
733751245
514122240
39704326
850578189894078465
753442435858968576
34713362
1055907624
907611779253112833
721218258
832415039252344832
2796447883
278315777
14063398
900467617290387456
2800581040
49698134
752621952322318337
810619093749559296
232268199
928065895477395456
4746484757
44513878
895616039379243008
954050718083796992
15808765
119491006
878668602542522368
860555190
85006768
19983050
825143318891917313
21835467
872336005
19447498
950593608
854159477477658624
755835576
266358156
748289563
793896905315004417
17094311
3666185725
821387408
30790364
71331579
35315192
76097317
160010755
62056371
238897233
589624941
793902637733146624
18335624
827303938386976769
18798286
3983636474
237977063
1051396218
15220768
2990964220
853034130522734592
3312631694
856596564516651008
246939630
798918201107251201
616573748
836410027816603649
15976705
890678163969159172
525925642
926620369
749337494173261824
17585886
4242967601
4442529193
142129887
776350504125341696
14247236
525678474
17501410
16548855
831685465250131968
402091536
750358957126848513
939091
19394188
865562281270272000
3037232182
868130508
64145834
305243657
869803598045036544
42447494
17291393
33585446
24578794
14348157
849643892714622976
848518471
13524182
843595546073976833
156300924
129395530
895689481021517825
810481873419988992
290980590
341190477
819936721618038784
881963455326158849
820250227751976961
838127097373573120
2843249441
264924050
18018355
32917190
21619519
2183406984
225265639
898668561404641280
3317659546
704718761060868096
32671625
2473825934
23935697
926755161598504960
18382184
831520096031997952
18880069
921582006
52119056
896583352576348161
897535999248666624
88471724
3144779194
845465022046232576
520029915
40089945
2480366467
826759596723273728
775844766365978624
29938262
36545100
788272072086679552
847942138545422336
741270822933782528
888030081343340544
2772233570
708270762
235766068
352368399
899080803338125312
887418059501305858
907743966120079360
756176468388950017
821278120518946816
2836421
247611277
25102335
22771961
138869971
1362047599
841381342885625856
24841698
4823335694
822645132319195136
2948684278
798964170054057984
23390108
806631906808856578
510774743
3821350577
333250149
2314941920
868827562805428225
897809643052945408
817736297376870406
827601631671750656
3157835918
14632689
169485398
873904106842329090
29129455
830916307776311296
2808757106
832251316726546432
3098633816
34428071
916655273363812352
396181599
807014655851982848
127624661
2735569132
39556282
123943277
7999862
1226265320
2173054549
1018750992
756914019697590273
26620568
471634285
89820928
14529929
4207961
54861430
15764644
892155737161383936
1668303476
2334193741
17293897
755057897583804416
22187085
830908366377611266
3333055535
204832963
949934436
510464011
813158712
736935466604363776
42443378
73303753
47274348
864487498935787520
382685028
29769998
19034656
21105276
30050899
823528762117537792
824494641890394114
824473943931293697
499073990
239548513
19726613
250386727
1148468052
1017637447
254117355
870077183028604928
20772763
242883110
496104389
872460123125448704
759481842814726144
75472136
904866954934194178
839416776421171200
637338906
761733384565616640
594175899
2584613113
601148702
795421303809392640
2547908163
862525293449424896
122533830
757303975
47475039
820354372827758592
871523165972910081
160244947
220935584
335407121
80235953
845795943479959552
731855934675255297
186667011
738080573365702657
186755547
402678516
16933512
327445876
825043982006759428
15126599
132496568
828084602812108802
158426909
2397136628
3163135998
50325797
146565235
373564351
93069110
3279945986
874511506045620224
809414682708738048
21461359
3937619367
321541360
348478575
449600949
1382181853
818564412852367360
825181839358701568
778933753150251008
4828013916
36711022
817566648077000704
848148994102611969
73238146
803694179079458816
3044993235
825153022653128704
10362072
18082945
299802277
59031230
148529707
18464266
713839291210792960
783214
283604862
184136149
86129724
19107878
824116376864440320
21001599
1478689148
7334402
1374876098
875029068223315968
14513611
171968009
30354991
1339835893
14511951
2421067430
72198806
17494010
4091551984
1965420800
751283435382067202
97994396
1651522832
2922928743
111683028
36487646
2863996955
20680509
1451819263
1890270253
952314601
116540689
3167508269
36686040
463765807
357606935
942156122
3223426134
834081571493785600
29450962
787373558
788524
32004130
284602545
124003770
1548489476
25203361
346015198
18510860
29495727
21059255
27493883
157099071
97040343
76707735
16912124
15441965
14962779
14606079
63190426
2889924959
55756399
18227519
24919141
1947301
244655353
970207298
35773039
16012783
17074440
14075928
18665800
1216789842
732515283902943232
15224867
16017475
612473
856611276788834304
714455603742158849
2316383071
14717197
20818801
13393052
18686907
130617778
9624742
14377605
15846407
19568591
61734492
16664681
9300262
91180720
26657119
14437914
12133382
5741722
10253
29501253
2884771
87818409
813286
15279429
14293310
13493302
5402612
1652541
5392522
14677919
16129920
1917731
5695632
51241574
807095
759251
742143
2467791
8861182
16543760
222481411
28527143
32871086
117643397
19164889
21685693
