1006235218800504833
2765442220
546317651
883111294655578112
996458023710285824
965295975043682304
2379700903
109805019
995748917173260288
459210285
963056458865807361
4516503492
727314453486788610
710129261475196928
2503871215
3083066524
3355314863
19464030
1718204088
152782906
549824315
3197012952
992823843906576385
284188758
219211649
706458930856198144
256479278
991576019424436224
1016803752
3085120970
902792968666472448
3150420633
969485861107609602
2831520942
14400622
3067714410
956865014148878337
1467332090
15867041
500688651
3358294875
933395115921592323
920556117771534336
920554127263797249
365101425
998107825296560128
985193236368048128
981364616361054208
1399835696
1000829523808710656
561921728
1001145835617431553
917620136193908738
1001026051257065472
948026788650905600
1000885526264799233
898567537272782849
1395697386
703148473315504128
942422076308250625
987314923331088385
936403623306817536
994837526518140931
604261155
2291838379
4901420478
44023872
3374798787
4704971501
990595095446675457
978262049934454784
1355064620
981806376400900096
3475611318
886463143924445185
703490430
968818283611852800
997581988143026176
995993020288978945
885613896387756033
4866621819
992827429327659008
825732855917600768
995398472579862528
951059225660350466
996015956420853760
996782822055694337
982364716986183680
994270621331853314
1568108004
195897697
963996992220356608
865308464494637057
952286075644506118
1257241508
71555146
995683239615434752
990687194116509696
832662162036387840
1541295302
96088898
908300596045860870
955422323078647808
2979365176
994996595988090880
963079679497285632
994131971021434880
2439927374
993940011631501314
940720603149012992
3354071301
750758324090572801
980526174760730624
987648403172741121
487794619
197543098
2317926254
985293423929208833
1683713167
967834414720929797
886265583418961925
1335895868
498392326
730724937502089217
27453762
809185069982224384
991286383154167813
960777087970955264
61373007
953397015458787339
68750365
979335350962327552
90570778
801206864730013696
46048144
907801277043576832
751776283919577088
983738134331523072
821864132341276673
938075635712393216
911718152320557057
900441529633951744
3713020583
2886226879
98638990
732813105202405376
706874830520500228
409033490
1892312702
425462839
978182410729902080
943866908369092612
987565267709505537
945693292460523520
823069449892728835
619096377
986333733153394690
470631075
985310890357555201
252870678
734555735414190080
963831153210941445
2969374996
799568797627744256
4054064899
2964954034
905671273048506368
969908191025917954
895127062205181952
878650598043856899
982718497556975617
744136398438019072
18438022
2886648994
2831718181
798839821
962940731030515712
876306556958130176
983346273779683328
971318800971980800
148787827
981753831363981312
30199484
879120010244968449
100995360
906431301858713600
970237506930163718
873591734403518465
2260216071
978291007518396417
852418288130949120
832203952766713857
2899396901
4527544637
965923082669056002
16600574
888867012142706689
975740626305200128
27071885
961677047125901312
969195679729049601
732306153053560833
960576941685465094
965688964819701765
939192802449199105
128389804
972111147838201866
966199188269740033
3854563365
876843238228971521
971658814230618112
42613341
129028878
967997779397267456
