894221489616158721
16513335
802942049687203840
18313339
768266883996979200
734892128
215833043
540455580
969224976854380544
896044435041136644
990322940465045504
89192384
107321522
29257718
842537763295674368
2990458997
2549191398
786551179505496064
1007159660393189377
937729411947876357
866539537408770048
532798182
42471578
854861427148017665
16832931
2556915244
751482528897200129
816840998441598976
949976743
3834546569
346782751
961387138259435520
779054269513080832
23349838
824681470421721088
714419097262538752
126145604
785984135139627008
25920481
825039304883916802
753269110344122368
38947867
842206655781695488
854742374458720258
29746311
2530803846
38914470
3229713516
63703572
242929999
789153744696913920
831527285115207682
29567754
38723967
35977620
1901706618
824267801674194945
4789918822
301736673
3171467604
1383358320
810664101496127488
142265043
1480817534
865822038124105728
243013049
50668833
549735974
3113862865
984608374682681344
1001869799306219520
2505506094
1006940103757979648
1004783122569990144
1406619086
1433427858
262804060
864824114
135016636
825436510442897408
40519218
964949999766462465
1002922689735086081
299162594
63068507
83013225
59581076
2977813362
330401390
857344441358700544
32686575
3094569866
25298198
932027464288743424
847232785404145671
2830503230
15050165
832499816844390401
827016393870737409
849287003262898176
2443050999
1237577274
364068224
873291382793707520
999759383830679553
883013723429974017
980214228
121196760
2894435484
943148440250404864
908501825023643648
1411646624
2801858240
2206762619
803771177558646784
11554262
487223582
840591885903179777
834945869086601216
3285545586
5411332
830113639038275584
821637448224690177
594998602
19915502
869219932256571392
373054499
403118869
24655516
341038448
795749753715757056
1173604824
2152546308
48219360
752264539748589569
3121465244
891151254117863426
18943556
967178808368549889
33950832
839184799709425664
3718241952
3394143436
706362395917099008
747503093441519616
886670260698591233
2704467638
525045960
2569776548
2546625007
19679818
755269413100584960
366548389
37093415
2362712023
49160843
355583996
2617747459
53077592
929007152882114561
1454265186
2337031536
193380412
3130995304
199887379
888426256110321666
810960657776607232
711225814004543489
149692783
222462032
799269904948035584
805807750659702784
302107410
115863728
880217600914972672
462215595
959535310328737792
40624796
840555645518528512
1002956603815940097
36082878
3108329556
929895463473549312
19472319
790319125138509825
751602114598572033
23322787
759903902879715328
31480713
770717529501294592
833893499334320128
2409537006
860187931683827712
306208516
290028823
760018910
518039192
3028330171
27375601
441482446
3031797886
750355509992099840
1594668828
4839528789
1118324173
815250386667925504
972331384718098432
818284091967762432
866698496744751105
928645036341940224
950134439404818437
759893588331237377
46028435
625111692
832305078
80381605
2568999350
987646176332828672
919806946282278912
65484570
9038942
16187817
1092703016
1140109262
864665599615664129
23201162
28168130
3325526691
825739323903467524
2232101946
182569676
2453165442
224230297
1455506612
730176643348762625
815478000233877504
129487681
2701239444
822811143207088128
17343403
889524564
719986066199949312
128108354
1040673870
774777400638877697
404079733
3387518013
15063607
824354580226068481
829030758023098370
3720415397
764622636
116826700
340029108
28551924
362095262
20831522
16001937
822646855326715905
935961289456832514
3311755675
2723043564
22196180
4039220063
830837288200466434
710256240287289345
4086456137
17490707
998924149287456770
511092447
828237485864009729
2478104144
1005949301388963841
768841121434734593
1917412098
286727828
751817089
1401121794
21800941
114865303
858845375117045761
21637094
2761561550
2629277998
976820963437367301
1146560689
917901526470836224
21899283
835564571003768833
123549931
580086197
817584995913043968
573938274
869878756755648513
3377747801
1295213118
35860310
780784811484942337
869994459915837440
945553369
837848028962779139
731534701354090497
3104627763
541308835
961577815241035776
943781613950918658
922592337896902657
4895901435
824900026623102976
107830062
184785192
1023520502
2980536292
2901789004
139830911
4928602749
1007195152006303744
32450479
41157936
923363969057853441
3057582867
31068289
2583269845
1286905933
549562213
93593869
21238575
1034000112
725674120642449408
832758079280312320
920801452515213312
940467192713400320
794751236
178205270
822924370427265024
741462967699574784
959263132865609728
878190793466540032
250381281
835258675904327680
21738328
3366472919
873373075143876608
526024583
978635498137833472
316126524
802268473305006083
89370312
484604002
2901913968
813529403762348033
931561608010190849
936129062254161920
824520379779743744
23359052
43218678
2853530953
1871668412
872070331221106688
518227176
2857592041
789956728007774209
180596658
2283049465
2892468795
262991887
1187747527
1020565801
4443188837
2919091926
924314800875749376
886019285080043525
780167992315289600
2280848059
586573523
24562722
209905236
824332869250273286
4375520925
776043015525822464
940185098
2300299352
885779720
884482536000421888
927462495379443712
69999409
2747989952
865339500179992576
1912451028
308590012
861766590945267712
775202674740453376
793614198378995713
16448463
2193443557
996142407388483584
1635698034
841379819929628672
830758814341283840
827241430108155904
43649292
2509309456
827194023639183361
37094406
4669251013
822506213137088516
566147507
923340078201450496
18487837
726141253
3411096124
837711040859230208
998340022301614081
2850340359
851153184
865739347
1175808242
822180925467398148
818112703218778112
779276346
170150754
1613429658
1412710579
796832382225707013
901676316663132160
24775935
610407631
32709766
921900914868457473
42815959
825840911804465152
1070048755
21370758
976459329539887104
991774428089520128
387985250
14175886
390336169
3124592027
829801363790032898
828295472980828162
870473605473198080
956923198465040384
872249926322757636
798764116735180800
2344255856
889343828536307712
379169525
29483179
22296841
223226602
169609318
21938901
15225356
744968926493184003
2309267702
384900025
978977541280223232
705743213496119296
1924892180
741034528660180993
17340026
1699495232
345810634
17569697
966762092559831040
50576527
895594157799899136
819776510017949697
758171592
240002164
44959505
39634400
3320213086
888572739711356928
896520878997086208
833414895089508352
49428859
901665814851538945
348597625
916027397236957184
999958937368780801
46718626
781013123251707904
258667294
468981324
747148865527128064
835567028870098944
927292103637340165
889331479133683713
826646033841020928
110776738
959321428737671168
24193334
4615341
21934974
28131515
804924163961987073
976143442362302464
956656921
494758790
3741263120
4858507392
829603737874288640
109674110
898254938601553925
884033310275624961
82454452
984151904333725698
47855038
446760776
308775450
45450913
914223316185075712
3177009068
868651690068656128
796800450376843264
615495745
930878939450486784
951411377599582208
57220460
961975476322521098
103106629
946681228341710848
22729414
796761850310488066
860861022042693632
27653517
763980643
1109691894
23890246
2437107296
811021125924913154
999083018999316481
892333097429106688
3195891198
583319470
740571522675412992
891422440508846081
1365293786
939613673659678720
2460397219
406673685
842115982483152902
918873698710507520
95253528
423079560
16135336
168647195
3101998342
937719121243930624
2493638220
407172605
146992290
39174146
3219616071
22730219
806841272971333632
1254813637
618318992
389219374
423928437
926524993655078912
4794565578
914749369030602752
835954211984670721
241172795
765131856
807198291448516608
549817357
2453528748
98306968
45362376
25223908
828038191974346752
235584080
3320895309
342718450
176956930
473529263
590100250
727997717755072512
845687648
328282429
33618390
963536694568988672
825566318078414848
32649624
870045676964651012
27936478
188365569
20720536
2694120872
212825417
828763654136987648
8725112
4839886540
973377043839664129
482093799
57525323
908269743991291904
2920253268
466754711
624036196
4479186253
36215562
824298716710445057
816406404684652544
707809956381204483
735403034
326807491
3870122715
780570564448522241
875852812759908353
847706730
817542419851841538
18889253
958124342499577856
2595801283
880584436848492544
941857642175221760
703389919872425989
477454382
2245822809
791078192635191297
2879691138
367597819
741270286725701632
434295854
36069632
824431200517255168
261321846
22375258
830873675016577024
853281894053564416
4872463871
737372287683289088
16050065
825804476212600833
18925057
36292334
509008109
30902993
316578266
1329296904
19008900
333444219
193446635
1003672092519358465
27941252
449760684
4236578538
4706015365
196043808
795186403646832640
2256507744
1483594597
812404877573750784
919209711584645120
58627467
317538553
3590112733
823706642420236293
1862145271
1927251350
780575384311959555
4136773461
830467270015082499
2595380571
946635178381926400
1003682733745291264
3307352815
1001947565372395520
251885152
821166384499474432
964278320010416128
843578083915579392
810887396728434689
34109222
621200186
2915903285
551993269
863410848987062273
4850247180
1042951616
912104005563588608
3774024012
413407657
100875458
3252998768
278237242
3372996537
787151367378866176
735979107213815808
947650492989083648
974436389587632128
984429710288523265
874503516
3064281460
994733722296602624
868720974
756932926571446272
935922089969696768
899813559143682048
970557774
36736367
702538484679057409
622345716
718239605892497408
138893424
2905822599
1684318951
822910946448392192
14230524
17919972
906637583102484480
999046916238462981
453113451
257078285
1597550012
434943881
958153061523959808
3191888037
387368241
819318475495763969
63204128
805239730254344192
829186039675629568
864597043477479426
750068639479586817
825779025784217602
820805346
527595036
837420063351259140
932311644
965780561783590912
788927963173564416
164698439
4860663112
1360436700
836274303616364545
1095728808
874751261408608257
829414048928235520
724099177177718784
3295485109
904303149141381120
15937762
868867883354476545
772465605731418112
18045326
822896939586953216
823062542591414272
821744192657485824
799332391416369152
865354454052216832
3078723256
323442123
2977413549
35554815
711018094077018113
2822467668
802305946068385792
734200121739599872
1003015136855166977
44438054
940639255373721600
1335219288
119576067
23863021
26157309
27051423
4492566553
266980882
785296597638868992
559955566
194208480
592798129
178795697
809739535
1571338243
28500720
329925175
926705918112276480
936764913648840704
938145949003669504
276104612
751573209607135232
803650444782370816
472188228
822847432899891200
808172940651008001
825548969870815233
817824896042631168
526426576
3322431913
821125393696464896
3689857043
820733716213497856
614026921
3327274592
532787623
586022372
884045291497848832
2272442282
584530188
33827083
946413643830366210
118862006
3253120084
852734905
607614048
784129940790796288
28165971
469039573
177260570
738024375941795840
140963805
4730907114
53619337
182237712
780562134
412481102
21932708
2794880730
948676203380199425
1576472936
2319313106
2771588954
72143550
3982953706
3293107896
375669485
22976806
1355502667
959241213948973057
2465074129
148974063
4883976963
965388092336033792
341432043
2192956929
949684386235957248
998638765253038082
27025085
911726138938068993
786364115899908096
275715891
983836200841744386
4183535129
2303635057
914147710286036992
1339835893
813286
4431985816
819914546374709248
36198376
912769111729377282
992159899407831041
922603345612767233
1388453293
91904077
3074470992
966425601664983040
162428092
17164121
945659556516024320
925342772755800064
860707958
993299475836882944
828719779934375938
542016032
820862856677785601
888858315622682624
864487498935787520
175990525
971194697656844288
618593075
796908651697029120
958860239318724614
824673143398752256
4104119414
24548153
241360518
821046642912690180
18909919
242555999
486694111
23593446
1915033663
829199287921864705
951575743498276864
863170732645163008
914997456202371072
348538721
864238199228563456
91363200
1362263438
824794776633430016
410500920
952314601
18360735
2485563985
69913544
2505381744
933508494497603585
772572686430023681
908892819347038208
842393129995116544
55511197
879822820922056714
232698161
732736080311635968
1975609302
1962117602
36803278
305119092
41178621
3349174888
826128778850099200
558359223
41078786
1275488107
796513067618209792
39996718
832256230819188737
840304147911991296
925787970111660032
998332081657794560
15582684
710916453843738624
1163985324
810324265086095360
890205353853542400
73366833
253900741
881610111822827523
3361120619
727764147170115584
29136086
888794423286349824
97583989
28180659
2916001222
10567112
867146856178102272
806034284037320704
249864828
27256680
826450663320100864
1726155727
769363754492518400
825770284435271681
988688979435380737
2469816685
979072477870641152
23658399
490566701
171282532
951673444197945344
823658811185512450
825499305872072704
260059310
897809057599426560
48227067
425181679
2467791
7790272
20011000
872603003068575746
17015583
39253803
1061878441
776386754437787648
3103856934
834379678244798469
171352533
16074641
778079121876348928
897193796932222976
547893649
259796817
417570101
739189642386251776
859910282478575617
777291171211030528
962833121623400448
933514559691816960
517668687
822180235
269087965
34813271
3866369175
739486744014376961
4265920834
30700176
761358060
17144321
186560291
1002354125399617536
950593608
836018093541371904
888788146191822848
890718169035354112
47529168
37596209
824796324524498944
842432378589057028
330632890
800843089120296963
1937829516
37270422
836266519797563394
748703913973547011
826636655893291009
284760236
168820970
2188519142
346798548
363259494
74633217
760114933241708544
31369265
947132823986753537
596813545
29532318
601418794
982460337973813249
132595414
832306794483609600
954927235785424896
810341799441104896
168757730
67528199
827989968949612544
252764352
822856963864215552
787778457346318336
1321518643
737440712
967512920690176002
803811137854865408
224900735
78734133
819951281687195648
1935109831
946809516741550080
414235299
993101049014702080
745669404151644161
2449318117
803774113810677760
1901526408
2975580956
7816702
22990220
829982179148992516
23847352
838832516
853755033720172545
4466027902
251491618
30550356
19822723
912572648
830106930093830144
737447177862144002
951290072
984780184753651718
2311312248
825905413107437569
285899903
322032346
159634352
3267398448
222513345
4501434974
838531709754716161
19384323
3248873290
4706637280
738080573365702657
844405165037891585
46630283
3318224629
825124205695995904
832805872522915840
110547774
787333113177223168
824367875796385803
995036457508143109
960678954934919168
19872670
2924348997
61640863
355909061
46212982
972656659209302016
2281029895
411133921
1000746805
71179847
244104169
1538045658
827709338982739969
139192141
845816171895099393
516542369
32178272
21913172
2848187220
3178344382
963430500428808192
391498755
821232858127802368
1086822247
37889696
948997652427034625
782282683
217830302
3262225468
89267489
842576693730664449
200690782
26617743
16390121
53583050
3199193051
976728368
4916921547
909501042861129728
135271053
32147526
1139670222
831174871522619392
301987075
760683268261969920
115842030
797057625238204416
3713739257
958430174
53215308
796957759354916865
2703355218
790985082706067457
218475589
2721916484
1135553516
16659005
313675250
56810175
1598802739
802706406432382977
2316151484
240542789
3341308872
826466086178615296
1029552942
825062981859807232
2419056742
17113895
19360931
839552042351783936
27364266
861745390382706688
759603798960590848
835885102114750464
19734412
3157024775
445139532
1214319973
4428884003
936867701112410112
1089221515
2953183785
1049212730
784522568812359680
794956994
806631906808856578
845359091887280131
838454304235204609
397649523
770413122985218048
546427591
772471758938972160
729711911483346944
1939380276
27895821
169346395
881323456729690112
927051037596295169
1574224514
95984731
2665343847
106160210
2665839818
922895826338353153
24013712
2850107787
822224294860177408
24412385
2197149780
3240413925
1051796850
363426911
824497152499912705
27975417
977555039282651136
2756824994
1040402623
28720363
20872280
509421175
753861944155734016
376551711
2569427607
16179434
371509089
1389658544
827303642449317888
834945381477806081
2869972938
2782721458
779207556065480704
731925359965392896
998266768899674112
1270970538
911593315035942913
985276949827391488
1581569593
99572623
44234378
896837716905664512
2207577690
881726370493091840
330683622
293708758
800466751922110464
20336848
820869512845066243
1697913798
565886416
3315374040
793046372
755257432943710208
902229849229709312
884121768428003329
869917795667988480
2668220128
1933099412
2785103599
445322449
1339366208
193954398
828368013963300864
705122248152195073
824480434729783296
637065941
857459108
701500848946302976
2679631373
1434794976
39735548
32727950
34826650
1004850880582115328
1004394284081139712
710450933717737473
996904423585603584
97699126
705454232
785281530281259009
2841598966
2335065493
716966734322905088
371412800
362074693
2729224551
780898985196290048
964978910860636161
2201394067
919463268
255198264
2220940975
830850517932732416
831654538117472256
881580285636341764
2577243050
25876967
3167624195
843946944741433345
1001021342785814528
262716289
962818949422440450
705124365
857394835912892416
995063909865402368
26359528
24615844
823834652146221056
863469548
248904719
903658500
140211335
623794918
989332530082992129
321519979
273160040
1276368350
244200696
767538592944119810
845514279239368704
855917931917692928
635056358
796729146848251904
28416435
32194345
829781404389167105
887204089
21804010
192091779
2938557212
35171306
17693211
877468056095567872
734353890
862914724954025984
3430860616
362635160
787785342
1662714769
129217333
785744300705320961
2921304931
40708508
2300680543
400441899
252629427
957323782393335808
33376578
1582781820
1138824900
840570013849382912
326574239
807276550957604864
121894710
325807461
977990119780167682
2941994305
419876103
28191620
2495727134
416275965
27883144
829448010
884710093
24433152
880874908003258369
838322432800878592
22001536
16700601
885798269674110977
713351264508227584
249087817
980134494626897920
303032705
540550855
930457922605285376
2504531972
706297852268515329
823465049809387520
3407988683
820344569527226370
1000898714733510657
2976324137
4924760755
1441829689
1354589742
827986187260301312
42843093
612057704
820301975191490560
899687023744888832
524024759
2406082745
44414285
802581491293167616
16117237
1699557181
23230548
92834029
469732614
574348303
1106657622
832264788
439657530
621005437
2915722919
944242411760267265
816365222202052608
830841947455631360
885843411835670528
4218646876
15436294
17124716
468976040
88679204
822745833846161408
452552901
831935017
783566050113847297
824695034100330497
741599012
726714956
906557439029530624
390440291
933004092707950592
123945881
845365408060375040
47011582
717044536355250176
64906268
461075151
1250033371
891066046106423296
537051939
995761638
75968766
774832607754350592
16256826
2312151150
817872063864172546
130607739
708827707
900043055100706816
1661669167
2247799814
52253755
475225995
835319734530883584
817812539744653313
603408933
753646546290257920
825428045678907393
2955640065
924985614918930432
804901830438297600
99588575
317340647
819204602117689344
51396559
19306602
35045469
94248769
1367799739
830101025688285188
818212524
1293286250
42717128
833340741728485376
14346672
3403891863
2909148203
979334127504838656
847616636177666048
28479159
6638882
904007801495805953
842178499712561152
786592079468199936
1049560369
286364039
823577726070194177
2865107303
95804750
271240396
332063461
24922015
735831443608326144
4268524888
3309873086
1006672035861422080
848718314943762432
161840982
831383090450800640
822778231061291008
1205671256
65222047
1206659508
353328212
936255612178100224
32058870
888817974437654528
2573312801
1534320932
222832506
808530802778611714
2282154738
2886344434
470972042
771911008705064960
3897512472
845056104266547200
922008016697872384
1686870757
23761911
1650467496
115757604
21301660
19496043
454309244
790401562061352960
884920799332847632
797620076685840384
354975283
936044361388843009
585032395
20336330
93871493
3391532422
1006366132725481472
14922943
78996170
123735600
442948736
137165451
948957148419149825
207793647
32606091
784535914630578176
248259880
995878143918518273
746830315952480256
852692158649946113
358918792
814154197893529601
234670253
3687709042
123464143
4406824139
46694570
1332600708
875898434
452663094
343409518
741261095336316928
113527326
213479353
23230792
23706276
963625966080856064
793560323609460736
1132864128
976479325057961985
958540238309085184
20374432
818224400554029056
845621479
84860555
1882522746
3513592516
324427594
126351726
97742111
116904905
25057756
4576048693
1119961064
438948090
330326086
26825919
769015921
747576081578852352
1004740825799188480
1347863221
854856969261330432
23235568
2867374396
898344136683642880
14764149
36746352
935898259
985659403
942235944773672960
987895042114310144
2905606468
78365563
3317248543
7388032
781894314347663361
3003788362
4671374114
212894541
836726973024120832
2922253582
3158084174
821960750373572609
4826320935
822454914068709378
1568057076
546135580
273584710
991670658
708504104
332569462
49149989
21906070
1223521789
467630721
378326583
829489724163252225
1927136593
799633462126854144
832228923958239233
26412251
36143150
599803422
595530638
26319206
769942012460236800
896218406
83377111
3142455239
3128005156
815251442172915712
903245002825977858
3183450436
15977444
2559501992
828768355406458881
2349718452
832307700679651328
825938511954116608
238189261
823752248652021760
791918706
868011758
246322223
906974815
1003013009676087296
117781247
383898310
19865324
62535274
813525854374531072
92996227
523807752
747791989966409728
873384224899911686
116752137
795355531
1708695000
898553031968423937
57935039
506851513
1292289650
2377765232
244729427
45031883
986688068
91025286
3107355846
464074395
2236072673
911659300510224385
2528299892
833032249423589376
819027691001114624
945748620338380800
929801464276574209
706173989274652673
550854483
1720143132
24748961
17680477
761265575674937344
841733940922728453
213855251
1454777198
2279776374
828250795279839232
835285570511335424
4340521632
729863660
198347274
958789405111660544
43021417
4158880085
824147549867180032
712010340054138881
2356683757
825625856449998849
426958172
825194287176445952
933262363
24738850
702631629022478336
62125419
821504432374501376
3209058557
2535941033
943821117294292993
2430537554
11809652
969056940750876673
2766702939
42474161
1688387071
559108817
2818102352
1971079332
390114790
810280505245474818
733093566893809666
706223818398932992
999406328941461504
19077091
992815916965646336
874006150399877120
709457214239453188
31543773
2975753140
134942808
16209626
134601375
878714799936475136
4915579702
2238576392
831571881824247814
72400968
28511020
81220055
3106269591
962505068930101248
2893567210
780806537644093440
901583756980518912
2601579478
870227876
770373873036500992
43664815
17312932
741477075962339328
4827217154
782034983561158656
15684878
3807031032
170879104
830202641695203331
937474183486775296
838607054268948480
831631395684487168
25658093
2259063604
603835660
809799215304085504
3240958401
959850625960902656
7304322
863564388267171842
370454046
162485114
51103551
2874358611
914199264024072192
996881785291190272
469582871
923496559383265280
925592211890286592
2363126492
1301923506
875375652060282880
29275869
801282509891715073
832821715105349632
4094816567
785303121165594624
18698555
902264561872588800
950822564330393604
891752073141903360
1568807689
2150187052
3248462620
213220956
885176502
724954296605917184
807364297336778752
387199731
2583190277
1408947008
350940604
15591437
2462306635
1446411842
997553913514475520
114522479
1583983676
33112039
710173302082445312
31475330
930445726693363714
491430756
707609219038638080
3356462386
3149926293
774401517176487936
2763625010
954835223300182017
938568003506941953
25626376
95485409
4822694644
755592373380329472
19078560
501004463
26503586
20862590
909812860192096256
825822656431849472
575352444
384319753
43766579
783483639208169472
724636516165656576
993178224514519040
2205794113
1005722023
29752674
390828539
501241142
76115334
3299232226
815543912479805440
24046130
966724295799001088
814181935442493445
362617194
605687186
859459438033416192
2759473112
829337839133396992
780535386141433856
2797939397
25093491
48911858
869961358728720384
920745151969968128
993683912416202753
822986382993813504
824363707312570368
782788400
67203827
942582294518292480
957997702096347136
16726393
3101579572
820430973644853249
25496119
1886521922
529151971
895679646611668992
822542541652426753
133146278
3304656766
1339767902
965709651038752768
1498281307
779032712782815232
133319688
708462434286043137
4561139358
27304646
118536949
848579210398408704
756353686218039296
810591936532791296
996720632548208640
4204325843
36752372
832684961199247360
261353132
267929124
18117365
22155502
797920536357720065
429995584
4453044802
936432290132934657
999796014918778880
880256988940296192
351633750
788159751104245760
740974533021028352
950130056973766656
763078279020544000
917072749389942784
804947812144140288
799778532117258240
31035261
3020629889
834067277217665024
27070712
1114644001
821056951589146626
754641452
990289219305312257
992860573426769921
2296878168
3107341789
2492811448
3182559979
243758979
18410800
178295566
78665414
33634189
797156478532497408
182572503
33014840
382710684
830119080145231872
2933109524
827686119466815488
3255018309
940391126015627264
60093127
146297323
713786711
3165888567
2981143626
2856851109
825040502710030336
808119901131046916
27799579
874357020
634193144
143643077
807283658973413377
870424517931409408
2975473759
741862806522318850
1163582281
809621836723957760
28536593
2883517780
739605767024578560
430090370
22821563
148398551
42791213
951999365316571136
548959891
59874936
22543010
1006252664085196800
943223299215151106
64452245
847097080267116544
22048895
758360346998386690
3389199089
833726182260604928
824332231401476097
392011664
2388039241
864278062346653696
602922934
25383
20930296
2188172218
1368349944
135260365
3884239043
880493065563250688
549817688
846248241989648384
977442254
736276408071249920
824309002162974720
796906264890671107
728344211729186816
912709587689652224
1616652908
864974934161858560
492335457
757750860810117120
900467617290387456
144241849
2411167819
709428667085148161
1460334468
18510006
1344901682
328561677
15207787
32699686
824299866969018369
2664332899
773646494566154244
205049432
826286191729336320
52551600
79045000
2268124987
305166258
986607976860520453
3328173383
1640835728
910303613712568320
779565536
870420744970416128
797915872014770176
877326485211693056
22268305
96858802
2903272862
1935178837
15857828
824697947912753152
14585066
1524655934
18848086
61979116
313697087
850970477023461376
880512519550279681
936066809966616579
374658826
3051567562
19673936
25126335
2420188731
1569192170
709242654
777154537
400509907
124567179
753776027709472769
359678195
440485131
2317517930
823383355206942720
751907815480963072
2249244878
955505405337194497
900496292299800576
934481144879419392
329394865
755861091561959425
818314792448364544
82285768
827565883266473984
721834731487277056
2892915773
47257775
2844227092
857017286737223680
799321140099510272
22695460
2822879525
831337037655527425
2298103434
308698101
2864449325
972176934628044800
204447908
3744439153
799993093
197650974
46506136
378365911
359905679
2198808362
25430400
813104620960620544
18791494
91929422
825571035261046784
3760409477
199978171
38618947
907123482
975393428401000449
783036344327081985
797470019173183488
16085435
236708023
607221682
2889160143
2553558810
805656291196727296
23513021
20089263
889100335545012224
961783845057114112
437086729
807442710873407488
100884073
969962419794653185
814946718013755392
844723701245448194
2317484126
28194109
2683928754
784496896870014976
806594588433645568
710924174919774208
826288095356035072
21034736
120142971
205084210
15846407
36169080
90586560
863684291968077825
404376151
1293687300
779423841089183744
93446238
2943004917
127629092
3932603189
301627869
36320633
996228858
104606166
2731894097
4876763773
818295162740834305
41628696
3452542049
216002186
50285235
3295753498
32587634
906299960722849792
470543884
1421284267
143660061
2826716237
1634302975
299338588
823311256316571648
807237994348482562
50275366
801468882754019328
921820607108431872
1745704406
843001067008811009
36952629
295642835
261620084
33436293
794576502218170368
252174617
65534790
396738473
37474012
967916704868327424
351484777
896778379143327746
917754275316543489
836215116399980544
858672670958907396
28104354
827661903019307009
551924471
245602147
824683561940881408
1032584948
75311987
1720806702
804905568502771713
747487190658191361
966846744133644288
1480989919
44646335
941090279590854656
35256401
62606006
744012783956729857
434397024
862330938516221952
1126306914
926498320259969024
904318810966040576
255689339
832426593859559424
1434152012
525605052
871831962809507841
37971222
909104774
2806413827
944298228366835712
212151733
961295163300679681
67993711
999387924432064513
41881460
928392714844033025
826166688005627904
64557109
427670244
511345052
21639910
936042723458600961
833166338659061760
290868707
450020515
946178874601295872
262417788
324843659
1546267296
23434143
981584656897380352
396286585
197026754
2379057146
27417038
129654512
4323381505
42671016
3197972357
2227680650
831577159605039105
342150884
231169484
826105914742697984
4214141957
2511589865
1060814785
758690856660570112
42240334
913611467559235584
966332459586596864
813586801118085120
885173383
19900686
2880111116
33314238
22846618
52610792
121547313
3401472100
262247932
828046755778277377
4213629238
109927400
41604317
971278393865068544
1661338628
829577841687699456
2966415771
16471869
110790607
823249080184958976
831140986935984132
2923131946
382935719
16789652
877264710424330240
362603401
925005791177969664
23790651
829408129230241794
814308564781002752
743671459256532994
959222626370560000
1232523098
41508615
881837783735828481
281355324
2407318266
826337904217751552
2436056668
1252907875
2534640783
757876968
1468283755
370151674
823321464233480193
918903049216843783
909020687934816256
823210128782585858
924245308468596736
333697101
3364945419
27260562
917403465277628416
899480744497696769
2364402643
819200755416571904
925404064254451719
49186265
854037539107201025
807640762410110976
1516618898
946701618598367233
840808543334866944
3063873411
101005636
824379399352971264
39569933
1615736210
876132724628750337
14479164
816087792123932672
968975900783054850
826561373446418433
716763308880039937
4241617219
710474155280506881
3174877090
16227226
2320544291
89943464
805543699471962116
822636182219747329
518091212
606803007
839231450901807104
973999712104845312
22658326
3930472251
863851163753472000
977651626130329601
614263546
810802664
823209315456733185
823731302985793536
4895877303
936231201873977348
710644981501792256
4023256877
3764701696
21333783
4518610392
1226526086
1110457584
2153591415
172747214
4721769067
3290826857
626032486
824280698194448384
260961966
241500128
993817282014011393
794955567836135425
2966294733
1379895752
22639063
2916472828
946015870194765824
974467961200267265
47928644
980993716704948224
264195597
1656597842
19616697
21907184
576718484
4624223114
830888372402954240
14307692
433458670
1378845446
743828447298879488
926554556590211072
80913631
800517089211469824
536814670
126610908
1354306406
911404618369945600
3040957821
25087857
963191304514605056
32917857
20167956
797081348267798528
985983472778072065
2349612352
180978599
112377036
943266038346420225
705604062234808320
1682151450
31528465
173939001
558821082
226667742
708054116409462786
168704134
103079866
812015220423958528
327793868
3351841755
211924349
822610876830203905
4260171
905362640637222912
22049275
2822598692
41511303
981137241417420801
890678627142164480
17463153
794206197771431936
2562550735
1337799019
193060907
1053242342
979444529743978497
872521768732434432
982825006538240000
4035280701
831686472172400640
1640603341
2483074507
992890858339905537
755177133627019264
909916528501456896
3073519858
3267925982
18138170
929069431531110405
737290360737566720
960353386951569409
820709090183630849
2374352420
4501740258
962158926681829376
1839446070
428634333
188237009
17770279
24031559
2960118980
3095752713
3011786412
825405880149622789
911396894
844202244
32562983
723618849749360640
21086033
715662665834737664
874779852
66020364
4789531658
392866463
2830333283
854694082387386368
783621961
827905795111133185
371483512
3247350727
29572490
519982397
821278120518946816
4269633862
2155930262
46508555
3824508274
498549062
939978186573733889
1316725302
137476484
334248189
314238942
2683749688
2436041400
347871946
4219901867
4241048533
346172561
262648246
34652855
822632308264013824
559834781
18070567
28999739
978280011034714112
358189714
262728282
800094761541435392
754573039912660993
825600878216245249
389895991
1268224136
915196817691889664
3583651576
4005092840
985962170029625345
828045312828772353
1924329338
822841866680958978
33212336
936725006096175104
26711598
435413789
2562855736
829720706409701376
859533141391921152
11982802
840670377986605056
899455192801976321
66479690
2586915536
962375827357818880
37486657
942127338791120896
1655766228
21485466
815770829342511105
2207508634
18618728
2881380957
919617324260438017
4917594994
2872312793
982786173516075011
525022850
142896575
71637118
975540274003959810
820386153845157889
812313494838280192
17971721
892437353398099968
4893484985
2435517199
3762035714
4265229867
2619258624
1864161151
35920690
48186904
19219803
91647586
712274089985974273
4836168214
24406495
976486864033951744
1678601125
951861593914064896
4133977773
782367521135407104
2931524177
818635812568965120
933035054975959040
998412396887707648
3084072940
740005760801726465
798254257187291136
2732944034
481736234
377601385
711487408
808428055018541061
903002488915333122
43814798
827184134019690497
890280908162576385
788998380701704192
1922297340
2908221786
2446440782
772095998986444800
16568200
859092563848028160
461118452
895957166225473536
204794004
865751433005588480
859482156791472128
2543715979
2425920181
4014382396
619589101
2584964797
768147178199973889
793225590937620480
20408338
852202361275789313
935284033503858688
24514973
253414322
815107255687348225
151861169
24221248
41287771
3196480114
2299945111
1587822422
342678362
1935252043
481545248
152832720
951146612499378179
2980956974
3956599522
824741783141617664
17713449
899956694
707785330909286400
1006349917206523906
38465698
1245422664
835361068608151552
3291768156
104372937
716202792491220993
951615798715363329
1308421849
1339449330
75058950
431294995
930904328721915905
890387155368935424
17418483
707106657
772326038
740395361785745409
759410192081522688
761440329576828928
16570203
902481418705485824
847212355662389250
22224143
19676799
493364103
105140723
991149329300668417
15442959
27162469
354286669
51742309
2986445974
223922439
394331855
2771704583
547013073
82226264
53411355
783410619508596737
302761086
29144642
962421379445460993
988844610419150849
941753369781080064
985634379262316545
626522221
69139016
798030864256999424
27795420
97938025
4077724469
828808673572986880
714699095865237504
26544382
28196530
998184730607669249
708177522
1045169486
3958775849
4760875789
863983953631481858
713788008378404865
1001631381577854976
717162199786123268
280313814
29340645
825850434896031744
1507279322
746315069542273025
131346480
153248044
450382983
631797352
2168755961
848951563309600768
869091617579319296
857669793213763589
831435897597939714
20533352
829582421959938049
42518875
963806169423790081
2400092573
769527733860896768
3481046369
2966844309
821668175494451203
911844904187207680
824313151365713920
999051408086306816
61620034
81950183
898146467537408000
781598933474738176
2200599936
1687190694
819011371220148225
959651115770855424
2207523752
110593206
238079973
23303643
775884986029318145
46955082
80861548
2193135944
375287551
790510764
32374787
1729942502
1001093273610530818
27588123
47960006
33914237
515068712
4586765094
1413850909
134572648
726546241
1005385612566974464
2438195339
167404019
2859496183
37033886
781926655799468032
148851257
826880668839747585
393772416
1290568760
556340189
828718753663873024
423649785
916036448
382312575
339422387
898168374563360768
3019800652
22173235
825427840627650560
122857049
799992957571047424
289576687
27508947
18649162
477020592
25669251
18341241
2903214347
700723240793088001
833310676357636096
23468254
426946637
297710067
26146266
195881255
89202198
235236506
760157471201693696
799682243199320064
744938619345969152
834478468494716928
698919881547366400
180785464
2960905120
949390354683326464
967512037919162368
22145156
4138591877
702245886814978049
772383692723331072
901627077950152704
2835816412
2778513902
286125912
2612852863
724770001320742912
292399155
836017685024620546
39300414
805918625106448384
32970306
228750058
824727747394039808
29628879
792486287928328194
39512124
965695575667638272
2932680876
60417535
4855633054
934373502
831754946
1435088100
2895029899
160824713
19619045
3526467825
809752566749941760
486148089
1344022837
860277317498585088
799241716402417664
22182439
341533319
3404294295
32634425
421933415
874750089566277632
379143820
771973622
171954269
467864354
221982889
898909340228366336
727819076375089153
3543692838
526082851
1245203348
55638244
803007323291742208
843492245835669506
980156745732456448
222446364
483507980
295279272
557652049
20695280
38462820
2830954478
21041541
2795063494
860435934
2957813858
843458595509489664
4855029755
4725915991
1095874712
2725116285
351675673
902997989911740417
8044712
826060415218118656
23194924
137099636
2922124766
733760328891129856
888673850
2816440097
3317152158
805618509115965440
4356169936
17902473
796259338935418880
907293448063025155
65656355
825926906340077569
929136268134535168
824860940130586624
16225955
756173215823597568
18356981
110520715
826153265230446592
2387540972
624170020
907318990829182976
33579408
994975262726115330
848203548
2171785590
913052474956828673
817890498245488640
796947984059658240
827686718841053188
830824568260530176
824017127761911809
559121169
3302034628
776072172
859577874684293121
19948967
988524542288187397
307708864
1346156984
732643622655430656
1858123596
3186412094
501339204
819185162479144960
74559989
1713690151
4428928697
1439067241
246604433
26946332
822998669636964352
801506268301164550
17088269
738432772889542656
1733659844
906229531257839617
468732883
2383949425
788381814478036993
882232731979198464
953345715912130561
826148028977385472
28695649
76641926
2458999418
1913115854
4872846903
330722277
21191365
116498708
974764555
706470316873228288
205890183
992780139980210177
902080279
829839426414993408
825533708937621504
835276248221831169
91052361
1397830890
774056740174303232
279644750
218642651
1696503140
880061939010949120
823303613133029376
1364569129
3253872859
2749403574
30573147
19258628
838848233254219776
43562669
3498025033
788802807688155136
1341999997
888441868203180032
21238841
890947658663305217
753693711830097920
471634285
710810649060741120
828970771502530560
235126793
22220779
824290560353574913
900038696438611968
4833484847
967023993793466369
828743270603780096
44819169
89580294
801242439885422593
2523476960
16570894
16843325
220431182
1936704456
513309961
867643763493027840
1389830185
808784861301510144
2453453133
175073105
4780438872
981593697082109952
990641725650518016
862380319
2233192291
827913398901891072
942955807301279744
1001133861517094913
948959464710864897
797175557209419777
756172127170985986
812488065537032192
825208402926243841
2967514470
994618917527093249
978006911990796289
2914358261
316016322
4822451999
15109139
993478445278482434
978333162832097282
4872832516
959204855192702976
865939310398369792
863459782925176833
1309138675
879837507940007937
241632000
857647295709323264
839026325968965633
810689153260224513
808810136303243264
26647127
809218459783438340
226186404
1365842168
777615242654277633
826282403232698368
102008094
3165944676
985899869041651713
21838759
3761367917
896419608009244673
2332063399
824325277232857088
771027818952011778
23700974
942569744640614400
66302067
748804375
118886970
2389638932
177087665
952607830749646849
477831296
53430466
821782383141785600
807592712765456385
397604006
358124742
1325041488
2255915077
2540133632
2813551700
3250105759
808580837138632704
891871697745391616
897189766956949504
2732828812
289133735
3774384975
811311060414332930
757290242428854272
48527510
67498723
247461034
1492287920
15879550
82954406
837719878295396352
2991978347
1370724649
4855668394
17479538
2302471952
74618009
923810350775992320
796836384598331392
194094511
166660942
1214512502
2381391158
3720217034
3234089701
387781361
826981946760630272
227589275
511785935
765253800915562498
825743669126950914
2905369549
1891803097
1549677294
388632263
16285035
702139829769916416
301791092
793792163092004864
2966013190
924746712077520896
2310662821
820641288353628161
849750944
52383667
2280786193
18950192
105676487
817198368254464000
832444671972536321
22551132
2973936303
330049692
3377299539
750201174834417664
105811833
18089796
837433637318451201
824398183975546880
4214356109
355768214
797250295122235393
924329295790604288
34364014
2525531537
859571132080541696
814854464968372224
4116419053
76139735
4510644922
955494718804082688
149569731
249439253
282323293
27554637
731974224806547456
798989218747924481
329785291
2656614540
779766160774443009
29763099
30992155
276530546
603037573
998245633629679616
2764292912
790981197375557632
316537910
738795854346244096
961240735663013889
849062510242144256
825876105139802114
766114731216211969
830645487145410560
812771448846585856
851716843
257733889
433380606
31594040
856224401452171264
835978597047271424
4917199154
376937152
880895576111370240
824655471168618496
740896184575926273
1727288954
928108200737382400
23641551
941794763837022208
1514743370
1005409256
840672358348218368
1905029168
968207875918110720
926214098
890591736677924865
797939334175424512
434389203
28527791
22048548
72953001
19451891
981383219684790273
1005509806910656513
3071541833
912464297451601921
325129777
902217192795754497
22274674
74828175
784193385108213760
862324808939339777
823786681752961026
813881653076471808
864574044485693440
27646078
2362567844
1123137259
757229723512672256
810258791929262080
93817949
35056456
1687640328
965653622938882048
596124793
2517897416
15649115
1877887866
830159625093783552
4888780694
3435780177
3165864498
2874710393
129396067
8065982
127634557
971123887407796225
826159725670707200
922186795030212608
126671558
434142454
811704830
35221306
898563295975583744
25920303
976192164072914944
25629987
369798013
93251080
801465023360954369
82661175
113501563
776947989197656064
2763481905
384102755
864324879394459649
913429095861559296
211245974
788089056118841345
983741960144990209
1686392227
75591075
874770302525292544
224817011
149791446
1012183682
823760005446832128
517939071
2841392876
992149697581273089
41476311
978311183441670145
933410807592894464
819176997037473792
825776310790266883
1652790840
848621083121111046
853565910
864283554234212352
252736105
3229370662
2453757078
2808757106
934700965147508739
822912287988137984
3254996818
971247238268715011
165645656
817734157
829527814168653825
215149478
602273768
785859313139154944
568510137
796873352858206216
74652492
4022240242
172228899
1002408548
19911728
720890208
920433954032721921
19027337
370130931
1663251793
755946804483649537
190149987
15604794
972183634290421765
965902376279396353
4839351859
4608307754
933129758279213056
828182168224403456
16383443
278333739
814583963167719424
931246784688529408
99408825
776067614447501318
997506326103289856
41445656
1069582045
318788440
827287651296354304
50225215
777184371996499968
862974547347337216
3890104635
385714604
433099693
117746102
988060225
961328924469940224
742091058998300674
378949145
950771658008219648
736351706808614912
3095105418
3972554675
705575160
936961670135537664
948990522886115330
860924890395754497
1262690280
87957969
800821781934329856
38280671
95319334
1660802803
957880071016079361
996626205519458304
960313612605820933
817772686541811713
756601776841908225
881867854928392192
21613213
3311999641
729503095915450369
756914019697590273
875829222543151105
1002001718677131264
186543441
70873025
32167206
720323991894798336
999654342239154176
267720010
53720945
890005792698576898
968225030986493952
2382106993
918005524074987522
22794926
2402328198
260493478
37289070
321774180
2421067430
243301338
18172709
203386661
1590074131
1267075441
930894631365115905
4126993241
827165816110080000
96686084
1700162558
1584789493
2869858477
2648158384
891241166796140544
717356409445359617
851907416237236225
213020940
792110364561252352
381971674
824704724117057536
796182711450804224
1219974031
212348788
470312938
966406056485314560
27307896
742074525211201536
365181207
884441011853905920
2192341766
948571325819445248
825721981161046016
857899636534718464
1411870940
888774225267273728
1004334193747296257
869529486529675266
790343695497256960
879092788771430400
785950979900510208
941754604118831105
2402367332
3743460078
21012846
3078562100
25526748
804573487767703552
829181435730866178
2400596238
258741909
1553124985
7573442
942179946075770880
2973842578
19568591
736607856351412224
927750764834856960
60565560
888143133577555970
367582872
952249097951633409
857842778084192256
994313232184758274
997464468081659904
348658864
829478266763411456
770759270
44428771
24818983
1883456424
882392934724902912
819968736811773954
766469271174119424
535830197
826423181682569217
924325113666965504
867813475871072256
2674087765
2680411430
730018121722036224
217502024
912139835858710529
3768065837
131232784
709062449320824832
36692024
875072671612010501
1723401421
764103889264123904
944349939676610577
756354946866548736
1538839230
796488319131586560
238676906
875609448647016448
2311116235
490936163
990717991661785091
975981910504636416
1084586538
836206525601361921
841445554097917952
987420008220262400
915765078
511077655
256856593
2756750773
963271719715618817
29514337
852377888582127617
834133384121180164
2317379893
862470633086525441
557349349
830252383271804929
19371411
486192374
757378121846755329
759155531332390912
3169580269
398024643
897169097536008193
342193183
827301205042946049
271073560
81379637
2409451987
2915129749
1546571053
93460326
1316686338
907150557634113537
492508418
31633148
481742391
975464419483271168
822941873329336320
822154591961612288
23930673
448378425
1403261666
4496819788
2517967931
21974005
425511467
3565028294
2423008116
27864196
758865375953956864
972899375218294784
22806097
14135727
820555654259576832
823219585272967168
2190829994
1216926248
544645691
26278835
89024126
1708819075
29618591
37852952
739467920514928640
4478958561
53191193
928420495866941441
800335168280010753
1661464813
3168138491
715233716696559617
963514463893692417
971468498
928467010534518784
758199641879875584
878230444302635009
4376835677
322812453
904275687808389120
462587474
163984321
972946316560093184
749629553136398337
958451861765459969
18086309
277845186
434560873
3541055653
65907066
1722960631
550727163
758434147606073344
827333887
759579588569755648
3181100641
2148317009
859993803066716160
2769088101
895287282877558786
966407011423473665
965672231736049664
66616282
936996212443578369
22075159
759088783539081216
1834645674
709599579637997568
798547004477599744
594722648
4021078877
16634831
125672879
3460731193
732668478
2492058787
2647988652
24192429
943962029920063489
23604995
3589237634
1691881141
238962219
321777232
1873601972
739934175382413312
4759653793
36598831
1023464456
1533791462
44595726
47096359
1209983856
2899811081
786947880883924992
973648788115124224
784030159678693376
796110709
305921401
253075860
2657499877
1969832888
16993219
4783648233
2424142022
593539613
757784056964665345
260345170
816336217545515008
750481571363164160
24739823
751523506865655810
1004515205915611137
518099287
804906775367532544
69307692
2805934129
2918996168
2842034452
922830003393396737
818680000945631232
16595365
803734070739881984
838740166286184448
279210243
1000103597378453504
15549184
3081013193
722185265121333248
509134376
195553045
20443388
883529255853867008
25063463
837499376385703936
868847687545782273
16209311
826144210462076929
338153973
981755967300751360
818533933922992128
835332029180850176
1001232672071569409
175127947
793972679552495616
862731889291001856
775937971
66411036
885627714832539648
811008691969196032
105241964
816780669162582016
751122719698071553
45765762
174805041
2774593987
122148117
729024903559577600
1921832072
854193051740360705
954899544705306624
83266442
830423106766372864
199503660
563331140
938121439135268864
853001774566744064
846355601013833728
929752815559462914
14089839
4292655376
506228902
47898250
246103
830052749102415872
964557029959503872
4210094173
14430551
722426228561588225
987646563806859264
78408027
45350949
957509347269103616
892950215866679296
247034921
25614085
16846005
974740778776965120
25583943
96074097
832777500166127616
827929403036311552
927178428058685440
757592858341830656
172140738
857686198747144192
15390907
848185873137102851
798278409021313024
868988700205731840
54674440
737046669460570112
152590205
84827467
1362167834
126676393
886273496321581062
25102335
1612310400
828281844806332416
3562942756
2730345168
935940967030579200
858863879383908352
28427434
850913058465562625
771768391170400257
16640037
788106425796919296
16988064
776933357649133571
181809155
3391198715
3432161123
778580158466973696
70555033
852614209770848263
17243534
2435540122
465878909
3294793198
945305545208156160
867426943028908032
2852283133
748306123359412224
864636726085660672
763260388750176256
2535472626
262389497
317966036
37023787
885621641706917891
991444445148180480
103732069
952350353328132096
1004260243
737299512386064384
885039036
757813021527769088
4526739573
2238773659
257097574
931693855316918273
890287101740290048
46886275
866790059802079234
886277318137659393
824301843396390912
755946560794558464
913586426008150018
167259125
858362848824762369
22924747
746388429328519168
785999917584048128
2590278009
3219621795
2564602101
319971600
3780915614
285646733
716821861800157184
943318373546332160
832816974992330752
855446520203792384
844002278243799040
22264801
831229538797445120
16368708
36652443
3568907302
4168025542
18278621
2444498054
817374905134120960
824411963774144512
18287312
218787717
1318978927
19953609
902331232104611844
905828148
1599540866
799531411
2835659144
820101249488011264
251337817
892192391247147008
2318265283
313172711
430853109
835658301144616960
869402881337602048
745592317843738625
915335005391458304
224633867
626844124
701120390
824216698551209984
1242112182
369115487
3253228622
279337502
4794174900
22318800
706562141579513856
2337842885
2350349784
824659229436997632
742473672368214016
2693446306
126229464
188093347
1000449838989873152
37175734
897840781880213508
545290986
500391228
752224640689373184
951998718647197696
967583414273691654
881105019667447808
18632361
3623087782
709163573596065792
721684898927493125
792156104365146112
3401061634
58539459
824666877960028161
940731926712905728
103593224
805080540114128896
968595596608196608
941354286872702978
810619093749559296
2921937531
820777162378772484
71963857
706716102177337344
956940216518037505
721013331243311106
118557374
19576386
4268693179
761599986
735390140
425488628
824366109373644808
922927455245025280
819192725832683520
49152698
190260040
30786183
278315859
979314060092112897
2260033179
866778799576371200
18082945
45781867
917363497
813211854
173532917
794150480
2800245133
762741549700710400
792462802585808897
813560107254554624
368520281
820714217460273153
873269697306931201
837558326883864576
3314461639
892391421239373829
426370950
940419150433935360
948581732680392704
2613411062
850727236281958401
862801944452055040
869554455242571776
817611990881292289
785820093104082944
3007275721
887749730192703488
989311512073424896
1226259152
1228150850
811749136831746050
16384352
351371544
126044319
41669035
4830849630
4260915134
892164707871846405
950117780702941186
351709887
910828574449344517
49852944
2813682309
2366085643
27576059
876558081026600963
263081587
1537644018
770816099046875136
767461627549536256
187278877
973031542598569985
928545439741177862
269860540
832245489798094849
372560750
941062025668583425
2176967064
4673686471
1131850843
1901928318
3008237368
18704311
17692273
404114848
19090351
874333672501108737
3011850654
825739345265094656
982639812946644992
997488917174767617
2717254872
32637935
14437569
1269712765
15990855
23042052
782436419235094528
785642389905911809
755477555545710592
22055322
2782030289
4301326102
197654380
815343226232172544
897550986725781505
38095543
1130156690
897616428756590593
94352043
977120798677831680
714548485610201089
178063571
3331634031
1858878596
33634242
633807136
10479
313953105
946950395791687681
938576287907512320
94221511
35766965
37731141
833777334528331776
82269284
73296387
3333247811
19078155
2763259697
2698726190
19687335
43264178
4195107012
148590710
16645452
23941831
857792025818779648
524307591
811154526631772160
32843491
10228032
2314018987
824773862512533504
23086574
810639135694356480
847545582
835560000063954944
706876542832349184
340554906
719568847897018369
713373797928316928
824850286904647680
513627442
939240097941213184
48877205
785327755214725120
705129538393661440
17278992
999350781781327873
786164780373577728
15450271
18398047
894217303952433154
881336677138128897
443814325
828208507539300352
740914662242439168
830542217626394625
707470903408513025
756854986089328640
808164401333334020
813129219983155200
2527770668
757761492544589824
814570896652464130
954015027622764544
29112110
1003301311260000257
245317425
17257401
1003047320597024768
19043568
1001654556055494658
911981297698066433
922065858444349445
825829081866436608
1462919173
755249465842335746
975185143706120192
2160091333
3246532486
89889885
2535122651
948291553847525376
236281336
2562312206
1700697901
174552094
3243344001
433812616
483969319
1292678516
983337258215493632
241934683
1577847055
2496088816
881164297350643713
4179874221
826311271070920704
619147864
377899264
59643404
275343400
2866408635
856480227974758400
781573631054872577
219036257
886032877011558400
25301586
1608445110
121107542
822858284482854912
1068856350
996101712929837056
2847140499
1363545236
865845521608527872
43879159
910479833607622657
805654658
925739420
1002910831049355264
785625412629966849
984450325804408834
544426518
362880587
3242907318
117553796
940424224321232896
796250388588437506
4141248262
2671182264
156991207
822976358921994240
110799048
896839007010668544
366913381
898181458937991168
933413527313944576
823337401061937152
980244194164789249
7233632
44448353
328734509
949509329450913793
14329719
786711016675606529
1197477972
325373865
785640419845509120
827132894724255744
854938314
965151277666549760
940962091388801024
1418733524
796111182839119872
1317720540
810078255961227265
309994783
2664462524
705205253751197697
2692966834
874084447330508800
512830524
711058806592004096
890252669121699841
14435027
53659862
22146293
335776948
1252442611
937447854490116096
108808961
824342143317790726
808545586035060737
991771421645901824
884026896803037185
983351529678581766
116067247
20452568
45891977
41629666
806288677995507712
47475039
14247236
748673114523865088
1334405474
27450763
17041220
4706615712
755835576
3236541382
121836954
14298769
15115280
132339474
17346287
133938408
759251
2778981761
138650325
26642006
10126672
78408666
21825344
