329819402
304259822
778707709302480898
122454247
887644903077019648
75958972
3404508255
3063289972
18175161
891978900
941352492469706753
822751100822573056
756875338920013824
2524206698
48252327
298235383
1873618525
241252770
2411785135
280198225
60052018
67494190
1003295856500633602
23096821
1009195424
2363131130
781889066
703052849039675393
50746928
22230295
2158981464
33444011
36043359
3684423077
1117696884
106448460
869973661
983108315466162178
957608943722868736
959871347999600640
883099760424493056
544487051
2991830928
90908176
2924591292
2775902326
2511584504
752957209265311744
275169171
1299450163
394898332
478753329
804863024288894976
1002755627251216384
1001479577510723584
14383128
50317463
509051536
16362927
548828374
179103996
720632638000734208
543780273
234901563
2478492829
8771022
410084797
895182271581487104
83484465
927622444487139328
1165991017
307646070
409451308
125373237
894949683503693824
25929138
788079516803563521
973941365116669958
536087812
905513009237372928
965521107343290368
2715468595
2916054140
298602588
772206387762003968
2587518139
47139246
136295215
1747281248
17291393
4639413136
4909915358
957866674555904000
727517882586898433
136102085
881422231376732160
304336653
996586113660669952
997926603245010945
994808784211054592
806515111301173252
41356099
1583865109
857501450544590848
799513205815046144
989118651738525696
26505382
36716893
731901579587129345
3329834423
3124664090
997408718475194368
2821154529
67372101
5449422
14886924
1548391070
2373174403
931282321499492352
4117238354
796047728
960894345678344195
883252878349041665
972303600595668992
983483059428261889
737387991820296192
22273643
627294366
3134411065
4765364386
803571973636796418
904074007925882881
478157338
3284112337
3267456386
52730608
904905031522160642
912450167332319233
445608258
787707767259820032
4902384633
950214773454487552
230267094
948761915127459840
1883789270
1325147197
3302486951
18479527
341631487
837048318865862666
741643169922732036
893396518857711616
741637643671212040
740570433464852480
748571986033524736
746711441990877184
940528469372313600
747472284659621888
740059788046782464
747326182014627840
948762003295752192
908382438971269120
896158685533220864
2895024571
896794655156776960
985290381574246401
731315521979846658
1171793868
896991379288580098
2695974361
989150741297352706
491690296
183767243
924442731568545792
3818754318
883353132121575424
65493023
905837662233255936
714795210
107209918
18949506
81329800
935364230
1964968338
707201842443374592
939610172766478340
1005168996
45065724
491594719
949914694508199938
812353957192466432
322577801
2842576303
2609924853
2769929311
802263722
930858914341703680
55879703
593733140
965372226085285888
942249160954318848
522330443
2773040766
4685333274
313525999
69672049
883630815665688576
3399673935
835676407665602560
3028829118
979507839176757248
988573326376427520
134442450
916080743134187520
820431635145510912
4235933752
2233083140
4708987762
2466324534
837010141287444484
331936328
1554293858
808644371235164160
315142269
2720635614
20105192
2161953938
1788013440
416296194
989611460086190092
488031668
284590036
755618887
45967925
47340332
227127135
4899354976
132016909
366842064
895678509976240128
226325141
985251416456531968
1944945679
17995040
2946442187
2972964795
311876503
619160875
2738267561
136367310
31636134
987622654621376514
3053665303
237047303
853722361241141248
18020612
14443412
4884814474
455724651
826490854042857472
982965312198008832
923043954869919744
969711544303894528
2465580476
16807199
942799342678757378
126086206
394351710
148376661
889115678
217758017
177740690
871675592
25092047
858686316
3708016332
1112618556
911607015293816832
799775658058596352
213831700
901784609578463232
3071468659
917081557835374593
35425209
1854971202
804021025465831424
873965951586156544
492991594
11789842
2327579196
908850624
16017475
977110667030401024
968067477652561920
918798710045253632
224940210
2574575155
981013981564301314
3637793837
26722588
890089553238908928
258202120
113608322
2554131522
845256820264488960
55908984
49840770
2934642373
4870736391
2635973991
893532653886066688
2681686518
394415454
2957640989
2336495406
474351727
880346200070868992
895662756510056448
3028613651
23453742
4510360332
2671028510
3222323921
878900311943000064
547692947
967610492851314688
2978623997
981475784203341824
4356216616
2329303874
735446263433334785
614441215
782574412092542980
4032920836
36388601
860883242081284096
979036964467986432
4395416663
18112970
309187913
719276823809540096
293062835
42112208
810965419196551168
911771305795604480
50085869
1482375404
812648131632435200
925762679838355456
901508094450118657
977395579516014592
908768083178917890
52875381
92509123
3278901121
911314518667653120
168959288
154633027
2932515647
808032375133315076
832089209007636480
3114422673
932929873731088384
898713448107962374
967870534271746048
836343357601427457
4456348512
2714337363
823597189146562562
180961026
976484401084358657
969495904100249600
113601263
2413933369
861298056855244800
547416187
947239660593516545
20204789
793142356807675904
822945105275473922
66207365
1977078764
16559085
966557756957384704
125447508
889422573645246464
632689435
3150343247
23989387
899643174
482457738
253736273
3764235076
3278073097
3105474390
914755659291414528
971025256461856768
974213010037321728
961002152582885377
895283307805650944
770657371383271424
28405767
198578678
54619102
3650253494
350570619
903617713
794665008089153536
2993732562
740621570163539969
3078942992
3295531816
15206736
946876199158145025
1549561796
22853211
841355367166681089
18907630
30367834
155701825
3198488214
573803698
25141760
3190849685
2567466730
61608747
874402116
806143273471447040
914277349721608192
725409082702589952
218592221
3464860760
122047904
806210727170244612
2589428648
910079101431513090
1545093288
76438819
950188506172702721
51052182
823069449892728835
215335757
952352930832756736
280587292
807083366692438016
3767204609
911236965244207105
747769714026422272
15857447
2344800446
400210040
885660749875617794
959430197291470848
28175561
22555984
930796155528548352
927354950010597376
2300278368
43786033
2831988279
970341636189323264
56296537
717519636514914304
970229532
2233773569
224494638
805161524910297089
739139800792338432
1262776610
950256829086355456
745276370670989312
311347257
730951586940387329
150904297
1668647460
19932359
951745564164677632
965281750195650561
889810409351290880
38848092
2929702920
17193687
22511769
760975419508219904
930799975209902080
763016943951548416
579780672
247475590
911125075276922880
877951114708234241
921116757510754304
256471627
2341027879
968104697679708161
16650236
862493306382626818
15277415
760279517340381184
17633090
728286114
934238143498334208
817057643990843393
4149387017
78699094
965989757892349952
4235889230
967337422077022209
592353390
59541013
181986366
2743254561
714196125239156737
14880616
4831666427
299696320
790216656958152705
216798672
888768519277608960
4624243835
16801580
17989166
100277835
927336914658693120
431969214
858477331811377152
932412685957734400
929956508284022784
904182893697798144
3719218823
929063377246326787
709665060730179584
806266270823878656
886164700681170944
929070102036795398
744817821369040896
954508946118672385
2704577472
1022902610
790309366654242816
894455311473442816
913071526957772800
28882201
3286272595
890129457037680640
3225150429
4821253223
2485151124
704622350109696000
963968241436712960
1560382328
878479183386730496
14445775
2247346146
70144895
2198432228
113643691
60444852
2856909739
959302369426120704
2877799703
624376674
3407880237
956845242669559808
76552192
841389686966898689
275582390
847154816593752064
570642296
316888392
90480218
69651297
805894675819270144
426119276
880237465
38014617
4513804574
184383206
2890699525
125937304
3371741121
128041495
788958961856679936
436959724
958917091909775360
819804839127359490
864436938501173249
959497241093464064
974536297
75911818
958107467317153793
702989060273364993
740626316152688640
1183254344
615249807
3348689065
17470695
956516557852762113
1646242405
86942017
574820918
15753498
904529623148404736
728334658568597504
2811362719
369105079
2542711891
881710754931642369
822004328244408320
944180308668272641
200780867
47967486
769003529860182016
17469289
19639088
957335686482419713
113729414
767683902873952256
3277564375
137452719
816332646695534593
312463111
893546750253903873
725666276371271680
1970321456
744206743819919361
858959925896241152
20567743
935866148880388096
771136694657638400
954468493017206784
937714279846940674
4607356577
84170996
786293446466080768
953763233218867201
206346745
3164578046
234818876
70665833
934757737728061441
2503085257
1911592495
84339577
801563012553392128
898926775303938048
1110712596
1139409679
949832286714978305
896189233563566080
1676516330
951632477692485632
3588441735
117798867
959319355
892326421376491521
185868832
949439510370111488
941002660546859010
906014320818962432
857775041743683584
94410571
4265396594
910088571096371200
3313019159
951579410032988160
4175550795
822701059172876288
24430413
17061821
1685287987
354336157
2162507487
580033481
2890051850
935749535770599425
97054224
60622883
24072539
16581604
2940469713
707691738396135424
793451760
3415420157
891532531
739430105664086016
38445467
185446586
59471660
316126114
868180571440029696
852679098656628736
931575843343781888
16600770
2565507516
33046295
707231479047315456
403443268
949690874027565061
14355546
72411190
728673283
528592556
775314137861726208
3131684902
2723241253
866102366
369068555
465151694
877213524996575232
840631564421718018
2965721943
722853301134340097
2724162186
88048448
837487338003431426
319214444
902561478292774914
770667103057768457
821543248959336448
2959227273
27546473
784656497443823616
940405012492058624
1606528094
349047223
17814635
7879202
2772011144
20875697
290228762
4890681496
583441290
1927767595
3259106797
26901779
940604859275005953
3422795224
3295105268
44406858
840503004
72831048
262708929
316560490
983172679
61342056
2190512829
239548513
1465461404
708364720756170752
4047706636
896626432725573633
887950354318581762
3017837669
797491279412232192
189554835
2404172494
2616148021
26227812
1717058660
5509762
3040181828
26637517
870388903064199168
890988704608567296
16193222
740620182792462337
138414184
3075562766
232901331
19097492
857098813
906181962607583232
15768141
31107377
819551238
2469857334
208764187
980196404
917733093598990336
772719226591277056
171989865
2203391882
532322343
914914251512348673
37391190
243408205
874031671816982532
1209417007
2854910420
1686109400
549490712
18188727
833066160774078464
28045812
2330703984
487718304
908524667446616064
884085338385330176
2895449179
835271408
2202626883
116016186
2891940889
437635823
86993064
928340694460022784
118844894
1589428567
1162091664
727484311708921856
1142673096
536540206
4851718642
911716465
925492247981903875
42346547
2337323300
3247512427
3051176817
271480987
19569136
4748160921
1301946570
2150323106
14750126
928439430041419778
216065430
4495042103
3304041230
825310777422778368
2876254529
1682041464
19217369
776218765646139392
729283261864751104
70004374
863044156716986369
472872558
931956800676560896
32338228
41115798
815642625139036160
15811717
2453492954
811740484167233537
847999721427931136
218465853
2984872862
284649175
737873118941810689
935692681912770560
3288621453
1086945558
875025033239900161
797721306720415744
350108127
836727988582563840
2826796573
1125148051
722994185171816448
22946669
3070322316
847226666
937130699383074817
3281500212
915925098242166785
854406524
3394639354
611724094
861540475626438656
323523935
937549640265752576
702129639876128769
2596351088
906852343144120322
823144741156122624
2670235080
721887561786875905
4152366797
855465590
252870678
17356473
850030156366454784
619400667
732134468866183168
368390566
126260381
2377492441
35201069
73204975
29103862
381446546
225382060
926992545695100928
929738265413943297
896165039899594752
24205757
930883664019361805
128932995
768423065852055552
110207845
374888305
246421577
36241120
909171027057537024
850394140332445696
1693499504
954433267
84640500
863878094
867048641747329026
289323100
23970102
15816208
2346105206
588182032
24356458
200718285
717896643757150208
22535926
3390962363
136301800
839895409535385601
57923848
929324553397878784
259806870
780271308214894592
216645046
2150200928
901175791362375681
3930793649
364290727
1447003896
2562234445
2977184701
12116412
833796893822042114
28999318
244389080
1312182992
443283463
529775475
813519625283653634
33350532
46655380
472745516
724319563521761280
701999874674307073
807718257696313348
846137120209190912
605040935
44150150
612931307
3921146954
307033767
624625870
2213420905
1480852568
1601480558
4685083651
900482946846650369
829854750887735296
840190298
3308451899
472431999
865293267260321794
144869734
707768723399057410
129605616
631214173
830630116216733696
891664878590668800
15576406
3193189611
2602849531
556559510
14828860
38514936
301172278
4264506560
719598444835446784
78523300
881739625835974656
1277981148
46078438
1497228780
3111067815
2309050320
922808135722475520
1514214342
47293791
112703910
1683907286
745801789577043969
30154152
20118767
851624601989767168
2525771
865052508657524736
161838875
192365283
72288444
3568411
29223684
3870458236
192510752
874301367438893057
921182861117546496
4351833675
493411820
105079046
783785116103536640
3543523633
266949057
851484850439802880
131538331
922605862094557186
802950739471593472
255239871
3328217541
873974705488879616
216461667
2238377929
3377829688
70499835
4916625868
924023387982352384
573063541
2841611325
724757956068315136
3020900987
736964079718412288
744565210732765185
15697649
1672657952
754845211176554496
18921488
918133318192910340
247981000
253723419
2346573811
861246117689925633
3299859756
820220925815750658
74272873
904299739977576448
882299052771115010
86925202
193757722
20777283
123546050
204536511
304399914
177758937
2458414939
282647169
345325848
197087759
874301550247780352
874366802096263169
2795602933
51197470
2249585119
22656792
883178401149747202
921751087820038145
68471382
2734354430
18812572
62962432
713721447382917121
232460460
2835602547
116247988
3068790141
3299560222
31773948
1961233440
700800823
735448855291002880
595331095
740509130
1920606758
729216650331840512
97782206
1562399810
743682197480050688
803094497357950981
2637285516
765718694332817408
20717821
3130567797
866294029054607361
187109275
346572129
4598876352
457973298
166751745
2976183350
842041308365635584
44180216
2730759696
3598079295
301003174
711571973558702084
26735842
783012692680380417
259869941
189873308
17876362
705129931064238080
157443576
891615978227892224
14867701
24175323
914599539029549060
4819614003
874642602049646594
358464377
898587928309510145
1083533310
842549394515906560
18959943
3296227706
732691425872207873
2895849758
3011711137
39568359
250820810
819018630658658305
93384432
374839467
3686787793
771004432364347393
738022804487081984
771293898
732510846203596800
863205279428747265
879454920444870657
3118705906
1209936918
705001685077368836
899742286094979072
911786792206057472
3449732763
272018139
863543801889120258
760788621083316224
16256161
866976284470988800
1940858347
501245492
2553293443
372372537
2523369962
738049096422989824
33191087
833709946688700416
1552100222
758727257397432321
2350946252
70659614
2263236828
2377703834
835861916899762177
3034389628
142402375
854335469378777088
62216044
909784123081859072
37022019
1200519726
208939508
751343508808663040
720472329231462401
225489698
4807333394
4516921219
840642514214346752
852512510309797889
3561542953
3320040030
2335675266
209768502
67621418
493284199
881796854777651200
1221976375
2306748806
892498828821241857
3534423136
420357997
901872130660425729
4558224745
3946657823
215096878
473334734
624955116
869734584510025729
2863634585
3004271925
4826840003
3080449457
874936172
70479143
35053129
165808050
750012859
316338221
2211493350
473726371
3215232550
291062420
788089375754162176
877148202885160960
904327945308733441
2162361149
3028984161
719241619141169152
364488011
867049191360671744
3029344774
154122621
156330634
70488217
761956660810219520
185376376
9782032
362035439
2234630224
4736045907
1431966440
19430780
849274334010941441
255812611
19140447
2610053203
2360152442
33145734
2655299977
2612195694
3233781144
442227701
821559161007656961
878562126977224704
27138748
799958953
774199095393148928
851127962
787845938
38154763
850420667937955841
1016021178
3315658770
75330488
122014550
897755569267900416
772460844210720769
178813146
576675214
776884145171501056
105186313
325929087
462179436
885298858137313280
733784519723995137
345989929
61122731
85144671
3590475923
818538115312873472
4705514678
190804002
2694706526
741806943820517376
786309892990574592
900420710
3301171864
887140627275816962
719902068782342144
760922917073027073
884065455643688960
761985912456613888
386263630
758343000082685952
5446902
84303941
2903167352
761369661610991617
875681984521138176
3233850909
758414834740318208
42954099
861143223565139969
864166473044021249
2644419781
873277562616766466
84426597
2280885721
22703645
235768743
837985170468765696
208155240
24578794
4050146000
885127481166004224
843099780477796353
861319457922220036
885915312356335616
1482495738
3001922942
569331336
495673351
2302683798
117259272
3658461733
818659560504393729
821877321330266113
4330533199
20086450
320274685
253657342
203706316
2739059557
2781104845
104823008
130582349
765956972516675584
780417497115693056
1061038518
17944711
702710127128764416
860870056816889856
303862998
421821483
353060311
339334142
1591572420
254031557
777626162692587520
2728657237
712620103385264130
4749400140
2611940521
305153332
777580841744625665
741315463
777288072987873280
706257490648965121
4831824688
3000633645
870677067473596416
435282922
782873755513217024
2353605901
803041246029762561
813793508330971136
178027199
861851981958307841
759501810625314816
879988891935055873
2976996041
762930378336247809
708991850
189252968
101790067
1674739639
4852685486
739085337906053120
1076570982
77578572
844834451393671168
713015737
752106977220763648
214924095
181076006
1924586018
3598580832
1900159939
755485620110299136
707209121855086593
118115748
147504529
795676196130328576
567284416
362100909
26702508
860268298902032384
839864106140192770
1854476220
36079140
4359935721
721996652689666048
4756511269
38570287
799911790398373888
313381067
840850822758060033
3040319126
3243705901
424087650
802439432062242816
2579051586
38277409
115704886
15279538
973503684
240900108
244163463
765233759130124288
148781366
167533131
20241819
821501700347428869
194140922
2754352477
814897351873728512
266833223
123623831
317139411
1697953916
31127446
808605084879822852
43810872
372545671
3377740138
473562964
292952607
864300877548470272
576296080
3173747787
821520293122351104
838756384099430400
862438723434283009
459110271
865065436563386369
4122226456
4870462503
3784316657
861122407645532160
830706461156061184
862557809459818497
1947973256
9300262
541250444
836974868054716416
819299064906993665
237795288
158049457
524864096
761629903640858624
18443986
61848318
832569245527601153
37994425
205744330
831753373003177985
620070888
707158925364297729
804803192286486528
1966268388
2603173734
2991948728
583112820
834081571493785600
3033425643
858287663773822976
3512810057
2911130432
3380271472
3302028699
850574155376451584
467523129
233205224
823628322995376128
596032264
796018355304067072
567562934
29176547
311276757
608033488
60872358
752865765133389824
802055286701912064
4505608276
761130372876959744
857167917980553216
856352579307089920
780622379869351936
351120282
851173496
2383073911
854391404809916416
757314322704035840
1717335199
855023005717626880
3412638831
2865274688
718492862212481024
376942237
16031927
242909884
56169454
3610909277
24973048
708825216265355265
115668817
817586460257910785
850507951513231362
719255016570130432
1726074331
589128515
890497890
1104785683
56074816
788868993947799552
4864851860
4707468203
21001534
16255749
54938044
798664522193981440
781500660726456320
4884639118
847051931738624000
707739529332039680
38600736
519339709
1358975521
52327411
27949461
3250455810
836938885112479745
849743423640817664
833026249366892544
847440811314655232
795020884167770112
3867945679
19976643
16043995
794906062847668224
3532639577
19795629
270055627
1631693648
52188980
769434511
141944702
1441611704
445296967
727259178876604416
830324659161878528
4840157501
2763628766
860625948
840340857714823168
791863373721808896
23624524
426723697
802595152602820608
3321533457
4666467480
1582074638
84872737
817671299728162816
881309005
46741909
808299212710539264
844138627743584258
19656668
46691420
993687481
4646069542
2893933454
3074850155
454200282
838794815059947520
1574566705
124827833
834223726937927682
747868247442198529
3158280662
308155020
20591678
123151931
3025955181
4826956295
2917297507
818927131883356161
843068060659564544
3217404384
90737776
722077826535596032
842842143530123265
834178931368587265
841307179382689793
763357772507410432
717828368
37844996
722098594204033025
49335677
312659285
40330467
1488675907
3037922342
298728900
842351286062333954
39930469
823597157512945664
2180459027
1269634826
3252726164
574890110
2921295097
502748942
773537019452686337
237173361
2985031664
3309931098
786605184411508736
757164535862091776
862975404
65427953
813009520179822592
87912932
17552500
1349359260
224697103
122978821
535643852
121608049
749201777904455682
3079165712
835209482573488128
833969381491216386
46586690
22305350
4832509840
355300086
908916224
161757552
1123067388
2379700903
765419629
2944271678
18218955
728634799
51179261
808541703195934720
575583625
1963986894
4828257199
25058787
775221153723932672
789971037127479297
747014044154998784
88621782
179598558
13262862
75014876
15772783
764573273661243394
245953646
739209684394082304
3227169186
745106977940901888
45750682
1024535677
813312479845580800
709589785
985186471
1696437104
801830590345527296
718969006087081986
701108130021662720
1372513081
742719398801211392
802508601411698688
732683380433793024
432641630
52736517
3219598122
564138146
180095097
2521546890
15658327
1434171020
412914400
90287566
458280997
3395377264
408055852
20674137
280826651
707111024546226176
219458823
4108264334
528986496
1421780880
824305430809681920
54913443
762331693114073088
4263067454
121235743
822572440320667651
1002477324
59554123
4787135535
872269916
706215936324411392
746385711708905476
14846672
4463121373
2699730193
790306251162914816
43192340
1142273610
134830913
829409523941130242
2875679335
739085961942990848
61868624
746384316624703488
17464113
810876750385336320
3511366996
157920406
64002024
728313037950693376
599530439
1724205870
3248617522
3153245559
484336080
106711386
52136185
1906349580
804827304321028100
730929458148859904
762628745358405632
76543481
117777690
746661537453121536
33343
824136344217808896
791914606973231104
18370414
487736815
715953176902557696
537031870
716702380956450818
3426522132
252192750
745872121449033732
973704955
1031328918
142043915
710988641540161537
4388761
521301785
782974131893575681
1154760254
723860708534804484
748900068439183360
748897940597383168
750882864078651393
4767091273
4302523335
4152206660
2505042705
819653994582831104
1396329241
706632731728474112
2338280510
226637533
12151932
240107748
824966979400273920
350918671
519569139
800957623709401089
2778005963
2445715526
3980587221
3671672247
419239903
464047295
78022372
707905784622006272
19974951
54270328
98300110
789133237658398724
2374720756
1480403934
3040217080
1674518814
98075070
773775066207248384
86014106
14207863
62524028
19781646
823969998054035457
526378201
41584672
754407860
2791557527
18379614
3105260243
929874710
440516937
543769536
3060164552
706809207408893954
72060148
572087922
17244208
961934473
2610847172
421151092
3038672657
99795902
21006532
4796487029
135767303
292954860
32595825
769321619839971328
745694760610959360
822215673812119553
263757060
2816604731
753190438232813568
3322932615
3353095204
625955310
37666984
2492269588
44126993
108055772
519671346
751067819614273536
3493463128
1245095827
807361032998031360
168531961
1568427900
2271914562
810546376450908161
820139454484594688
27084782
1289383819
2558547404
712836250785349632
803310713225744384
2862608628
42731742
167784152
814380393348657152
804649054667964416
1563285230
46997682
3816885645
4272885135
769652197558722561
15518172
36386525
3102115609
3179241415
771284149713801216
818519326235967490
159121042
818713327052460032
780788552539836416
144299825
2958350059
163853853
3317675830
17847906
3416153772
16330790
17588925
788847632458326016
1660862130
718209414323314688
727832176411160576
817790222675144705
18695490
2567875116
769546007751356420
3055720780
225093882
137885283
3080217116
799640473317076992
2247004094
23441725
47607262
94237152
3683068757
799456528189259776
42016357
816227855357145088
755880812541718528
2849285005
47187035
16833812
3720259763
3255146666
720013441419894785
150281740
16597389
98276383
2457720142
319109462
722528529716383744
803587139170684928
14578954
813765165657292801
2361815104
2885126549
77285641
89211580
137645230
7152572
2353850029
101802390
1618603819
1064362644
34371118
3436712500
2889520524
3239405105
769742097566068736
1237114940
268406927
770959023470510081
65292722
38002193
2161582903
466895054
353031693
520924684
2461029186
961514257
812021711759613953
390910774
343041182
204782673
287322291
774174489458331649
19777511
792031000356237312
811399826390663169
4826291001
770634818304536576
25458378
63404409
884123072
3244620503
765500740722917376
810185088524750848
760938465966030849
1577262577
756505787799859200
3129793271
569229676
3042173895
767449398666113024
431720069
14941706
806330661304823808
25611543
18858027
746089368528556032
9917512
34900333
1147156182
14946628
529477577
30325481
3198702119
751361962311835648
779416353019203584
2651741670
2519501323
798884730133479424
79494745
899380656
1380740166
307962807
427322811
355724715
719606929740443654
4351521267
2994207585
83628515
190377885
48418618
3229293248
2866208373
722972322
231653036
68487244
20182089
42266389
286339472
33451984
2580636774
98906083
788351181525430272
50832316
2915962062
1386477835
805130440616968192
4927593075
17974678
736305623952826368
762385494923677696
15736099
760596146125434881
799027239186665472
4057510998
715588736692584448
723281697253527552
92298330
4102100301
2243118661
22377889
2617726351
2448444847
3105804912
3070029193
798335451199406080
18629331
2449695114
4815768563
1686533684
430004759
206232082
491719838
14389225
15716004
142059254
2883864873
540274987
799578577943543808
704482666955976704
66403013
66408053
707830526
715800324624228352
796660139730366464
789560730995400704
795202305758892032
3320802344
75669497
16139649
2295930691
2293909729
104205500
2451596880
3024519994
1724204797
800310363279347713
1096551985
796372351764074496
2178375961
31135856
196213663
114881283
1278710419
384792147
4771266181
145517249
3319712885
15515317
719559032974020608
592180991
4189491683
2833170164
770525702344941568
740923487859048449
715334979941765124
311083013
29082517
294821391
3087334598
50833374
269842666
284727454
313025775
59449288
795659232855134208
383408970
231173137
2198190906
771271959619395584
433575122
1387457012
62820234
4926449051
2289792698
415298013
785007909662887937
413241404
15235057
3754325603
788775195825868800
794874775063687168
155773828
16385117
750783484319248384
4843749198
1514866519
38444118
2988816287
796620410389483520
783650495139287041
1837951614
160069020
787394477514231808
41044925
403179950
796705351139672066
3253773279
202808985
2727341431
717705259280281600
3707903723
763181903923056640
775341994134474752
720202472032219136
786826296278089728
3232840634
113495254
4832330593
517392967
37153989
2715992263
490339438
81305054
789506545214189568
2600400422
2527828914
2397703977
4008475457
2321177648
2641993872
338604262
144558306
2780215928
3438463271
334070804
737364418661519360
205425209
703722175
5485192
515643967
188257970
55354357
454119389
1914557402
19794115
1667125412
713682438719975424
2540321512
792620357727428608
22729075
4870470531
2246742768
764800983331381248
321545706
2207609330
622106312
111138017
27899908
781531723456667648
790452660138684416
407779393
731515740956823552
21790272
2355793627
978459234
452151127
926016289
20421133
204728358
3866705320
19646347
94928029
89063522
1964216316
16225121
445298921
769892090738270208
701871698681978880
487402854
3387303983
3154760255
24227600
41840240
1000886101
718937126289739776
789732923155111936
94503647
204978145
27279178
3321840763
3307854330
32052963
188415927
8845592
11018442
727603401933135873
742858590604656640
471672239
786033306563383296
491179798
4705354020
2457277004
779200129324740608
4850873753
712044278277672971
772099120014254082
492014042
2704421318
181596806
36044344
779665111120285696
779647298888359936
1690163011
703575264266227712
3060385808
168777899
33159185
2574782060
784122412782673921
123275968
2247217850
552152679
1134629862
143882311
121823150
1884685950
719639393976336384
275354907
3105961359
806175462
736249556111884288
1467904675
3306651022
2714031800
1694425855
3062699560
100303868
5514192
2486979627
743619659698577408
24903402
4590122055
4256434813
18020081
3070299980
2902585625
3675286396
771319717848051713
3016937855
3160723585
3256699331
713061490715009024
16101626
514082785
773180385316462592
4771105992
45415894
213120749
2162720600
783192603965657089
4796023007
782900039035260928
327086804
1537862491
109225432
552196902
68399194
589233680
188881732
719702945470771201
704422182672326656
2754853896
764977371527151616
3096625956
2236437229
1360804578
772615717472436224
312887209
39978318
1613931228
1128287917
1219634875
2611834014
4153698982
4549955911
3226363198
3181773548
2490962861
1669492729
115182141
500243463
12722182
1005140833
43333256
2212926198
601297108
724120161368694784
2170206613
38001045
705964828918210560
760181070767816705
58836363
1525640791
309783117
1629244514
1463193979
3168747063
69773058
17546958
2705609215
4218652055
4357704322
16101777
3342106497
772742700433084416
54301390
2513091836
756737353289465856
705853649008734208
3596695759
3380984303
737424017632567296
701328310412910592
981109825
4403732537
47735010
2808905085
768236367121743872
19970310
381284132
2369029710
4126632556
198249620
287531586
2272177500
31616760
383431004
2796303712
15830117
3377136687
761596553215746048
50085549
2841481948
118571021
1544009544
741210270278791168
1575697938
772925412968103940
106699394
1519723458
4094744122
761566543671128064
772102511721414656
2302468187
2184024872
4015136721
1407855932
767833847509594112
14367719
4186049120
20428671
26513356
2895951606
1550941506
415877223
270408130
270371805
702169748621004800
1370664036
312273442
622137134
770935888050319360
748575762282745856
715378028784852993
3432120672
728900520614760448
2946876726
740867170922598400
554508569
17850785
296334835
4421432953
188687887
731992529902702592
2470550720
503484846
14855279
2253297418
4097629762
753238492793016320
751797415175417860
544584929
552930096
2639078942
183339534
414564541
24013670
4358642832
2964022776
383416014
4725273694
1677109758
767780114750967808
1700503068
3947335222
119351745
160492376
2835200897
2958106172
1493923814
15220095
33328473
541172303
2998237569
190738462
1906431230
359010846
765916280557797376
3297416402
298123951
738280018099462145
306040085
2763263652
2441979264
3163477888
601301724
4846286778
412529340
2178554269
937367178
235354536
44910992
18473573
66007421
760964492729745409
3201538726
2334346969
56373444
110499774
46135076
717434385314787330
637279645
126309520
279584531
54164532
244665835
15170871
758367493220020224
1103910253
1865005212
2777782176
3239291168
755702539
720735324629037059
4908087150
93241358
26270093
541489690
71787212
4395567861
390396654
3327738599
3002412724
122461727
325684942
3359431816
755446
228783589
510764111
1208688576
2350318927
3330264436
2769715802
3607676174
3236610126
4714523068
2729638813
238669302
3904353806
37961617
44906914
722722042341158912
720123529983881216
423650404
3193654850
1649515718
476258586
4167726923
746169110669688833
2938261973
718952608648601600
3166818374
752382322897330176
702580211884273665
20311677
60202491
2834773080
3251240239
1884747138
730155344719163392
3301993205
3881683216
4203959861
204538077
549602180
3891538401
17527642
724717099550035968
2885433242
728586390103982080
1965884720
732993565400420352
750030268572901376
5940642
554375146
4770076135
705810545048424448
61688362
2734241886
219261295
752892414122004480
16065267
898566792
81099854
718325774042931200
2952519553
3243011651
4895829130
24627132
2657646703
362771405
52161492
68966918
4910800213
502106025
525426224
2292710250
2557130899
15329511
1264772724
40252886
2480936977
21393609
17378007
33067988
259689332
3266786665
46281453
436253637
15082786
32140200
3246082001
2953969424
2844447768
364428270
3908037216
162473641
748569240542711808
3252836470
731496890211151872
288240930
411810335
50294215
39174079
2319502418
4847022077
3618375738
2972133323
3164366364
3018960919
3333668477
107087487
4669911625
159707312
37908683
706445850877272066
723678004904353793
144920846
121913665
114167402
236669506
160850438
1553083404
3015320788
38532589
68218984
178203295
79265799
3938311096
20203285
431071870
47865477
2586036906
274782243
4201714636
2462043240
1651810134
163038311
204466709
167771791
41460883
2819974785
15389813
710137761207087104
19484003
925666188
886210303
2974856849
933653886
2891297391
3910262614
743207909824278528
4640051647
87918812
2859528976
738025896523759616
2159324557
4822104231
50130164
2201941
277334813
4330648473
102172021
263917449
30487423
15210670
3253656943
3936474269
251131699
2528169163
2316227972
715286900530089985
717268083904086016
3280215522
1918038278
2955680715
3004232801
2396575177
3241057457
732649152807469056
739879669210566657
515655160
3144695816
292992539
725062216463048704
3601852453
4662805095
930912222
3878728454
1928805007
216842079
469861978
73690799
3949465763
3221623203
456178697
735941909038829568
3371120590
342022863
715824077563371520
3648863190
401898288
277230881
733013084290338816
4000687695
709120803749699584
353996512
1686790926
2199524000
731684655792041984
903788539
701071823954292737
730379316257677316
725692784846368768
3151903901
735853638376148992
15665629
4561004655
3249058632
4707419356
60121599
1014081248
2407329625
131543835
727902593066905600
57873169
715947929022939138
3433536552
22799251
251241171
4226557876
248100395
733763367236702208
2719527086
709826577220022272
736095648211042304
15741883
64656088
720733526761598976
2954789052
723150461327437824
703217528005390336
2437662536
2428347721
14018042
21846760
1223405538
244748421
2163597984
2543789772
4212266182
3842817916
713463163
734160946822668288
193019188
720969923493785600
2929158942
2920629492
263894296
2536565516
716718188906606592
732926596898754560
312641499
1851953034
3291686304
73937639
316599166
386859921
2558058282
727895691511533568
2909443716
359557272
711978225690386432
2321542928
1883389878
4914231844
3009542587
2958303390
1376687538
427871597
726960389594951682
3982680701
3330327755
565851256
1112604732
709639991786274816
385338646
721790878352695297
55539703
487462530
3940876821
727839463364132864
3111140416
374755520
4619287818
3939074308
103888057
721978112569905152
3280414987
3697166300
3342479127
886335560
113560280
20567996
2493137191
3067715181
338255103
160926944
53544165
708029806202368002
843798122
18882555
4126008863
4736171489
4803698832
1602502567
1615897724
2382819794
588188433
24907127
8487622
229151210
586291040
85220346
716937519175233536
2232107324
3062039588
2446676017
161789286
17907265
231519109
2943898282
79995695
1244778937
3653045715
3704214554
4901044012
2734953286
178555145
705368238516006912
2174570331
4891411535
1923200881
142355653
20765749
719307259012984832
44354476
102813217
725017721805635584
405769757
2153702508
725223624026689537
473285651
336593448
240816796
579114403
2921769018
722109057188933632
247685020
347149857
95928470
154312197
605822682
16047998
241466609
4852386963
4063590502
26642035
706939949598117888
525733373
723518360147910656
3072300534
723267410158071809
2664139520
4832395215
302690890
23018032
983116326
3491062816
21914359
2714874608
333239619
1167548456
323489623
1915012974
713509002030792705
205527132
369262290
222539899
176392258
3064027681
2978125501
3166867476
889579422
245417361
237548529
4504741037
4889244160
4718994321
701987405277089792
251826168
3326367889
4576968862
2211031109
2819459663
1312830798
324696303
50276735
2734052166
15138475
1565957000
701825647
1858073677
255504289
568735137
1303233662
362400064
39492570
721312964335243265
366812553
872125404
1249555416
716019213597548544
2998695200
4781378176
16542382
2441831348
3145373241
2528891308
1239616164
14993272
21169078
111975826
4350126736
2501559841
1857594391
717069654158655488
32251604
1549766486
717258551887048704
3214736175
984509070
426353995
124820305
18503217
4319879779
707938806377353216
2852005103
2425278842
4923811
3400702817
2945352696
2282714556
147071542
49570307
418999990
730385676
4854098027
48938064
706702752395751425
213971941
13108242
717174266614136832
174072012
2357142594
324476881
16157855
235356639
294248602
716970359774253056
2594033532
714395530558894081
951498386
313039225
4071252737
4842356859
4827902244
703416210952724481
4856844917
707620738463866881
706698574197858306
2677580772
397430522
15600803
248559786
4917435856
697242779135709189
4922276559
2265661259
4917750527
1551979855
1897560128
56452684
3760612636
41975340
88635165
4885803346
210958970
493009601
406964453
56696857
1616158050
707448986513367040
713657388180570113
713642365634875392
713659231686246400
703838530619908100
713658296264237056
711682164539170817
713640447915257856
2610938700
1470676352
711925274644848640
61693872
393192446
27993303
3021620422
435498663
2976783243
283780375
944482242
2718651908
2915809346
1244041687
1571631331
1533276936
706833066157850624
340211112
166508885
328418866
2255274031
3087912806
28265810
2926128044
2570475966
316551217
83166919
21581475
121769833
249450659
2569654642
326734907
3260657304
2520403627
223281772
18879182
23181999
58548428
707496176514301952
56782682
83814679
706852006728749056
2902018741
3307446309
4304289077
23872884
706824304084840448
1252272361
2893536972
4915648250
842494668
63963244
371358457
74219748
575685374
1370823230
3529882463
42903387
50980914
4073940455
3796998973
346705172
223140260
484720206
627765164
214693898
4912479007
4165817236
330513593
2393248974
2335651058
2340695821
19912099
3066240334
223083302
4653006633
334156607
460714987
3130717407
3018791432
2178388895
4058991165
26682808
15643141
1413829014
110365072
874916178
2982294687
38187267
200495008
59771693
6108862
21579466
3404500271
3785204608
4912508023
14955583
30682173
3313037818
3292168102
738253500
3306400466
148092781
4845254910
14109885
3133773720
1123075015
444940567
4921060631
44084633
1368389198
84394857
525713285
3058630855
66577376
19054245
361009864
2877453437
4090072793
334921581
440129269
3427875593
2742771127
301848089
2386814112
757974342
4345523654
519945509
305595540
2344976196
2689011192
2848566756
1722823975
17070787
22526677
131658173
121504496
311340378
886207832
2731149926
3700672755
564344577
2387815196
62890773
467325023
3290712907
351721063
287706935
516672248
27414346
483913008
1858395132
17568210
26849134
17536741
41596136
4855097572
2897106316
617825073
4861122193
2560164125
2353742575
4319838372
3519813856
1408474567
2963830033
381919729
4865908937
3097023736
4166172380
1964214570
1085190978
128864082
45139191
72963287
873992395
4602991883
4854360989
4307633897
2899875403
4862044041
2909397931
2823975728
293136425
149760844
21394730
963430316
2341139364
3727017262
347425656
40075524
3135717215
1358176830
3021405030
2345872971
4540483701
4714772367
66704731
26496457
4784015673
3684368536
2709424987
414468542
79083365
375811857
4415679329
3003570179
3422805777
81845615
2727725218
208019751
14224719
36042554
2812768561
704521112
2718205890
81947660
287703922
481376138
4039092496
2930465579
108698830
14810783
2330645310
2372581974
710212029
2381183066
270865647
3173208646
75650748
876120834
2696632322
4823092505
2391491491
4703527876
775634718
976099622
140186948
4798691182
999015600
390511552
75019567
3864979949
115530926
4806434249
4401210143
4457580614
3224841256
373024636
3179977818
206506117
2968351221
24035547
2966965225
589280185
3121748307
2959200272
273564584
219937434
272635525
183381913
567102621
424235813
2941762128
2701987350
3233682151
177291959
1964256464
1382716730
246968950
1920615499
18242629
41036111
4363429586
2670923936
2530801736
1595797076
866504532
3098116670
2331035574
317905330
2904236103
2705805788
19935055
6274752
153966123
2913077271
2904047823
899488220
1963850396
4550648114
1498460280
636488128
47590443
43192684
4434415993
2543624552
2371293119
39597256
619101692
2829525268
4392352336
170954278
4699427582
155544257
26801818
4250208315
1148727884
92989337
2615302812
4064271237
4263376942
1721267346
1284567396
34738456
555353422
876220663
2977885138
212097279
270393265
4637998516
3084179561
21360019
2191259255
1966131036
4264492589
3298026565
4643485094
3011639365
4559554409
224133460
2189042016
4021626857
4625687418
2878202156
4420863802
17878726
252509775
1511042845
20733972
959564347
3033562623
2227193478
3092194948
979696386
2464933328
63165046
64112938
4277654121
1097154680
3432618917
28096105
4541909188
242102526
82654041
3420574769
4365436995
3310912957
1334748876
1583359764
3438943792
437786456
17536486
432557320
328967731
256467731
3002386462
17689864
4250261325
3221854239
174646175
4517592492
734071358
3745142542
129628388
1349706391
1083965838
2545617397
3986815337
4276158575
187808058
879256261
1284114630
45583665
36886145
2594692296
99794792
17586118
334880460
17970953
3518169316
579101988
307753350
24723039
19058678
23326252
4081106480
62870442
2203735422
3386002685
3035399615
3150878028
620597546
2999242626
4220433916
761527537
21688529
2791776393
223841564
75378396
4225073900
51369572
316063176
2744295692
550173093
453222700
3306993252
4288322237
4453616773
201428373
563136381
3666738738
243820687
2759081185
3511218136
4348316056
198873627
2539650026
4122008537
1645239654
1454229751
2434762675
66291237
69813113
17971747
69896457
3002057294
2265109888
47825185
4203506717
71778107
1013455002
3366571744
744036356
3064435726
936598886
3028838013
2386769874
3865307794
2521049040
48389713
208296684
203966261
117636017
400335451
1582853809
2716823132
844766941
4348237453
236389590
2905540594
32896052
368813227
3560066176
4348155920
3395170581
136986438
4259671029
2926844054
4211126613
4019492668
3647634014
2279320206
4150350436
1964217900
1964253824
3427754325
3648734719
187074562
230465725
3285504090
3937845022
533612477
1961218116
851316548
2822117268
3151987719
48130304
262749118
2971972095
280844830
804449376
4184238563
3270302172
1087974410
47283173
3770058315
26114441
1977380238
29165172
383269821
28086548
59369435
4072388063
862770703
2964864604
2256773894
14091327
3864928514
23774237
4178777152
565103969
3299793525
23049758
2840119261
2770753891
833963088
3145178862
3472067174
2967097379
3415464620
109779429
15368065
27852472
2610750206
283235743
2694895650
607638633
467590345
3524738309
3380805333
267417645
2490675820
413251648
16216103
780997357
2763949273
568143078
584159604
3731710032
3309808829
3633816197
962558184
4028053707
819026340
169115069
2799731111
2213913449
2845207617
76966092
406003244
2766768008
2687437967
610804764
132463148
544686866
2777871397
2196203149
2551188847
546200554
61741794
3214768738
64403542
438133606
3242092022
3319102108
567819819
95359336
3017337736
23636912
608469433
3311742966
28123595
112426341
3724949414
53854893
74816002
195469719
860555190
61253930
128710760
2681673439
2471004415
1405182024
3275345234
2522756874
461034765
3089515260
2766619144
2867018512
3177647025
326709764
251097612
3319608241
15410847
223582251
95968926
3216570561
1134484334
27312017
303289696
3488245214
46476526
47943652
1242794618
26493482
279238668
2685522060
2565697459
33175391
3983178375
1655775188
273357888
44364820
2168698176
3637162696
34656948
3064560441
2201782562
2419643551
3960057973
17998609
436144517
1474901485
1351639921
49085235
34717830
564000560
951865232
25508510
376280919
132111956
2706804180
3463295893
272538235
3335679053
524351758
1925587118
35218566
3917491697
531438313
2923076286
806598084
33189473
120777414
51021794
1649083920
3955498840
3436177005
182352366
387938285
1325510838
18655484
1711550988
3387268011
342669278
1337793637
3652990888
1674504678
288682934
3585478157
317477882
3938570554
3170031728
3334825053
978823376
3461177483
3295868537
3035369590
62346482
3188199445
3258025501
3825968584
2776735635
3354459227
764386674
2786657267
1334268860
891869581
2269603275
75040646
3663184212
14270650
129834917
3316813258
1301986392
2944899837
1370727090
569481412
229176085
313301318
338096465
17877490
19264047
856037461
50644493
3294301886
21307076
14268812
2429642984
863623388
38635888
45668892
2696910775
14243519
3252153683
1648474652
3100331587
1854119959
1073982498
288573809
626256603
3367414732
17983365
2935009628
252000065
3426170325
3127040009
176760539
3092443319
3160035419
2222308168
242994469
224369728
3242534829
21360280
1514744384
2772916676
434901722
444631133
436209695
1581780702
220347418
2222188166
230953073
3314072091
358555317
455481041
1287535165
3009077104
242194132
425942351
160373854
2736038293
214908555
262375385
178966335
18085903
410719207
481592461
204491797
3006463331
2808645811
613713523
1324190474
558503921
300544697
587475293
16955991
403491502
7702542
585075627
1243057506
2612307559
117583211
956542536
2914898926
2149827662
14606045
1107178933
3033068469
2742675713
2831619454
49870351
2858986445
1589127954
2645998460
25251653
3044526195
712636856
312546756
3315367603
16314859
3305569149
2984786874
289860450
3424638597
44363442
32674684
2172653504
231786281
2203792730
2435583908
2501522820
106887086
268327624
18211190
2890839417
89024157
407596440
406029386
266079300
25235151
2569141315
3594859100
3183173719
21440866
3383688113
3106231865
43879159
2153713380
1347947466
264391922
2317190172
40116885
21665419
417455992
2993540847
3319862579
2687310283
475156053
3707505676
364412400
3278623033
118790008
403044851
345683505
322572436
118031601
537186173
199690378
3348361281
150757591
909739124
90923487
3299659017
1461262015
3544123154
41302778
28089061
328383273
2246121553
22139417
77525513
316544211
450717681
1969630836
3239897571
1411613695
2613143381
3306649856
315779591
2845917181
3195772062
272175633
41636475
3654128967
22339165
1112425813
2951198234
406351615
19196729
554676897
27958988
1369760346
254484398
53774647
2752494235
2934280978
127662515
2530170252
2886191991
2465266567
2800421239
3250735333
15081274
2834033225
432294867
552429052
955322468
118344955
937821122
1599851636
2570722760
3424983382
2188717668
3358546077
2730578883
1395571730
3002794034
22005666
17389023
312608419
28954997
3143104256
22607674
3304299880
3234108048
756459446
93776473
268791250
2832246523
3239855940
2307828661
2526588174
3130923436
2522467429
117702948
430488422
2524491631
498867534
2516217566
1550006312
2998482143
2547602989
2900212270
2678090893
250416435
2394624246
135314463
3300686723
2916554962
20467453
273542042
25170188
2824210848
3386066116
2203450844
15768312
22328240
976838341
2399768245
3206632000
131276801
3515959577
1566900048
3145532404
42684669
175365931
1864232996
359428392
2369718012
3246046961
383266611
947091523
14169859
24719097
122286770
603708824
1876660194
3434095108
12133382
3057738671
2798125167
2799895176
333789931
912958512
613958409
410824994
627846459
3402218583
2970531250
188796302
3012886225
2599705015
797559920
3091627695
19050560
3404193807
396971335
3222479586
2203770176
37669898
53142696
390348544
3271777273
3385204870
2908213771
1637407016
3333859212
2318993867
9687742
380344760
88210310
1675860950
1642328502
145345906
2148638730
284079472
1673344874
726733386
440688620
2162637748
246090268
26213014
2919868053
3038636402
2806253912
3410614899
2482740012
82113500
308164954
987771205
3029096935
3107509399
19007315
568729882
748522614
2540573335
184872574
277354109
3197771281
63063776
118118291
2992686426
8568192
3033503500
316253191
3044143576
62123765
37332302
65691824
88722215
2327677776
2329228584
250186533
2871935575
902101824
1870319041
1599906589
3126801635
37246842
381341405
439528396
61604965
22953546
19338942
65126442
3429425776
3356789866
618134181
2580176352
1145105258
8680202
26626414
225403925
3352556542
3391512855
127808964
3139440634
2666471250
3197488343
312392334
341568997
331391393
2746240046
315579037
223558878
3428904225
2547742911
77180390
1016167640
2302814179
2580340726
3190655882
400892239
2939969207
135786521
156763824
2276327065
41854761
149965942
51022910
42074662
39689218
2743113943
310687757
2317926254
14276734
3079912721
482388629
47107118
82247534
2883135082
2534846484
3295829504
1279624999
339297502
3145185641
94654931
17665641
171076401
3105163447
3039407849
1422149210
2676503635
555069599
3297508715
48385384
3198674753
3224722215
3236457215
229385617
2207629609
1227950198
121277052
3332066998
461686577
1092202778
53676043
3199398352
440562342
369018737
3344831872
377713149
18187969
322310561
2172115956
3334045653
18176103
2250676562
621378310
18665800
3292790791
2523317676
316586514
3196453645
2438916253
141748686
2732462617
2450186083
1942445761
18408384
1032648487
3122439447
53210455
24099461
2983843448
188066062
797356987
2964744483
1077079634
1605744104
591368817
317828926
1942485968
313087828
2980126600
272083356
3115790063
16032925
714822626
3246974159
1599853807
632466068
745098144
3241496089
245738784
2793149565
2988011643
589403744
2679963583
1943675700
315546044
317640054
2376893806
316350914
30358699
443675408
2769701894
108554712
535932595
294551375
2979053823
22209201
33014441
151586511
1723317487
486508901
802241527
2177421912
241339629
2678816867
8861752
19789726
3156994045
274699227
317708903
317534048
3117968343
28610770
317645794
2186062965
14645160
3187306909
37599351
22272296
2886226879
3081853491
2186694204
15804695
3087015402
1149982669
316291107
609519827
624992861
114001771
2681704126
337736742
874397544
2458103430
372592150
55070643
2864750405
3166325854
569360663
17881816
3128825768
17033708
20793816
3021354992
7587032
19485876
3091067237
3031839653
38498402
3091791718
2430564295
1432540866
317689322
2836314783
370405241
219109119
3178911672
25079070
2950653711
31268972
338082021
21055792
2548627087
1954856150
2951556566
18451200
436050819
295731821
43553858
2279363084
2993346555
21650295
2796555173
19978049
318031893
56315666
57417404
111132733
1286193872
2703502530
1851574129
20333778
2493739614
2169511
2335280654
90913890
2227338603
2951505558
3092618974
192749697
1621341066
2329236396
2867971696
316580634
2387604200
170568762
762834054
18943852
18863455
262443029
50168095
23215824
2227458877
1161916182
65531952
178255614
207392880
35051304
50533042
52660746
217428733
368655456
598676109
3121763914
126580897
1877877164
568836325
33438221
310324114
19782840
359569672
1587489655
18857913
107987513
315815530
302229663
330889216
204832963
95806583
722278735
318077059
67199581
1382756942
237854586
316567099
794198653
3130678541
1581410808
1729062246
500403310
3110461377
2795191209
2286713927
279106198
1412072515
2204685756
2319362190
3040725140
2382749012
235534189
41204528
611642142
553334538
22686020
3107492817
3087550361
1249370390
2955773048
1525083000
364203222
102475469
1626804997
2951595601
24222640
482312984
2960805169
2889252082
23234535
282691056
2967229294
2698396472
33724338
302654724
2756268823
334053327
371465104
36452050
25101996
242822343
1678941206
495464885
2460216512
562520720
76525772
3044323326
218749749
2384765700
318171243
581147148
1084264573
569163929
2651443580
38466830
24431556
3059733922
2889274898
316607970
215749355
34781835
2941130191
25692368
197583085
2612691185
2841326331
821901937
564177341
52850803
2800045906
497290369
8522892
2627943512
2345875034
2694253524
19268706
85626267
2969908588
1592011627
500419872
2878667790
338213773
18776112
405963037
1446389574
2289118140
2797208095
2874925778
2597621624
16131148
376053642
33535091
2451433968
2369189581
2711303767
2557086750
21087864
794645850
315679012
23330730
2631105503
88806720
2532942559
39675770
2536439070
2269082300
594451042
1599858037
54019702
1135122679
949985425
39510422
104589290
2977313987
35474809
255546135
21323268
2957601633
899091679
16473793
2831023966
2330964697
2953938847
373611624
55247002
830403702
16848061
51020195
379962842
2893545388
22337329
48473299
2787591715
214050489
2548006366
100784901
455510571
501060187
1919814066
1216534111
2422587631
2792409146
315511675
911861857
79277574
16671007
1600937988
830303922
2948570579
2682006792
22197119
105907700
256988281
110445334
27744185
27311044
14839147
33186808
42773716
103065157
19254044
2770354485
2255785158
2856132965
431367560
2345834826
2611976041
909634520
2800581040
565930491
272388054
75477790
2740521853
313062591
2790255338
135575282
2910986001
2546562188
111081551
764742482
1493311459
21588316
2868285032
572011637
1184032646
164322849
23003843
131295906
1686270312
949539506
156214500
392726406
498921494
2878581153
91673645
504415357
631275380
21414413
1362368612
2429280026
252542839
2902981956
67724762
2506269336
432759971
16461724
254588999
1488917659
463732269
26747426
24901256
394420238
37684026
549181612
2874326231
358267923
2331992660
2835154276
272172091
2531755877
350362817
1733621
353657708
185648739
2756173350
196957742
285693924
1174827270
93637779
60313540
406489223
1935629324
56050543
2755632280
221092720
2602926937
316260760
388555493
2818915651
263285930
342894187
455285736
315766789
289511094
32327154
269616063
2712571328
253006905
1382459378
139020999
40769714
830221740
2655504721
348785149
48100887
19407053
15110357
67358777
20562637
32359921
28140646
4898091
20402945
34713362
56413858
15324851
14293310
1652541
87818409
51241574
428333
14677919
172482092
41814169
71294756
184136149
33792634
15635604
26585095
19027427
14164235
316469086
1726654345
50325797
21220931
1506525248
141084952
44309594
271441733
85796380
18576537
17061263
58562226
15987296
91478624
3108351
173115840
1917731
5402612
742143
223970563
807095
396272143
26705006
1217773032
14246001
26149716
2315763032
121626258
123015364
53082554
20608910
50055701
254117355
1330457336
21619519
1339835893
28628850
1367531
89820928
25305640
252193368
