92308516
17486327
252196499
2480387448
602263392
3429104445
702060526197743616
723692143836061696
253017888
3842856795
143534073
307301678
626402145
211089115
181650089
478059027
200787985
6314012
433514137
790839116384567296
796684728
432691643
493242970
336145436
110231838
948817267869081600
3125154047
18045145
88955195
2480079168
27856412
942697900802441216
14313180
127012743
902538231669018626
2157021828
19936772
325456963
903637612438675456
586686023
855897234684223488
900689226798432257
1545122395
815706703
755079978270810116
3816031462
2405162058
793919016754700288
250528138
57928215
15174388
3373616489
1605955592
49447769
520609496
829514935
1334407825
220047267
550443779
730097935996887040
17651392
725970102009614337
44753812
799014060238872576
215418306
842472650039533568
826576751312637952
481397009
236432082
820934161708056576
801797742167257088
4568309537
705884660
539328018
710504936073732097
943975710
782857233474392065
133880286
803291118
92854623
797504225664204800
230175706
300178269
2948727754
3014465871
207880203
340461845
4059904480
292634416
3240403024
280397697
764428649932226560
3010842317
467303149
29742554
20399735
97389541
722209870842359811
185408173
280245598
708285107363299328
244958574
2904195838
4893160649
2237475031
2254194757
198829810
535707261
378627460
444004597
323290272
222547337
2782330551
269883611
161629977
125476306
88618641
336724664
269940026
180542913
2270723412
268853546
39313353
2369119617
301336546
333083796
116828005
318983317
330244307
346112948
50364803
238094812
317810317
510813892
53394788
485096299
234931002
244114270
3665005222
801814657
14942445
78864249
245863642
255988123
14436317
759251
428333
33884545
1011334784
160632458
237548529
220658790
474406312
1442242705
40104631
765024584
296895016
506249313
33248043
416589757
97237364
211699719
609987794
277961079
1174982480
206320339
156017597
297031088
1712368296
783041755
195801690
527394412
280405370
155891487
193050995
112796335
3313457320
957306920
18171703
463822658
149117671
244616510
3216731596
263140849
271302933
1910582641
135313850
339902647
267930566
3091376321
173993993
2765834914
295946705
371274920
375539932
235234497
315675648
419498046
1242270540
1357392175
1065611143
920037456
417784991
2189073015
370758439
1398368148
131416296
357382046
255715792
191750596
301928168
117773253
1724489936
310344437
560246276
323477749
483758310
296921301
73172153
2450291
14597856
518687078
2830130933
96214211
861083760
112765267
19103793
244739644
146214432
2343549222
1011044131
1341554642
431714699
51493335
107841194
377419317
419794745
65384380
15485441
354425828
16777855
590303494
260181509
229961550
358661916
125017967
2781242354
189906799
1630896181
94990895
2905232597
86774338
453659085
376285846
22990674
75962440
244480058
109620788
25855349
1462415071
286309202
607613327
627316228
267082697
361485019
372760912
2188484043
467573793
2543154020
484976322
245499516
262622452
23337157
2188904977
347300354
2299948440
163017135
123405693
271926834
352164186
216469738
16236094
2321294030
288413420
948641467
14831098
19918524
832928402
1416349142
292464252
17474018
21121637
2862699645
28361308
543790684
189219495
115682639
24947884
11713422
108352527
296314959
172734849
413183818
584531101
19920001
17004618
251892221
192308402
726147038
95932813
2841805654
195415139
802965908
2771616791
38746036
311654425
47275328
591600450
256062063
516405086
1543545637
588355449
293011664
438111039
18076053
421371855
397401501
257526985
17618159
255133435
247033717
15115726
1861941726
2408627448
19869433
277925860
485820881
1364548040
254917754
151370160
237413314
50687641
2506730629
1361801102
794511932
5402612
742143
266641960
1289327088
312516094
301388743
105082141
117341231
456966066
99486268
603884167
16791190
201850109
463320107
2774044249
93967454
2742971870
280582344
156289017
380538100
1676307210
14511951
106369031
301637361
268470229
11904592
1151557338
16777682
1400848982
552561770
173541298
93370246
249122306
263780425
108994652
19028805
187864310
2288138575
110550234
63488963
538969363
11702292
131216225
333936316
94334247
38966126
14396748
34222270
18757892
1638691
41786228
51152908
39483072
379367341
158342368
1494100669
188699808
191600862
190328826
148440123
298115154
209695618
14364177
752027466
276665396
318692975
105832596
355657051
26255737
46159392
193351351
108467745
138965648
130957233
1262450534
172138368
443905832
64986947
134934317
244727415
359909115
300156397
407229600
268185389
485916607
239866248
295726892
199861046
216450809
1919745607
175130821
829460334
626685799
145388295
207227095
19292516
14771699
262410568
27658009
1645062751
243608028
367081714
109309252
149485920
186152382
19261153
1851375432
235910394
169449666
398157986
306379268
94072526
72934175
1492548516
287875793
225918597
953404405
118104176
23791197
191165911
102004715
80342756
15712267
230331111
1605306320
1359660277
145754548
390016291
362565198
444109876
17033436
1204491900
172687072
108066790
27226611
1317301172
1306975171
1028795126
182589646
107005088
50908485
461097666
264991465
994026830
425976619
856290967
534716872
1199730630
297100168
726596743
1182740390
253705234
185667282
493093454
314057287
229002086
255590222
346873118
391946884
217841327
444853100
543462257
202625244
304426374
218991502
95758129
789072740
297366220
280636842
895602546
980623621
539017973
507672047
850872290
138023605
111933542
243718452
223651714
105830515
187467543
348384462
222820600
173789615
863660485
319064429
155500977
303404227
317775303
384922977
419918569
148753280
194148689
503687819
536679705
396079287
450067146
570278390
34743419
92023578
445815849
307967508
398551582
121803477
400122977
425128297
450124724
188811739
156836362
147698796
284728154
626075968
939805658
95447217
377046767
784194240
276636667
13426312
68648948
242414858
100581725
140750163
72811133
65369125
543533194
6809022
344634424
241496045
136007061
113512735
253499949
14306573
7996082
109312021
426738834
163559269
105451020
14436030
