273226029
146387212
1000317573664329728
1570794781
182738293
4203900671
355577404
945700109626601473
986954387036819456
156039317
519402332
940138888454197249
869951862371479552
954140121347121152
730899666
956470304674582529
762807614052847617
572252313
951197722689843202
946586887426400258
480646984
945684988783218691
489466561
1015163184
925382932675678213
3549870496
323250753
920647000789528576
329074432
773106096
904958286721564672
730638261807398912
630463681
850442222
886046201463922688
39954303
821571596
612378740
520828591
567530077
2315752990
2328890497
1387131594
765304585888100352
875769408190369792
407026887
872924710895575041
872541454438195200
869542947620048896
858114540806049793
213094333
805526571222237184
1618705736
3995958147
3402606544
4753646062
4404103881
804312915318833156
4100237433
497336009
837090250673504256
835431521242738688
832280997278388229
760554314737840128
267883466
826790917403209728
821040230677487618
809379120505298944
3010327569
1755317400
809789434308820996
366376077
436770566
797026349831614464
795939257856692224
4042742806
793461902047375361
755626818821062656
761862806
791346180890456065
375707765
555269708
787408596992724992
3078481315
735050563755376640
782853246696165377
1164783337
841529534
768768597871226881
765704906409930752
494182280
723542905034563584
748508690551037952
757537294391869440
551894011
403065076
1617414847
2190267092
750344949057593345
750343570318585856
748096891708145664
747046804533936128
4503896135
741985091648401408
2226859514
734036102911262720
733677457014947841
723913026450120708
722897110627139584
720200447399751680
720349177134223361
717333457777606656
715647712000151552
713876427905609730
4166848875
712016246796099584
2778866782
4410821057
4873549827
2243019132
703548110576943104
2707637807
4918757985
4568270661
2885750387
4858736854
4851275205
4777604789
2444590950
564675125
942008922
4567972036
4538300116
2396796226
4250270800
562966797
2288401666
983026687
705218977
3710707335
731102022
3655590195
3533209216
1323400158
3400143297
228807688
2992648577
140903014
3351851945
2264262701
3399936027
2593324115
3364889313
1365574357
298822824
1039888260
3012056266
3107869822
3092537427
2591355210
3028031201
2984464889
1403532853
2162992903
2952225261
2952922209
942224786
2943722666
2792526330
2904387645
2937031750
2758481725
386476172
2923493201
733655948
2908989089
2286104309
2895926950
2860730819
2459936327
2867188538
2861129354
515501626
2829596501
2820448943
2781259732
2798097645
1255352976
874326817
570012192
420502415
912596707
184868083
263714640
961237980
2764041849
480531717
600917434
2762472164
2757020288
568104809
447241053
1918117219
707237078
2734268951
2212262190
282257130
379113706
578546574
490474935
2615127897
2602264871
2539812090
2510411118
2345399030
1610361704
2497180141
1189672962
446439856
852673562
2526600597
2280531228
2471458518
406486142
540839194
481994409
525551695
2469580295
463927467
337116478
195337768
2409403783
2331461408
560520790
209169248
2383943774
2189095714
2383254869
489760955
598793342
2174664849
1262497688
545784854
1468837237
563188497
2276048074
968230518
1610576083
228963281
1223608819
2329821811
2226195570
1946205402
2323534144
1644692370
542386264
2318156076
1850346402
2320347488
1884791005
1924843998
708260387
1416813433
1940298277
2286008368
624236894
1704942264
453075193
1968240068
1857052212
1019558490
2281917096
2330780204
2163941994
2322621079
1298300262
1700934391
1699577256
1685086952
1954361299
2165891860
1731147414
1277334343
1971681626
500638403
351470032
2240882690
1530973742
583648723
852030068
2310957029
433200672
1548564240
2316241704
1155264444
392598654
1875906770
1942852831
2224401907
311342248
2276791515
1410300606
1725533460
1722061267
2322853895
865789351
1420074530
2194195230
2261815928
759806228
240584444
2150736678
1695606896
2275101228
385743012
2156018726
2152363891
1284840241
1627324819
931414051
1210808124
779784896
2197239073
2320402219
2281685350
1923041606
290740612
271927880
581446003
1853300472
2319864284
1705825610
1088619642
714757413
1902354415
2165872862
1706943704
1731935191
326014540
1675056614
1963835336
2315015852
1526713855
1919349818
1181316973
2162259200
616888447
2312942159
1077866174
907103677
327768332
1694278243
2302121394
2204318300
1652218117
1082645642
1281525409
1334015304
242091349
2299959208
2311902146
243750039
2241411171
2303146375
469654103
533185718
490462319
2282616230
452671965
146598468
2242575330
2258762247
1454378438
2240432057
2221802912
1451426286
1848957138
1596506324
2227107380
2174687380
1357164775
2167802836
196951165
2174366222
2159379581
1717459267
139854309
576055467
478095013
545217962
149588171
353899359
96255734
1723994700
1665500274
1711508972
1194740822
1708624639
1225848972
1701899946
1313954077
408515417
772234424
1611903043
940437666
1128443354
1578985998
1575739676
1573753442
1563853555
1559010985
306223695
1470105746
1531649131
1451243461
1400242327
1295766529
539311273
254530988
1392376562
1449615174
1019856404
774846656
457577628
624474170
709672250
1373428033
307004696
1382761819
1316912658
449076720
1242021404
1242006576
1255921640
1210982636
526419052
1169350154
431827996
1129685102
425925736
1082624838
268803254
1040337690
861512724
1006729470
1001755525
937699868
337895508
250264947
454737722
856871347
796232030
783164736
757887337
285540287
636343946
707145948
635428648
625961967
325694434
611793825
284576872
613360443
529342711
431873795
333580891
546002698
522347156
438577022
342256629
227704786
558176499
556726964
544234668
533204846
389408722
236863875
542662606
490456809
540184345
538523790
431025678
286910759
526861363
484837052
449092779
428321828
527310297
269832934
144864797
104525309
466520270
488914539
525546174
