1002302011482804224
1001481188543000576
1001473523649523713
3301918432
822910285031866368
3347340585
1000432885000753153
1000086417291333632
1000089302892769281
1000081522853072896
999977252954804224
876878169877467136
900778774970740737
995018165158596610
3123989075
1478908356
811328589719306240
3429568073
975828958548815873
816363765767819265
3424601429
3200832113
3428836354
724645325865127936
3392580292
2469867928
3341096147
3845042321
1289732036
848627247758155776
2796334480
2510321337
2536695377
1211187114
812783885167759360
4032895109
767705319992590336
817696564407832576
875734255053279232
945408730954334208
757323648940335108
2903907165
775363387182182400
939821993893027840
731199369521840133
2977693667
2476962217
4086042280
923248618131394563
4856887983
2206384397
534294309
4895056246
4049127027
2939720086
817494592719360005
913055728868450305
