18980381
40114507
53179643
17686959
21039834
36174505
3243022006
998217217660551168
855518754079297536
3415187344
865226519412563970
740980499095519232
916015810145112064
877609925287063552
845484648
971659885002874880
3930893535
950257945
887704019296276482
875473584738775040
943469267885883392
214533300
464320302
750506998886576129
775178150
800375946775707653
825819234693500928
28344432
196802928
824131295399804929
117262287
18115849
1169335946
6567722
755159811046645760
3334843313
766057748316422147
941754604118831105
943400470877495296
968219444387483651
3171514983
47455225
721045281396011008
952869147695697920
609019619
105890757
47336979
799245933389160449
3237341261
488831225
325203860
886646931900039169
857622993891201024
403640242
476354442
286563807
456059291
799327385774456832
327775098
818143686408159233
920771662169214976
887115584030347264
47721786
818237512950943744
330721266
789095699132461057
4740569880
957480986349944832
828383916796977152
65116850
16225955
133397127
4809408511
432188209
452380849
791949425220268033
2524516337
195858909
276237498
464781327
865350444960415744
37332624
931054608
2207488766
950297061819219968
935542705320493056
825829081866436608
825181839358701568
820310286439686144
783479208056020992
1559289739
2563584864
59132641
920161381
16983234
54631859
724716816635969536
839026325968965633
372050829
140183736
934092966276272128
93111391
1381088924
18842500
760267714531328001
933310996709437440
260798471
97164948
800807883457773569
709603281744449536
618718904
830362708658704384
1106703890
46497038
47388438
282275320
218406632
803017271287255040
904951645284352002
927210393461776384
943756490937999360
893413122643345409
804471730010017792
3448741042
704339993301372928
4706460988
823796403113603072
849372179535990784
4906517705
910372400390340611
824740486724231168
732134468866183168
605641377
889258554896535552
18698555
1104959191
904165445254696964
826101886390525952
837719366481375235
900155522078437376
102765032
944466374180487168
830946630819991552
825019113948983296
907968027483934720
2750200922
326665662
831981042395406338
3535835608
496147605
948030521522651139
1452861104
834067277217665024
1201535478
2918161040
928607661490192384
928868522
2211730434
883003734099345408
3138454448
1320601364
2869858477
2922538229
824992923884322817
757118699212009472
925342772755800064
17717593
3219621795
796849197840531456
885742759990120448
732981985854038016
823665957356916736
824501132793880576
795677995704913920
877010330488000512
845788208503795712
831532143989776384
823010600028491776
65499719
3921259456
825091341000572928
796122768765022209
833097348146483202
2155923307
932690271535550469
25470319
17378581
885889010073317376
838744263059886081
816406404684652544
798782417930592256
822990440161050626
258626160
786811991394430976
3183114390
96476076
571953394
899085537243516928
861616584351260677
757985417975050240
2981143626
261326609
1259549930
1329296904
720300126892261378
27051972
2980272732
898314504102195201
823665246317314048
752347062654504960
830885722512973824
815285462440886272
991123957
821160270504439809
22440945
829912548132532226
4033739783
930072248
4722204972
808358830115590144
1895637186
886564408666836997
733320974028824576
804900194009645056
33605130
36652443
41738320
2411565715
898231845925646336
226303657
2729059840
707285803
66616282
714590554495913984
839663649136455680
525373331
2798947702
2386059399
865172970788052992
1120879074
273500775
759155531332390912
57189031
32738596
883590418700554241
524307591
824395857625808896
936072536
1325239976
392212735
109394930
777616574203170817
955781132
832995779933589506
1347965988
829702207255805953
912406048778145797
36984221
370255990
44358180
884409550824026112
21814305
4018919032
791117955828424704
2572972186
936403351008370688
31213162
869865984198365184
934718523338735617
850765289641963522
21833728
716371621380890624
46197784
810178352871047168
27439785
484350040
99249564
414456258
242637589
262342236
2769604961
538380361
902845720390230016
803979461226065921
916431118932611072
3112072428
906522019570876416
909838571569389569
42638739
1861520899
711175460030382080
741808369942466561
2267676989
97182092
2188279623
16384628
7739222
830997845301874690
16896548
860601638188445699
267836128
420730517
27955999
16985474
747612442348388353
25135325
349803020
1416887851
245411430
2931928679
24535346
45611818
346015198
3298607832
16638031
14452955
704718761060868096
381180852
887690355453435905
106975316
15867601
873437413724401664
419252154
28798697
18662731
27309224
950944592
529414077
859488073842925568
223964076
1037713867
168225539
29999155
802990844450144256
58952121
26291251
859407798609870850
152701753
15609313
869040731381526528
1651306771
786937638930579456
595684176
51824905
1685873604
798182763631251456
861509310609842176
755351233502801920
3011947880
27943005
744150240136044544
808497274452135936
854336012830593025
329200458
321000582
767862828
3434273741
3096837276
9818032
2191568058
49780015
32443514
133618901
757599601
213248225
785984135139627008
29765323
756612726693044224
424831241
3168209881
756342420854288384
782292383450955776
836303287078940672
3051133052
15769806
3102620614
731160897767518208
832939152207278081
4327242015
2777256630
88430913
98390004
2561816630
16701564
3294480240
4925188717
2400901568
14233051
704628670967779328
302744330
567691921
796917328265019393
821943846
790275745377583104
974478036
4135012158
297173318
3255931865
228554424
712786914273660928
21710345
702818312623939584
2701693059
463409319
22411342
30231573
850633633
21563711
770780500646563840
422064128
393254759
705513556767330304
1496319918
168739215
862120699
61149653
750626326105628672
351718258
748994686254186496
744298127063138304
13871832
3982027216
481308323
739808195925839873
1890717919
833901306
213936682
359084722
77313367
28571770
110782268
1370523732
47990469
70742961
3354343510
18569280
1372115833
57294020
87257462
308788402
794324898
29364164
494383208
2914600845
1669186460
4550460753
1163150412
2827979693
2488363626
700472300508831744
4453179972
268416076
2768049243
3472887154
914482993
3560379048
75318169
841604233
2203768596
10855892
215174677
4677364632
368985302
1345166372
1425022026
550521937
8117182
42196681
254597206
2452841217
3718187182
3196484335
1571239068
257384778
118358116
3022110334
124016987
574657017
1488475388
2976897483
2351659538
1071892244
608089000
3309475876
1001978077
267850632
420539827
16018754
474333799
76705838
261669717
170641867
16643068
87247669
22887113
324405977
1252760161
55836480
123325402
620333296
851711263
156378110
2613738416
73309353
2421067430
2337207822
113349253
18082945
17840259
3101200985
1372632996
53019309
5784732
2458216183
82230602
3185142839
68910096
26826605
320934269
20215631
2642442826
2174378672
155405834
16059013
3085818046
417010153
1688426162
25871803
268744327
248783373
2855304190
2507557358
25207452
2729999519
42328062
76058560
31413512
2964735795
2832092336
1181509640
386874185
64009474
56095313
21094579
2753545096
23156595
518151063
1364316374
2872640781
30455029
2579535703
100162801
1262549504
2800973575
174235192
1449123277
57715795
381943486
19367832
15827005
21954919
26554112
344905162
38057595
404880234
28654816
517181403
21708377
887621976
48842193
175172111
2591926742
474206964
560524170
346153795
2562015456
16704992
705567740
1154199530
462592830
67995460
3657331
207141071
2477063635
71687741
569043680
232940007
189042188
17072206
38214128
2450152466
868856461
380677885
308583714
103917745
274501943
1128510168
2148162366
426824152
41395942
53130511
1223509776
11388892
2398603304
56363520
1491548167
22516872
15257386
1362905670
2328485418
32522055
2326191666
818763368
393605269
1689848989
398067428
218758652
766547376
2320990930
124612131
271030180
34118020
2286483066
2229441228
2285789821
2312636472
2286574855
254727871
16273469
141073155
42964706
22139027
243112455
74526911
21773704
355773367
127360087
1149425605
25724826
33725618
15984808
8819062
2261622392
24317295
769702230
61058297
16488903
1708281157
2168811944
22222414
2203415936
15993201
267391389
959596692
21573813
2232005612
49321798
46034972
19598039
277691411
158059590
1646630383
213518581
218945422
1723809374
452248666
9904682
22196150
422214462
766634508
848518471
74824396
83759359
21380763
2183118511
20738903
72847303
1104804398
22654946
80770526
946917608
50542224
40536150
411238543
1146256195
473306490
31541298
245942815
1733707154
1688378090
1299567967
132199775
860484626
282715509
465051794
59509490
253326186
1567344374
256172472
817478780
1048202400
1367794674
312385760
235009576
1627943820
870168440
24325670
115500647
947766464
341423771
509109791
1486739784
364259330
465076659
14392794
270654060
23271647
339926531
65537111
276676278
1110247014
719951053
1418614068
1457588102
154403705
1442075696
16972577
36942216
33408935
72559756
459439680
133488510
1289135142
1326707834
208012319
74400977
17188073
620482043
1151560422
490960146
1151808679
83408091
31427989
183288631
22409066
159125272
508717989
422878142
1003017422
340171637
367196526
17727369
41948159
993897636
47861575
98429846
20690459
26006603
1071384638
1165210147
30239802
1143676446
891194341
249306939
861719922
1073048779
1047562945
18358219
36492794
27145520
231696673
58611722
26063364
33021312
240035321
248344896
379494507
605694450
1101673058
238748996
1114067750
73655594
1077453204
390516123
580385600
426726335
24547328
26586698
815092711
69062746
96890916
459627200
995985036
973266260
548504229
977096058
388551122
465223305
421675025
322240220
1048988990
989919942
41656708
311966889
796170721
562231716
956672131
1012318171
73129083
215669249
53349731
242287520
261777761
551498806
1012541370
83842626
620146311
44120792
108109339
438032579
548889267
26947385
301574307
58039838
281593985
365269697
1013251016
137086244
24237367
23407574
272047767
1000717278
478250499
336265226
73561004
55155951
29130696
28952933
766693237
87584074
18602973
29985526
42570675
787380805
23729800
64602900
238766601
1025345689
108810311
165580037
329365242
448929249
882377599
157735687
121706794
1015285957
86111503
255718856
108372011
950129845
18500406
48466515
19030200
944631978
863635076
597974045
457582924
195143110
101796860
105160047
16111860
17847509
302814804
14208721
22658931
75120311
8394422
192752892
60754694
260561801
22094553
836423220
18272410
39304888
44976294
228238479
64401833
45284313
135712107
46598192
344445510
195088285
7681662
23157786
614868908
202252513
19049847
265686753
120269494
271397805
34338462
437163293
947108497
22883726
558192560
965522857
26605797
471099275
16058431
14834602
500924402
91585978
775123537
274601719
29448227
159492331
41051297
14249392
499268640
299736025
26243840
55747648
33946907
526504166
363756248
366238869
16741889
17271357
52450532
383770133
385074483
15412648
258814127
15078530
104332510
368593791
42144442
363303425
148750167
358591731
144855603
5433142
350622284
347422532
63121166
78253
346957571
36105709
74538066
14109794
51369471
294292904
124870937
109032640
6018612
304731723
288997427
252586025
254573857
43242401
17803874
263456604
56174409
248402933
21979623
226783223
209809153
188346113
80189154
204557161
19600416
123097042
19004863
186103067
14089184
18116520
24137484
36259346
59722425
15976634
18574174
24710513
27277959
14710804
107472084
808185
61993216
19870490
22084396
22595065
153684716
16350215
24291364
16285313
118657158
60329884
93192653
18254005
91583359
83535169
89486813
83936814
83793157
46176748
81502868
81192429
79726772
78719299
79195709
47520874
27616391
28335021
24213008
23531253
69417051
12364182
67795716
66122678
60887543
15905279
63779648
15595870
46363416
29283
18198887
62381855
35386050
39276928
38814488
24514451
58352723
55330765
54674555
53824576
21909975
2489071
53618470
52455044
20007317
49587497
49711208
28637897
49474632
49245944
43755975
49174122
6654232
29470060
21970561
49096437
37138598
20016975
49067399
49058750
49052664
34535396
22300769
49014398
16349587
8414972
37010066
17755040
48988981
48914349
24424354
15326184
21149812
40151720
38300113
36729123
36035573
33236304
31391025
31290409
18249978
30080371
20459516
22176138
25729261
24330593
20192074
23445664
14239640
18564700
18468749
17815356
16377397
