302404672
63500104
552184947
961328216756469760
919322791245176832
18125335
566865863
2829961724
1112465706
47216804
342975910
180509355
564814516
33051095
4813418929
124292756
26146245
129684864
393852070
2715115656
241382835
3063032281
750751206427860992
18599419
293062835
111114287
48027925
4812942672
4612064901
19511813
867077763328491524
21617761
20998647
2987800791
38465792
11161852
3009982677
950000868
966852403344609280
2612317952
2742291760
3184319151
437838366
786969068519641089
712784228493037568
2332431056
64523032
18127272
51649635
911780472253972480
31196202
164579885
198575538
78449827
3227392095
15976697
2541756967
3001267655
59395998
553423602
2450521057
19084896
19362863
73402979
27291384
3000221772
509408688
38026753
79912264
23607150
1570635494
2333107796
888878161882226690
850010531259797504
1220346121
905689684856102912
84194879
281112535
31444922
18450106
19385718
2553195338
852689420880924672
786210332
1183907521
28785486
26213879
16539917
22035690
53523503
21388284
212071519
41406175
15546287
21127687
15770447
18279004
22194235
30103231
293850289
15687962
27042513
7861312
613703970
602317143
237845487
189742536
58545637
1293495187
975944918
894651685334728704
844862336
714973967853879296
1633811846
128617563
755423886997590016
14190862
1261782936
202750897
25869564
886359244429242368
703679905
2953271022
353390069
769238753097416704
298924537
43148307
16696140
512714424
39307460
123732501
39280413
222294892
772557792079147008
159311660
141720318
426334438
3163219831
3255003618
465286381
2724287872
22423255
777233086945779712
2237682253
2918200448
2363853212
42425262
874362156728303616
39096282
61083773
339336382
531699236
157525526
35117415
21774892
287435891
101431573
31949107
391618253
3251956966
2798282467
22083910
3366644884
89523939
318295764
732426140946554885
2979341271
848985878957400064
756091858447659008
3355255273
471612814
841455294236483588
3006822635
32064215
2415033571
33617320
38949610
25073877
38890721
14790966
48446674
580097412
69651469
54655169
776198324747575297
306050787
2857745025
637219361
136704141
789614957935538176
3020457339
784408088489041920
3075420999
740261448375492609
3079394350
2237875507
2985387814
157085908
730537941605486592
3042147281
22529702
345066242
4795192662
619387696
3060849919
1038648278
3168050851
510997818
113009531
3274923786
32868995
184194829
2897097890
93049017
36783122
34394666
264348057
37050345
18156714
3146969978
2511243298
380749300
1626666781
3232095175
234538960
27193457
90173824
3191140216
553165687
769953118003957760
800543616
3343827253
343694145
767887713215221761
38131621
25854032
31642764
215774575
35918787
734300399012810752
720666808152428546
26334909
262388975
787110116
254151216
5665232
1367765384
379286641
702353148007030784
299853203
44134613
2972991733
325832193
32351655
627643923
2195539403
729387168
4706004569
2497905025
48517662
746250703
2733287893
1961139415
91992184
620254357
227347152
755098224873054209
1039949796
917510454
3153875164
76039368
104311578
194677810
33626894
706485514396946433
516771605
14307648
2413218010
37121828
2439763411
304679484
4842750533
744206484297289728
23362301
62434079
484417651
520395249
200306618
232783642
24332546
2273603370
20174990
287266095
1237667370
313505455
571340581
2156313452
589527387
65014174
1933042237
3306125151
438088789
2216115456
26329779
30447805
148912739
50781677
2416535899
22461427
195129672
14218361
15666380
2645473080
26243995
1478815483
122014574
2609490047
3295370685
14681605
351623790
3369470109
1884046142
574802120
1488569138
100029670
1305249758
33311232
1406695790
17468528
2233154425
2859413596
2346040363
714594710904573952
21479907
2295464060
1137161258
552121630
22479281
412928210
21185462
15770583
3238173762
3004507907
2280944900
2984941720
15412376
186630947
3177476929
36110878
2682940352
2715225781
2332841222
2727237498
2904312425
143988282
27760317
74712538
27758112
3117410947
3028756050
2881088656
2291367906
3321756744
4810574156
64027753
112508240
65289126
3331369546
32455644
16786977
1969596241
35138950
743430446
3196139561
277841267
1378000488
310687757
2923604985
262351301
46503181
4705953757
166739404
92352911
48654999
62513246
20467612
18435625
3274883120
1131443108
2316588722
3069151238
356314667
334321077
34175976
24083901
16038575
91279573
2820666877
736417956
3504052692
21219240
112263963
15515656
35364351
2478762829
19846480
3090059643
17919972
34993020
4572281
141461148
76044720
1924364738
275215221
48785884
38316003
838583323
24251458
48946932
3290731502
2993947826
183133891
28221296
1577900852
26791918
143535660
2975728091
2646196464
34872199
754368882
636957497
1280731663
342328462
74794254
73326103
169331241
44953111
31353077
270685030
3249373195
1964842771
265769445
172793546
2279544523
2384961487
47786101
1959556592
625022363
2891325446
45375806
19301101
2608092732
237670274
2297044428
1554235746
132166240
538640772
545450214
90202078
204137620
9509672
114035804
74169715
24496251
159311024
3241064373
97489605
633354279
635028535
18173624
2838334028
2651924702
1284310603
2282671736
160941691
1244325504
349300271
2836200418
