973019078
74059488
17957414
37111736
171146401
54047482
731441042281648129
25073877
1075580520
62986122
1478954636
192907965
597509746
547628677
606628084
1406877733
88763684
247446509
26527435
41055396
75343843
25901146
29791700
366355851
18438361
226676310
2206570886
2971809287
2995580725
83421914
1025592416
59471027
165951929
28173550
1724340230
17258416
31442061
17074714
41265813
17074822
19772559
382626340
44794040
21964429
75449249
1148611514
2290164373
20648079
20677073
18326837
31462230
