873575910187954180
1002418486822367232
992799922952065024
972464004944875520
998516970352979968
817314816410927104
323203860
988074414234189824
980996487382536192
981365255811944448
92296890
1038719454
1002990053725896705
854660616203665409
985742073297907712
941758969
989201384011583490
984635174645252097
941215997209362432
1001375485375299584
870204218149400576
789706377023356928
3196706935
83319968
1000903665610317825
964864705369055237
1602925260
988341986837975040
712284127467143168
1422782184
1746532219
856805743713861632
476622135
794615787319390208
1000714410158100480
998796614188728320
999873071254265857
948589954426273792
996085885362888704
969666138043908096
2334365461
985694875231240192
920676876493897728
909120935076143104
816471110279696384
760698825224888321
459787624
1000639310859722752
1632997345
117352978
846572844
851790739981963264
846392998103437312
2730745332
989047071272570880
621936682
997438551326384128
997910956502990849
927884812802650113
934610721362493440
993354330412482561
964721706785845248
992813687210622976
983200775982669825
996643854399897601
989371297602854912
897355117023830016
948441927946514432
996721259244326912
968051505487065089
764830626927169537
942403867316064257
911821274359382016
996941684893278209
997848617158311936
835818040839270400
924971617272315904
995590642377019392
409969490
809271628135886848
996297824793849856
898854767253872640
827928020753211397
842065961846996992
979197665811443712
991565135767482368
988723527778893824
997717709101006848
997854275094138886
3068685708
996586944401362944
997137756395536384
813439510059040768
949209952157024256
997745807683010560
997802861047287808
831415300235132928
19723587
997023854944923648
984615973935181824
971622558708637697
993709918241804288
952818928358637568
916328719421018113
886479901779472384
972701437456191494
2359140223
976391945734860800
997392011861749760
996114101389660160
82039106
988408435472384003
980840529570119680
994829661413797890
996680693039050753
963671738839072770
548766597
986231305913470979
3111784097
995255411962855424
788738990438428672
996659225848832000
996598827590107136
2271577250
996373951449370626
995521309521006592
139007681
911553730679418881
866223573270245376
866567908473749504
816983251466059776
976335760562454528
924510241659555840
992321280346083328
976712797705965568
975044109931958273
986876752109518848
980753626036559873
915229859885998081
4272385397
990174749308301312
922452062100582400
976606444983324673
822748998020775937
987658872503586817
980053820720975877
994066771350114304
975297163197497344
985103816465924096
954155025835573248
21211093
959074504990277632
984349166062088192
961620870975447041
976717513152221186
993446054992347136
895525231263072256
978760087236849666
940192517223534592
861804979383939073
986194075299663872
993036270908596224
591877018
1851652021
85490946
771689436551741440
992032638192963584
923097620985327617
992340564493221888
921484735632650240
992222217101545472
991449883377741824
988722322818334720
956941977542647808
884255285488918528
967614181741645824
966359920781156352
980826607005741057
984432321985003521
849694658
978597389060722688
989512596955987973
2498845051
133299449
768432112139632640
990712840662200321
979716423013584896
729952469690789888
955750534425624576
990803556084174848
4338279432
980226608870064133
958156807666462721
990382153392254976
926634313570975745
2378899962
989445029662879745
982237799725199362
989539752612261888
931359639500832774
969822843117617152
904258280687628292
2989827674
2823763123
4017598384
879875010432819201
958596314526310400
2478620855
901718015326134272
952494745669922816
967812339234873344
804942571155886080
988761786588397568
987582646216679424
299179400
76532437
78251568
3778212080
987885266357501953
986555193914347521
988013805962760192
987346969155854340
927883994682703872
986534019314737152
980810364441968640
957600498953015296
404037558
987387186290085889
777362803753521152
801041746360606720
64496463
817776367840481287
87152305
947018685050261504
981236020640272384
16804541
986896040950452225
987296221667713024
4866899704
987006335777673217
986533414215061504
4762913846
980341106603905024
973639846580256768
959498913643286530
939846296252252160
986545633103245312
2244166074
956894216633835521
984453233102983169
982559194803912704
986189187782193153
981398879257153537
865781372
985495600421527552
1405400647
985548426589814786
927167182747860993
969470616016506880
942397410956816386
321847917
978946391778185217
791685732792426496
983236663714439168
960570924369145862
963588067234754560
899621854398136320
981492795557867521
979524357658562560
984851136887730176
968862882174676992
701076616424755200
981012614380687360
944606765060055040
958974053657661440
3267387834
966897560618074114
980829196833312768
876836802698424320
981973584812756992
984071100429553665
762980427778760704
848807454607425536
4925854518
975638189972054017
906801388256059393
973417010519404544
955456725133307904
974982804688662528
983981645933039616
3255833876
982856777489248261
962990971385499648
974684681365995521
983715098072989699
983411233188491271
875258177415036928
981860784287330305
933945190913470464
968388092754300928
3737076434
982430788678553601
980448543272968193
982423235827347456
982160241881112576
931089203982565377
980190130517442560
823115816552038400
982314969566920704
982101544362360833
981337331658403840
847833779074875398
979622823843921921
982034978065256448
2955219265
979573788659482624
981802415039983616
870231957623500801
976570316129370112
963499609225011200
3068190504
981636093740273669
901152391864606720
979286624411570177
746595110998007808
980390732740681728
839599237641940992
977817649160900608
140049511
979054731988492288
377175198
980174484991651845
979989748927422464
388374125
979545426645929985
905346441148751872
980265758872743939
979894861875826688
719219237861072896
979291956177117184
920194075269013505
979741691228778496
933242548335796227
144178475
958271850601095168
978472386776444928
2318432095
935540626979880960
975687975127236608
891382678385172480
957214794464899072
979270623120838656
836417110654005248
3034573508
968905204866473986
968517970124156928
973457486555435008
961707637229449216
956975874649178112
977514897930993664
967434636019212289
979008383679385601
856941516597714944
935521900029140993
941342118911426560
2475091230
910750828360642560
976445402323894273
928799842813353984
971833904360378368
956898964728500225
976700127657320448
959973355075104768
304872070
977223860054446080
965519920598417408
901439652204208129
975418627741704192
907824376002830338
976888800835198976
976843555212800000
936200045128507394
974559145327173632
975738983081680896
974301206070771712
976531216294846464
60074068
964790911593988097
891576160571621377
905064015654641664
976046223948787712
969975591981211648
976038635437985792
882154282887282689
960715277250961408
899687185397370880
911939660632416257
960562292533297152
941652551333765120
973075146331242496
872321194997018624
940092690984611840
973160003610730496
942288276110503936
967124835821211648
970321080572350464
941358535773888513
973930173769773061
946225321199595520
964357333772980224
973834750451470337
3145130036
959690203446349825
973613635489558528
970287607602130944
938606829684236289
973291616210472960
950725351893708805
706458643596713984
968538060593029120
971834582390792192
901532100972511232
711448332032286720
799988419547959296
972378602355462144
964503930808844289
971034844863004672
4910177935
922137034017222656
969909056210026496
16218691
936866533363429376
963347876318334976
970773054681964544
948345237369270272
968201237966540801
965656923671416834
966383788816134144
970964912825495552
970168940105101312
970488653334982656
970185390094200837
309237927
969962651559358470
970535793113509888
969965187280203778
962580018433085442
968842305590280192
969576001377247232
923980452662333440
739508557280907264
967302676483657728
943665033338408961
965110951946014721
969803451084320768
963615255963295744
914322377642790912
948625312165724160
921054176666296322
950780542433161217
968467975098568705
968876228399673350
956072702913196032
908210575435374593
968755311568998400
4197705514
849904309340950528
3231923977
952081514354786304
968161006626189313
964510903570968576
943921091327561729
964705828237398016
784078216470355970
963709411565842433
786524864194588672
2677383188
748999303331508224
906934049406574592
966728365670514689
964332051175497729
903632098778427392
958598392971751424
959146452407738369
965881437789470720
330994784
3900682159
964826711803097088
922477719094312960
3300090336
963075055088369665
963448152589258752
961519574096195584
950395409494458368
1927944506
966220411657535488
282944219
885193565311205376
911580139783200768
962693320349593602
930359297262854145
300251776
964455796854603777
960608695502626816
931152469052104707
963340929879851008
959108137042300928
959294268081754113
2823724514
963010703589339141
957491035118092289
961066982438182913
816927859134504960
773206869686882304
941315942704959488
932180989601705984
888277704767700993
963764756942376960
962943923063697408
963679425148616704
962209807859093504
957305875340804096
963441593490558976
805729626962231296
962916396702236672
963323492988063744
928005353119285250
844789360918589442
834853439263891458
941458878872526848
2839905020
546645563
960008967089897472
956738071046819840
955735845734031360
960509187745710083
961125878783725568
914689633555853312
957640105807699970
959998364745109504
367046043
955793814945452033
961983762803208192
3220188372
774493615691366400
946931550150475778
958413616868413442
961854052857335809
902425573074411521
961569742136864770
959830351735504897
958068344896155653
876840796556865538
960545935896932352
960866667252236288
960052285450739712
961497044664774656
1639230654
959400184429002754
938328087997046785
960904662223376387
959007817645547520
942366124439511040
961119502565085184
956100692409647104
960887706959077377
958596524585472001
499606288
3190273808
960790250808262656
959451688456413190
957687361441120256
823222935422980096
153986669
927807884007575553
914862490294534145
3299889410
957509784055328768
913946393097650176
715465605713821697
613761954
1155631736
948563936433004544
958703813690408960
956088923410878464
819944107326001152
750562082811211777
857607562803372033
916951851756544002
955626004990406656
955702405286436864
863783037628289024
959129755302834176
954819621713887232
753497965361111041
957847448386285568
955386249732276224
958040978530562048
957206161769541632
946337021957517318
1070611176
893047875495542786
934321503377616898
956402856742932480
903852720418947072
945688074356264960
951077008049504256
955710041524338688
954033766162317313
955802206128746496
957517264416268290
1522011944
886521828998430720
956080306561388544
957527970419163136
953327987570569216
473099213
957250065160060929
956175010946727936
1886727602
936111366657622018
903175591079305216
952939678017011713
885385781342162944
956761950033072130
929385218137407494
846938424594567168
955766736426557440
952812474004393984
944223011544096768
956226358564216832
952931837273300992
941567646784405504
949883074942087168
925177363586957313
2585172212
226268148
931115571000721409
953129344058105856
955076198337601536
951701159349235713
919436093501476864
955005677268692992
923443840081637376
952788316356624384
888650901858156550
950425100729376768
953526688264212480
951794179042086912
952921812056260608
949613136092413952
954195128503042048
952427083912785921
2929281996
835420203911688192
854871368172806144
886575875084386305
942312079616176128
944959326103281664
801692093194391552
954046342153715712
703938572492021760
952489642791657473
950735913285402627
946950783777456129
82815038
953933473579847680
2212282298
2504482921
953871540910637056
936737675893080064
910928563297181696
811858059433799680
161939065
942948462881943553
953599976851951616
946965050165571584
950762423685804035
949188144582152193
881798265854861312
162138329
953465556929163264
950594844027572224
929318897198788608
883769882289987584
919519928239165440
953269710304366593
941649366128910338
953224653664694273
953097449123524608
943716614310051840
844625138364665860
935205543160844288
935124518527315968
943081482444091392
809466309456973824
952453677071065088
945499719974785024
941693361051770880
952145785352683521
947823149424394246
950448101227085824
936968706374152192
780740016980893697
949882868297166850
951263080071118848
949385076252520448
3493096637
944513918260592641
948304844565155841
946030869596192768
943395689035268096
886608373579436032
950583988762001408
937297860378312704
935084679501250562
950552791570825217
922179417790648322
948877266779385856
928204165947334656
3245731681
943445543732232192
946412708928163840
949948539626500096
939731460138745856
950622387111804933
948637553942446080
903243899551989762
946584566457704448
4040738177
947102298668351488
927907686343200770
943715598906875904
947646679150292993
869388650274017286
937658086705201152
881178120841297920
940899763423203328
908481138385068032
949528298366713856
873606662552268801
937677856028598272
943488515391725568
943450926395793413
927787168617070592
948931880920821762
945309762450681856
926815595454111747
920005249275904001
935795604055236608
932928140984414208
861556604193447936
844777921046757376
948188607952461825
942245136343359489
940863468638556160
947352830242971649
948587284697198598
945572732313378816
948015035845976064
948091034487087104
940783386481737728
891620621700001792
945845732241575937
941984950248706049
770941973985366016
941283630424268801
899228908901384193
840984777708691456
843421905440915456
939122192532480001
947313479634993152
946608306012876800
931904092573782018
802223963921260544
944925968363163648
902457609361399808
803922690155446272
945539475412721665
925722468727242753
892245400370991104
940793253212971008
3248952786
941638479498366976
373292552
943605914573008897
946240149045706752
946656478877724672
946419692691898368
912744214844260352
943493045122514945
941681038941618176
937682185795932161
795971628131762178
946309920277774336
945556875235409921
944947490909855744
941253751851110400
2461142016
944055452060356609
908984068993413120
943187728128098304
567314751
940075819170283520
919923477896769536
841135586283048960
944424369337417728
933746802087489536
783225237168984064
899131770259480576
940814901676773378
104119236
945581803607179264
934723699126734848
945542454341545987
941994014454169601
944496146851889152
935774190883557376
897860952783167492
941929741258579968
779118917847355392
67062166
2211659153
942665645497270272
926020365360312320
746714913888960512
913679158634352641
912375736526290944
906390933528182784
944942931466530817
944922150141493248
149144948
919920297167351808
944530290914893825
940084286710935552
943687454728400896
913085735426711553
749064740731752449
943719729230786560
934850953198612481
915816572345864193
944107930554572800
942666458508619776
4530029060
832619247520010246
942050831443968000
2153713582
942445638372995078
3405924711
942646470188130305
913629307125211136
933939346771730432
100044595
918499730220507138
943083011473530880
940520991972777984
904248025261867008
807853749301628928
939471667000107009
943033278243659776
913611011600433154
943716938575785984
943418636613513216
740991191081177093
943682885084528641
942366557895831552
1320245983
943138348482297856
922871595890331648
943159374230331392
927461817793708033
917374986678972418
942814012781207552
943127540977221632
2289546294
930498413136719872
949048868
983310781
927450088724684800
942915537415258112
940816444903837700
942811760339251200
923879760916303872
854414466452205568
847073491467755520
939852549422661632
741832839088508930
940830586972893185
850689765963943937
825358053411344389
939477426907725824
899443648080642050
937693144983805952
941921354961391616
942298947925696513
940835744746221569
941297425905475584
885466335819509760
942406958631530496
942254724090290176
933239127654375424
922842460530839552
942419820615819264
229484492
936870900246253569
233039234
937160661821415424
933793348854235136
939060231170031616
941903269625937921
941664263894048768
938393780998119424
938724990232313857
938012324421541889
940865941482737665
933386130346536960
941925949368451073
3305783980
922018708591177728
2175523945
891501254723215360
347775122
941382722785824768
941716642513354752
937527644459061250
935109830448103424
732689240258138116
369911562
722761578001653760
928569075936235521
941486449085558784
938043643624955904
939209527152349184
933548143035105282
935131448830332929
850043500217470976
939774920686555136
930763278766280704
939078440627576833
940268263241601025
937314105924321280
3280648446
910172042984538112
924926198911787008
940844928061575169
710704380513820672
940514766769946624
940433124386684929
937904271508381696
940435224852180992
3221665748
935388563436220416
935122342006571010
4363616842
940454211979943936
864718424202719232
935343405659406337
938962949569425410
940265523689984000
938848334348926976
840229452898566150
922308170508394497
931162797336956928
933326916295180288
936096367415459840
935826268506923008
939145573323673600
940144250812997632
933583628772274176
3355349973
933237506258042882
939868379535441920
2799964679
910699796733689856
939516615061884929
911180146673033216
939480063736553473
939543336997629954
927144995580026880
936256429756788736
939040896816783361
939419821556428800
2320450614
934397644910325760
813316260
931124051417767938
895892957064286209
938665379555033088
935888358915506177
877844798740320257
2193925340
939099926956466176
939187390752657409
928966437091381249
936629270142582784
298425256
60818638
2173988571
931898951896141824
929961918495731712
2898604699
727490412320018432
915846888951136256
939020031312084994
933921380290068480
935467655758209026
938672993538109441
938792408526962688
933163596212666369
935897690881138689
880203256407961600
3264830540
811881405806321664
929931780727087104
938647111695982592
932583945107116032
874632763235815431
935894502476193792
924717717634007040
4234679729
2707024848
2576630347
936542610109403138
729739649812451328
936541060762820611
938270436399427584
826350273417338880
936895151741341697
936437673694072834
773806869886402560
909812368032514048
851106793883185153
930072072662892544
3250930524
935895190040170497
935553621856468997
928312728195702785
924539259461058561
709605447813042176
934275282235617281
925616743996784640
857476230911754240
900318527705370624
936772303374901248
856112673729261568
904324844111577088
927417936351862784
907990014641848322
760809754629435392
922438760406511621
936447805106798593
934540079837601792
932673602280857600
848195949277061124
935431093381033984
800887616837222402
909443988792344576
2913584912
936886547315490819
874552096455917568
936242967446040576
920161895616733184
936183530786242560
2458280305
897779216195792900
936474729325703168
933669685463101444
930652823766921217
928556848566779904
936295511908278272
933670596176736256
914117005531168768
795260305894871040
936122812271550465
794396338020581376
901455313320067074
911652605566214144
896574669729300481
875789699192954882
914833287931092992
921884367043072001
866645018739691521
907524648270749696
934009244868788224
932268387698388992
2485340456
933891762862538752
3231893258
935544811179859969
935570537614475264
913102253896151040
552657072
933415123334471680
851315516459294720
764493601095155712
933383412773195776
713514829
916158365230755841
935203999854116865
932338725803253760
935142655213703168
83307226
934686086856507392
932837510115352576
935040040480030720
1329865094
930354097407934464
1728437040
931400591456079872
2963920317
930475618591899648
934273856092512261
933250700703698944
933771844896808961
909752781338288128
932240092512509953
862352327411290112
930832120146116608
933367756363198464
934288332892266496
932655829421051905
933946174108663808
931501251631595520
933626308898168832
929375414983774208
715467073472737280
932823028748115969
929245514884792321
925243595786825728
933946016897712129
929572834539585536
921283359296196608
933774237923344384
3271890482
712279322631938049
933199722764034048
931481642383765505
933061033119252480
928162840531185666
927815489455136768
395646660
148455262
161700200
932969552085901312
767064045069283329
931851781591543809
723756820590809089
930491730117324800
115422366
932438406747119616
931724734407913472
932994877356249088
932616620232470530
932612238069739520
931407155290185730
889733684332437505
930342531941855232
929516861665918976
737836390235394048
932418749218488320
911606927548805121
931882412409176064
908194631510142977
928090222616653825
924281425364262912
921992679856128000
2529743648
924814322492063744
932111624395137024
930818067898228737
874633030664687616
785443242057736192
1546093208
879346412395397121
921283428737097728
2516705267
921932993974824961
2944920727
924212711663198208
897299665682538496
931007343814311936
931770395824340992
862313437648400385
931578811971387392
931554224743133184
3165687654
919833648563490816
931015000893767680
931468232879259648
759709130940567553
930251924150009857
292888531
931213451996774401
924889582503583744
908931335909019648
930243941621940224
910358678347317250
926389857739456514
3304061676
930883681727553536
784406850
926532597873651713
930479879534948352
929963238363557888
930174779394375680
2777165683
930489208548024320
924561182588944384
930004607081750528
929354719964708865
911559723526131712
924320840128249857
467111511
903936666821382144
925735955423625216
882262095114326017
923851272461074432
871722226969567233
929934760721367040
924163092027600896
840484448042811392
925325107949592576
745950598932008960
826982521162366977
925232588603637760
928102477815209984
910837133283168256
916856630918238208
922325865282748416
928925950229622784
929256562186743808
927376549984141312
894059185079504896
1614765457
912711452200275968
14439816
2365978610
928967489014419458
892608647091466245
867646240334401536
1422409422
927903414561906690
928573520245817344
823223015735496704
928445320177975296
925717823908806656
14946097
925348838264549376
885777625058340864
900006910589517829
450555578
915908957427740672
913337466031022080
905628359257817088
736828196767830018
927872252602757120
4333746734
907298508503367680
926399669244014592
859122371889778688
926862767289536512
906712210994487296
925559132324634626
901665036162146304
927133751913484288
925799539302334464
926781758388953089
870391433290629120
926514409517797376
925320220553625601
899317180671696896
925792328106651648
786510819202707456
923246847623352326
170215458
925721085357600773
909787333758611459
922028813550108672
65625975
832598075193569280
926042047470956545
2286362005
75780557
924896792507850752
886194936994906112
924543401248411648
875989599960670208
925955296731709440
902774878369185792
923925022195924992
910501566376853505
103246083
922833356773101569
924284068707016706
925591754929139712
797687799709364224
1398744889
792675750059139072
793554228
292752911
924157647162556416
3229954165
865179115745300480
2348203398
924904263297351681
847450689504632832
916607773491716096
902363557005639680
917641273380552704
916479709038436352
872157863342243840
925046844761063424
843322745433833472
858578602539053056
924875234531876864
469835065
273793417
1876065912
2419930771
883214663328124928
914552340618842113
173486385
921750913554903041
914039522874335232
920959059464921088
923612218087825408
919455893023997953
4649670503
903224219294588928
895322297887621121
878203737290006528
920030678460391424
3311614663
786063451596685312
874088445051682816
915695137690456064
3899841973
922421048317841408
896462249501409280
769034136510140416
3300288798
918068478380163072
920630644962668544
898084050300162048
914500962374561792
800213605937336321
916563171770490880
2885196455
3145134930
921952787117699072
922880272567189504
913967903753605120
916271664303792129
916730885025738752
798645844643823618
566165067
467440380
865077187476463616
894079966870028288
896904423582060544
914666745020825600
529053191
888283007806693377
903118041021599746
185117748
976449991
857669621838737409
136667297
816584473349341184
798506947448291328
846011742593388546
911944434287353856
181603693
902527058605096960
874093361556226049
1916561760
910065109137051648
921821346409078784
780368185438703617
895543178278862849
920650440638849024
915530955863023622
919068737453506560
917040769466118144
920919466845728768
1014716293
3225140437
919931984373153792
2350420826
901118719966855168
921099125222862848
849889452805808129
789886905949249536
895629477459271680
34242086
920842272479985664
4754331134
915061633461903360
871028360985575425
919823000312180736
910009697775771648
920329374192119808
953670109
418860889
914420755701547008
897804106416373760
2608897118
906043580443013120
918401609150873600
815260809127284736
919767235626901504
918911722185932800
3006086084
259638327
913735169194037248
823265390834962433
896659680025493504
741279161692520451
919114594030796800
880045124042076161
915805775712227329
915749614199832576
917435895460106243
893154689289777156
899659649447731200
3422724304
750002808577880065
916481480133505024
818697254085259266
134701049
810743024259137536
918306474018865152
904664349117054976
916926962433757184
917361337591775238
918096805207748608
912279551367012352
917809080437108736
900019569271611395
917976414531588096
886230536259284992
2930872338
795531270948327424
3023517402
914030347414732800
872088779372318720
917678004611850240
869070648840159232
2974314190
2353052971
917472541349998593
911555594460422144
916638169323528192
916521554787180544
911579615134572544
757126293905403904
899958447331975168
818501222562992129
917150155983298560
917072629269274624
906332213033259009
914819528164384768
916740059348426753
905647029128278016
363543381
706822905473142784
916169204830744576
898132502434336768
915785010707234816
915632705001414664
915855284941103104
3743040374
800610379126583296
806452566628274176
912937045995151360
33923443
730137325
912329113817440256
2886243601
901049546792251393
915187133542830080
2443056470
915138816976891905
880026222318817281
848997901045030913
415487549
913685874973528064
914552202458312704
298395960
900638405293334530
914494233590906883
890276874462662656
914436692995596288
887621317557485569
2168414760
962048928
912140288574894080
914051950466932736
902483885035945984
911264374945308672
912995643919970306
892782043456823297
911468814709153793
913355203822346241
718475452952809472
913269412827770880
900320667538563073
906935870502068224
1592938494
913288284280733696
913287620897079297
828288280433135617
905805648713072642
701992733309849600
909265027768532993
913006969799282689
4481764153
896673767723720704
909771701512232960
912598235327356928
912676033534377986
889339203485655040
910862616154693632
912581052316524544
899316469648859136
890097533632040966
3821966893
972242316
911768528700588032
908358855737802752
252505882
2853823980
1189281360
820572389637554176
888427858057728000
134841238
911252613554888705
737872639251886083
1329255374
722574017383632896
887542486226305024
493066986
911885251873574912
909577905256017920
890828641323565056
910889987293323264
154843821
883961568299335680
873572079328575488
891604863687073792
2779865755
903218807656767492
2360572963
910839206540275718
898389556805812224
2290711644
910157529262493696
907868712551583744
898083583000059904
904383525675085824
906442808076226560
854265454638051328
909414384543264768
910012384248520704
910355761066373121
1272699361
57266047
811795560927809536
904328960405684226
548431956
2825439151
910034219790987264
910007223517974528
4101153445
902437642779844608
910011692523839488
904957372778504195
3578568973
3736078812
907549062081036288
905396795580194821
898488170899054592
895802803234381825
909413321513754625
909490761682399232
241531160
90648458
903194125339508736
842187958241382400
907986084075884546
43627428
73369541
906862495087783936
875583688225964032
899224352905773056
908954601407303680
907639907866222592
856393270779400192
888120722303864832
908526140318351361
906909059449843714
899200268042067968
827839362138259456
872253124727144449
904163119219458048
895504618184036356
866326698203254786
908010556551946240
878979621697486852
896619686691037184
866261179517284352
847467152491794432
908261151078727681
3690059893
907327160981041152
907990119319166977
907973794651713538
906709795100540928
907206749584637953
828453023596822529
906101594277658625
904403944461316096
906531847726800896
907622735890829312
907556207707144193
2592903018
906944531320504320
8783592
823914199525031938
854098552737411072
905722032934944768
825684404181807104
906715700332437504
869626602694615040
4143347615
896343497317462017
565964387
3809635814
893782169264443392
904759754848845829
880090463851528192
890185369102286849
2789449112
796377623014227968
890493839043166208
905028023170195458
870674686526595072
902885981363113989
906450137232310272
889816305100050432
873099824693780480
841518076793348096
901979524728053761
905972289459519489
906037761689346048
859086942016811013
898059854006308864
900035209755742209
863782341319294976
797072749785124865
864163196348899328
905787625579020289
903531113116774400
804856412044070913
2986499600
893459037085245441
811839012696707072
2272609962
350136639
900960269685276673
754030499807584261
776462202488385536
884086159193669632
905329153905311744
903328532872413185
2923558190
900817511423369216
904698786089320449
889043387147538432
899888254001926144
101659437
894569100470505476
1707457800
442569146
899697448360189953
886141139002281984
4677978192
869095145131716608
885362968526966784
904474489156546562
837172896707403777
892677460340428801
3186320533
904555641837985792
901449655598370816
904939777459232768
834599468137902084
3303515905
2515610312
860492589132369920
904218049170911236
888460503466377216
904618573913407488
871319675782795264
903940289974255616
899970139851862016
904430615600259072
865263553254576128
171475435
898698569082839040
903825248486793216
1660513854
903860240801611776
902752792506445825
886050593415897088
776002583064354816
902732325384994816
903828384341307392
369575556
903942495532224512
901495352213336064
903827391218311169
899152605523451904
903466636404899844
833590386958405632
841552034079899649
899786788172046340
841346837411975174
903275350880165888
902866282046828545
896246590926540800
901822909479608321
903105800188583936
861354335699128322
901451293117497344
3223454167
898568985163071489
898098153051705344
456509064
887525755873181696
890998780576845824
883459742278070272
902263042833920000
902082469637144576
902109989665251328
900784330276057088
900313236586680320
134548933
820686464598102017
2776089014
879283317014704128
886048954290364416
877406778144641024
901281370407813120
901031935752798208
872811300941963265
4213551793
873675644097318912
900999615868157952
785771136327884800
2862689790
893112594478792704
63737845
387165048
880706187892850688
896781632316768256
2593967660
899578867471441920
579056089
4067054592
899713066773782528
898957576343138309
899921620973662208
900046443699765248
889608326266273793
896007052904075264
898584930611056640
860105576126312449
892593071610896384
899161574388060163
891164514715967488
898893485083774977
819488502
899323224969797632
892357183492378625
898299809249054720
899179187617005568
621676415
863272863305932800
888727115754950656
2338585776
888669937912369152
3109676665
2956989282
895180943094423552
4210083554
896298972607901696
702441018612965378
801672747730501633
700629059575762949
1472631841
842997505759490048
896050524696363008
717174263782858754
896650849274875905
2317499826
896224935147749376
896007647232643074
3776158634
3439570393
877873598534475776
892393511286427648
895077135152324608
894724416805974016
890919459442917378
437349401
4573758692
890568607847022592
2596392666
4656658153
890760795335921665
894918984352452608
895094350916403200
872370187638583296
895061625345945601
886853626580287488
845680041304444928
894511039995301889
893719265349574658
893285541948641281
873315137092026369
855109845191716865
2679458809
2625744037
840135031028768770
132605963
894118886609534976
878230001392402433
3268188896
862459723253243905
711180816
858209789066825728
831021583686893570
885186416061362176
882908246658265088
784392533531103232
892509740999356422
848421514122862593
875010791409307648
3298445348
734964341640826880
2874923172
893690858779717632
368397238
354011080
890117399722303490
887865280831004673
888607788678627328
888683533031571458
893321823403855872
879610545954988032
890216985828741120
891690054275313664
887272500496924672
4758399282
888742281171288064
754916832075657216
223197720
2308078940
56097920
890050638054404096
887901248283844609
892322589757939712
251989772
264233278
848575796067356672
75000386
884680568000061443
873566231114264576
891919822019231744
838433455780294656
892372838937747456
859623526520762370
892121166332166144
887533576924811264
333382751
760854701680144385
888757189376126976
889101587804770305
889914181901799424
838785294468009985
851459438053531648
880332381076557824
889763314267340800
811981217545515008
876228988972261377
4063735159
899276701
813445625333379072
890966254315487233
890806125892947968
861574556493938689
1274236153
875933439282774021
886075876500164608
878891988472532993
855682319348269056
884442002334547969
2270350303
875036139089821696
850347872361041921
890499471741599744
889885633921122308
884101993303855105
873425098337812480
864475162212798464
857225973372157952
889044123193401344
2607243380
887565997842083840
882990903224180736
879720180271722497
887147019793465344
877322743489773572
889136031697645568
888710996453343232
887193191463649280
888781207365988356
163774996
362577932
885002132063227904
865541199934795777
839452456731934720
456884562
2790163879
753764833863106560
2988853892
2892251628
886831100693069824
886515700231159808
884817636147818496
883330149017686018
764727126289285120
888205393813413888
4707016208
888230120510672897
879756974950240256
3316425802
4445263513
831175671825231873
757957045622607876
849276932718047233
885188620189151232
884382467746127873
877067921029296128
884472632468525057
887403234658275329
886133879320363008
886346301956399105
887320035290730496
766314293579087872
4309497734
875991458217644033
1709819490
874407996570431489
878670388242169856
886821642298470401
865486523772293121
886404255250341892
881837941701652480
885063493287903234
858043753369550848
885962186581049344
1935081421
881372900565143552
467233993
771250719907192832
773467523815792640
886165285362954240
3192932250
876629516982132737
3067776014
2297556583
885780941968486403
750954430565056512
461967693
869130043406077952
885707993458892801
885336051295940608
885625384108032000
885579115490836484
2750062505
880810223618883584
880343273088446465
885158214693670912
1094407470
884846527356731392
4848019993
883845972782198784
1862996509
814443713908895744
876671381869481984
882765691845308416
806849663827607553
883551026506194944
797612805449019392
879980544678932480
1129569055
3000632070
806366922455580672
109280936
1974175914
881860470369652737
881886609205071872
880590992264445952
883335354165612544
882639382108418048
882845972472053760
181921046
881602661686140929
771402384
883905594360549376
876948367489855488
882774726233468929
829711860131835905
883630006672523266
826347895490220032
845224516112535552
880207429623066624
881707454123442176
883294351874510848
729043838774448128
853491808470540288
181620591
881049475527065600
876526272553156608
878184064892588032
876296029435572224
806490058148679680
882498951609319424
2928826903
880070682306125824
869504189403193344
882129039258943488
882185275170074624
874845161485938692
882299895985704960
879024857324728320
878277315180077056
787359844663644160
874117195789475840
875941364718063616
838269059896643584
881770511193092097
881092411237294080
3188616348
736240634
881071142831706112
879178571490615297
862605259679690752
3188796481
100222626
866995507792687105
881100584555659264
1677479676
872122283229360128
847188880130539522
850352552038219778
1489876572
3692602039
878247741398364160
3809711539
870903504377790464
880323057155399681
863451302185054208
879538678061821954
849529882824642562
2863308728
715836039626104832
853195760971636736
879734932511141888
879798586124378112
876357107871866880
879360763319726081
864746869876031489
847136397882540033
849997474169331713
838753366113054723
3578056525
181099499
867947627614281729
822494959106277376
879964721943674880
799944794139017216
822148315944980483
879725259058024449
822254856354271233
853149196215517184
879579612438777856
798226873830490112
817732294366490624
720610358570938369
878912565778296832
879183621382258688
878633258476613637
1062742922
126847412
141153890
878873216080654336
874621836033761280
878789747925057536
821626944403935233
869832135200448512
877480599014957057
878564489070772224
871566670820659201
3062588864
877847694965854208
876412198402347010
869369180176490496
123507155
29423806
797661366488272896
877515761396232192
851472102137880576
877428073595101185
868002935938088961
874650663262629889
201230486
798503526896902144
876208136033521664
859772918355681280
750010098030899205
356883891
877206502381113345
404945675
864305039380168706
877143889513254912
733593857070223361
877195543935627264
873397767309332480
875961215679254528
876848252401795072
776123422854123520
868336396884299776
464414317
875290802930548737
3139880840
876469147768688640
875588054706040832
872221671872004096
3322161055
2257981537
2901227748
868052020619603968
872035544015962112
720478382404845568
905094308
875568356966883328
869052479232593920
865007146903060481
782920432823468032
779274833871802369
67265025
873557275054657536
109187286
75627173
873136766789632000
796101414057480192
874172159291080709
873114306002305025
82378654
722365837
872151478261215232
801444311393009664
874310815540690944
874281354741067776
868582329140133888
873152758190292992
826340493088796672
873773301746864128
873832710380425216
817080845454479360
873522729441525760
871070772470657025
724490885631754240
873041399121182725
872767570218106880
782546702221742080
3016124252
869483758226993153
859398851307982850
872282349219831808
861438582745116672
3005261197
870012229575294976
871643576735858688
849232673507753984
868398003228295168
127152299
139002271
841558965418889217
870941393258135552
870251412575457280
803299613939744768
870701579036368897
818683601470550016
868018491185606656
1156942416
829431391918120960
868731422105772032
869190681507512321
3180215814
870163644352520192
867030985396936705
791575039690801153
862579103613894656
869733755975602183
836965317754630145
867270806405087232
868530997360553984
775986962859630592
867377096716304385
860534756789899264
817590548030689281
858637143744368640
865919397445095424
827205624454864898
868362263756890112
768687550391353344
806714694878760960
866939876519890944
2540725308
2814641803
868435620552613888
829391066021392384
868365159303069699
868064993283100673
746528928
868010389828771840
868042110024302592
845603456358350848
886347379
2178522239
867598675127799808
865790373947486210
867557766642139138
860069715812724737
2594386380
179028652
865885877184086016
2929448628
867408484698120193
865835322982240256
361204687
769793196872331264
762951007701786624
789363290547818496
1913472379
1904803237
780285993085722624
2250421879
865914057022251008
865243374986686464
864153158930530305
758594224296165380
866584003209338880
866355518159376385
866190910538866689
866195298468737026
4741028730
812341420438626304
743994274979659777
203044526
707877626455560193
2773586828
139640207
4723542673
855069441385791488
852679706612596736
784563380
842011980370194432
864315052668669953
836622259657838593
860432849568239616
864119617169629184
3229921406
774272466269065216
757587674014228480
844139858037760000
3298160827
855387421805903872
12371252
863088692814106625
861801872528732160
4392900869
2499507727
771504137884332033
761173604277088256
862591121855139840
3188832175
862513042487226368
826462524178628608
777580272997064705
756132529589977089
861975061657464833
829901812966752256
52329834
834821595382165504
3322270951
838651144587083776
1428815922
820531025210208256
857654117875027970
832770279210311681
861575429873963008
860030882383515648
850688675000315904
861025884857409538
860802612924260353
861274438477762561
859320859978235904
859355417520091137
860553284788129792
854988164951416832
919591555
817365917386604544
860438783019204608
835805896798322689
2426088436
716279114177650690
852925333548408834
858764450773344257
859946093718589440
2929234289
847111303617482753
856219009150197760
823941696652214273
2930595145
819523298551877632
859348808219676672
859465009033883648
810760336651513856
857079782240116740
2195613608
858424269629526017
858912080665219072
821614306051637251
845716949564882944
747051139007287296
801427542204743680
854322410195226624
858537316398362626
858974441786802176
2971916544
851088251758592000
222769784
2306315537
727470757060583424
2956060950
560955030
857849163316199424
4263480567
853090537032871938
857674574632275968
800162112538480641
847771634459181057
768718255959773184
857533815379574784
3229176236
857475135644864513
855131815979270144
856091545153421312
856753397848035329
842647315378790400
856093974523555840
855967600236482561
856589726756851712
1894781186
856832633564790785
855853446364311553
744951647999139841
856545214172889088
832629215820279809
855383504099713024
856175987603767296
856093156198232064
855712531532267521
706093606197731328
775991774749876224
3183745506
852942471113977856
847546401022251009
854175791231401985
844612198387400717
845261877013831680
772459552952418304
854319052990291968
854265937184169984
838681317617324032
852769210690289664
789521746860863489
731144912499003392
3006508508
4824608659
854496789927526400
854373356375769090
851020397164285952
848030629824430080
853588447780589574
768564607988490240
852421962790039553
853823193475416064
728390095401783298
853788679290093568
853612904972771328
829553875837345792
4771375694
357313793
827363983942418433
848062818091884544
3791621833
2441626367
848582632871010304
837983730408927232
832536124291678208
851286885544599553
847510305340964866
819871605178454016
840834208117342208
778482420224028672
851336037607628800
848063356355448832
2822104233
145967055
801223721751035904
803422455922561025
841913764639301632
850641877103718400
849204174894051328
843166598391316480
850406339872518147
792681416568037376
774901902156980225
3168457190
838807939590811652
1103405252
122286127
825431890698043395
837443446554132480
837519679216320512
2926939681
848707440304467971
849313803309379586
4758287892
849219624411549697
803678906641285120
847328724504649728
624687384
848582237465477121
847697423724036096
3068062458
701402926862962688
848265124473442304
848231256332611585
848134130114146304
1406907529
848035135568191489
396012259
847939615591768064
847695036753956865
825397413196156928
743412706909134849
847700866106773504
825721952887189505
834919393616343040
785328025176907777
847287600729567235
846851043413671937
825116299755786243
788921804085747713
799505319793717248
777912531805437952
846639677142712320
846633480683491329
846747093314232320
845316078876143617
798521573665861633
85579948
841185679220457472
779565342003789824
846330359927128065
834783191504392192
838016804236701701
845904354720780290
816569314983677953
835831024823173121
2693112806
845300540032507904
761163638220660736
3260555118
845565956684361728
845490263674028034
845501807111688192
704037412599533568
779619871755636737
844880382088695808
827081633597685760
845249950862626816
737926410
844044921489117185
845112292996005888
844438214140157954
824535940513140738
821425036166840325
800719953808670720
4529626220
843093774163197952
822483801620312065
1653417134
835906902794063872
844042616534716416
838083743978041344
2522277800
780668968923115520
832116396452671488
2983502786
843868279009677313
713738377669926913
2993499505
3744459314
842464105298509824
1046760031
835073737393340416
843524181190836224
801634814554230785
841306955679436801
843022608853549057
843014006466101248
836234447657840640
807149765368496128
835868615299694592
842736385362681856
3261466568
842672403532660737
711877664408076288
333888745
259714436
3169726321
841652140456202240
1276781082
842276076130770944
841561339181039616
764258620058075136
4679376326
839867608321179648
839771433807065088
131168727
520355820
781087360670769152
841833797926674433
3104770448
841127051377623040
807203463654473728
840426693110177792
840105016903966721
968329675
4625908487
837590219625009152
840648523901222912
119651769
728584223095967744
799968359337041920
7054172
838746774877646849
839070527473885184
1648418340
3470709078
3187589600
822806968716951552
76915553
822822249640103936
807495366748803072
786865988885241856
839103455356669953
803277187965140992
839526225467092992
836844598114803712
787008988848263169
835478645535834113
813708617086017540
807789634310799360
839154750973227008
2458189329
724615930802790401
839015564613988353
3072758726
839000127486504960
836106459163295746
804249744822431744
3296087944
831037714376093697
1361386759
838400414429007872
837220183341158400
3142896516
723801490410737664
837318544585076736
2947621002
4264759214
835861713505431553
834782811194277888
714115125482037249
751756464910372864
2933424002
787499713532538886
2297896314
732243837570174979
831427746475565056
837726943508299776
2826122928
2308096543
2902605456
837194297409679362
728446945237164032
3867820333
837184030957268992
3770117666
805435950440423426
823485064432394240
836954829545160704
836998987920130062
3890309533
750222144584290304
784372231639937024
771658851783323649
836626892535042049
836210785974112256
832639622442213376
805440610916241409
836110841393065984
834026239362883584
833579857183375360
796283312406986752
824122954090999808
828164420534562816
769529233790107648
835816584161685504
835717729600569344
759057020024594432
726004133648551936
833727810090962945
835357251623870464
1686255026
713965564297740288
835046650049507328
3104948665
2195634671
2326759915
834843856747298816
338872149
493941377
834398017390272512
807564087945089026
805260730773536769
829711459831517184
833995624538337280
833978861381677057
636753660
830708495729180672
812022736038064128
552259564
834362714361323529
3605221574
830287894841589760
4809099433
834118304482603010
832969480032645120
847892478
815619609730674688
789330266850418688
830783992920162304
827570198307803138
2658554858
833489210166362112
833352519971663872
832681100841414656
831078660778115072
759261986672799744
832521828283191296
365352960
831934809018544128
733037031446720512
724236972672217089
818060924095447040
832904269745487872
824226238499844097
832690165894127617
2791973957
736821333460455424
821375087123267584
832056396405407746
770723171884470274
831912482788753410
808622874940424194
831704327018389504
831428464716640257
831495722369433601
3306202961
3818589192
823729323341467649
816648817709875201
831158192046497792
2872707811
1085469834
830788589541851136
830665406327054336
448262834
3259027153
830832703918338050
4869822314
830636377536610305
810060852397277185
241878460
806082291785170944
495698315
338182919
138075755
824567352264130560
3294816950
829922034192748545
2426187210
2743589156
822527207281147904
809432102588424192
827873706219298816
829592091726450688
829425001887629312
829529372059119616
814404578162581504
825983344189911040
2223005977
30500021
822173192139718657
3061317912
803619363026632704
701732010142801920
785482244299198466
828938039015661568
4880757328
828562345857159170
828481516384686080
824848679882280960
800237881386094592
728314519
820897072316551168
827338053324730368
828133783434121216
824974683611156480
791621532216852480
787718203292192768
827982039794192384
502429636
819496995303718913
759273053708750853
760291243339329537
2736503406
806138989791084544
793026770660360192
447959947
2736722881
827092865859751937
808608848147685376
1174982737
824894167658557440
827056575630102528
817572265260785664
777739225693159424
2369097470
4890101092
742096541708517376
754557269971378176
503954943
4642776382
1659343004
825197264071073792
822837276069785600
825024964621369344
3127701312
824744847613399040
724818907991789568
132888272
537089921
825195378756554752
825453002504929280
774219617787121664
825303292162945025
825413450893373440
825694008085200896
3329932126
795555247762481152
760806522498719744
2336199085
821676944509046784
823866504731037696
821714946891214848
820518849372155904
807945987708755969
776013475902402560
824127667679141888
806532530434293760
804344298791530497
723942401040089094
815537620549668864
796379628533350402
723913643553738753
815423953724313601
824556709620383744
743433986844860416
822284499820183552
132541729
802519210840576000
781466586746130432
2801960251
725550930280640512
824234140220280832
790031988593786880
934170704
810902697322881024
823921552404004864
798412140591906816
823861608107622400
823483787141120000
823594211446550528
823388405220261888
2368540956
823067555044753409
822842965454417921
813769444031950848
3328352053
822656265444802560
777851437699170304
822031966094528512
796359152255713281
822325880336752642
822319811627581440
810459134596448256
3371005018
102363455
821735062580396032
804385384037752832
821606647877566467
821379125386608640
821600179421937664
818788555694735361
2350193539
819779024478040064
820959036002562048
817702637961379841
806312151602364416
783764248845574145
819529419492446210
815185352348631040
806398041649508352
816868527487467520
820898430012837889
1154887550
820293868604141570
820002549835173888
2580915068
818283385344794624
1421875286
424117537
2950466040
111854692
819527937804402691
819790857423360001
819782545634050048
819444594559647745
3019118083
4642527703
4836131534
819191987958140928
819124951378579456
4375690334
818983124835168256
704061766897106944
202514760
807133956286119936
1356588061
2219892835
2192631102
814866977185353728
3571248372
809652951119634432
1080304441
817579855650889728
766121192105381888
3144897859
708351502490816512
748748132461060098
784807174967009280
1879957758
2602775196
817446632832831488
817213550225723393
3305685961
817236630612439040
3710887274
795659406201405440
808285897313505284
1936512829
816542296544079872
815896646189842432
4628677932
815856936470056961
3293372532
808738737161207809
809322421115240449
815812514151890948
798498025400369152
769949551042162688
775241859182526464
20780650
813426397247053825
814969383520968709
2275456346
374587609
409878180
815085228503040000
814772213488504832
202197306
2613775359
766249118050246656
806081699230597120
798205556179636224
2678965718
813443696196653057
137605748
3322589442
777378919880265728
789007050118270977
814371308037238784
439201707
1396488661
1466604001
769834909347307520
813658606038032384
733339980546879488
809706998723969024
4910207336
812915115888623616
809694653108916224
812595192171638784
756526421548425217
813092102271827968
2903323111
812955769918234624
738746023976259584
812572087286108160
812571555444228096
812356556264075264
800207909707616256
810043773598179328
811665124712992768
794419892049088512
762211509086879744
811636323492724737
264180612
291783870
811845292039569409
811890253392973824
811792010701144064
811858849091252224
811484193813360640
807104084574609409
808950388443512832
785287993
810898743222554624
811232028360343553
3300175753
794211593106046976
800075219645796352
811127201177464832
210137144
778845961913335808
3257761386
804596780687990787
807509694860394496
779955620887793664
2440580797
810837193233203200
810776027857383424
723708264844787712
797269309793902592
810309604173344768
97923204
810153420355039232
2300205420
16200572
810018123839574016
809360793636466688
4920041964
2865224687
3055363429
4802139024
543321571
785952451757301760
134507823
597747571
4236941652
794239216469286912
794225033694412800
809062977756340228
801669180885856256
2893778294
806820626283560960
808995257496895489
808908275353878528
47379666
572508303
808776935908274176
808655058938318848
282458237
3379001113
808677758054187012
808624776633675776
802445962207752192
4758374118
805575049356935168
808216166661398528
412158997
807953212405903360
218466226
2573085842
788310407530151938
807841054078550016
784701697788555264
807770533110628352
807629652823076866
803045053136535552
807168162395324417
800002034661371904
73163112
770476261957337094
806647373522935808
780621694868127744
769871548442353664
807041368828809216
774930801867841537
764374293350187009
805632570805387268
802222785321791488
2856300015
783708810154221568
806008448437616640
806226565319315457
4369114213
787516991456157696
804249292038815744
745298999498858496
801280445300228096
469520425
805769792527339520
805759264673460224
803547462728200192
805344025326845952
802403741106221056
805506607962583040
805486080870883328
764361373782568960
805109622105313280
805243976819310593
78824180
805300022795501570
372569656
792060290158374912
359400037
760297072293797889
753576018795982848
2522958404
800199155104649216
1487426688
790947673478090754
4226305694
3240931702
412840473
804895264335163392
2853540313
797512173207650304
804769240368680960
804685119692926977
801003015654219776
804611804928147456
4683239174
804556335404773377
725509092740050944
803131054349500416
4453856658
786844976546283520
4536104839
804263444228743168
4122696852
802395781915283456
765132215915126784
3163759038
794468623813222400
803169431870316544
799607990735306753
596189320
802382756265295872
758377360974426113
82571955
701325224352940032
803326449956651008
739098359659536384
803469463630782464
310052247
761084893
3009991669
801346079711182848
797777262959534081
802901112076505088
698763341586497536
2156524829
4694311070
794229436086239232
802839536141238272
802825378863648768
802041912060510208
2799666486
801802317385211908
802408892026130433
798599438860165120
771005103797141504
70585882
716296950706937856
711874771483369472
801899923780157440
801788257587568640
801748385426378752
801701464011702272
800607173021532160
801721964616450048
801390589036101632
800602534503006208
801332961761181696
794129944573919232
800298849575182336
780451722
800750587604148224
3020762450
800022942834827264
799938909388046336
798923033851392004
797295126536187909
789101419072745472
800383384597897216
800295761032331264
782216618545930240
795738996009762816
4269609734
3393581718
783524337928245248
799892021024464896
4188682099
800018212532396033
779043554027012096
799838323497902080
799541645649870848
798488677471125505
451270497
785838423596818432
799147070867193856
797144536128561152
799531860233687040
719191964361564161
799268237921894401
799366718074146816
2854049396
799290265764671489
323020894
785069877849497601
4217730677
3344787919
798895039220850689
798953207686955019
779504847888318464
795570603990233088
2572717265
797869178334150656
798420894771281920
795992555938664448
798078330658504704
796656174087204864
797159189747363840
3237249098
137061630
796656942118637569
762230164629643264
797655010578268160
796933427161350144
787759880052482048
794222461034242048
3194426424
797299990712422400
797001119377473536
786152261512757249
781031753729339392
764822765748654085
792590897649188864
797273816238014464
797075952123510785
796233955313909760
1137583604
796780973576765440
4255900274
796556371067998208
764784796488916992
456580047
796352436684214273
796334220578848768
796284401537552384
363461088
796287296043708416
718130192242225153
738421891434700800
796222943495933952
761396570474569728
2703643303
3230656063
3274447458
3103103653
3635828600
794949117025878016
795277817948803072
2976025231
783316808057192448
790147758405644289
795196739389161472
773864816683409408
4242759856
769450239614914561
758643457216815104
794727264332156928
3187133418
1574811721
792024453249167364
718697472596516864
141930840
2917414836
793875251595706368
728053913757356033
710388309961285633
793858137564545024
793811533948223488
1229899790
1153728854
3029579896
793673163146162176
787543569812844544
763060316167176192
2942763212
793065345661689856
793326269089714176
793311880014139392
793135377104068608
792049616661389313
792649039993069568
791929137808015362
792320804620951552
792250093789294592
791941707793182720
4420065680
791988199941742592
757903437010833412
784644550623105024
787722345880223745
107088376
791656659974172673
791424859125452803
790981540431925248
790110288473305089
728655402854809600
791273062716932096
779569122573103105
417094506
771207962337562624
2183734465
3347520494
714483707067936768
790732244172304384
774273571258380288
709764060363927553
781548722597404672
790187178366205952
777764127460593664
790394905361133572
783285657351303168
790052927549431812
767892870195851265
782442184830283776
3073080163
789831183072956416
766117758010613760
789450555353542656
789686308469956608
789525024260575233
789423638348910592
765609526527664128
789081019961995265
3873145558
788386737294872576
788635882257387520
2247435745
766552451772145664
785756840298545152
788291933600964608
744242768256602112
2723912774
1461976116
3750084558
787938825620299777
4744022754
787619079037202432
787582340297916416
786484484749139968
783937325331943425
787403786662866944
787321130927415296
768762950
786604613688373248
787164995645693952
1172636010
776467840354377728
2834374682
786876309129404416
785153739007098885
786781434765799424
786082137942425601
786541614583812097
783972519195791360
726402724791721984
976389360
379139470
767563388977307649
1017861456
710527084276355073
227684708
776836449740132352
727132991667888128
786141850457571328
785162250181079045
785873394541613061
785475660814946304
782477471153164288
785385689714163712
96993279
761075085650251776
785375876380786688
785359787005472768
741930395449450496
768011381622931456
2289773096
554445295
775285333759885312
746062654897328128
773931616616013829
764881138464817156
782775353400000512
2425101702
780829226094034944
783632756064587776
4585774387
125553566
4826130074
705726659211583488
3733795092
771483602991276032
762170754486050816
782902483601457152
734730528847495172
782587114902872065
3177940326
782431867651788800
781861856285556736
782290859324694528
771770975843151872
753912923089547264
1717804260
763193128211873793
722022206
4765708536
4655148954
1677434174
437504610
781377039488155648
781160440927756288
721319521110241280
436438602
3258816758
774123043400462336
106771119
780817689040203776
780411917705805825
774786622860693504
780770428310532096
780690340290310144
755111827931934720
774651854563209217
780405163974680576
743334459865370624
424073147
766649131074985984
780358923526217728
370007250
774492242954289152
762077008700510208
780006973333004288
762617917074706432
3222086017
1678120328
779923250532880384
749199904384258048
711964363763032064
763414905588486144
779773625071132672
2155522873
1734699781
778074103047528448
3802508232
778512020584865793
779558080740753408
778982069036654592
3303062156
977764832
779386800091660288
778285830813147136
779245230591705088
779291502203863040
774142384405778432
779243006368944128
88200569
777761221038571520
777084027320893441
4280366176
3186724656
95388922
77456101
772398111037665280
763919999832428545
113444722
3947218998
4231597214
778525170982068224
776305920808775680
778295769887600640
762959848103444480
778169752434929664
776384000612900864
778046933264764933
2249167227
777917501908942849
777907707227561984
141503552
1943078168
777796790292664320
706893616472416256
730106161995747329
4420590139
777458538113175552
771659334652600321
3162052358
735413718347976704
771655519140405248
743851856640761857
3324604093
2244605898
775636303102828545
773413855984836608
776672441829564416
776659217042268160
776421520813887488
775626084255731712
774497956481212417
776391415714582528
723736904043102209
776289883065159680
3503313432
738855420870184960
2916700993
751970229186551808
4752650430
775881004607307776
773689438190862336
775634152284643328
775466073210617856
772002563394793472
775609538187636737
3758397553
2529955993
775415519620898816
775270801205374976
771239095217508353
775291982088400896
775283502300426240
775278629475479552
4712362148
765116743861665792
767624512171077632
775217291235627008
1324340598
2773163239
498482077
795669716
775025942511181824
774848611637133312
727505095877861380
774843881707962368
769956624530235392
755450997070262272
774663029325725696
774558674454970370
774470922870849536
771865869823737856
774234168083542016
774166771834028032
774148158095892480
774118070763651072
717228354106056704
762367897872183297
773766985704415232
74984870
3188634954
773562112388001793
773493760995000320
771196028619927552
710807771827073024
1386114380
483868705
773428035785752576
773400079726239744
1174620818
752121477378379777
760514666607017985
772800315976404993
384825853
4852880561
773074632534470656
1870721677
3825956479
190518649
772731139601604608
750332938537963520
700608503266746368
772373378942500864
768763300079427584
769837998116630528
746320171233513472
770680758671282176
771659461085638656
771759572814073856
2378805242
772000966451355649
771209419535228928
772092694348701697
3326496804
767605824248315908
763000831805231104
748865446858919936
771931794287497217
769054121982910465
771279907062177792
771649857916317696
725579501497798656
768711689739067392
767039474932920320
771329742121205760
769934844847501313
771246968303603712
759321032280961024
3285040980
771171222344245249
771065585685913600
771016681292300288
770988774948036610
770912329231990784
769779563672940544
765522218910711810
769459321214083072
770196336633405441
770345470854135809
4769340828
770261471406137345
770243741579816960
315083177
756730796262694912
740109214178234368
746593702827565056
761476060227612672
742400705592360960
769831209610293248
4356043454
769531197097553921
2250441506
769442500868083712
729236510793437184
769421938372608000
769194413516025857
769190236924571648
757504221549821952
768740493136101376
705412414746001408
101713976
768542044314824704
767962711623741440
768396245698215936
743359929013067776
767325905987469312
739105539469234176
765154566207836161
4114169956
100454382
729283080800718849
763633043072397314
767252580946804736
767034362151968769
3090031784
2991794492
767055238511591426
767046991591243776
749962804694642692
725350882234126337
2945326158
764783626097528834
766387683417620480
765903231369244673
4068864914
2986635241
1557896942
4868427599
710735390634696704
3189473832
766116225386708992
765959115801853952
4743268937
752130736791121920
745644638921461760
765600008313995265
725725115791585281
765516681850548224
765497632932368384
763002058777571329
765238929050050562
765100057188270080
764723939209687040
764743464063991808
3226326020
764628228275376128
3450293234
101777158
3043407776
53126595
340172173
704165647
2889637620
453900538
758716359886901250
1923492025
748484666412371968
742573131315838976
755322464972967936
763386380256841729
740763209540460544
815352050
763403668695678976
763444577470705664
763332210564984832
763271497767092224
389291623
740244289880367104
739413344772186112
762574229225091072
759775787167854592
751081800403910656
757953057628061696
762306602024079360
762608239838015488
721585900854067200
3181094288
15119247
761051508095881217
759503594659975168
762123291976925184
2900238182
761948232016621569
700595029589389316
761885542078373888
722015225843752960
761842896219889664
745074254815723521
761590980671893504
761557457734959104
761636039727480838
4667475974
761526411920236545
761486214390308864
755002797804912640
695918523663699969
748895678818971648
3781767072
417703284
760757945101611008
760344564842409988
736131473120497664
747659664851079168
1673498827
3178384812
84010913
756757908336087040
760162765642297345
1586141430
4287088427
1547465126
901296608
760033348089544704
3234172009
3114971889
759548626276261889
749505207491555328
759437646041063424
759326949311287296
752091539451490304
739919248189853697
1412756473
4309973354
2559913858
1434332306
711242994607738880
758153146439000064
741517115409195008
203798795
4067656400
754899458404605957
758135453287493632
726761545879932929
757990015343484933
755090649632747521
755308720133767170
757874831362777089
757817964280242177
757789105069563904
753991207269781509
756453027641372672
757129449682898944
757077743712346112
2934541423
719063937111732224
4306299411
728244277172645890
754270161549533184
756516111412301824
712674615475081216
749946749146370048
3551168486
1916536332
705447038637375488
756051080509743104
739185069311598592
739604143803760640
755829096106565633
755825817737895936
717330055844618240
3312096416
108259743
750592270395666432
754583198923841536
728159111754305541
750030624891756548
754382102670389248
715555894910554112
754478614960308224
3270864348
754268132278169602
753951234814513152
2984458453
316377211
753632317910896640
753631169628045312
2279686220
753535184717217793
1100518309
751660223417323521
753285040747012096
116152001
2939612161
4831225754
752934913410818048
31099128
738313915415810048
3103086230
753113494594215936
752959731417907200
752054445152800768
551747433
747914189109239808
752479337044185088
751429654226018304
752466454079893505
4865144449
719217314462175232
752338886215528448
731571105949978624
748748480324087808
752119074990256128
730666025088368640
263519241
750192502527913984
3314885854
163922413
742367933775544321
751376008230633473
751357309423583232
2951829517
751396750632583168
751260417440174081
4639287683
751318799895367680
751318811882692608
3220193906
735849649312038912
2775398635
738272758124056576
311215210
750890820262322176
750757587512070144
750884788739928064
749903838791012352
2242004334
4322552720
703628614147948545
750352509701611521
750547378680303616
346686013
750448121524711424
228313876
700230364
3239098676
749162523329433600
750228801242722304
727512608866062336
1709487314
473904218
750002044992360448
749981048868597761
749954185429291008
749939610894143489
749507849345175552
749568725100011520
749513299256049664
705401330454568960
749276742133637121
746688608128667648
749189825052315648
748976914732314624
748975131364564992
748842462257422336
2759446134
1314192450
748726758648586241
748501795001905152
724945001227001857
3152855046
3034569578
748243854755774464
738337857849462784
748023224940826624
748075228484374528
2276973725
2989625580
521479149
726847885724127234
745912930483511297
4602422238
747442378655436800
4199449408
747353131315396608
3044289006
747175807169114112
747118759001919488
4853460884
747045113033953280
706719736189431808
3297318523
4747231548
745596854608400385
746534778703224832
746408767969845248
746390952365920256
739667859865899010
3068438264
1348990405
2260180699
745506102293368832
607932554
745952779798077440
733191999302598656
538707073
745650796201652224
740518473911046144
4863620532
740532004878471169
736434707781591040
745207824976752642
118969550
455021004
744963274710618112
3246912530
729754948175548418
744556688053800960
3254186255
744460530597920768
744406626401030144
128224504
99111465
2984259739
4612982172
2311462766
226610162
1557146412
737533483568881664
2647051016
117431491
740847193008033792
743634690674933761
3407865875
2833662334
743090233009283072
4881201838
718794751726620672
1694185879
727084501235453952
743000179415080960
704262903289896960
737257829589913603
742992425661177856
399289065
742778174090678272
742757374776246272
711952526048768000
700741800508596224
526846831
3107808158
741451434072236032
742329720302391297
3190865527
742268920074240000
735135648374390784
742023180718608384
4888700892
1030813608
741967883748540416
2931931784
2805603245
740542201227280384
1875065839
727119414533984256
3248459977
740839868394287104
2331378991
731376530757029888
741379673968545793
726630578641080320
741261551055863808
740921447669977088
833313433
732597638017617920
739095959028797440
740974727104241664
740570461331980288
740909849043685376
4738014260
740891247221575680
740880288671207424
740861945927094272
2831632969
740840292597813248
2850940630
739819408634302464
2214424026
740693897559433217
740737177852780544
740654443729981440
3645438012
740515337934929920
740260452475785217
1972651724
740068992304439296
735027468000727044
740056147919527936
4774047740
733477076171362304
709012684235100160
703221907768750080
739784032758681600
3189245244
739730253514313729
715904914132766720
739699795103780864
739687532942614528
2316144061
739454432295915520
4757229432
739365807193481216
3304492172
731830651184369665
3145118997
114716384
4330196414
730709393856024578
735771885384785920
605482891
2495447359
738734161058467840
717677051935719425
3045400420
736390379604320256
736682191216775169
4766448639
2400134653
738383385614274564
226901732
702358409513930752
738322705322250241
738030525688864769
731733821410971648
738127622400442368
2806664268
1716679806
4294045037
738011706224349187
737974525648732160
1030238132
3372416482
717601341460250624
737820408565600256
737820847398920193
732617279079243776
1394230500
3285962850
414716925
737613718259785730
736253373985390592
737519953880829952
733550236845514752
733897226452381697
732422967389360128
3868065732
737285418421477376
3627569113
737183942609145856
737128847238270977
737083925676359680
92833303
3155175990
736060677786206208
736779574982410240
1649759551
1911244560
734969507958161408
1050563569
736499906672623616
736437408271458306
723136837036978176
707052450922913792
720301342749642754
61851187
718847982247014400
399365920
2742308382
2649282565
734693334468296704
4840890015
4668337214
724870295526453249
2315412799
4900654986
571629456
101692918
2534474520
4269658633
716885456239984642
572418648
735451234690203649
3273138576
705817077404168192
735076064632791040
728195184647790592
734997500524793857
2558593861
734982498942324737
326635194
1533103296
732092894971080704
2993722957
2277862052
704378710023999488
2778636224
125028804
1540187234
2436565262
733991477668380672
236811736
733472911449829376
3772844834
716577822752382976
3069795762
725324839016226816
733734007565770752
4872800107
17755316
733423531363434496
2915988764
76244835
4831941651
733226842354749440
731845500895436801
725341204456570880
727534479200391168
957462529
87239394
731460481865547781
732505305020399616
728922159989542913
732651281970421760
707468271780548608
732521796382167041
4036066393
596731970
732192405336662016
732187165271031808
732169758825709568
4887196944
732090015128375296
732039680028516357
731119054124015620
731949209147064322
713714605856567296
731874555199885312
4608513738
731775581038071809
4091224468
728525905098907648
4693274232
731027499572965376
155806673
731164197938069504
713627690582945792
4901613189
604505878
75788512
3791999173
112460059
3787905734
2458470314
730264459743211520
730372397690441729
722301346309738496
720897376710475781
730261471028875264
730269658545295360
730245677054341120
3227780112
1354548673
3006676639
1359569815
715221180400033792
1175502930
730054484609507329
16678750
729924808176222208
729928873568178177
3243350291
281983798
3406135152
4148239159
729724525894615040
728523694927007744
1229316775
728512328266829825
726808355893813249
729568299504287744
723469121157881857
1457086752
21398523
4104306732
121367102
726500141251870720
308931164
727390944849440768
729117733112123395
171146967
3280147027
3170601038
4814128761
2529477348
99964903
728612520672563200
728611509060837377
727775547061850114
728534443925774338
3147904693
2257630154
728513110085017600
728485647665614848
3912008404
727832394284335104
727746741672497152
1615586154
4175025400
728214782227165184
3735005359
1226790348
727806877980086272
3604692674
726708770835976193
144481913
4003342673
723005578931503104
723156741186269184
3260134490
476652240
727426970670239744
724566547532898304
727246450673905665
2411099419
4704787048
3252533598
722605063261315073
3247686431
701098591000141824
99608178
2287833204
389607300
726706193767387140
726472472720080896
724525306057379840
4445903536
4844428603
4777001437
314701177
719400194861740032
720781156422127616
726300316182835200
3827491033
123880069
706743785686872064
725921009140801536
53478361
1657158282
722461039896477697
724918959544369153
725598537518436353
725578814760300544
4848048962
238492871
724735936513359872
3227258916
716841533324918784
2892116554
725207189212807168
725244996698300417
724147341310103553
725196161968119808
3187712887
713303323554676736
725148376623382528
2894211450
715623789896204289
3730176747
722426406731264001
722421260571926528
47579986
724930163209850881
590894378
710481073730232320
724696912171950081
723208115064184832
724607827659120640
178553044
721712531253792768
724294860052770816
3109288514
702860054517686272
3830345052
4777088259
723969718806179841
2737568462
720596375461691392
714849579515031552
723945486227365889
3262943952
2498986568
721325032236982272
721222051558592512
428744569
723695041013669888
4377180254
2290308575
3555856939
723170236321554432
721313540615708672
722135115485327361
720109956465352704
722815939385901056
723450735409528834
1948276916
723482005070069760
722911921192755200
720521862942470144
723450196412112896
3767051832
723202010640576512
2979158158
723172487740035078
721844902233911297
722960002651140096
2430873121
723076326232625152
2412912757
553688901
3244490751
3219615918
2300635700
722471926598381569
712658610074071040
722515154219479040
722472138792419329
722401364815392768
722429027009634304
722414985645690884
722336199738720256
722304396621512704
2245697546
722041763301572608
3189767250
722096393876156416
721041148052168706
83370231
722001423429476352
4481493612
721979798831120384
3245406133
140972748
213622674
4198164552
721726940793536513
721275318523273216
2840258364
720531966622347264
4839164586
721573896596664320
721523120130146308
718692119494438912
721335729356300288
721226239999152128
720620432416591872
721235024821903361
720941613334138882
720959048070389762
714726736794107904
720939732746780672
3257747875
719552883939643392
4376523262
703084806259679237
716495947740479488
435971564
2443923861
157669828
720436392493498368
493773795
4649044490
720246561721032704
720221483746729984
719844472331194368
720150797237878785
718713849281536000
720080921089576960
719941422963499009
719908098320830464
718633495891869696
719809807587373056
2904509258
712613994507272192
710354354205622272
4830188029
2889703716
719523487686201346
712599917403897856
719265215192248320
715799650041774080
719566164393725952
706499619480432642
4876392244
719466902876106752
718818264038526978
719399745437831168
719340868595884032
243078835
4794059352
711957780396154880
367116143
712540962157957120
329051418
377167799
719435795
718790673692950528
3273241891
3872754561
713382276516720641
3872319137
2934650029
702022008737910784
392038840
718607280313212928
717971364951498752
3167796084
286809648
179954514
3313173835
473055340
3129786324
2156531450
715123413241569280
3272782980
702724485770678275
1632565550
757370749
704328650993184768
3242313800
2431452470
718067482586521600
3259135584
3246174882
2420625967
701678055215996928
431163958
717658004154224641
3190655900
717319479596810245
260156141
717600264287567873
716956037761249280
709423329921277954
703820570052284417
4220688498
717329306020515840
717553462649745408
4169419932
712888257206325248
717339340175638529
707962590400520192
711423991408422912
704297841645080577
716696781233369088
100478998
716868771328167936
2428387651
2199043978
713674086187028482
716208274660593664
716671706480427008
716887363276832768
716545440800354304
4694203464
2334776258
715787190731685889
2807045396
716690275159007233
716689871407079425
4591585213
923971573
48937519
715946795222761472
715989381148983296
711502354852392960
716342369055031298
716283814776074240
1504684159
3000545978
712224063284850690
707512606227968000
4256796921
4866210970
4840644398
711822805327683584
715923440268607489
715881624202665984
1953786792
704129599601405952
715821501505781760
4498195938
4658347944
713396100829356032
714820323212791808
67917050
715569212370997249
715082138618449920
715300536010936320
715255553161691136
4905477663
1237994090
715230253535203328
715213120268963840
4801669878
714465527519780864
715022142610345984
715016070541611008
4724000474
702078436760629249
4737679033
708259423769075714
714792526767493121
714738295025102848
714506986960740352
714502281756971008
2214008232
4726640775
713241886312497152
714271700595048448
714461153309536256
2681831654
714307951792492545
711876627467096064
711483652157218817
2861399313
713050399876382720
705781993506787328
713811738450378752
714164441235853313
279034636
3871760414
3305302278
714062075325075456
714042704141811712
714021888956170241
714009501679136768
2476298648
713374207455809536
713793112804560896
4267003458
712993220003700737
711756604853452800
713686505768820736
709688949740953601
713267207690649600
712627340166213632
533914991
4659181615
713399588237914112
713378497444511745
113608783
713389721825587204
713383431569154055
232518184
4517977099
508377389
3337610481
886339465
712990257398984704
713270898439102464
702314191407833088
713284098148569088
713262531293237248
3113068595
1134439850
713228354871103488
713044009493467136
1970601236
708540384524238848
4916952739
704741777073246208
4921534142
3913609039
712713617100017664
3262543140
609818114
712526939756576768
4564481352
712517316647497733
701811727944413184
954371936
703440753834393600
3140989459
712307617272475648
571738964
712261808384385024
3235909885
711786191931179008
711807839077937152
711721885533282304
712150643771740161
4783264063
38411647
706350966556110848
711989217249742848
711863145208410112
711954916130971648
4876805572
4844588606
480161770
2322077541
3288736650
710131100291469313
706844459024015360
710833483417911296
424251028
711561889839329280
2153295978
177999011
711462659372109824
711418875036848128
2925048890
709929467045478401
4330480480
711085131562295296
711145202593959936
711044788389163008
709963747662696449
710287322433060864
481245514
2884469022
710450801559396352
710891628131590146
710523738282811392
1493757500
710342517611307008
710648128010117120
706744467013775360
710535863889833984
710537757714571264
710513226102870016
3191012689
710498885316251648
710471900288290816
704113240091922433
4444454113
709704059968733184
710158981130366980
710250449081765888
710146237568135169
2188689948
4835711449
709977861986394115
4924539969
709825684739325952
1894030880
4865434646
4764224377
709333316730802176
3239641788
706698832935915521
701030964319813632
3322325389
709671657699287040
702773237743292416
4184720441
707915822216253440
699571968459169793
708016983560691712
703843373833060353
709436452283658240
4356836654
2361591120
3283557392
2414210743
1523788009
75538190
90013703
702138993991811073
708295984586031104
707876602181332994
708899033654255616
707164164251201536
3238091641
705112647822405632
708754260830375937
2831300179
706400530944258048
2761480682
2881138424
708353392213504000
706393783496081408
708621112750579712
708585363040669696
3317557746
707913533040803842
708258159140274176
708479014306885633
4772053788
4771742862
466765051
4746141331
4448850074
703822544831324161
705062142303559680
704190194514145280
701754501485559808
708239242493710336
708167550031437825
705832417341382656
1693080936
789313164
94952136
708005715718201344
1645100227
600059631
707971108121812996
175668036
707952279257657345
699407393579364352
178345398
818897130
707731356244172800
3188591204
706160200110092288
4852905237
707528801073254400
707436515538968576
3283255406
706806583741710336
4218761178
706459008517984257
476862880
706664688075943937
707241963242651650
707218210462892032
4827397946
707102407826616322
707126346800046080
412355267
706870227644977153
4444724896
2282970858
706826151713374208
702582030970830848
706905599192117248
176402152
1960229756
4682092964
2921784758
706498440637890560
706476455815880704
4909560115
835222903
706409640460857344
705313338117464064
4659463112
705369090299269120
3319757180
706146825426722817
2413011390
706120271124520960
4683332522
706094914946248704
706072356737843200
132862484
188254500
448696836
705997418307960832
4498562003
4779153835
2513145560
103834642
4743973345
4834548198
705727763282460673
3063231649
4917854284
2575371594
705690617284857856
4887093470
755492834
4910038968
704943766763921408
705442109206237184
696188750016065536
705341778870865920
705065248768729088
4243970277
702883021465124864
4612478713
705070978351525888
4411994657
4789055478
3243496111
81902562
2548415772
2809735020
1315702622
704922516243030016
704960773471150082
704871331406311425
703273026314309632
3271096160
2483466940
4862623760
4905717323
704578511990824960
702724272645472256
79666040
1354038925
703647551598137345
1730838294
36261321
4357916774
4839142861
4887953091
702301017585520640
704206642552786946
2261570382
1354477225
703950583091171328
4863664890
703648058597183488
1356949196
3023595312
700958743345782784
703814994354253824
701073178609594368
703812788553121796
703649758448119809
4454939295
703750131242369025
2885159850
703423413235294209
703605199319883776
4187925958
703512148513673216
703298904444575744
2911727269
1281467448
2280662628
4233448879
703165959863840768
4872533104
2999211620
3104466742
4854901394
702046289588948992
702905933672755200
702882447076102144
4808730198
2847107166
16723753
702838370993627137
4145039772
702406963360092160
3245961637
701849675213582336
702536325321216001
702466865063276544
4848883077
702470922481995777
145989331
702435699178475520
3282567680
118018519
2436906638
4921934532
4631164457
3692776572
46643088
701080092563275776
4848674397
4916084114
3225292628
219933813
4548122720
4664991973
1592538883
700588541823160320
199455783
2915873899
701306469581459456
4918647076
701674914948886532
373430366
700981983111987200
4922968144
2456168544
4747844352
4905061645
700769236080156672
700613464012623872
3187838502
2738732560
701308525574639617
3317939474
700989263329030144
701110909410758656
701039955502497792
700966695217672192
700648804005994496
531996656
700994747238715392
700893229638504448
700922386766438401
1334254027
700907377265139712
4531256908
2558324526
700747391117307904
2503365757
700587805576028160
4925782819
700579798540652544
4921817048
2814950896
1205692412
4461991333
4887068427
579626233
216770659
4447483695
4922206897
3722178020
4907757534
4921843813
4844089813
3194299412
4905125058
4904567613
4918835663
4159073538
4907167362
4879542717
2371609640
2481963746
4820974514
4600627595
698780224226467840
4900738310
4915145509
4914612920
4852158973
4916542852
209448068
4912179800
4244557994
4909440198
4911714950
4880974219
3181442779
4910835366
4708336682
4910298248
4551962056
3265840266
1947221113
2236540586
697456994064551936
299958809
4897839174
4296449180
362487006
4905601076
105109271
4902480613
337094484
4848131859
3257987700
4824078573
4848566094
4904164433
4629127994
4483728019
4900087280
4847341197
4901850826
2673693350
405061122
4890686521
697490254480035840
4886388078
4852317260
697968995094425600
321873722
697833797132234752
4892861424
4893113778
4893242178
4888743861
4591488674
2241038264
4892136097
4454877684
4891273002
697351537895419905
421932391
4895461209
4887891914
4887851558
4730956632
4894469715
696636272882950144
2380156914
4888927270
4886326088
118355447
2398768734
4747305500
4885877071
4854658019
4612889774
4884122311
4892208573
4891830700
4872208892
3200229579
4708838784
2998138255
4854591858
4722374798
696360936043466753
4741698301
4874712578
1148421565
1852224896
4773775696
2993786689
4756010780
3900349212
4787416628
4852662571
4743917352
4497050653
976918782
4876428917
4882611682
695575043783307264
4881712047
4881536573
768011664
4857267240
4858245774
4757829333
4880233671
2351299428
4880253111
1266251216
695571497063059456
3075056269
4194217994
3023879281
4856171823
2915640361
795945762
3171367304
4858772893
3358762152
4859853409
4859448661
4854687079
4857688897
4875666945
4843234512
3314551280
2908958509
4855608108
4451504058
70063798
4611292512
4666942934
4671401468
1603470433
4841625779
4221605773
4429277832
4688692040
3297358142
4872483287
4850566860
4872223858
4859792549
4831090813
4499433695
4802116963
2319073238
470899474
2489852689
3070018279
3185401016
3278087377
4810187288
4840672099
4840084160
4839799086
4784898938
2352814483
2288490336
2257434743
4836360674
4835343588
351838769
1910312558
4210442832
4835833580
4798948274
4825614242
1504389991
4835394625
4527543198
4778371440
4834151593
4863024442
3314397656
1559623855
4718615274
3326172218
4831332643
1307353358
4772108815
1059726110
4830215234
4756589689
1874878398
4524320194
4859384807
4859112719
4824198450
3246922460
4768723800
4826396522
49566776
4817326904
2532129314
4220646073
3679963692
4824853748
4852977748
107026807
2597754078
4856042499
4848792010
3276258408
2989363467
4820728152
4817726262
1612437961
3008066318
4852626694
4852347010
4849588397
4817897659
4817672113
4758271716
4849040325
3265981075
3224295366
1926788498
621208773
4811317814
4834405792
3317716598
145109490
439849332
2995938612
105751383
4788660552
4708012916
379530273
367806066
2300208872
4075157839
4471001188
4393748358
1685564419
4044129635
123332496
4785664354
170985512
3294337831
2300877751
4671106254
135098069
278653586
312573323
90418217
4581232467
2991421599
504039272
4548941473
3311688319
4782249525
4773326330
3306809156
2241814668
4819688783
2601594542
4754275154
3793213100
4811399303
4716264948
4586182096
3419575893
4622892132
608079355
70672612
3788784854
4632216512
4763401140
719305354
3008901613
4744742827
231548194
3284376102
22949322
227675299
3446860153
3278123365
438398173
3254036474
4738519815
2703153229
4621107279
2592352806
914415138
4673077292
452086640
4739844554
3941621478
233887674
4709516311
4739028135
3318767732
2155289382
2841060140
4061809127
3260117672
3114517465
4697375228
3189718237
4361595563
4727627180
4439963533
4678914205
2371908518
4734782357
4539419232
185939336
2956255494
4671215546
4702130928
3712545379
231051831
4167658765
1309544431
3258651841
98652387
2935102088
4708742479
4671577152
4498648932
100213570
3903889400
2912991236
3256403346
4277096059
2928817742
1707174932
3394018154
4692413712
189724733
4516694367
1189370263
4666931293
4693583522
4543436809
301933801
4388415132
1601800266
3323650405
4608837860
4302202454
4478567253
4125237019
925867807
3166163682
4529063174
3801155473
2571289272
1878360654
4637350488
336931000
4668171804
2390348268
4668169592
2988407900
4665530412
4594356852
1263282072
2741824784
3219816948
528483112
483151651
3545960665
2915345454
2299007192
3377535808
101459819
3550033400
4188062232
4622525713
3658233680
4591570394
854947790
3147904314
3185925176
1605960062
1870276111
4619398452
4632544290
1159230427
4442559440
4554961034
3024577632
4430971814
4281926774
4627295592
3900153974
3086879996
2827626966
398719893
2414112837
2703732331
4531677556
824635945
4565579292
3259640850
4601723012
2990894834
453128997
4408485134
4592998272
1908202008
449924969
4557787932
2645818706
4334875334
2201037296
3300821888
4509587412
4535005394
4538946739
1046374634
2888879882
4513765692
2390740814
4514383182
4328581774
4022595014
259927538
3423187273
1870258736
4400949193
116408473
3238306679
4498011734
4530271514
4496207292
2522870942
4311103285
4357230377
133130219
3321035942
1541333490
2593177909
335697354
4416865341
44838766
3197306042
4406175135
775646892
4413278975
3379971074
155428494
4339299634
4372032328
1664199158
4483982173
178231439
2421663972
3814106532
4186468235
2795487487
3989013552
3023295012
2281835444
4363577233
864343831
3304129202
3328845024
3361956014
3301330671
4374881842
4379828434
1475369552
2706330853
376161382
3223262731
4155261254
1667897472
2957286403
804234223
4228583860
3073369052
4418911214
4088670860
3866937312
1634717462
4252412113
197025688
439079991
2549529716
2909584105
4346779032
2781879907
4270848863
2389409016
3212735381
1652261402
3237896258
4184033661
3186056474
4083031153
3216160307
2904048240
2250147445
2737424839
4358172452
2441299136
2346507008
3949377554
3277229539
4352395634
3230567904
4251161729
3186247489
95388426
193603629
4059593883
3329103180
4301016086
828563366
4318499474
3227746712
4301703559
2905363550
3506102353
4031051777
4239714376
833363024
1571240240
931260588
42197010
775041498
4297465214
3919279874
4036107860
2473971205
3299448931
2189964091
4145880554
611583127
178624798
4235193312
4164705552
3316665702
4179375147
4203778035
3947735114
4257621798
345947118
3221954094
3585455953
101848800
4022061874
4236626414
4172232016
3573677592
887349188
429648767
72932202
3307117592
4224999613
3235207874
3322485746
3080269634
1314654314
2748857461
4136025423
3283050122
120514690
2813282824
436630571
1925874847
2961272382
3533902452
4178889937
4037593160
2957016324
136492738
2848438347
4001122873
4169966898
2999487660
3627248474
1452054422
2302347307
81523748
207972934
1937078016
2930896098
4132176379
2311718335
3350806689
2398071829
76259150
2989352837
3772303514
3649639092
4096679424
3077950123
2295490392
2920085742
3750286512
775061238
4010414419
3386731203
2724393324
440832927
3683341754
3383223552
779482363
2322625460
2422311116
3300241638
3988773973
2782125613
2811660146
1549462297
88143080
28961177
3988265300
3192262236
1577849324
3876542173
3277694106
2445316236
44539361
949167829
3310240006
495850375
3026751372
3306047622
2852638225
1427434610
3858612140
380455570
1346792922
3478218673
393484700
1390030838
3861540203
602017523
3408033465
554402260
327839487
3942881654
2344853024
2588317168
1946235703
1073145314
103471478
3671012593
3914471415
4030531498
3167247211
509160635
3982105933
3884796879
3803092107
2929314404
2591510054
3188114869
3047271994
4002998476
988191528
524188318
1371805922
3257927209
3936395413
3933074414
3901485260
3706280652
275814320
3776406378
3923122949
86517416
3854577372
3225902058
3261120324
2172822799
391354039
1719545815
3909718880
3213656103
3944745496
95586869
487561404
1894034672
2953702838
2411058348
3580283233
3760261520
3052482150
3149597220
3197712780
315790296
42906143
3690923005
1341183458
3877486400
2338705128
3870184453
3848619132
3892789516
3816699133
782140596
557538968
1509831067
3571958293
3873126508
3562697532
3691399334
2801431869
1187417732
3917486649
3024744133
1607382380
3788895194
3892877374
3583916834
3131359927
3146220758
2365506403
3188451002
3182438713
3646073234
563896772
2587177506
3245440705
3554809639
1546773145
3760656494
258409783
2421041893
3062901428
3194410081
3590185154
124810844
3180670387
2350112610
3284832944
3254808630
3705256993
20429845
3261563012
61524466
2855035464
3674208841
1832025644
2685134142
3559013533
3241371579
3226204232
1734073676
2672771750
3187432682
3179443116
82640602
2826733663
3179572855
2993361559
383827543
3712390693
2211338359
780180024
2733090159
3306628682
364205893
3318999074
2568519554
475650553
3625880113
3558110833
3604453812
3305135304
3107572909
3113865616
169053853
166421952
588781466
1480024512
3165721676
3224857585
3603970692
2240420072
2402940054
3307493197
3515013134
212498477
329578573
3480099134
1169540732
3666875248
2927144161
3171828793
1322045690
3659305216
3283413246
3394889004
1084225736
3443667193
113989970
3499865594
477763395
3399075372
1860340124
3524270533
988855537
3028536608
472795337
147433510
3299499542
1964245147
371162234
101531742
3180913699
3423278894
3271382298
211418887
3381524478
173120914
3435860412
3271698254
88354008
1399044073
1041379578
130806967
2832887899
2840925633
3153034135
3222930349
3151838346
112632334
3140586367
3329501894
3368023819
847177278
208018452
2305427380
3292391377
3289367810
3059402744
2881283184
3233712498
3196156044
3334980138
3310896619
2905046911
3251597552
2652239918
2780436781
3055672006
3318602605
599381676
3306472158
2997970968
583705637
2989399887
84317780
584152700
2745294885
1681180057
3191616440
3315739674
90128921
1699556377
1527579890
3230003706
3315301856
3315529866
3280226683
2840744388
3313609621
3313503547
3117245089
3312987398
3185872574
3312432337
2902963525
3311246618
1537352976
2286099055
3405986333
2202654654
3381643767
3023362254
2985274368
3304714092
2370257766
2612786141
2984416891
2265595615
3105953646
270511587
95874020
3305030064
3192852008
3247479872
3001556238
3189511398
3230980908
3299393329
2240377530
3275099750
3300620256
3279439722
3285325712
2557059865
2302965216
724138554
949415702
48279720
2260920757
3261498716
182343828
2958533906
3249813880
3286267699
512854610
3283297555
3385430345
3270834338
3251286380
3285067759
3270236400
3161858406
1327033765
100762207
3248783533
2286388800
3283163460
1881822662
586328623
2503729356
1694410051
3136928401
1926916658
3257704224
3145044794
3278159425
3274236878
3271908972
133066280
3233590338
3275274000
286265679
125044254
70622966
2538970826
3271292239
2974748786
3258623149
607406741
356148473
3266760102
1724793331
108629253
2914940288
2933789676
2477973056
1473871016
540587274
2879653662
3248377171
2912478163
69581222
3255447002
3256486458
3255691028
101194270
3253213766
2512080504
365398076
2249724425
17800259
2297737422
2185516994
2963693655
3162822594
713994740
3249567216
3195879949
493061509
3239232866
3223307779
1694715246
3146502693
3243243673
3244973114
3186822817
3140519880
3241834748
2998622461
2386826670
3239336040
3239119136
183178407
489761473
2281694011
2740782023
474210873
3235492087
3219288571
473095250
3087920864
153310902
191376204
1570963722
3231855930
361860153
3231350713
1543608470
1680834506
53864882
2541058687
3187993506
2294229786
3180672398
368168169
1159580990
112492891
327802605
1263462908
3222354325
113121369
1548792199
103829577
1012662494
3112969670
2374999723
3033942134
453131984
2430225439
1741967130
115332967
3131834485
316968882
3151836715
1924888531
1153045459
78341272
3193756002
166759066
709213762
2371589437
2910878312
358181593
2864940414
2843920903
3187587781
2894862019
379687976
254495510
1962075577
728009767
64356811
3013331412
77502495
464509821
2631415817
1511295404
30813838
300066686
1709339100
3166417120
117344439
3019541012
835817239
1917118819
135485344
442081754
1595821177
2307712298
1344536893
201865439
2902612615
3025754858
1339533500
454073608
1243360154
3116602872
2901268644
2895212251
2530041517
2913687632
3081339773
1481514968
3077283786
59696796
1590354558
2772269564
3076082735
1260184615
2613203444
3047013572
2824381915
2532766824
58366815
1367063252
2293337948
2446450823
401864280
53313935
315332008
2472278281
432600272
594010733
357423200
245004700
2709550645
392608775
2906268164
1888789404
86663727
22796933
2955471852
362973399
1586941129
2704784948
310980375
1845527317
454092460
106373996
2636826109
992983208
50943008
1002041310
135420706
2720012252
1239039422
2226833870
2902261531
76822156
2512012093
2892300697
1607660124
2658878850
521494067
742392188
