24277551
783773203348856832
2718416643
788759365859835906
14854462
563521409
327352958
23967578
981436356
797481078097321984
904595618697445376
2928499265
181561668
239962082
971292625
46337481
1630454640
735454015237021696
2960852121
4563851416
53853197
441115772
1405897886
839176656992489472
900835293464539136
816412233488015360
1250904769
994566942827728896
217779383
346609028
43619309
326877918
224434482
980500852938100736
263426384
70807072
986704444506148870
971873802329063424
1618878499
2805820777
2699105311
879093041423953920
175198393
912359571947085824
2757131393
210877462
375712390
1917958225
4634559797
792182745942233089
772246815001473024
283769757
378961872
862816996043493376
3291100153
33360586
99861022
556366535
381648806
546418465
1646882906
92860137
605034397
95099780
1146816966
2562383910
28471026
2163267319
2879910926
69554907
342151809
62203990
40350938
164336339
955164479783866373
722251844370767872
2956308807
211883372
1490869544
243293488
780580908340346882
50811932
4889963682
23027237
3814280663
243474622
3084613955
4828348279
246388695
832900488
66304009
437481671
224423919
2455051788
814427533
241238443
3513653416
845727470477230080
611530226
2203938523
330471388
238194849
80294798
91715392
30305334
4591845132
3164457861
74580436
1011363691
2647114338
373171313
353321447
264945581
1500254125
311015306
344516527
160659919
316213826
613599344
2414877469
69199034
1912444802
4323629608
247507828
96834694
842286952611233792
861350356344864769
881610071062478850
45075159
287900029
1790997348
3119977438
57204067
369944512
18220175
3423040911
179104399
312418253
724438022
45136578
117590126
877012122185736192
292062486
238687719
277589871
2977485496
843997785653493760
872640258277376003
3309504911
45224275
2559412781
3698573189
2911651165
14221917
218610650
1250732774
966729216
811322480
778027752846876672
441315620
40056590
33995409
1195444962
862395778765131777
3277891994
21166967
2750397244
85661282
2740318209
142440615
743346009380577281
712110328687890432
58051218
17878322
139141000
3131339153
1003415402
2170298818
319724927
2766005771
2768925357
108701392
729469826905849858
420744603
2590370142
4394077034
4330113741
63555302
68883633
2624267597
2956650389
321719462
32501175
1587217921
416814339
215822553
865993733874921472
703438903974334464
875500044304175104
2751461283
53129856
1020383864
732350574725877763
2906832379
3282859598
282288426
262715431
236183483
42420461
331994960
828443246523215872
813805661045878785
258230080
816443510597554178
2988487593
31458109
3142408791
432821120
1586339689
65558795
1491982886
258403758
3413682976
101263750
1080336595
433887068
3069144951
16490974
780454154959523840
360376018
705098237276004352
4696514671
1009862066
313738995
4440714573
831829000297316353
337403451
930801811
190783498
3224582100
1262362092
324728589
2147535404
97089436
1417977462
298142057
228806346
27462451
1856236507
2890380572
2314678426
1532736054
2961434373
1024185637
713022680400859137
300633522
1377948416
2574827976
135019364
290254668
3391413947
381847574
156617134
2537955615
2409915434
783218231490121728
55103348
838219440491802624
737904216950382592
2347709413
354972754
806961671646441472
15573174
716719777373405185
43161935
30155974
1386294020
27348403
4734454882
239584828
1355553866
26622137
324773245
2150021390
353029369
221458932
741614098421518336
37118989
309909980
283152866
785091372
38536306
96094178
222459888
22147031
182932654
1449914580
226000347
377662561
354714398
2319851724
799406173
2708281279
192189178
247488254
563882915
716459367655219200
153628042
760555058509471744
401469659
225611014
3409165702
205989798
294490902
489994671
731075317125787648
4386971243
2147856803
2415622607
16827333
766151347443990528
182929690
2210552733
221866671
383215227
305967569
3547775241
757499160
3086084659
27372490
2201664924
1713353840
78738095
3367714714
262942469
1852736035
241617516
327754236
317349225
379104646
1870134391
781657479063146496
596607831
1105124196
789831601039544320
1155455185
752214194901180416
32013543
238601194
857002086
2953657557
17883546
426231415
1283657064
780525768476614656
106767053
718077560958136320
1311162397
285527638
235697195
811056492
66911799
38521808
4438040416
751122052095021056
738116554907373568
4634154079
4344527009
77907154
4321801409
308218271
708673135474769920
1870041656
514845471
1357482769
176111028
96565056
369789833
2560189905
4386774916
260114837
742959020047278080
63760107
2614015421
4593171695
4459665706
4543008683
2283860909
765241802215583744
1616325128
348804580
3004231
2989090528
2244014547
763817991159111682
705739560605638656
243902634
1082032615
2979125393
206420983
308859815
188020898
3374276686
324625385
1858551074
2935659299
43468424
2429615017
301764377
502353598
1901812525
3022889996
71972720
1969616209
2586506401
1477753268
4694108606
2653901481
26930534
373458345
275167527
1463880866
2566974744
320838058
334472893
3604527856
184345658
231354340
23489663
2588754918
2457027366
2224897906
738146026301726722
241369937
190096357
2154977079
196849902
4349621839
730563403975163904
283065241
53593196
419550715
2266859782
2456872884
732720874227441664
27810806
155789220
708371076594671616
334773568
2463968678
2879977485
3497008275
1454879724
1666082089
263403392
729321137780477953
2290492901
243162131
313712303
1593970471
77619702
3418642701
1621650390
700964610677944320
2971665441
2592175655
4669486393
1239833718
4875556876
718358126618099712
45090120
890891
72926692
4123137640
1544739343
320070739
118132946
325302607
271187247
2154928142
293256224
2903123406
827487002
121878917
195329879
711266084037337088
245465946
378321600
273745164
506553018
286856604
539063317
2708457250
4153089873
107852923
273065836
4915853461
256407457
1072026410
25638291
914545184
238275856
2884041183
3101645878
2393971738
354229412
277263973
118247024
98746727
94844786
1210260259
389208282
46949750
317354315
1656584563
255169693
385104349
35062209
264192969
292677379
3381242710
4923842807
238763290
509114393
1939503006
137592851
31212366
810175388
247496032
39111413
1438571083
322395158
2863277781
282248428
1020995658
266367864
160749718
2659663306
512501834
3105665699
4840407311
1689692046
319337709
291375101
1240543074
944939923
240441113
563321072
211292103
2879183974
3471229281
24036264
3234394501
238491689
3303688016
1526301716
3220234805
241306820
2236502556
87089619
331140187
1924859558
1705077812
4641364944
1649248914
148605342
1699610856
731706770
516183917
2524199248
1629438205
2979200620
162590727
301984942
3849123436
485370684
704308422
293044997
35556383
2214099863
197801521
1553417028
319192302
164133456
542356006
202900973
2220623903
3988602478
375800267
167987831
374230689
4439175437
2781215930
230035576
2238836746
124881577
359805562
901332763
2488869690
497534979
2175832337
223692286
101231778
30918475
3838057653
979054471
4245424588
163553323
3241168935
206986880
2331100598
521708712
1590148370
302909595
1599608046
183906888
43641364
3779865733
62705853
268018388
29628029
131991803
3795097938
251945679
36810155
3128024860
324408815
1849932722
134290099
383989709
4004855241
4009227028
935554220
35624987
404485686
2583274570
3906065312
3951752847
71475065
238841133
3704053212
70295677
1146481297
2802283566
37217023
860002934
2234918188
408119509
1371968030
158961891
2928949290
212334570
727418028
3795118283
89867492
734003136
266925697
263895892
1029187135
84169171
258211052
2361808490
2853754328
410473869
307217414
377648552
176712234
2987976520
315969921
1244295488
392483840
247503017
1862597198
2661073812
3291212095
167276036
3125581648
1708393087
45967039
101989598
220796524
3306398252
2236818094
3389762807
3000373263
282127914
2828680338
3299742744
61047667
74205591
234221361
307495882
146210149
63058433
51742969
51404605
274716527
2222012407
30695352
927285830
463256612
40371116
2333078358
86977262
226010118
783214
360274134
1720977438
2562946666
40927173
291941608
2147620341
21728529
130611941
123093705
924645458
522045250
155745063
342762842
2809552221
1013286469
908785447
265701206
473274829
35233049
232023060
204551085
70634190
3309758123
26994902
299946913
1252743511
3297163270
3246876093
2203941124
2991475218
583204110
2870072722
133065564
46188012
595179319
3130797591
2700930091
536829204
1536791610
1317908544
621956389
2944148160
2337148561
1909767806
498177610
46092587
1527561198
391844336
127083925
436721105
2243366909
187648155
2504621990
469764624
174889139
52230951
171397821
34609754
915370590
3158151803
2723369939
2558368681
347421164
2526010518
3222427534
1264788474
154713794
2884594185
2718375111
305379767
134325815
387226900
2857125258
3175380405
279523364
343092917
53804466
2217952781
1831680080
845012778
230513790
284441324
231669409
359230634
1654159152
3043588585
50415731
2866201111
3141881723
2866012127
327619630
28449826
291495767
2625513556
19077044
2926354257
2610261428
346281074
71346696
552326182
236618305
317216496
322446237
248845256
361441223
261460371
2757589367
3007983431
353812009
39674933
159371040
154280902
3011872460
2158092706
3060115847
2439406710
277133392
3000352259
224711509
255553750
19031922
3054445507
286742737
2757784373
11912362
1860850952
139738370
1029241885
22068704
2436363710
238813297
83718831
2608666056
33090235
1649633971
747742608
328679694
319296644
348115513
2419181172
50323173
186160507
29648337
322352701
2471726034
1040131626
314758728
204222439
390510034
243404874
1472983902
2872405161
2609647929
325732096
81735777
2564630429
547152058
311065760
324764656
544553362
1689388573
1222609430
183830838
2720425655
476369928
293613745
2463783795
296120111
2929033522
461539593
1578929582
524425579
2845329451
2918684831
26074905
3035832868
104599574
2494485710
2987085544
2858583813
3025251610
18949998
2674925172
45057565
2198996547
3018859198
239180135
38738040
268582907
604191349
314868841
212613696
2940853001
3001399091
317829443
353423145
2961650738
231694017
519500035
389484583
349328218
1557315432
2985197763
3002234715
2972019874
2914955771
147254851
99475247
408105857
219531140
2578741027
469520128
83461869
385734008
2994759135
181826960
583184158
2918206810
2636483625
29505402
367919342
201467410
187069032
402951768
322688890
1107501518
29821943
24393384
81009541
328694978
2492078598
316408967
256883252
2882327669
1684851559
49790019
348497384
1084036514
1498627194
380730306
256500751
708228551
822215673812119553
30313925
501500994
393048722
185866587
269366040
34781780
337355235
2896574633
2958795550
2962709859
2880028896
1918007479
27122577
1449854466
28404637
2881003025
2218349235
2873122887
330550339
2395428638
635053388
2418377029
320969368
121159979
1604281976
396833121
1925476201
189592411
67975632
1582853809
2159225258
2940517599
2167142502
208327977
2242509907
2575565654
2913633307
2772991215
325299668
316268080
240511480
1063734727
103334339
2748395021
63256752
2407859877
335792796
70471607
82161854
312951561
55905874
13049362
311245302
1175812248
583451622
18676369
42513485
603970819
332590398
366219026
1390643306
2724814279
236094862
2914813497
419550975
2900607326
2770008725
31473287
2712134615
308208545
119138196
843112550
349584256
1669575696
2321485046
2681585249
328045498
236054682
113454984
346232745
583496526
191618930
247817605
24380224
497306633
47539586
1195527025
390958311
1083821466
136915668
898811443
248911424
102249974
459873042
2704956432
2359741130
2890201480
368046768
311546727
2737094350
216516987
308146041
378325163
335501334
2391308402
292053125
2859029495
1308639534
805744532
359158458
516435796
2821358114
1711129620
176109764
2800380603
204587631
230613531
25932445
2851700902
235824526
2796483497
230478870
28431686
2843756283
335652672
1031503212
2864897626
266097566
354518020
2237578887
178593972
94935231
327197752
373947359
2174036663
2717689816
352635673
38057995
336021547
2864126297
398411936
174816917
2296435065
2148044480
2192209131
327504050
2784351497
353094212
1872388657
624731200
2276073502
105515959
2694145743
305911626
261953683
701732472
45786304
2210640043
452599422
997741675
2566029628
284773002
18182384
1359461688
136107849
63301333
78046047
319922771
1641811057
1604919882
1672121700
2865400981
222880972
2858298126
302039092
520013555
87608871
2829795712
49871885
35150555
549781491
1152892278
2526367293
338495238
2296201279
182470051
2798100977
2681838400
235836378
230601635
33138746
2795038479
26876865
38556900
284697549
40685408
2745197710
1624304755
2183621775
1087366416
235602557
209386374
705918896
1554193328
238787277
1043088458
128742301
26514378
55435930
240095548
257806348
249308895
58665562
218281687
47034417
16180874
343091944
207753746
466848752
448349356
2767677257
46017486
244369070
497016413
182122957
735079856
336823110
195106536
148090299
343152892
338703345
1347870074
322361992
56821465
1873935450
246068837
335093277
2305527660
199882137
618188763
2759975273
72166542
336702424
278809792
2784923600
1490187282
199905787
401781673
2214508550
231642487
249242814
92583751
229310972
2597498814
2577445704
561471438
395703372
351867265
448151199
2594142181
313671921
237905196
372065867
2245644700
235811134
314301012
2279787625
351932605
2290413098
280754837
2655788514
2425231
1573823401
1796804467
409637023
34178172
2193607094
203761879
85945787
2259459103
361464796
374209360
127621602
2159088588
2604017857
1302271470
2745961948
2578215211
99188558
57733345
70449616
157078569
335332917
233224468
138524590
150066957
2743576425
996224714
536696400
362559925
240919059
349142995
220783675
242972835
162179712
1370712786
1400699976
192649132
41362828
239040699
2224412345
129687101
1377457478
16887175
1340809285
2369478121
2692502764
235252856
2171333554
1087492124
2579518075
2705513471
26856799
373097175
38327965
918346674
2737728988
1674570564
2729684871
195991883
53120768
2532983607
1873118820
207426991
402446766
72639160
2493796567
2335455906
105332206
1064193536
581312437
240734425
602280057
813286
2307487273
253018062
326277950
934415504
2616508320
400291384
16638685
497511041
2491547474
2189288271
1011986790
2475139904
2581341073
2598378504
323562441
21129269
291925050
369788146
2170734661
1584742680
2684025110
549510165
486804898
430369441
361333614
414807569
1148320470
521669982
1421767806
25110374
1072343664
2257874996
1611411944
234131174
929017788
2668616718
2548248386
35467542
347853705
216192247
1631568757
168742394
234625576
242979147
339071229
455021083
248384539
243188881
127245578
715998941
1489029613
233016821
485185324
312230865
451031575
340511349
2696332288
2608699519
1680886062
150897771
83954938
2342053245
1269865106
1441277071
2432924767
29871209
2442858670
178642197
2429724311
258581683
2573513335
1221828786
332502199
845887314
629097517
233646938
2682456059
748137168
2352259565
261898250
269661382
323969185
62437098
451605255
44258197
1069691569
191624067
234820924
1155665250
248324850
2246431739
2545714621
2622653776
2657352082
2289519644
65979500
238319766
2647811267
1017689406
323615536
325950872
100240500
2620802991
2434808287
32688098
2589623742
328829424
2384294521
2499264534
99610561
2622154079
2490118974
233422366
199943491
1682522179
397006714
1895416321
2577245215
64019328
788110982
1529118006
776878206
2561538925
2562263873
2424404328
2546482840
352729718
525060895
236562589
67981305
112921153
1187980818
2324625528
410451474
310297892
1081666544
2584649110
1022941448
88287364
524174293
476199422
1870169947
909476018
2178611833
2304969529
74466455
1290052332
1327906134
2415241206
38650399
249527815
1637123371
2204940076
395637033
19678728
1076205240
1033187162
64935407
42438078
267749924
2264031622
703751091
147773888
2487821744
492742350
2599195523
1624405944
2345784527
182908902
765870560
624944994
47754614
2442559101
231805608
315003554
119936964
37710752
1379614867
1520006918
2544290467
1634619494
326024257
1549443258
367793020
2514651557
561684253
19688173
750012757
2387674987
1455653780
1623772795
1199245453
2319756674
2286971050
946770918
458189726
1463291245
2158121408
2574689199
395639817
612888476
139881477
337206772
2372083486
1571511138
180418231
853654272
364038219
306265254
23702397
162041294
299762173
700553910
754195603
1252729556
29504832
1734406626
18278629
2568002333
235817941
190074321
2384610955
57331847
339831987
266356383
225857884
2520992396
16331010
93793191
377723724
609045383
2514756440
61882410
2263196432
97807172
2432716338
24438006
382122660
307087461
2151026217
81192723
113510080
1558551559
275234452
318755008
253015481
79293791
253015148
1653509359
92525092
30573855
335634841
161688826
380133038
27318548
66558985
2259230877
498166810
1544908350
2342435296
2518570683
27531031
110258283
146483486
62583537
1183410254
1463217606
1695087570
2467814162
179618756
383047959
2507354380
2509315390
75176017
267288159
2455795381
193148679
254665553
451216027
308158110
2273330413
176604705
295988810
714785050
465023382
470316110
158531599
961724160
2372798065
91632514
289793787
326447325
2166010323
2258949430
544411128
484309024
369097671
355365991
384656537
241620746
324684184
236927486
2167258963
1263391285
365711765
57480385
1721089218
35321681
356376266
23255082
2470717809
930155406
459638998
249912843
2393746088
2470237161
36512435
315195865
430366473
1740210266
325286179
552265244
51920455
49976335
240905369
2423236147
217858887
1593705542
326179981
250782599
2275104393
2231324032
2374568272
446696686
340048249
365293729
348902441
12873152
45718676
268136460
603852496
223204990
532372076
718364395
206861470
42241996
254764204
1586180318
636554532
2291942835
305873573
128965727
336653893
289664268
219480386
900579920
236211126
1263173904
303302296
606669917
43912591
1332955742
2275888305
246584864
491751028
266357468
47501594
462902094
2393623748
28862033
373752399
1922391546
1090659427
1134900624
2202306426
403107832
143957384
201832370
1290006464
2369890656
442221213
483869084
2381053179
333132006
200290917
46857226
2383183810
262908643
190094304
150832440
283282174
718013615
1685297856
2374051680
2312270635
737968710
387379210
216259988
462487731
321577980
1374604952
2271272677
57390220
186106494
434507002
174736922
308641842
327489191
229663753
550194764
71303335
355271458
125394603
224751769
1134126919
66164211
2306884499
1651613419
1066475869
231117931
540439251
414919754
300501673
1025587951
168839883
191722707
1391031366
2351798670
338084918
1654432890
457878002
1045849016
46752435
303497631
336295847
414304175
68443320
1184481584
61650920
408232295
239137412
297093334
277784561
1016021178
357805624
1631077796
22123525
248463030
1902791773
82170958
296521428
398365450
1319639306
350505261
297116229
311012454
1709031583
309447700
1222637689
370927678
1059157682
1115569285
193910851
1129386732
1668750318
199854295
703065046
356925758
186269508
2181518536
2327641159
426156286
133524177
324716781
258521908
1042914816
230015903
67694236
1609153357
787560290
576850514
950649187
2195366857
450928199
245664932
472702212
205402019
189790685
382755335
182902009
183827263
71331350
181054521
1604750840
446380225
337695972
1730412992
208147483
2243724699
1414304113
277623646
1837158433
37971298
232462838
2151575776
720079043
2295729066
775203908
256589122
317299766
61688304
359407637
18381396
79264025
109910925
2302716189
334107965
262197540
2275267715
237034432
358562339
51936564
37766388
265220832
1384703694
1281933559
193352238
264216035
371991950
286491537
201604500
340067115
2290717347
2200823733
1053985218
156760899
129099762
261774052
804006032
345174959
536649400
284866632
331959956
440961744
345136238
423501586
291294747
237490438
182588200
237031671
181416674
279345159
116629856
68569954
68460640
247033708
61347447
282979971
1605060145
176321088
460621540
38511397
183252326
303303224
241746716
303496310
2274018895
90764936
37338814
65554191
42998331
162869667
20322929
15896072
218245812
77375115
220147205
2172581972
2250740914
586671909
69200297
152123633
1076849550
264468667
327456525
295231807
1305995330
2184354129
231250676
1586959381
240978913
231965519
95023423
156132825
394185825
356825060
2235630959
184534806
596718008
22313482
19942991
2237306254
21884175
18146731
582037555
1268404226
1426972278
2251146217
18369812
580248887
16926413
219088427
412755195
701442730
1684359186
392488900
232292870
165937251
271650284
1729751352
126844266
1227692376
2166123312
30757342
251576727
14787713
707289682
322211378
1907666761
249906541
395029741
1942304244
206055078
1918319468
161093300
283605090
233089087
350705910
63053375
265510868
34119949
287414093
70742644
239579517
323262816
331984073
237511412
1730278981
316536764
1724428495
118630749
531723293
1727134495
1689197976
282823679
20177956
161498839
317997329
895938547
1491011365
244996697
14629315
45453237
201489951
222505818
731994554
211681532
131023393
20692364
25723212
247423407
462561888
515980805
328267907
1649397054
274210103
1317527652
268647941
45556318
1649334901
321141747
197295387
295930496
410463796
187302894
1651461644
402257289
1478704129
270893094
64058415
298862233
948811464
231857402
19923144
230581144
253308194
76255931
51886015
1027355154
153638632
62351417
342307040
763391052
314350452
232287459
203985879
1365414193
237147973
26257166
434545375
59283767
327224821
21040811
226738053
330103116
237354967
244226578
224076335
275751276
788520590
1589481925
65049150
312370642
39381798
203671758
480793614
250081479
347593668
785448961
144062346
325560313
46978000
352605327
598795421
200963369
278131649
1612401120
801281178
2557521
173007035
1396161031
1110015714
40649207
29655522
292736511
236716829
624077044
315389623
323447725
118489227
577860219
23976874
332297951
333672095
227154111
58990405
437969818
286504200
393634221
285135578
175229321
360195016
232033044
446619796
1523721414
238416729
42739113
190837875
182506131
1059194370
324192763
912851130
50169621
349208385
322325818
405254513
90114686
248817704
862580828
447293354
165631322
1492182355
189399746
1447813999
129949029
93875139
31597419
307981824
379940999
266346005
115210615
239487106
248318948
238853581
68294751
291991969
259525989
346862677
278129689
233208859
248937180
1542394050
107837484
238324459
54387996
953896225
344900937
44713318
46978776
241172986
299881756
291438698
264810275
228221990
139827019
240460954
52916339
323875831
237981693
438754234
1348063034
279108745
336023387
332105678
164597412
238150616
1317668568
236565223
317267993
92851804
752450304
30583936
152759372
375849149
278277265
190122269
1214346157
1558612650
76840983
143153697
231975312
1249998265
236545548
33505252
363251447
60652437
1075630789
246126572
223857241
83703474
355564810
41898553
174410556
139810866
237051733
237586814
302019211
1377894486
1529454068
166955434
1247709260
1528837884
1090084764
913325042
238666316
248407202
220742147
61970974
243340003
63317626
1347931909
262215831
198975780
233613731
9570452
31217533
129350929
236635225
31796640
1067261262
828368246
18391051
166833198
361669817
238804030
70767030
625854740
92664390
254608049
344354178
331309951
41036429
393145048
338753890
37929362
30036893
265162747
86461111
69388688
876021728
376872523
722762749
1393297333
70012082
312329963
1339279507
449443458
204523526
195943084
296521584
386664162
526421618
1002762198
727145888
217895382
627436907
253322962
35056561
23561980
173521025
233719283
279249958
55483828
337428986
57483169
393140261
147660345
235772245
95820308
408741796
70869125
746642840
373015450
184221890
1214103937
1220441046
76516687
1172553174
378163444
243441507
232040562
325542689
302833544
247517554
240051407
260455249
229972583
1029763662
144552821
107220562
276283947
78041231
208876093
148808558
174314200
350400515
165871578
416360116
221141810
229700243
63003997
230306573
43223754
185487499
60726468
87256178
1008144145
215361881
47028956
1023204612
416213667
57076310
221238317
750398924
1008165452
246655765
61229750
32011357
256251578
187386718
378360431
550497392
345697740
331068524
283308933
481554745
279108612
337889248
535710895
91646441
332408543
345187152
257176087
32649081
237480275
281379527
372609069
276598418
267351948
255754400
250178572
484172530
468753022
427950235
36171198
335117780
359030803
350998149
234567848
194286257
249405809
428503849
158518237
45032863
54130782
244369692
417302848
260994231
185756323
234985523
50801162
513813599
279151934
279812745
50978261
316428382
236046052
42400160
144636413
437919336
352588411
308075230
340450260
420716571
66646851
99642531
323057101
43363836
60609983
333974726
54440133
391843410
105895346
38966623
35252822
237044703
397261989
469068318
223362270
240882715
66857846
230979909
225850666
41608458
233723126
19279990
463874887
366246926
236253345
309267696
370969944
222246255
299429797
261308910
438638371
208519169
420817228
87594960
69205785
187088597
32603240
312157904
34258637
62585514
220837256
344959477
53234447
197269003
231177927
311528232
420774059
310287760
316480569
205507890
250385144
298681115
313953407
293210689
362267769
247143867
60443845
458023747
146347509
450874268
94632076
227724619
87311041
52866311
250176730
346973470
253227518
333034470
29496291
68201601
150060433
337190722
220494566
204629194
117457470
435306230
50184013
394590995
326798103
181639378
383218814
388609992
342992819
261270504
165635912
311717487
199912966
126516208
257973522
36140847
231176063
181755375
54288160
277841620
256759634
231554591
263988812
53087997
191301180
25542883
111103081
101934192
181044760
322718616
210367631
28886728
65790048
306849393
307715694
62929773
275287375
35077472
217128000
144884556
238704661
210523223
241965950
189774325
230465077
247405537
331291872
185844940
156383757
68339800
244098454
105199225
274118571
230923500
238772739
66917261
339379140
157465167
228452432
59947882
65937675
334161869
235716244
232191674
248825347
233363527
354699248
331324592
82505810
335922338
320529452
228765195
261783784
227737366
166311366
238661084
51263592
68091583
54708206
307087526
147752894
295928258
338105050
167882541
84385676
285798608
244700466
303291777
36124214
28035260
110216910
61491947
337084191
314213146
260402344
217281777
255299029
273071028
135690815
261849781
332002383
92921257
238730642
226773933
194854782
227530803
131153187
242209824
188642163
58926582
242542276
170622015
85176881
22199097
226787620
236586292
65501031
231637236
49847868
257968575
241975162
237391836
243818670
251280432
240486243
265547360
93736885
138411764
257190861
25843967
325892266
242176040
325946860
42820060
295012565
205368855
201534693
27638072
249158301
164851615
55744731
44470982
239186695
260750668
237474266
162219983
251843433
215091126
177445806
18139619
65517419
36821409
236109292
237034865
269817771
304774753
62971855
52849072
58338021
125129021
177332709
296009098
243765187
232673125
275344824
181869160
271003646
214124212
247342061
298556003
183821756
225817494
135523498
283203961
166747718
287408094
284405556
152053306
68038185
47694784
169996597
53709132
266808486
260843690
198010913
55845002
158934901
67628217
190085537
198025765
62992623
183886247
231567769
49549017
62432717
243287822
17560096
254043815
226325296
212919833
244815375
254321337
257095279
60976918
60500978
246435926
105368325
49024669
70526390
109428788
34718073
243471379
26441673
167160088
235655772
247821313
81767863
47662241
242507326
246611976
198030642
89867306
239228773
240848246
86113743
221252405
51565918
141975077
161043749
69034516
61383965
235785907
200750572
237532537
52189137
114894862
231228560
190438232
30821521
188606694
165624737
47457778
73670413
234507339
228208283
180223692
97991109
38283502
84169706
89107155
206973956
229648787
86110472
225864749
30473079
33149274
169777232
207181994
17915334
155356350
36568662
46769281
186082108
207249486
125786481
70550501
26516984
21475090
23083404
130734452
193531570
25365536
45213369
42384760
180505244
30745089
117778179
21278412
36812845
20851642
60634602
174964281
37836873
17929027
155620016
149726145
164094079
169686021
65481928
164721019
154197842
65736631
28455366
154346041
33081305
27195114
19028953
20567939
23151437
116362700
