787442431
104708072
16312576
26053643
17446621
586032653
17525171
239962082
2269991543
753628777582854144
795162
45472001
86300007
40101400
168279280
426307253
31355401
18715764
8320242
21586997
488026266
3676932858
21560443
4164998908
536696596
115549293
167429242
932652898042998784
363891313
166215588
4325878513
148912664
18208354
189801036
491710556
2178833927
449140978
195562342
189362860
315839110
317943851
164698046
40802440
41834991
43423485
244800486
174533632
19918324
19037362
2797019768
2903006962
34036028
79997653
72073289
733061856772816896
2511722004
407329869
225611014
2647999849
428484753
28331519
2935768931
48708939
2362932864
75974281
37010100
18014620
1859316974
237875746
342165503
17632756
798095326594924544
236095380
605847390
2784155322
29404957
29359583
744260935527735296
14512909
58375137
360413456
162589633
966729216
807704282
1621271
736039267
348186934
1175391
17498803
42483776
898773721
155620016
1739829048
445214141
272071608
2345733169
1553895072
2213700710
2202205950
67982898
909102066
855202659107618816
24502450
366397790
17719735
4282259712
2223891277
455618148
558732615
76251661
739852819134619648
418371498
262333996
19891596
220117583
189926647
22412167
92145850
29824157
1548523850
167484753
1675589083
24671834
714883158731268096
19298472
840314983841988608
502039065
275631775
236606011
805020986
735887316
108314159
51404605
4827334210
3079927208
129988166
156884373
248059680
126478859
18026291
71339449
1089512508
114876361
179852903
4898921697
90964854
782821074983682048
62432717
21036769
1209516660
15573174
35586563
23375688
25137852
488515774
238687719
125777025
60196150
2916458450
384831590
26392098
1140266204
39635217
834609484781723648
743468942606372865
3168133467
531928151
383589592
17230018
5943942
67416456
372040282
31568858
732794708443926529
96258995
4054685835
1014691
40875605
2204034272
770949865169883136
18655290
63196592
788759365859835906
186598636
788968447682240512
401693115
754101056
878988643
155986128
81947940
40672838
346025327
118572819
101263750
405894730
28211935
752937696985776128
2968993250
3241358794
321701759
188890285
35300714
78925749
866953267
150046065
526765568
3177072246
15962096
139930250
1852644804
258163195
3053917442
4107052966
31290708
70848998
128418853
18829050
2251084915
1157793505
25901318
443289606
98746727
18758190
4555337783
394427000
291157084
813286
123142805
20737488
2436090427
133149977
18465629
44696249
189676155
44020681
29523348
156132825
2231716329
49536801
761635276741455872
70717194
1010267257
3811378461
30106099
173046826
139636675
836795707
14975122
85452649
158777509
351287640
14939981
255322130
17216468
776860630934360064
15962388
18088038
213176288
404416200
208384117
467795052
374623854
40600309
27314181
100597433
58219608
187987560
50360219
21989085
2252616702
202775347
178690996
1666807117
2716023086
35420648
250144805
14594844
22069802
4289408692
1120991108
1139189364
31458109
21549461
227335632
20646945
98706686
866454404
2539343499
2402895617
1346180581
23151437
45266183
3195874741
528112270
556366535
27133902
57162282
353910068
2196017031
362166217
200179474
20598509
16303106
24767134
27739525
18395177
460307714
35366292
59325073
238319766
177074132
2408317166
25045804
201467410
2699105311
235833507
34961832
134162887
68212750
382763253
2559007308
230328555
19051437
110335314
250831586
201110187
2180168234
19011203
47278045
195329879
4238050692
332468785
2218661263
32660559
25764304
3308517037
27546920
167608400
121961401
20177956
4727400643
178296323
260114837
52974018
30695352
267425142
1362857858
18121373
15381688
31040780
29860364
327368956
69170362
2207371464
21288052
38381098
542756846
221581808
352129069
24181941
262794965
319445464
436362788
283065241
1599608046
170759111
1967796474
97737655
237433742
88150833
214276734
4738585035
123743600
175198393
23699191
1977162632
117006956
134519695
68087896
90793918
18922817
2812404403
29578156
2163267319
4092812235
4760694445
169265655
214165866
43493763
192265372
20187034
14423603
39204454
173659159
174016962
329115910
9695312
35909599
21711629
76131466
68468995
34836897
3233789268
303595809
40402340
30301527
2590291915
47013318
25110374
35274647
334551840
24393384
441115772
381648806
428377986
92860137
618485206
2438765688
26323017
15122826
62351643
18980519
219644668
122366053
24498289
16279774
30563363
17801054
50421015
21342119
20409967
133030573
24044209
21056862
52879136
48934910
22842133
68909267
73498034
19961846
37058108
43913701
41421743
172143832
2581341073
36599071
210684204
23441279
374393545
44060393
266151172
24197869
19385404
40780604
62223784
38547041
111968804
63587288
59765742
74992400
203430438
126399718
108760644
33733640
27782557
1638572922
486043589
380523679
24623861
26099888
20789370
517849490
62154905
92422547
96017436
374222933
529645563
115700178
62082291
23344923
30606027
21962415
309302606
221514083
88287364
243430863
225862312
16180130
44183608
18153654
34392139
548215695
385417753
117487209
24811584
122572805
27333528
2340811879
21352413
543737941
54165786
366756460
65028353
14630302
17790377
52648848
481644604
33248874
45618923
31417970
116597952
33330041
145258625
401681146
18780372
28237965
25471424
26662231
136402916
264421092
19555067
20464347
26250653
104442923
348049184
80693756
31590813
757765938
349227445
66679407
25837899
175051404
213668537
61525895
28419090
72590599
18686755
111696190
23911509
106492441
96448621
18524773
22242179
46226163
101969119
28113936
28650983
635024437
19220970
41295430
24661128
32295125
152571935
165199036
197598287
33677181
25336831
26344077
25566847
19167916
563970248
27774100
122092164
486955518
16490974
26529536
427931378
568545739
455951343
127050146
200112479
145357274
16302129
18033816
18664810
390436328
204428048
34178172
82770852
303565227
231357668
284357979
44018682
23913792
525930564
66029997
39932652
321459433
394590995
22497754
212283120
19413548
161966800
137260976
21922807
18381396
21544507
45966513
18190044
18046050
48259431
26382229
30095789
286461320
159643888
518737741
21265120
50364507
42452450
17121755
32499260
21824310
22224654
48169084
43333148
18587463
573142258
158017098
14661764
1689692046
16986860
21052582
22311174
96860046
43734813
23859156
20920766
21007708
19551539
30554417
61788692
514538551
316540428
174780766
18278629
207923746
256949275
77669415
61070239
502132284
2836733141
503666621
163712100
136107849
102283061
388482899
320532008
17988156
361312031
181572333
2868843558
913812620
248504470
385471512
138443298
37007776
33823226
353029369
61047667
341843371
18514502
2601175671
16435389
20922014
20320080
1250677405
44787973
236496464
385051124
25087106
106562658
123093705
727602980
45090120
24269228
145499533
1198453663
2294772944
135019364
17879629
65584817
16630362
14089195
23083404
32530088
14854462
19955575
30371516
22893600
14687772
79053251
24327133
47290876
2236633914
52423774
127549772
106159712
17198884
198276401
18783665
42133371
20747544
96940113
18471204
594066386
32315180
32548761
125294211
632311901
17094761
22515643
246015445
110509537
271650180
390877929
63860944
59682648
18785677
15313351
76779880
55365711
592184584
19671129
18845207
24833731
131087290
1552373354
196421297
735168876
526853665
962208114
38631926
27989078
23617610
32959253
25365536
124713058
18540537
30566868
2427982715
18221681
44806725
7495882
21139359
223571877
36115003
60104529
602884368
8962732
87320284
72718751
255184273
299323282
237527867
1701189552
24900321
159761713
256883252
28307740
1639866613
17878322
22312032
222436278
15485441
66290908
27221510
100394947
19417999
19992041
58372595
28209292
350628549
24143898
27615464
41177729
33243882
85891629
18118128
89787221
163812107
1566746053
145516395
26946348
27174969
73218364
20775011
581460669
103671418
130696690
63057284
68507424
180473343
80706281
50201799
23772272
60835467
238763290
85724010
18648536
35296862
25462023
94433676
335501334
471311185
31652181
24784151
224396005
72639160
22811899
1520744558
27416493
29330030
18142856
43193888
129827315
345699648
155705841
292359364
181467261
179275200
122467987
37573020
18082875
18086480
77346887
1428996504
18545675
243505683
29166305
1301392590
40779444
23979981
60423052
16234029
247507828
23559265
20346322
27988942
26648791
479373967
393145048
112237031
19479041
22085184
52628670
89593711
64571585
85208740
25533163
17936793
27248607
21475090
31402344
98614729
11912362
18626783
68763661
182159858
29844055
17925031
153694176
16157577
27988939
30618215
19524742
19279990
27458677
28462688
151058150
17638367
28280861
50552988
190074321
20427275
61905936
31077444
19564835
17608613
20985527
37787568
131275346
18961078
34760163
103403302
61597028
29792396
18159470
89049330
19905187
141944292
18213861
174385641
28185459
116861193
220785771
65475748
105029433
192468772
23097014
153575416
393716910
14240065
29383464
23484067
34825482
17950818
15914779
18222770
20316536
20490182
17875838
22940219
84169171
187758950
218022096
129122515
20272429
23502877
18228898
347937286
79293791
20893512
22236978
17916817
72714596
92330436
61052994
169962549
26057604
50184013
21514613
222568852
20354257
338084918
63677189
147617303
30782495
17740885
41269095
98467624
28895421
17668244
18908435
19791490
189183100
18894768
47905488
18888713
21611304
166747718
128665538
20637170
26023799
102140363
19675870
16581795
34682755
22736017
19838342
31145259
15437723
24497936
16371289
16447060
27260086
31360279
25362212
18220386
72123824
25444332
30078972
18123507
38127255
30812118
25045595
24112196
25362955
53188048
22798468
44012170
23341766
47186755
2367911
45203497
43863125
26755061
25367242
262215831
99109282
62712583
23702397
96150715
26329577
18182384
198975780
36874542
154677827
17207147
40908929
20647266
14629315
24822280
20876957
17560096
14744569
23627469
17696167
24906723
29041209
81214292
22820251
28530769
255388236
20714452
27791181
31296494
18327944
65170567
18238344
47107785
54046888
26936908
24650035
97038275
94338259
22562425
49573859
21969048
215812726
20649892
20217023
26795225
48528016
28891464
94349724
24995226
24275419
51667698
30105662
52441072
23458520
34420308
15594846
17859255
19438009
65919973
147787042
20518710
20657707
17861062
21328518
32655368
46960142
85211920
19867571
14518777
26458099
54139776
102488048
51742969
23184896
28811503
18754059
19521747
19058429
28471026
18337115
112113956
20910972
23255082
18665952
18070850
70634190
19486963
141994049
17523013
23341507
46431088
35987704
34430522
22112300
243514954
243287822
27288800
92443366
16461545
96829836
125262712
19248106
54951973
23620016
18653699
18220175
18222599
20061655
18784859
64888009
119212115
229390349
26641757
68350093
33620735
16050554
30503549
45926816
28140272
39708113
34868950
20959176
17915605
23648057
55046933
142836170
36516177
62709474
45463049
19128293
38311025
23675921
23884517
47630741
16658390
17139293
24775528
17581754
22984832
22892979
19502992
36679267
24278900
156381570
15643278
38390439
27152199
26895879
24621955
18676369
38276373
20473329
16101680
26516984
17911271
20299862
21705931
29663668
18511475
18473588
32238092
19319043
20470037
22289515
57578518
18118952
25434595
45981486
19175963
17169320
28035260
27673684
59839147
37836873
21250868
112539527
16966162
39325978
19464027
102225147
39615521
138600717
17991013
21544043
25859687
27738564
42384760
18157057
40076725
19501545
28298401
21095472
25932445
19028953
34128235
23561980
18704092
25253036
185487499
77217846
125583924
17298550
45419359
22031211
40572559
29925273
20567939
19877692
37868827
21207688
15328942
39838420
114052770
15780315
16589495
18222378
117778179
116362700
17323985
23848530
28897926
17915334
23065354
29307032
107804532
91391308
23795109
90246174
21317078
46769281
33676141
18145853
16910406
24719760
17929027
169686021
18610936
170372111
25638291
17632640
29724393
32962666
21278412
29322253
149726145
37786155
22747276
26823861
21632807
17075748
100220864
21071462
39784232
26014509
17183964
29547045
119509520
14989833
25625690
18146731
3004231
19575977
30699383
20851642
21118970
18459215
23392431
18457226
17801491
25844958
14149571
20025236
27908272
28054681
35132445
18794755
20757814
17975518
18118234
15082810
35936474
19740385
17977701
21507243
26191008
28165335
24025409
21282551
24876782
19139193
30630104
24472704
19081309
20659839
16188828
17692330
44242301
23405304
25577757
20544726
26085577
29358295
39548808
35787166
22900332
26569220
22733444
27271615
26346723
27195114
19397120
22189557
19571299
34343928
21003378
23180008
26027481
19846884
50039986
25941311
47376660
30844979
30548779
24966423
23173175
31313343
17966433
28152438
28683184
17975036
18755291
23740300
20322929
19961887
