336357018
318337349
50184013
95130370
825934369
733551708
833676193
846953642687168512
919985754863935488
813880209350897665
305967569
75626705
2894922343
40927173
380730306
29403387
51263592
72073289
190074321
3253962492
1057255670
392483373
35012355
226340338
68087896
954995377
2451948931
20985527
1078287655
370699216
1121163822
775385838
2401292358
25362955
3105826730
24897626
2949458490
35936474
179852903
159225370
249937325
1641097974
27133902
2735044194
26257166
19923144
18441159
2294772944
901249181121228804
17915334
3221646870
17740885
805020986
1104671328
76131466
27195114
169686021
19028953
246587791
