44441179
2753142859
4064666475
19592570
18776605
29583538
26788683
16044778
74750907
814925528255918080
399928821
428377986
978661984207101952
16231318
778711774199635969
1419918019
275105290
1286982654
830544113208610816
2696853437
25651173
271129313
14307648
143205532
936370782036545537
429962125
10115692
20996287
1056126391
2754802665
1102932595
2329626888
2657813335
17936793
335540047
844193697877164032
833715121675522050
23797067
2791580477
2450512760
891056689
461924168
335141638
58309829
67133986
36797745
454192761
1472739276
312227795
154101116
2437214052
16386070
18659729
9629222
52536879
44839693
15713699
1205663868
3188457286
358996059
44985883
1977113917
55040944
89766565
33877936
2841665081
36746176
899641250235555840
758744146421030913
18153449
702722299242246144
15478946
233183631
475871419
1887170790
16224121
778393933944541185
39622184
182417583
113258830
2411295745
726214140
1852621663
946109257
46957344
880440873447829505
23590856
761635276741455872
26664495
21205756
218615098
23606123
3890274143
2544620730
259827254
106532121
27477243
844200996880433152
28559536
3282859598
65312713
712327702837993472
747498265168359426
380399508
2629502950
2513826109
518843270
1452688380
167583466
429142505
1621271
1852644804
966204836
21886583
22302754
2996783046
20427275
29089444
123142805
345522684
26053751
254412813
18139619
2560185145
2368683583
213350034
154007338
525408648
150752096
1346180581
708664256
1290324295
71992899
620348019
27131277
715961492160380930
2973985781
59669517
28270097
837135159589662721
153156412
834551256
834544514
22001558
1921302578
23603092
180798800
126084292
61514970
45266183
20126888
249995020
4841401874
273903076
46027302
1500057577
3589927995
281728295
550281859
1629171145
50083860
336513834
796825549847064576
414207210
3130337354
2451943098
44254829
628099902
20171251
21587681
19571058
3023926419
27970832
2327632746
44666348
16663438
14601237
17204919
23445575
212715586
182865008
239672340
63822383
17216468
284653613
242445493
581317961
362087963
18026050
3875493913
20173508
19171163
528117020
780514673393184768
75112015
69523166
286299293
361468699
134234000
155705264
155322130
91408245
266336410
1947796910
3310922385
2806105627
110445334
115556335
4720662882
3290207398
706933895502163968
286685282
144486882
313087874
3272620926
101858534
1951639321
1611635503
59889953
143680967
364477412
730501143906803713
221412285
90896009
95715393
14791918
2463721
116325068
37457377
183318979
17913274
2203941415
39577408
552151606
23482357
222659219
553287784
238834602
268479992
725147428073136128
813806850
155544257
178185886
269847952
438611980
2914499426
216201838
30092973
50394123
480693219
18028617
16240250
165552004
70054190
3579012568
181572333
563181658
17944853
21143468
2894934663
28208983
55156471
158096034
1202500904
47964412
84279963
297882651
501066083
2478623509
24600165
545443555
17925031
24296476
811495638
14419089
89812222
245527050
2657915437
151544797
245992215
28665877
2731989603
4120096094
574562354
1209516660
16185414
17486893
72345123
130151627
28387848
104366475
378376122
30366928
2717262012
198014696
86980320
83541987
24494557
30225678
108382988
357606935
2467228916
1239747882
255742340
42984662
1543717195
102728367
24742957
53144577
396774871
17316367
105178160
402957624
2349306529
15429316
140937441
333320329
14737479
20010303
17237016
56183045
872387239
478040189
1318949016
1120402249
129874804
87711891
117639473
66395780
2889023965
2675075424
17348724
3157003753
284889466
2168882180
4834244901
2492082890
23870050
403647228
235320641
98691222
153491693
31421996
46745299
159225370
55053689
2786474353
3032939902
82643763
2962228553
748099478
67434744
56845731
1618861273
2883215613
14293310
428333
759251
2467791
807095
7313362
12811952
5654712
16104602
17543416
15032862
14957318
17028405
14790524
9545002
17050748
17050594
21697344
22987610
114354410
363972381
209003577
259435698
3311908124
27776098
3314728722
393716910
344779704
613718362
739784130
233292445
23449112
65475365
53338746
118171621
7077692
483533687
44690893
2349062491
1651661353
2210802098
33422673
128023009
872374136
310463188
61618599
20337064
24859104
2477752902
39538010
17915334
255388236
601813540
18588279
232376381
24472704
105119490
2897793342
16712746
59325073
324547615
325306055
45709328
953934506
3000222100
326889905
1280971555
132533271
292256204
250030763
338736218
2270000359
618336955
135931739
461057914
3161906246
2211901154
67089021
12550682
6362172
103074428
34940839
716657730
234515151
2851547572
26896666
475278254
637197361
59826297
47786101
575492930
62513246
3063032281
28412286
580097412
166739404
171682730
321970500
6427882
157140968
236699098
18469000
159138343
884670210
31444922
52961174
3389400664
987686377
1595128562
203190918
2516866874
405647734
95589368
331707816
2751474346
3239359303
1849789975
126823769
2945385430
2878705403
262861150
470545082
119178220
3154155064
15945351
379408088
24886570
75916180
153694176
23497233
34507480
457554412
254830969
417125296
1662824472
234985016
125046001
18131967
2515908547
27918395
92162698
149590738
34369690
30513101
17093617
410419121
147992515
3303293865
2875343207
333683948
2652023538
1072417014
357908857
349916840
519440624
2470417826
2177983116
1281711924
2815238210
305139114
2502893580
33969303
2428290998
1562455831
2275498232
528981223
187765868
2847587916
2738325383
785340649
462495192
163730859
278328390
380062563
2188287878
29024361
2765448199
140582015
22571714
2373104815
2641405778
2760703770
218251691
2369264142
863755675
2863733516
1072209044
633383021
1551007604
611238817
40730727
214305167
2793177269
987735810
2503073027
98230790
1036634683
35075443
387273991
75880998
22520644
2420057705
23696918
201063299
2196712236
217324167
2588688984
913745562
1692608731
310072711
403255314
403245020
264107729
46971498
1858823539
111361970
448524565
95456136
518150024
1685593916
55763624
88340571
15356177
2418381216
37585177
196795202
206435365
571005962
40162276
164131366
928666963
1654013089
145512226
360415424
421957377
45679227
586671909
1060153860
24812752
40327783
1549650524
543867261
104569951
48264688
1023849890
339995031
210938747
75633296
44230602
48262651
18657997
40103071
18625669
17338082
359305580
42360500
126089211
125873555
21174888
17560096
53047978
15224867
492399548
16830572
12838532
79650494
85452649
813286
29547045
200913899
413487212
16381558
17446621
373101137
21681809
18915579
181561712
27406401
21774892
25406383
20632796
180505807
145499533
19697415
209994211
14761583
95465386
18667907
110827653
27042513
41229669
366482523
44138335
327717197
26824330
25636001
20822905
82938680
19027196
20418811
242392511
740216334
175241162
24910619
53210398
18774567
261059013
342794804
81481106
30306529
14498484
18825961
570313543
17790274
16323833
60244431
32309773
533319540
114801712
555566181
19045731
16889498
49114929
20479020
20565284
18072400
389155479
22653970
24852465
46576295
22147626
320962105
17886775
21450669
16145626
30420026
19927620
23795109
54951973
67982898
29382902
158314798
193051465
209708391
462254484
38356255
38315629
52529900
106009152
17199902
20012204
19955482
25589776
36098990
26892157
27778893
32959253
29840295
23396761
56405314
21148293
62290422
19562228
109660695
77888423
14824849
37344334
13929092
14355899
210960684
49573859
227465095
79797834
7025662
67169342
79536438
101651259
15169907
48100887
46452468
325260518
66561957
18918698
29412327
24795163
13058232
12925072
19687781
251496825
19691643
16825289
50374439
19397785
54682125
44039298
14515734
6480682
56736161
48410093
16312576
17017636
24579796
48399528
34747631
2883841
15693493
30364057
27457788
38536306
41073372
15846407
15485441
19058681
90420314
14681605
24775528
21705616
30309979
18887740
50826280
21955058
19404587
23006794
14939981
14994465
14523801
19018401
6273552
24963961
16186949
19330043
16264006
5248441
22832029
18022904
19341413
20659839
18228898
5405152
22461427
14790966
26347170
6211972
6815302
74580436
42343110
16685316
21543254
20915051
15898304
21133007
242484154
24533148
62549695
123886111
16368972
259379883
15765518
15830716
24291858
14506253
32211060
20978103
20493439
26053643
55944367
53153263
19571299
21111883
18863815
40255499
44409004
50751556
19661294
35094637
138600717
52534584
241747585
85603854
25521487
32985158
268439864
103671418
16213043
42026024
20322929
7428362
20823773
22733444
250831586
184910040
139930250
68011062
35859588
17461978
133880286
256573865
16579345
26589987
18121619
225187545
33995409
27673684
344902366
43970261
289759808
73992972
23648057
212708554
28076276
56783491
16212685
28706024
17919972
18091904
19248106
40908929
17581754
89003506
104249727
23565907
43003845
18704659
268414482
109713729
9695312
21414413
159823324
330120049
15042546
102171805
15683326
27260086
93935921
93770001
154677827
248768783
45463437
34334217
252173791
36008570
58528137
2367911
26885308
24776235
21447363
34369246
16810796
19877186
23617610
49717874
34097876
65992743
17790547
144380789
41144996
47116879
28054681
23976386
28165335
31927467
191157869
23375688
18222378
22086481
18157057
16190898
23815850
26895879
19329393
26565946
52879919
20643501
20643110
28364092
116362700
23690344
3004231
26090319
40076725
14230524
96851347
52551600
53197137
41269095
115485051
17696167
156547919
22940219
79293791
170753928
25365536
27858820
107498088
19272244
22179997
39325978
94360081
7831092
211361982
86391738
224049982
20221159
19554706
19924823
129095218
20488308
15237461
169686021
21133373
35787166
119509520
100220864
15313351
16337914
16409683
37825732
221796405
234386612
48636106
24285686
114545923
70040425
19521139
18990627
73143907
104596118
38586567
88964553
43265493
19907923
41743600
49361979
43434645
58562140
38713447
26166007
26628921
46116615
15439882
7663702
25223766
45924059
19403367
