1004968996741902336
22085184
1901323381
64730803
929399289436147713
3141269091
2256750018
44196397
43200260
103012173
280154469
29226377
2925441313
17461978
885644681203331073
262794965
355307031
1094922224
2316324564
165482223
887464646
835176008668102662
3833311347
763122154560901120
868469821
25207116
1133795508
97737655
4174030107
813286
97671099
824640460874547200
17336417
210131366
901180382967721985
72862415
21105134
31069486
916784606225010688
2928949784
2240296555
15937109
64733526
2988390999
1700626069
324747928
23578176
2526748513
45090120
828866131
770949865169883136
957333661
491710556
2795449614
233564170
245527050
242848854
2800121770
1511360216
43628497
973095564
1110315240
2916458450
594908427
3402916535
430354718
272071608
166747718
110509537
2458781599
846662271380152320
370102444
426632834
344996509
20922014
145758799
2579706949
8236062
486955518
193007210
18648536
2796681414
14089195
893055856320929792
224374922
3435829887
3739743316
615420738
2267691509
267799555
23561980
17925031
752072623
90915939
722579689
46100760
815752668
258358361
566370657
187572434
3873321082
119076411
718507820665217028
1245320090
2506852676
308650234
478986093
3039545583
330826528
3765072496
1730384778
18887526
1172488537
2317650745
16683656
21777034
1920899827
3812688377
128893333
725782238961537025
703677551030493186
268950028
142404381
42243120
787709936
555445134
17949565
169686021
3740128036
4244532089
275411344
96879107
