152147277
36724576
20108560
703928146190405632
995251697919365120
2607191623
1001286728966062080
4399755336
3235761228
158363250
65289126
4429003533
903470396
1332121
846923375209594880
796677488743157760
958918022726479873
884724986430148613
990098497046175744
2496964465
391127807
2236302416
614826840
871726499350552577
949809207393468416
1832363202
2373558938
546063320
2553870559
450522993
17919972
11934222
802191745
1852644804
24512438
3077789586
794150359
2856784886
4036364054
3245868385
980459982104571905
419181069
750751206427860992
977463256234082304
926318105051238401
600134242
404516233
3065927091
804644679610298368
2387085751
154280902
2568686587
970874474521247749
901213862132932608
886470221552205828
965082542624751617
968753876336807936
1536460777
967381793346174976
11026952
781783315774746624
858607162863403008
842591540622983169
295934676
2971983972
3043230840
2919555330
2907974185
348288809
114174919
50323173
962267082413895680
72362869
731311813254467585
15900167
380399508
15687962
154101116
3065458230
304386856
2501681144
947802954370707456
1936440072
885712155365920768
3096806564
448562247
777964682
2907940004
308341761
785281594596610048
1518678356
839317117430194177
2501432095
932601965070098435
21185473
731743913149530112
18139461
19077044
2852855245
938108332836978691
3320478908
834211586764009473
840904834941304832
744454819285442560
457554412
910851418944266240
157140968
319749704
171682730
717769406
283090686
6446742
3120104162
110365072
15163518
1295218572
826047080695095296
777540877895905281
2235731751
913059042691489792
2751373081
216316039
573315820
50491784
2456405474
160335484
2547771906
2265275413
2308142624
518547732
746324811886977024
905380128678600705
3282125995
758476888872411136
208326472
576034698
902140244585091072
791243051813462016
80144576
3107318288
752491364395261952
3272896496
4788843426
869700368
715955791983878144
245278442
1552218716
3277338649
2877944592
161167126
1862516490
1025556715
2751096618
879586198561341440
890891
864518347
35031708
586303372
999748736
3116882448
1393638878
883557225020575744
99906176
317370751
164557288
50811932
153307097
132389474
14992591
33995409
1059194370
20346956
2584213500
18371803
1703636814
35936474
116485600
42562446
26270913
3858281972
593489149
3046270003
1640644868
2926294447
822011107824893953
567093069
3244214167
237662663
3283198093
4879911743
1280458230
839440891546759169
21560677
292056844
2250035160
982054910
869172240176132096
21133007
1873942454
3700483392
159225370
2530335546
2971933327
862844974609514497
564274484
3176746962
2365419552
540720946
495778652
177885125
1888519465
2547389847
271285292
1033862262
349495440
2346520314
457435021
2285861876
4713869652
858283703864147968
304197346
803386615225675776
940555423
1910979584
1143148808
341373423
800336600211148800
1061812238
60470943
4068054433
2754343615
2597982488
58528137
883574472
1006204460
3691544845
160396614
335316297
18863815
3253723592
3493418718
3008909059
284291853
197807757
886472258
216444984
259195959
85452649
379408088
100220864
264107729
618336955
14216203
739784130
34507480
23375688
24886570
1384250228
2569387916
166739404
35094637
70758581
40224817
544187255
340271962
2880502561
321970500
293932241
25967168
2725825063
106344746
3005232465
721988457623465984
19923144
3149646362
219807531
349592359
2993361852
3046397395
2576700020
786899120678055937
4368117973
3041419560
520328735
301286195
1227530672
817148346
3277284998
3109515457
1956471727
2722745487
2495970012
3012228260
92547312
296133060
120386920
1059230456
1088944734
1271900508
1351482240
2313641912
577606919
2723767903
2818551601
2987069354
1940614596
2578586371
3129250573
3071345491
2473853232
912016454
794201250476658688
1538891700
1609511089
801634954706698241
1326023508
629174157
600775722
716954430969483264
3286394190
164229432
301371969
2883456283
1226784000
