364476169
271972038
101485496
14896791
127615345
1477532084
36490075
2842604351
2601988723
155676183
1650825966
179667042
4924298645
2374686831
555293085
45865364
2188881746
24549143
1622024960
126061783
3080269475
304679484
841039381708328960
187971943
390901286
738755641653727232
4213874952
602317143
237845487
5920532
826266818717310976
875030149963624449
295325513
557239370
14191745
891777009310892032
3105446669
6433472
20106852
91269617
281214762
1035081534
87847096
80705103
115088543
1342682437
67418441
29484644
4874225002
1347713256
758729609193984000
3033231717
855448535461965826
277707574
833345348852674560
194583201
15220473
193024306
2893511188
771392802315993088
162134960
2654178480
244242483
14311950
1305699924
1342486314
3377775989
462060357
14655759
781161354497433605
2717980997
781155734381879296
2414776795
352462204
354499180
773639680218783745
777852585319534592
2317351705
893710010
201818679
43698701
1255892744
2160938154
3308785428
1446732552
40306315
30969644
3173754220
503521271
238628262
344883067
2911855989
1465273950
361853360
226649399
19099007
413678904
183064754
1931742355
330020207
20401321
35099426
1313477058
1729266134
241141272
26078911
2861263172
1360211101
481502215
550313364
1577879047
18164340
2218239354
61608622
41712825
316389142
2770535876
297805128
155608385
2784525714
23978721
37710752
116858483
19725644
351955890
38955523
2174502698
622419808
179523952
603085863
234373824
219195055
1154910535
1668609379
430912892
127743568
97477677
625578439
1908545394
305024537
475081806
828140580
2267523055
1692022820
186797513
259550476
1851269114
519735270
57923067
484839552
272406270
1344400843
186154646
135254383
22206817
20529498
302107850
240944195
343527238
17881732
468923413
20636279
466714491
281120082
16608381
22150874
413243136
312195939
239869556
49701099
218298715
20743904
325832225
17175038
38326383
48821237
36480989
