20322929
13615722
3751775481
852950967255392256
764563980
485078793
3363057579
2197221845
2999989038
1681680384
3125154047
16213013
949865689627676672
18980519
74161521
918952078268968960
44196397
2828212668
18208354
1470673393
250740725
1538150509
931648451057803264
216387646
304465348
817905073175089161
743155992997691392
846137120209190912
901580310734888961
298724999
813286
23479429
140980601
117544470
78394457
369583954
1131738949
2359429231
337906865
992869536
19974627
384060251
289724824
85648036
2493707196
2476028660
2829746237
365133096
2203164835
1269716419
62513246
21955058
813642919
839947861571874816
831390829742788608
717355599294558208
279390084
17652216
196638484
59553554
2893511188
3137694883
18219438
71023061
730729652
21434134
34528094
49987057
314662792
17662117
16826656
1092371880
6761682
2892352686
204578897
625639945
42696269
846156216
17861062
2290128744
209330026
2457847952
2622835673
53592575
87235926
466877675
24742040
18057459
2874631481
21952592
41565651
395356968
472525734
778269924
1850509477
21576182
1170468331
2319895399
30950136
4109857932
27970832
700266578
20544201
252226406
3254501146
256147846
1289130692
132521252
3028711079
172818480
213375129
24757495
24794358
224489139
165871371
308508145
31004096
46317338
246780780
211524769
1132989206
2744118646
68989483
1967653880
45083562
2177328036
100312878
2411676110
79553981
2312734386
2232007140
250831586
880592965
1694959226
2177654355
341587348
768662941
16514549
15344545
1856261587
155954938
38395458
38747193
1084839486
290736635
436297703
470470475
16137054
370416175
114594744
229802573
155427320
20014592
314670546
154201810
23122730
301244128
173342785
15616392
21506437
65124358
125377944
85830970
14925700
22174596
17503591
48111488
77888423
21083000
76176183
40068984
17613937
