4845970451
261332366
3082248773
955934976180129793
342011546
870395906918625280
945386070887329792
899032840616235009
2809319873
916318072457383937
2580787003
46291977
838742839274192896
4277396536
1059245695
1959636438
2886226879
978032138107809792
1169510324
919861495
283253051
901161882152828928
984782172828692480
3492531197
1144835131
4715994405
2477471611
969227456661114884
2278121484
4765569920
963501762626932736
1308677845
950492934738202624
4758788049
943088897592057856
2425394086
938912517442691075
705121947206680577
929418597633585152
701345526776729600
904445704827019264
927653676700794881
912705044432261120
824353131786096644
922226520562728961
142011715
883716403920089091
1528614210
4078141857
811335008975732736
904085145988280322
903922432377057280
901999569474596864
897784892779622400
898202768447549443
3351362277
836666010673549314
891968549148872705
891721768456650753
873299432971927552
822034308592533504
887428887982067715
827607074712453121
812306437951148032
770667148226232320
883695115704913921
881630856204431360
871161082865483777
872916909301395461
1071994188
870638493877370881
875485192751915008
854629209356021761
703132829463375874
4069763285
871482947324567552
3208787133
854913492054417409
869179579184926720
867395454690091008
867307613490470912
767706148766121984
862774843544088578
743365807967637504
1160158152
836130776894713857
854696545865936896
4786493183
831259659759734784
841740792809025537
2842261107
710172398583152640
825990472162279424
3296243751
793851520693440513
1382831844
4451327859
701858228
873519889
793049981531807744
839073751530602496
838720017676054528
834158293073424385
831272919376527366
831226739116351488
825770655484407808
822577004184801285
766424693301735424
2970195544
776895866804248576
826727355393646593
824677032583983106
800790761058930690
823635860587421697
948416168
798857024779882496
2850583643
3003050343
710886893341294592
820271207224381440
4815999436
753812365
812332807817199616
3032003331
805527249688653824
802509777641279488
2967835407
797111210785259520
554246449
3386537056
720615862236004353
531455712
786291576687300608
789149523528544256
2861275645
360800920
785818088839213056
758812726693023745
783235719724666880
2943621190
702132941195862016
769220752734322689
3079687607
773452266963668993
758784427367563272
716224041850445824
1224978062
3012634397
2879843163
2507677404
2547512643
2176083106
619602908
765224738285359108
754723687178334208
2365754642
332346644
757686676961591296
4545444089
1083601172
486314850
1643766494
748965473614725120
745534302721474562
3078164702
166396057
741938095533248513
36727014
3003264039
540095611
742544446571565056
741212624650706945
730799918613434368
592122342
2303348130
1475354371
2756186023
702507105694130176
98426236
733252986638618628
2730571092
731165074526748673
724211011939651584
4738648036
708867464256479232
723773963843829760
721817193797795840
720261249716518912
2271897612
720867271011213313
2806016388
1712377584
718893812651855872
718414747771740160
718206757416398848
707967959516504064
709003291791855620
707340989350871040
3121616480
704731158823759872
2958265943
227105677
4876717851
701799517730054145
4606353799
113081672
2355243686
3261195681
3085011995
787717952
4890115635
4890426189
4889481273
2213102770
4873851281
4841848453
4831269795
4821667792
4768416208
3027334278
1300966898
3068804532
1002411812
4635129351
2884852219
4627332681
2978187773
901600008
4289209889
1524093792
4267261667
4146632295
4142710943
4228946453
4213129095
4200701933
3980058641
3959313737
4120779195
2720986582
2855169568
2545369221
3817095982
2417539652
1631009912
2876592845
3407148729
3407332043
365561725
1658137080
842479699
3385290551
2427119955
3295322910
545574990
3387125675
1655386374
3216879818
3367930444
556403986
3351992289
3342515487
3318306196
2932553843
880695745
937998842
3291793863
3218423772
3241746743
3003234106
3228617950
3221978543
2800759163
3206845786
1241577714
3200904814
3195173896
3188753111
3157650855
2311752332
2213485988
3124574854
3138267219
2400331096
2820061695
3127869800
3124082211
889211875
2736402311
2942254935
3011771189
1399672874
2973052008
560954260
2907679000
2719943211
2729311579
2931076473
1441016072
2858497596
3102629459
3061463368
2413317846
3073424406
2994930287
245293347
912500028
36687718
3084627191
59725929
2742101378
3045285680
3013420685
914391888
3065617421
3042596188
3043460780
3058740257
3059879019
2427753901
2382672661
316571094
3026628310
2494585329
1495845277
3026258118
316557995
722748420
2790585063
2156511815
2782153735
2485724912
1186992942
116839957
3026346946
142453906
495293973
941394306
2691106351
2793289428
2298871851
3014300609
590112508
2811329253
2552157314
2783000746
1418265769
419668266
2831591962
2707103095
2838500553
1719249170
2735137859
418019384
1051154832
2993982540
1477201207
2967993743
1474969764
977082452
2969876902
2986427932
132552051
2978765049
2502268474
2970323549
2617563403
1282761750
1026765276
2207433522
2915953227
2931728033
2951696182
2685459493
2168617962
1369740878
2957103203
2414587802
2951674325
2927604064
2950747181
2362931068
455769859
2946305531
2232033499
2372217193
2940275680
2907551169
2677389808
2807621968
2927384717
2427302860
2874001737
2684897096
2918428709
911087821
2317982344
2921292892
1166985224
2915854283
2513095218
2917488159
2916319162
2822716457
2199536804
2911044173
2911839929
392190872
2191818735
2924979517
1517684803
2763862666
2525026235
362405549
17070787
2734499566
2884645593
1395849770
2748381133
2726261338
1608404892
400981198
568377874
1567259790
2833011693
1539578630
1396775634
2850747904
2854625121
2854124867
2228096574
2176540500
2734401763
2295952800
2609750689
2395168817
2198253951
2768980445
1720188690
2769323655
14297098
1542742800
2807988549
2798470792
2801911948
2799589701
397326380
2782821442
2782789661
2782761495
2720757261
2688063225
1255264056
2752614370
2784254658
931248661
2453398755
2717777422
2754533596
2741997052
702220796
414659601
381586197
1011860702
2616427304
2653665834
2774487961
1318465710
2593807796
1900619576
2416482546
1604400710
2623321661
2570950709
2769470168
1334663408
1426021968
2438619426
2756849977
796173870
2756591400
630477314
588617448
2149634355
2567770509
2748912169
296521446
587828511
599277886
2730650656
2574073936
485227574
2513685751
1684152306
2745296181
2742744585
2263410155
2723068371
2743162186
1086551216
1698487110
2274255133
568192778
2196037923
2739261111
2722276464
1141788776
2691223812
2720782477
109545611
2560974347
2599184056
2461780123
407130821
2162812627
2721440185
554913103
2283986208
42269391
2688165096
1705848716
2352174950
2429234030
2218355426
1405189458
2735365481
1120373664
1945195729
616472380
111802642
601493871
2164206807
2712027403
2445322614
2187554795
2411006206
2727459879
1440145538
245576818
2696800650
1064310482
2734643903
105415519
2522667186
2561754820
1633759021
244653840
1045857858
1512986257
1409705492
1016191466
48467483
23927252
2497172044
2587540627
2491176901
427450023
701909003
276900124
1058686237
1174471068
2514891088
2635475374
245045454
962236945
2625900509
157251487
527707813
417355431
946495837
1877882197
2619512549
1506085508
2417802426
1858109869
2552218922
2567410532
2157815230
438370279
449689918
299674545
54486186
1093169982
2499549708
2570391971
1867250238
1465472490
733777753
500950390
604446707
603018371
1930447207
1367589542
2534246818
1468253785
2441985535
2439925308
2493485990
2184654754
1227100878
2483765162
584332724
119984066
992525221
1304457834
581845824
2475460808
2518900738
2516954925
2457979116
806189226
1180117459
2444179660
205367198
2515109452
2156458756
2156498427
465954751
617122518
1547782458
205679162
2452573274
2345144201
2449950139
146596674
836500778
1142454980
2444388349
741527929
1250210564
897839377
1448056478
2479886615
2359613762
2154559634
381625924
503466935
976160491
2290140972
279626608
2263155301
562926800
1096758907
2473726763
2436800654
555133763
1264261794
2258144523
443890001
2244466363
31065811
440965317
2184660969
854492222
1699286107
167189677
1120662426
2193985013
1465883502
1487782448
920629087
544460572
610935074
1867193778
2258763608
1148521459
391317144
2245420901
976970311
2250561998
2233704334
1230378206
2333556557
2325761506
2163435439
1705028204
1324742521
2283702580
293508055
1191400128
200069896
119319560
878309527
611677399
1262511506
245945153
613766861
2303622145
2301668498
2292991883
2281142106
1382740052
2239375400
1594838342
508838798
2263743003
1470326138
2172009541
1629056754
590798474
1650988213
2196425936
558796615
1540647631
1468199990
2163553693
768328148
2165477278
1596579475
1241871438
1879637460
1589094757
371923775
506184641
1613058312
827671526
591936679
980972514
1269628680
1169541726
1511590381
1109917482
911314718
288142327
1189108812
1268195276
604397841
979062967
906719809
1029304591
