978691832149368832
992551885528797184
847748471306174464
872450980431904770
1004434388711559168
1004427508236869632
3243936657
855653707299606529
2653807092
4880995613
701858228
759556810336530432
765942124919549952
992927138868355072
951137316017451008
2273629728
986044793276059648
965775231808888832
990304710971281408
979807161541976069
923235073691930624
988126223376244737
822830020070666240
805854872042110978
736184900466966529
4173152175
840956876351238144
964567971682291712
902314983152869376
976507473627680768
2771333541
2957467120
2461201644
726293230166249473
736531126525800449
2890190765
705876227802804224
772327215186882561
1410582259
825356777365598214
943345724787437571
709544287235473408
861977766257754112
919271368444776450
863494092583469057
950353668380987392
780004143121432576
949084731668402181
931952376205987840
932328275887775744
928427547490181120
4898187935
2949686020
908114192380678144
900541870354292736
3729572115
895238862108336128
907923732303417347
907723459328921600
838000604400189440
784873431393271808
1348772982
3126926283
873685824419778560
891038231885754368
719322799706402817
2603958894
1032652490
789596413088980992
742322530661240832
542845559
4151243907
844175940364259328
838073641308930048
833423946603192320
1541521969
734859348434915328
807898334061064192
802618158364368896
800698920682688513
770629157646639104
795332804754153472
297941795
791588136715481089
786655864572747776
780761565414903809
3296685755
765666280091385856
760774979059351553
702554624167772160
756178470846263296
599792563
708541600834691072
3028323298
728454404349689856
3401670141
2457924136
3101891727
3166299826
3040030581
3103343925
3107323461
714256829
3008796214
3011264819
2588293812
2807757544
2807381692
2802163072
2758072312
