2960146842
99105660
1320765062
3171175767
1000144020654428161
1449065124
3911059572
4700789424
740985653853343744
4754218933
563819145
408662592
504175279
29991757
917199204556013568
2872380460
1024677133
129162994
67444513
1881373729
1048167620
948794825888985090
2895666557
1003603860571607040
550405497
822952771070660610
1902535536
22326665
2151896244
463804196
807786506
836553582883241985
951062029
968527949354946560
746103562208436224
999532390115627008
894620348
992184259
2991948728
4031902335
2536209187
2600820720
888946973084184576
4573789580
276655788
59972940
2742093311
923302651386847232
3364833879
999349164076097536
999571465992376321
998003285889048577
250189210
910579183532761088
846040766086598656
357450605
2683338546
16264803
358464377
3057169857
964004252661272577
1979501466
246304283
2212855807
3410379249
161702068
2552820313
901968042229456897
991680774725361664
913605843148353536
989452547038494720
981876756184424448
980533174089502721
2951947899
2752295174
4434232520
28765616
110028605
3139591038
758558522
716253868292702209
800064908989603840
822526286
3139583750
918902123320020992
2201228736
4322471597
1606129700
961065079994187776
797987419064848384
1559024917
977105844990107648
965528890319015936
2895251844
767908663
355577404
568681767
45701526
612816343
956063295903068164
895983670221197312
410438550
1626826866
963947648758796288
946010247067521025
2468084190
722987457101197313
128675179
2259306180
840665180719603712
955182430356373505
156039317
750757366778343424
764800743534714880
361891312
2855340474
2910572540
3333577312
2891848920
882028475623669760
947327769716953088
2563290433
938050426770833408
940842233825320960
3278260933
914154220265152512
777813440
925998800
587823070
817953754569916416
43112319
899244826994106368
3429917813
2348516060
2781691536
906207926829940736
331103038
908124114967244803
838497015260712960
3316813258
2467845931
302256900
903374338333827073
4149346780
2231669284
767114042309767168
304093529
842479699
876709843750572032
867671173177495552
272354480
849043189893914624
319038902
1651902764
3681360257
3107579134
3357571905
20956414
880817400660283393
205271361
72973973
879016076910227456
46122264
828228997637107712
852257500942352384
2945767950
874964064849604609
875080077230342144
222382243
309423606
2249836960
1864909266
99363665
259352883
1905009049
4496113877
2790966761
395701159
794511366178607109
866229951405727744
748419142730936320
93230042
797746114485223425
4825836695
860068297290784768
1934827622
841015046037741569
560134362
848960137054367746
856615035388518400
856218153248018433
792378194301161473
1462903616
848724746648920065
765160156757954560
820508257118732288
264953643
383144838
842982853558374400
2307279073
1607746986
2769715802
2784835790
568930604
452386369
2673501956
784471052386729984
1199304144
33357827
1410778982
834817036438102016
416596081
833743511283494912
167132577
833287900389335040
3873902314
2846310748
2295232268
65455370
84110391
829044524869701632
1956371485
828064757102043136
828202427811774465
827167511825219584
775547969202302976
2959712975
3407150523
2752494235
801863755806208001
823113070939672577
4766153727
261632673
820631314072276992
135926257
161276066
789807531212337153
728135143131488256
748567809811222528
4062390231
818096909919420416
782946227440803841
2745877572
818316864510115843
1852555706
818466078435274753
231448826
3422864685
794154879447089152
789933241583140864
763586590253916160
2553930900
809441146183254016
593730314
470673567
814342676250292226
2211146770
4272154753
789544498858721281
809472631309148160
1571554087
2772350722
808683195684323328
797229960813563904
2701830986
703207521469640704
4820300205
732717555429707776
777075210130427904
3625678632
811038399578697728
810562951358857216
721489099299954688
1390324849
763380067766509568
794578035265638400
757036440911949829
774389545748033536
1043477820
729000762869682176
33923443
2331192828
810204869856555008
748209844897734656
796707103008292866
792852812258566148
704644156539453440
804060826218991617
788823330891628544
1601692364
803080104335196160
803709019642822660
809702397203410944
711961690506657792
804287156554518528
806877961244684290
2343545603
761298945842745345
3069711880
809397252691202048
2582493696
458494527
2610559944
809235012792950784
794819008390316032
2162998646
714412887796805637
2474019365
2905164399
764430194459279360
808906832370630656
790212155584819200
808789564072620033
4698107389
802319948626493440
3006629019
808042541803327488
4070552176
368266366
418540312
765282272564113408
746020597134692352
4888656436
705916457184399360
804936174724911104
808496434299473920
4896573317
800393997495595008
27260086
773192090142576640
2223567428
485325567
799376157166698496
797814321636118528
803712591558311936
718444215336898560
3304169499
3432366869
103618826
573934275
1601519791
471790056
2687290771
756038048543076352
4836140247
4829342908
797771497792278528
797256949268025351
259132164
764276090
2718980845
3827249087
390400813
298078596
947900856
794606186876334080
710113042349039617
129909263
3730406897
3427875593
2943108820
1601532246
1412408335
792249490262687744
869089862
615290114
633109332
275303288
730068442640986112
2409436514
825319902
3106231865
545184548
364217383
2896592836
784453178469277696
782675890194886656
499325952
2212287852
297258606
4859402518
781653129838211072
2962625197
707662034368770048
4801923076
2905868411
732547412754108416
3068703112
781104350924079104
401820735
776042719613423616
3305703100
1327746132
299384962
2714037889
767767139927330816
4433166375
3767726544
351596382
4442194827
336512530
335329730
717201819374628864
712650738808135680
51027130
2751425449
771496510362091520
297380639
770394317601013760
1001934860
484888304
750996301286866944
1324737793
4420844593
3793143855
962340762
4185806362
2386759347
3128786688
722762052
382216363
151135462
1964214570
751023402887049217
313358140
4872698900
335326799
730747371534098432
3028938773
1324366028
326851783
4821879472
52171127
179101312
4740026232
956123599
3227840574
339841311
387051808
964993825
423520627
2755915485
1861680102
183356201
307958257
257777033
2782786148
140174369
867349561
728355520369688576
174671474
331129710
1131423462
2845901763
2493228747
734345606920085508
93998463
704689307911639042
730176741134766080
2732197572
488622875
733084121493344257
282169212
100039220
211674749
2333392697
323332649
136022873
503286209
59237188
131329543
33085611
2449900424
62354224
4923549533
3432379001
298162238
709281063764410368
478036926
3125279192
4196097779
299869390
721778295294050304
720233534716309504
3446668275
722430954703335425
35104660
721410951191339009
721011547246587904
721076715959795712
1590712303
1492976700
45584204
3027651760
302906050
2729491223
713803388224405504
3234127596
538318478
707958211865927681
348432814
298169492
339527807
710547747519254528
248082321
1634473646
707241315730382848
555355484
1441355792
1496430613
705149868772347904
580982673
343263690
1011510698
431838136
873762968
438778593
2432104985
2462235390
186793347
4872411289
1702668488
440344846
3199890225
205957912
2168933743
3046985390
603747672
596795996
896038494
408145298
4135192373
282679024
3973747881
3430504293
3647135354
2184216740
2332790821
3369399388
2591379054
408545829
768229171
1854259705
357382762
3304740843
2540438496
3254705788
3257570896
1262844786
3064295967
3221069361
1323404239
395543641
1727065616
3068303618
447417289
3106269663
3041988038
3066878139
2875016836
3034775321
1966938188
1946804876
1387188162
3001445676
2288593429
254578846
2793968638
2474694035
69844690
2884913269
2263996381
218902510
501383849
710536795
196335310
2819774086
2840316957
2577296713
2612036824
888864972
626340366
2859181705
2828100868
2408584667
2777817551
350052835
94181840
436583415
2834787426
342902075
2733509946
2772768875
149458502
284036076
2333925816
69976087
489632785
2676808239
2762874953
535286767
239406969
2690875605
2293257416
2161581781
95734174
2736789651
782663550
191530682
279962076
2727314277
2712929315
2441391721
584656418
451074638
1620822457
240203313
228419165
1617796860
1330432789
2586324049
1506092622
18566247
386047349
584198237
2616249303
874273104
1591191240
141748443
297584762
572738081
2468196048
468663938
192528356
2571679083
2482886744
544039839
2201645209
1406220086
1374459852
2198656147
2509220224
705181345
1090382612
2201910232
478784869
523333843
2215556646
577522595
439132974
1148821758
1527828295
2320613985
463826522
1098566846
1083387536
1391518861
371242876
709780421
1941922028
264368069
757469292
217553490
577328513
911102328
2209272620
864764647
127030165
164347365
431770979
549304011
801112902
294759242
386066972
464960846
324861595
1060755199
1870356366
1080243511
723935018
405877639
559814453
334770229
547585870
2165411830
2163323897
303342998
1978784509
1973168923
1889607589
441297548
601085932
69277969
256054524
542746153
168708165
490269630
1551391038
215016118
415032283
477733007
415687408
613490796
228374857
1528043966
163646486
1592407910
1206095071
1726069308
1444439641
1732323440
1732211912
1732069045
1311867901
252638449
1560614264
1723456693
851397972
595633586
1669924951
1560793526
463188421
486882666
233205224
367454815
1362740756
1526218178
109051350
1517148866
1588214995
1036573088
16984657
790167882
1334965968
1592138876
301463582
1571053896
1478222658
146755880
155923910
209584969
385146989
1016830903
579135656
99709851
1030634539
1390055664
102178135
114063765
573649761
1491109753
395189778
325849443
1472792874
200632664
1488119197
489254134
313862676
1239276528
182157621
1339146956
328093843
615338427
620560647
1226196816
1109305267
270959650
378823999
427461417
761978268
739110727
38369318
110770816
590248387
497317878
613205831
96516212
324881017
395575551
864302076
546770421
818002776
498910835
517669957
373330223
551193326
281686372
875288096
332304056
326727925
483186233
371788678
321912314
316377352
468685768
515680994
804771506
471227362
466577522
588508283
618170038
287873330
743871823
722174804
291646205
281691046
591057551
295870972
540066399
99820667
441097799
608970419
140473196
453789349
567242774
558002123
356388741
492447646
261162512
229169470
418113605
122538770
267423016
278278839
305891235
307271431
303725294
39413716
290704792
302662481
73249186
