774729018855813121
911683095560167425
3910514655
4820421221
1003536802140090369
966273003511275520
923573040545517570
988056730411126784
3024306070
31560657
975438792701153281
3392310053
698904140425117697
405789709
2726346449
343627165
3413293427
986217937014083584
794194438968999936
779397483172593664
4074649156
600886568
989990234959089664
624222792
279566835
974318592
410136489
907685558423621632
209632049
926037446990680064
775372757886443520
2865482259
2787132826
4914521092
1525994863
983339781424930816
21600090
964051999275864064
1104035383
359963139
966093584746369024
904129473158762497
970096096331509760
611157549
1558750712
2311834557
2559368205
2172464572
260342128
798935726
880902886082977792
866758150598389761
2391387815
847079918496309248
971855806030282752
608180758
763470186800447489
813887541543895041
459775084
947027479914479616
798504378
966078520077275138
1725137533
598622344
498662158
706919649703804928
960996476393611265
901232012761214976
757917672860418048
441115772
106739020
414183203
738957554173288448
911290688
868452680
3310780022
2179412231
927174562827075585
585874667
80889588
826451380202328065
792370593949749248
902466982884380672
933338497078972421
391930242
3796723299
745324150252765184
925567262
627872430
815583639824138240
885500378837594113
578979497
1401032744
2316037171
571760570
543582873
50811932
1114200326
1868730644
2615695939
897774032409550848
3245550280
3437349207
885647447753715714
2742677350
3255794739
4025416702
729247106096041984
2964251703
828383360481378304
940196570
741953433285107712
222044397
521182298
869538155715854336
866296750545489920
863078355511455745
838728919788421121
701512970958938115
405860002
411456912
4515856349
4062170824
711993910420185088
518004328
842506206132473856
603934413
168767461
1357277023
2947513823
847878456
830549790651932672
2796210348
4092393683
827625147221807104
3920203463
4086895258
996010964
1556712841
2748737581
801188421112856577
4514861787
812994494459219969
526289547
738762499651145734
152651559
3427225384
815955005614227457
2857137592
1006860924
428377986
1271013283
604824248
797583181637677057
717466637750968320
3106233837
792577909911392257
866953267
369583954
529836126
731613771010068480
1107800616
381648806
344767184
758838975767326721
1347255625
179530581
3240934101
2520675045
751325614976724992
738290000
3139846947
446151708
4443002783
2764034239
2380600069
1638758310
1723211131
715992060453588992
480730486
2231628845
880678789
1915124216
729812334554824704
19923144
1654975027
1033445689
219294551
148485542
1559127126
2560560759
2566108300
1657815878
851851340
1359488058
4717010481
2533070650
1886830219
149224992
2982158823
2512338316
4506088804
987072199
3092878690
3242921872
3876025858
3438329673
3399429909
745953145
57600343
340578522
3251185371
584704023
1254436592
2353374818
1191238086
564941497
3101375189
233633995
105237259
3154710509
280175650
2290300810
634561831
2850057038
1549069026
2861215995
1073830458
2765790861
625782844
2765944710
516796240
2162442772
22910295
1114697010
603018371
1002400729
443905149
1112294058
407212692
130443175
444659168
735015810
942804607
416564496
398241589
34507480
914935082
625662229
360917568
1024942046
972660260
362055997
619924951
735645122
460079041
365060378
288864219
1205271967
219030566
634588404
497117359
362041242
222471411
405499371
609415039
