2884039905
3342690863
2813319879
50706656
1000414519728967690
1249844845
1876970887
3005827654
99915953
2615132094
440171956
236757895
723731669174366208
479704299
239085423
241027939
54930650
117216305
3381185453
1239144757
1145613343
3862475835
3384369003
96533145
3153959047
305020392
45563381
2594493111
4420035555
4740916454
815146451445698560
2465051544
3251307802
958023359127871488
255930217
2375910678
994232789745717248
882319545821782018
727211397025771521
1138201765
4504648941
368815711
768721868010377216
2357530048
941997468824363008
874691466815299584
460987060
4383631638
28351525
899146644914130944
4212127821
768473099482243074
903723890
828750551324168192
2645896238
155938904
61292316
19426806
936371206051246080
934052710487412736
143763936
939868723
160549407
837361840975937536
972509107738546177
348559678
815445795935752192
829280595230486528
3437781614
314195892
42446033
803697359389650944
968120084144238592
2753529478
887910929974910976
969582079162937346
52437361
1444645074
3036470446
2733929729
145735173
4513142352
895967822949560320
906506594913079297
818772912916332544
2920033789
2327807249
4823705386
771376514088722432
3228510977
115827236
3335604496
711913513724329984
572771438
2978146989
16995064
747756766344192000
533331937
757632771233812481
3437455474
44753812
753015084922839040
918810164945391621
724469612
995515838
795922432041156608
784090144601206785
984684280914890753
894459757754503168
23741531
290144626
926885804064034816
2196009749
4900921439
195680937
14558189
44274457
974732651486695427
21543866
980913265936097282
273922155
2385538538
189145549
782235942383972352
819640357625405440
3002681675
406920717
401425211
3262084433
455148625
1126395476
501137418
2356833078
1038980954
2217533588
2572484555
512490612
857604818168418304
2429337578
814196505590366209
2414658822
3078470825
3007760718
368813227
2445948883
394663818
415830915
543001215
910479662899453952
125727024
929262090774335488
781709393142353920
742923902565781504
2799997413
2869399745
4290888693
821450043928485888
771376019810856960
523566684
859143146265083904
2900734401
885706967595065344
3288280517
1253264389
797026902833827840
2837040655
794663368053424128
262624049
2952305811
514652333
3728328923
938829914278686721
4863841006
88621782
547308834
752175838771175424
2379700903
889736932284133377
2821586132
2831187550
850510887211368448
1593393966
994782198
3708275903
378535989
710564356132622336
497969111
955634202766168064
2330448084
3307446309
3123422764
11632152
898365668671848453
902850882404061184
599450380
2532296666
139628338
432294867
846444337466654720
902988601125949444
2910692379
2283431827
2875679335
2352382794
2463899676
2328834820
3188049300
2315838191
760103392958156800
122906526
907154004785823745
768734215039057920
279501453
4525644376
373280774
259584974
2199058643
207907416
1050270810
40527279
2320739779
554624483
133923294
488552777
2756312377
769892090738270208
2445807229
773127790694629376
720556752165543936
15821667
951710652
953960561603203072
872139740
2523578890
3247703020
1899141181
794139868708433920
704702276221411329
127916437
2893363672
1535125668
847396122
736635918833078272
1420091802
2592827553
945330126526480384
2653320524
324878381
428154338
1020612559
3863605355
1977528128
911640474498338816
353001519
570090359
867776087111192576
4877835874
94800030
822160599446679552
715796245365829632
2537303980
14230524
444923081
562051263
930029419531563009
2853926679
847592960
360163479
781752160925220864
3372702202
714994969
935129969373667328
837295176225861632
435704537
14397927
1087227662
864409421681655810
41306536
732493854100750337
549203903
38818727
2485550654
4009951287
749604714
53989796
367802395
476626162
2194426159
127643327
1677982681
1583995771
1513737564
163944667
943021102539902977
84204116
941872916215554049
196798657
2271069973
401908315
928117460
494860061
211219152
414244883
433961430
768558217634967553
572712961
835526713144664064
718874135720497153
339212570
2342108810
1552177056
255000882
919798758354948096
844321553877749764
2811542574
1248281438
861083192874459141
713507300506537985
4233408748
4387664595
931581302
66842140
1291274232
2998716786
2330869572
3092365373
3131506683
2280802944
385886965
2984116936
309024736
717305900424421377
306430943
1485224484
1620131664
549943852
3106741977
3170138609
906160818202533891
56985361
195842235
4135463716
765206651242680320
760639019151683589
494186928
888334488
477808785
372170729
325086171
283948454
3308155154
732393506
3337780023
952408975
386408651
728992423
2794231743
844930596166160384
724600256
1937049187
779328630514151424
18354822
2570897455
1322558576
927931503400677377
908387703519145985
923184361196937217
3437520177
131569007
905845132204892162
390287394
3380265071
1280154828
971937469
109359136
806862868062883840
840520484693368832
49031173
7817142
1722089490
848534879574929408
2575023666
1142848148
573944385
301612956
1104600566
795673217184698369
4039769776
3032763659
703499441647587328
761246455642324992
609911795
861594942824742912
42601597
160669314
792851368713256960
2739738508
716677856298999809
579015614
251551411
4522750575
455141593
2968412296
597799695
422206027
90651777
28096610
858884492
842044744515629058
335202177
831622038150328320
507229232
331561876
159881051
4195032195
838385459873136640
879984971808681984
1725530833
49292117
2243886224
205606113
175014700
119019888
908344014423945217
889230817544851458
37509285
418716771
910921732713836544
3083386043
830419999084920832
4220074587
2967373000
3128870029
522443191
762748370851074048
3304964939
733396323383152640
3770512756
561416137
3163361422
862917549822009344
493391629
1465698906
526564286
909762906698473473
1006020644
40918499
703663165360496641
2406145385
904720395634450436
3014842829
2612640940
895192686
588342846
806133635774562304
3340891869
267912597
741271661467578369
1281249715
574603127
895230036202196992
1120320734
1477127431
1097460997
362376014
896902787887484932
838208960
357030816
2769843141
2467673119
601844110
562967848
2302893636
287174628
875300562056642566
1516487498
4500895941
2956534822
46617279
112743330
424446963
872407892045045761
894933439761313792
2326700830
409135423
37194088
3460328307
846076666644500480
2651149323
4612412056
716576919328841728
792330883156017152
998106812
814882781432086528
3309537557
767637506544308224
2829631058
2204716696
24077875
729379940420980739
787974089604554752
4858633288
751668233246220288
9440472
30643654
3869647032
455204379
560630806
423262665
107758901
864852886995562496
317313615
1563674989
578868186
283699379
226115377
2318699614
820243696453091329
94366884
545270789
706923826408460288
766565995188105216
2690991345
1276257890
2494788188
2802983296
302481488
14089418
237393564
100806007
865978867181289476
4265339037
2473892021
574573727
18551800
123027240
765124709327441920
278962962
3205072247
862643508406099968
817697469958066176
3100374526
3898243071
558154167
242390038
572496407
2972314007
251578050
2456908182
874183572
4317652829
1893332581
2427727294
746413303606435840
392316718
3228460870
754567490643124224
888682764
716157788788015105
334536531
175325480
51985133
501578861
3354702183
2739781571
1394672978
491117902
2784252510
443132185
53136725
871856549727277061
88388289
1658665795
788839027847856128
1169832733
713658500996534273
721854662
2284046689
2384110160
283227000
1689099031
193433511
924217069
505100206
914832020
483351708
1505568518
2924507005
625085686
843168429087645697
244013410
739199689019527177
263678447
1178432016
570222087
4450901117
773499425868091392
1957591729
80332571
3002139275
760189958736998400
743402826
809695937698336768
4061381619
242260896
2890910836
1694823192
2809721348
496832339
4594826246
151817516
526808009
201826394
1146310592
2646830847
365389379
2974832175
741763452994260993
454201654
789563892531879936
4237419076
1020272329
457322713
831229795845406725
2859278866
4235922074
825431597252014080
46159715
858231076023660544
475197829
79531995
508819352
2896375493
476932172
2523005555
4524968309
698084345312059396
1157049756
50969528
560467790
718122633
4515835114
109186050
178286569
394556502
787986681521643520
3092438896
184942025
727439105378910208
1450129856
2307743979
3130345848
3307433386
1324036424
18639663
3548128095
842055536937979904
2270881405
187987289
200814625
1317233292
194251947
3000231436
3039208979
1498523011
369914677
743432061088899073
344057947
618860615
1226807558
4767503542
735842498522796032
1593354222
518638308
494819943
1031141876
565837755
18518096
747469335036329985
344733272
857961924
1007161849
2541964286
4170907767
109109238
3298595538
321970500
65416867
2541401312
323097682
312641088
161146189
298820849
57830672
51095169
765593041
361906897
17919972
4700422008
556166209
2831691587
341775267
2502935514
353028791
14923240
342691703
376268532
966939193
1119720710
2336293096
340539480
3283659201
3401094088
4149831976
2784171533
363332769
1089995149
2991780304
2346491303
2966010466
2375380146
1136880409
414207941
3029107520
400011569
3150975347
996884244
3401498631
1560408272
2829340270
108570813
267445245
227334618
902503508
2721149095
1519394796
119871488
64730714
2355015846
585672234
2769757481
476739547
216687420
125661667
268414482
751422560
24901629
45266183
