779386391948038145
955609980069187584
752517152138260480
935168361830502406
998666346853433345
3075172995
3028597910
295785834
3722040196
873971465594564610
4100386697
2860161705
773928023582277632
996588289380507649
119741705
716802138601562112
892420699595448320
951234498808700928
708649801840205825
859994111755079680
989868510099791873
967928213757480961
908534690281172992
2683033674
976553599638671361
908090556714287109
910506673772617729
970312810205974528
2549819187
966742263928942592
950102496982298626
713038565958148096
927313940408930304
336640602
752002473573904384
2950377736
954089034967584768
944348736901341185
881950179724849153
896157868050833408
965337049782943749
890586303552684033
910548386008453120
844662588290019328
726088520960491520
913560587535290368
893888789910892545
3348203217
3332015549
158487331
896506494451142656
157080063
887489515501342721
844923443372081152
3390606575
103320465
2249668730
770367931
3602326601
771339571992862720
2616465658
786766123383549952
3091263084
822665432511418368
879178118988259328
931217125309599744
925540132832333824
925125952702681089
751840245394595840
915301126349709312
910156279963938821
4894826963
2696717511
1002776640
752511338925158401
826620367
2488898119
818272893742313473
849395541205241857
821880328054775808
817788242498125824
