127900308
755902660050432000
965562443916238848
976177089106907136
90448601
975910907460161537
275074723
3417954910
997535783480279040
805683779276681216
1000154316274061318
981357709890150400
217506104
547905010
541052032
3873068439
864967929909129220
826571523850907649
19539082
930969070547165185
983620932097884160
1909512055
2443493784
986663536880508933
871171243642417155
132339474
788919541652983809
985651700693389312
170041895
38442614
981356212984958978
982000633396903936
168959288
21425851
21816402
878290322572414977
49800866
603304139
42876815
2813359574
19865053
971007031900626945
800784546622894080
2166548802
56038149
162999314
885067869419184128
343569285
894340629173592068
886239873086222337
827039385749221377
827037583498702848
826366168625713152
1075496113
118816810
872476532673044480
18158924
845189878702718977
21508112
744150240136044544
838706530954412036
837353336185683968
832934221526220800
825604092454133760
32424501
822901889650008065
3904343376
779566253090410496
750645230970499072
785304040506728448
602654647
763375141669732352
759098975999827968
114134376
444548283
731997699642269696
731468383728898048
717149757597028352
730045998744145921
727600938588999680
22853891
721057310878076928
715840798022086656
1706848400
18990634
3091926173
258889275
3765610594
3767945604
277726170
430661630
3153444482
2601493541
3062198402
3010563236
2179527488
119521385
491435292
2445135736
2385797337
313612806
18593884
522002325
17146679
18722877
603879268
