999635065406672896
997957773131505664
995728347333181440
794167699542855680
61207182
783602079399088128
3318318912
3243307433
832563591391887360
196571281
841579388688879616
779345544321859585
4138678706
1004653629486202881
3060428160
746045449451208708
1002206884097650689
880338026743910400
18278636
45925500
736268072701550592
1002750985511538689
745643821711691776
907912704802902017
841640028136722432
28511787
3130767244
830005688680189952
962088384272334848
2178403743
787220303088869376
728932482805026816
2457782683
822274074332295169
2283495121
128389804
1003714838902829056
3292618276
131200252
833998747
820027394148941826
81354289
912249031153287168
813827539147821056
813325484935286784
706567211134160896
4074749555
911986613441441794
1000511666629545985
4854696970
1207897986
729908222597943296
1001912964914565121
193668905
182493733
958476848794619905
832447262190088192
374589821
4830605044
221374879
22516489
2455570999
102726789
37139102
2256538393
3246961308
1001020397305978880
989091104116166659
3965280023
992379579611471873
200960600
93880386
46880751
3714781275
2377861776
999683778128719873
2441096280
997032723305844736
24727425
998636373459468288
998455799470088192
998420845428011008
998454531737432064
998553542288969728
998950943545798656
998650341888548865
998613513059921920
998590623530680320
998492007227166720
998634692776689665
998499022724849664
998558936088305664
998695204134834176
998425323619389442
998574712602157056
998407830670659585
998371841201922048
998436306911875078
998559972618317824
998376240628236289
998463236537282560
998409561731162112
998403608180936704
998359606891024385
998362660604448768
998559143341510656
998376284135636997
998328331492872192
998436378961698816
998476864514613251
998617668855980032
998529387602567168
998929710988935168
998345471281303552
998390155538042880
998402832360407041
998650745653211138
998476003080048645
998376071895666690
998941887779123200
998647687825317888
998493599326187520
998561127654150145
998601245274378242
998453055967215617
998476802900353024
998499496999911424
998987221565956098
78914650
3666084497
866015688
1203905286
907329885621891078
938751919450927104
994589789658779649
977875273017278467
238132499
715997262116229121
592222488
807904009520640000
998355218055286784
998378218234241024
998418496500518912
998419198731784192
998410088053465088
998358921294344193
998507238552633344
309768216
712685425941487616
978322202742341632
998327004368986112
998318655246077957
998327438357794817
998334299106627585
998311485972631552
998328915549671424
998326350485295104
808721959441854466
998003864929435649
817350111726604288
887589894171840513
994989177845506054
880251148392857600
2962054210
3120911027
168475267
238128324
972707803163955200
867673592775008257
887052108456972288
994572738667909120
414929826
940543255707635712
459266823
923756627227840512
996773286343258112
996703273397772288
996757478108024833
996751268130512896
996736237200343040
958563193370103815
995546460216287232
768856478614753282
957608113372319745
1092122155
2862508295
916101380162707457
2540892742
982183859876843521
2882475498
4894960509
989152334105243648
785800908403712000
975564106001518592
993914298429792257
3590169021
2902054120
920977291945086978
2784784744
4871941523
973478856488308736
837973921
119346935
3131012513
976564400701235200
20303345
794271420108963845
993083832206114816
990634750959271936
2739508109
992782050515091456
976831272151670791
4083083473
3154760255
1601848759
34809486
720575164
963877773449326592
875008550900310017
987408257135382529
991067432264626178
972880785991663618
4346408232
991330035561836544
634429402
988874496558891008
990986615475466240
3050596652
704739867754938368
67591564
847242528
981828838660374528
780350976440033280
3165409180
965309783418003456
2201141251
771451402128416769
967836785656193025
2335384843
903788539
2563017134
968057945622810624
808443183537524737
907143538810466304
2706552259
969874629274882048
978662196770156544
983080593616498688
980233672199737344
2667913824
916835858426163200
935111826
3017880501
925598476079124480
963223114288017408
984893235049959424
920289177211736064
923590435385348098
4436975543
979034372610383872
931516481866752000
155843709
4831666427
837080212957450240
719434174508240896
4622714176
940557641922654208
510555685
974032900332105730
820994800199626758
360623410
968232957700866049
985915160161325062
531519673
902257898365083649
984077918824550401
983285492488769536
29230805
823960083998638085
3401090475
970639754864807936
928253144915726336
893482561724395521
976406457246732288
895410525991051266
939145824105320450
968308250566422528
982682480183533569
836679129932120065
974238587028942848
780671102
3216603579
137330151
981940666346409985
981897701762662400
981876218508333057
923192953207754752
981815631254380544
981809504777129985
981737038235004928
981619056859021313
981605716564815877
981580953243082752
981559853163405313
267226791
981486352888991745
981464728592703494
981319112881311744
981307031368949760
981301522570137600
981282431272615938
981198778924457984
981195856648065024
981194160530186240
981189702794530818
980940473660530688
980932758099890178
980904091940540416
3569193923
956545432112566272
980864405721231360
980745107023581185
584605051
839843174151487488
720539321351192576
19968186
377479444
3344220815
759300305125191681
354961715
830891096045658112
373550312
95920452
974371605467090944
976968707648950272
746402425964158976
976942664011706368
3113497784
41609377
977281520749744130
563286717
844604814940164097
3115970614
2201622572
848109589237293056
937378225499537409
832280598257471489
417265205
970670912084246528
40928919
422577904
875042155768815616
408555400
761335254
972939954073546752
808098594637172736
867524571297062912
884658190113263616
972553990700503041
830031190795153408
505675135
943196921749008385
968165264608104448
19585215
208449872
861552885431242752
1269752689
264354050
605601300
2958188895
4447861103
2922180423
716393144980377600
2927674208
4785399652
1872202778
967167001687977991
2432089752
971211285496033280
306233293
2206950901
969824780210790400
715580146024116224
3281224483
849663908176678913
140097396
969354409279983618
946817187674775552
846507118631030786
3178957030
722740458758225920
2409404623
959076265939550209
954737918211485696
945566392065101824
715181427231473664
840471213935865856
950761219878719488
2221440996
935851299362541568
960810083679653888
3212799381
3609474735
3115368363
471700934
836868655380107265
1069559150
848641162051293184
959822636883873793
2970283258
935866148880388096
3586046477
576089830
915197029772558336
831802339380043777
2490421950
960265100862029830
2320512295
953123705336442880
804756722539753472
2615132424
948132593165324292
39568359
881141157073489920
965021274924822528
2939669643
712565254392320000
961635779222163463
743055646107533312
2987808969
948893776596164608
961094466718322694
183301267
922816858339889152
4885009611
14481746
1087004880
963535874830012426
2283499188
2384392057
433172747
44626510
361787481
727417461956595716
3131303591
897167479214149633
956458771773083648
822113585115512833
266089686
954773272654163969
316557414
266173213
378453219
756535928135491584
415953853
4266724157
1734490063
732504252
45434707
429930642
957948010369114112
1854284118
39519279
193186770
786195683048947713
2745488034
798490773536833536
1376884580
2884873783
775343149996793856
3003755426
938744837851025410
3283506577
787658212694687744
958595274527707136
891955481262129152
715259313657241601
4746761854
725748493596413954
958522514413531137
309626642
2880669705
888820532807950336
959425120702955521
195599230
960075850547908610
181953486
934684905883148290
785819833233354752
1861646779
1260383762
115687708
903554166106284032
225135662
844696007883575297
729385356
956032729996505089
304562242
807497996409638912
70067232
4784899943
1372272469
956528839617859584
741895706382901248
2820826006
766280769291550720
958657875609620485
2786971414
958005543330897922
515885499
3294389542
2628361485
958024285225922560
376761926
3131311863
2975161718
953955499082428416
480306411
892314021545881604
398295304
2525578430
248816806
956669707402268672
3260543773
3021457079
956326730159022081
2887790891
954388335086235654
1250335020
226095548
921630210268848128
955601753331904512
953811693062311938
1189569240
872071626669654016
891988987019218944
952998250059051008
1398371743
954287845526695936
942834064779866113
822192716809469961
926083164019273731
19712564
880830757
951754446995935232
954131467801694211
3937384517
853330301174591489
938111629811748869
778905378331435008
835110207957020672
907976493330059264
498915970
705769382346166273
2411103757
492540255
952380104956497920
828735243137978369
3012688368
624307562
31095945
903087603133456384
1266681913
949556604747288577
836351101322551296
929818077600124928
910420815216349186
747097292885336064
447435996
2975038977
102717615
711307665629175808
938410719527227397
803329147946889216
952013123266981888
813525834166374401
896345119460347904
2409147722
2705805788
3064309126
894959986018844672
950322545168998401
3329918422
1428434406
899631831116591104
840799224023281664
4824789111
2194071353
75304637
889588422570070016
826315337889148928
759722612
937553404070469632
887572146179850240
2218371601
950108536285130752
916032316228677633
941181960155811840
67349583
3121170663
1978176973
826316348879941632
949593801634582528
711335416151089152
817601652702089217
814115927214223360
934257165057101824
843380551818104832
728507862
947463381031772160
931175325979078656
3396945873
303788364
2485282441
829258791640252417
946135947841888257
947103509161414656
946119328214241280
933275139185131522
900376335935320064
4265656168
944572599371288576
711527860285136896
305141030
1950327769
1056709183
214373544
586483374
55763189
430791646
805335133582716928
590093655
51724647
705581081144102912
37203756
499732282
728439426
310891281
2681457687
1306969140
1013679054
50624725
356220643
1324137348
61150705
358895519
745040712
137921296
203046840
2783514244
955306177
991964012
2199452028
31016207
1546970629
402676350
1475481073
2769668168
1038236460
2389332068
825377209
613261356
199167588
2547351705
829314512
2182662068
2748703464
522044873
835903178897948673
712787893060644864
762042879183351808
2309282228
746114520
3355384653
3042564307
40599444
397773075
1923561026
2587405948
1163259290
535295386
119005268
232277712
1628930029
1297974660
3168055074
783457844439855104
1123763660
394552579
415061823
70086188
1113074588
301859975
379957942
113040093
1057054518
2219787887
885173623148949504
496741184
2697121027
2820574620
440571951
2192380962
39482138
2369525244
44700580
742616568027303936
2647809393
414579249
913302491336527872
879147234213986305
1236302749
4586502202
748489964309090304
295656064
932521271950266368
270080624
870699140
1216724227
1294199496
1423961252
381317373
2324217200
3434238088
1004562181
2217597454
2381302752
428732134
2235379184
2441621834
932286413621661696
314070031
2525457112
1493815044
2290076929
2870880221
445720611
2606664539
2910870360
176267564
1088397456
393373675
482174815
2535358549
424580706
2481290654
397233703
2297725177
751620344
3075551690
570030015
305119283
595252160
523603638
2368554686
2565878189
391173105
440034540
403319813
2891159667
1131120752
338718587
428308350
2148792989
66903138
3242186473
2601263210
574378232
317301174
2300558443
2956156961
1319821993
800013675906076676
819460022
1330076366
1101204114
2811069151
615648649
220219000
34714429
2210690732
39633448
2395848716
160180731
500969963
491035021
448052698
2941637535
405705196
1420341722
1088733157
503196707
2926666123
940095505547198464
378516638
428034283
760671308422057984
532472715
532986227
3010501787
437153011
2723198918
194765646
608068995
484956215
942716682
349926945
503912922
420383796
734767243658203136
1479948302
246501791
545653474
233235847
545786963
784958210
932848905150181376
967688971
3057226949
755359134
797629501
250035522
876218867214888961
722138558
237983197
1211967138
510972411
2826263977
2532188862
1260475279
350479041
426890416
66786752
734323530
1450681254
62076350
426914896
778840045495078912
475671333
565179771
717019959
221347801
108445429
305509432
884398168699424768
2751098577
1682027779
384514232
804496701104996352
94976000
1613036185
2281159477
2764194987
736674286266683392
499622646
361754613
140863645
1921372687
2472670284
4272214589
727138249932701696
721165885571002373
820898612
932620811164319744
2850686313
94590154
125115423
939522101332938752
597253402
292513706
459789968
258188382
3026023275
1708566336
2214361676
1910935879
3094368982
411184302
130274042
2611145104
1099591160
1664606526
266218593
2631371039
2301722401
297025879
337647820
723602450
236731384
367803698
353860549
2212776093
873826183
1061896838
904273833745563648
47158104
458704230
180678720
1661964601
314449335
63785253
261671768
625080687
448190961
503978643
2508497407
528207905
3247338480
1129002175
435036855
229652422
87458530
3133534900
520227059
212652652
326597477
242196419
178103137
577257141
712931001
604716839
569963319
3119215638
1726262214
351197603
132621639
323116295
51469105
716108048
1453180663
887717592
485658652
1230170107
361255192
944454698
2480144119
1531986338
380499008
1410274075
123569101
737238548999507969
704889892522893313
120426875
2257551714
633164867
3636646996
307294885
880879737010368513
2823723165
2717684403
215849637
373395280
63349748
1115749520
2956086687
1144059968
2304248328
284164461
4778753176
18603560
795025039
848498426
66094324
467885725
1916784840
2709542468
257693340
1641151310
585298075
490141225
270499260
124893067
442250376
242688590
213857283
4921427698
566971488
630236939
906043161964756992
1226847649
363554348
459056102
1578125084
2360964113
1960056608
927522109
400243352
451029158
420904872
790259366
2450908633
905166779579867137
188067317
3086894703
1681756862
332570387
1141828519
235718718
93291664
1055578520
614090932
715236494
1882820719
1399472370
304830461
200491142
4853862675
1265629759
89247023
703014414
1039693958
363470609
803228234
872156510
2665328480
1057765267
260955535
857699527
601673022
2686760186
631249313
226993307
1004610114
1847138683
1568380297
743837852262367233
2406708941
892078753114927104
2708837041
1940117036
452473098
783796476
3584018776
3073340642
2291881404
575180087
1106749580
1529314544
2316986573
408864470
508857071
371550245
239011103
367209006
594073803
56201757
84498833
2684001306
2292257412
2750965809
813103879
389353398
1447303842
1338180823
2990810051
2240112716
457117987
457670394
607467465
1064139618
66760697
2156311777
872593533903020034
398408708
3127388453
777621642461736960
297444071
190167407
3721104492
274593555
3184777967
927666519986884610
3330356867
550976977
173397838
56722281
207848214
1112181266
465065951
4070426429
64046461
2303024028
811691620429135872
2787437503
1539010525
850666084923457537
1722224196
2712089958
83826211
247734190
381449988
303106227
1363212182
734994866
286467039
314297884
239716484
98386560
345594366
704170447928037377
583754905
26207787
519871911
1328749698
296692819
436851930
2733942376
2285282994
275153567
860698586539077633
503620326
212265872
581680703
476273701
479212393
2436597312
243454968
457872504
2170545939
545149332
2728501283
447943811
82076588
539878600
1956888709
273597552
369046725
725294458426789888
303877174
232121288
1530115532
590363471
789902928064708608
65655541
366406754
1653757350
90731603
2329757549
812165542027075584
4804494888
720478724
854601734022340608
423104062
361803985
887981912014200834
423177942
2573093016
2449938750
4196340803
2247968379
1563867427
518557341
132470767
2233718444
565268409
901524341048827904
175350308
42612375
492014936
248350823
16631256
858851468098580480
441906119
2462264888
795476612594671616
757365949
369744301
1329120661
350436787
2556608155
364736309
185779369
758647709205225472
2387316973
2836047281
2334773684
96124926
2689756950
85454502
3067890388
1532916343
50351164
2408353538
319656657
1683894702
306240515
2396992913
355963969
132012410
2264000797
393292463
200371692
212983715
3116639142
2154090119
2339058670
1532433331
60825004
2365188804
2493927122
531632900
36416685
1638347863
842525122695192576
861973009195835394
296735961
16550232
3008548858
413454104
1589862054
3033432405
334731649
2161403011
386439188
390807425
3031444779
2398613126
734713777
575608036
2745438941
220727577
2856830859
1560204314
1444865508
273855564
424878565
381574263
2760617609
1525905282
485013355
376223897
1453452330
2818447598
149147949
804439033
2591116658
1111563780
898786243
214545599
516010460
215013507
237405059
524664420
2974900396
2299564155
793426968045846528
851136600
64456156
925564939892379649
840049820
918778933453119488
253922393
3320678819
2409815685
2462822195
559642597
515269815
28793361
250038787
242156315
2380543237
482946058
793861317400592384
2331552828
336375186
35683835
1662692010
2850203184
445979660
2393217588
2430715188
3089824882
490512708
31192193
624682897
811277779664773122
324754003
2756069333
2854922351
619362979
86178673
449830616
2214589884
2727235804
1438958173
345545355
1361653922
982414375
4686665857
569889774
2573634536
835230400062631937
2378076218
282443539
2458020980
549076975
1890752971
177650830
708033385357246465
2622982541
1525338336
403592335
477623564
3322912032
1233462720
65026231
1706376295
923391445
1608118358
765586947351863296
497811527
468149603
3294775857
2317952541
2876411688
453110860
539250581
774512357976473600
318889943
267977180
253011044
2275231364
614877357
2954858012
364006923
2318197171
1715643470
1488738552
1480294196
902529223
762931818
236374714
2617099212
399448394
437633285
200260461
420055699
2261704987
373436526
881593012819722241
401773129
1039850100
496238113
2169865506
2413225517
311014431
709851709
2758518990
3223567164
380991025
2508810663
1281827664
2431729184
190531234
279520097
2656259442
842088506
257052830
537368635
36777928
587713357
850470866
2288721148
589866308
2268593390
909254318
2765996365
293691749
356974981
567277133
2666362218
2184358854
443946903
4840341373
1424742133
1214596856
441081069
515897095
3586984756
423326422
4829072080
2927427766
2411226889
86353327
394129049
2171490151
243601642
3168279258
2799135381
446840299
1067904930
501147783
2598503569
488088250
327952738
1602812371
4719268939
966968162
462682515
4440626127
360100610
2270999442
1728333289
540477847
328762339
2247335062
718947673
3139775994
637334344
4758298346
300238559
32908149
1262938327
236719975
218051628
3239477816
823634092000477188
2423681587
1211086657
2606567681
215139217
381424223
255067396
213156327
858699246
410020055
459921669
1339937623
2791498546
3855457273
942128898
229482949
631873695
346658117
544796098
706484949554221056
2740841903
190333062
757344036
345103951
624408071
608270437
406272974
552778968
319856961
2490661704
487849114
1020426048
738048240
534789744
2361458396
539125998
409916006
278284562
619100558
19899826
429056203
771585102916689920
117955446
423245829
1897405038
2884614597
202145776
2902356135
246290546
1112904470
3222332447
417850390
3244662680
557320734
3077314975
513735966
3188197619
132087558
1269577333
491440989
463798732
811686481
568147343
588270035
2737620908
1896348108
43392515
165442658
834488702588092418
2229518978
2815324022
2957611709
225079996
107597331
2259637878
256414749
203180086
2578785564
870167096
2574397559
439398185
2460634016
40596835
1016009726
453272335
372153831
1608229897
394348695
102834728
2860632726
2961944823
48740532
2528492791
854219282
3656008767
2170510362
149716547
2767839142
2573180018
796814759249268737
717341970394251264
45842974
325397128
464090489
388026541
559474024
754694444985753600
928244489608683521
4400397259
590364452
719678833784397824
501863554
839726330
339601762
2818025498
1129159201
2493339367
3491145203
3390904373
2770079577
167021822
2355333919
284217424
877912069986758656
164648038
379153164
2867167624
866385763394605056
2226379108
914225577384701952
405898640
937380002911449088
1085495305
1486969344
618223717
705841518054129664
2737134275
579629716
305621323
783658786523193345
2726964937
1028595247
2261345947
783879979
219511233
395891097
142608802
58425852
2602134214
2689046714
2830349751
3051728178
270490134
2412485989
2739004467
1401665894
2447370066
68821769
731495868029771776
276048512
618100156
1117250521
65024881
2836539024
1035173648
534608943
247897207
476110701
2305493179
2500139379
791650758
499684807
220050498
167183476
27472399
534644124
290892328
1311847310
208538247
582084771
3044842000
463017415
1494126961
796322816
152628447
2327261588
2467168154
824640245375401985
566576377
2819617344
401619349
3306407505
223920767
627365249
2206742155
2433791166
95457252
879884902434578438
531840025
1655687767
75788311
2469327734
2857538209
377784178
1148698369
2787501356
985048142
491599142
2391079904
723452534
932185727399546880
4031896993
191760746
366318867
2585566214
808989270744571908
294672125
520059725
508401330
112171568
36115588
723370664
2498117156
51007708
394503118
2916049745
1438676510
414917469
2320004910
226577703
2386973737
474316862
186298457
2158823612
2474240088
225114301
966440648
720594714
719755918011858944
43534233
2487170441
469193079
546282707
2242315084
404387309
2354277456
2391973616
1428517650
34057049
779870340
128671614
783869514161254400
2293622329
236227061
320851690
200324801
808279502
489090531
257950763
341720604
1068763099
1938173258
386776875
1050254606
4157857943
619607767
611595827
175882617
835742774
349950450
224337133
2389919299
2433911569
388933337
2419630680
1518430038
924490961371222016
160746930
938339653
309205727
96335085
2770596408
85534612
501109267
619964858
483304026
828497822
740791753029091328
1331717346
2500506132
1119734100
908376288968273921
281351693
696710104817790976
233647041
827546286219997184
478260302
713795780
55816875
1137749269
1606443326
750044149
2358535647
37283370
855625170119122944
2316055439
1596576883
1686298819
743993632714260481
243547292
27819460
846894793
3387611
252946188
246177952
451341212
308844997
1510735243
225649817
568155288
2243633790
256713141
704988805330288640
2483628504
869755045
889864639
2182703934
867888187212832768
101779920
2160852244
1911984248
280907468
2538446989
248453762
3010014624
378574884
923604585754910721
123051861
763302959543357440
2549113244
329932081
2786352564
862850548327788545
56021853
3254081267
20261692
509762052
2266570590
305378342
199585112
4751469620
2230939028
2237242678
2364129521
527703516
1318884769
3242158093
870528165751291904
2472653540
1533114510
1875201739
559460895
776937386274160640
330192434
265747359
632486116
1045022137
835139125
2926683261
358707811
3236649235
87287570
1443367380
2679053834
1317302480
171544115
794781610230976512
470312508
369616181
597439128
1088172866
468960831
873850384489381890
2725449354
2225712661
145504717
2646902630
391290773
200471114
2434306190
1434894283
909035490
1564125954
366073280
1461290077
241955282
120200114
1869315080
1971466098
185197959
166190015
2895767467
2450167862
1976368267
1489068188
230031223
2911676522
2826316304
332496594
3987622637
96468693
473396908
14658404
494593641
1053879350
175935474
1696124467
43970284
134859923
2798621533
213454478
409257224
2707026356
557325002
797985931
3326154140
1604935700
542968170
387551704
241596238
236683119
777665755974426625
1183547233
2731090723
478822874
25975222
222087329
1476914947
542109116
170410300
40393839
820115554300297217
4760391990
900283607998095360
403300154
456395599
145384684
719577638
286359523
1013682582
1912059470
390639450
937599068070584326
1895274457
1955731248
531850084
3018457892
237618125
418187355
2343364404
397734121
484059847
131506241
197196305
2376989856
73957443
110391380
3100275989
1453486604
4369961357
2746900664
874948870127669248
418454049
426019185
746603185
1395353282
531576822
2172311371
897182809
558524715
4563016405
1366326396
908051651768078337
427357027
1469169078
392015550
2255384184
888401520
735498942
872241806
203143769
68203444
1374412742
150887755
701489948
2759247310
935559240378437632
346269153
272184771
3066561843
355471470
754545435981783040
246986901
414204011
285126822
2536094467
229866611
390949022
914310516
455485756
1593908864
974402018
592424019
1335792336
240830912
326001485
240361786
2770130866
2166633028
150183594
927477117016829952
2949263025
2788101993
433503365
3002394268
4120686718
1377360091
524323981
433129996
3391294485
114722737
440675988
1721541630
991416972
584054503
2563852516
1099315615
537086321
1933402008
218668543
376024290
4141784987
224891403
630890082
609445685
194847350
280131101
542632727
383486028
790163431
907407400407269377
330724315
919514858240004096
225858703
243423755
4560920175
3693180990
246656692
2917132114
598028914
2941197723
458738680
969857923
1342788612
1948060488
455293050
455075700
331769804
2181992968
248526873
2783738122
1577540587
421186106
2810538706
784113584
570621641
2998215245
1868279844
57108397
2880126261
284270702
767000126
2984366966
1679437303
881413716
3228582831
1226140543
494719603
1387649455
2307020527
2418942804
743368724699176960
1389253903
2814603506
2419698547
2250215295
87106977
519114861
3389330873
2902322257
162157142
438077436
944213866376024064
636698774
346634086
313125600
2387857994
334125205
2243478470
1863285834
1007058290
2176799134
19313706
626479382
789420236134952960
65329862
2641360743
3351608625
702080291
516141722
197590093
2218515858
3187851687
2913180087
357236224
581602919
2375823073
307425872
1155833640
272740690
704430976819204096
4870660847
929703130627010560
144869734
892078124627787776
280964882
796323310514606085
525485958
938940192085254144
901919445416787969
902881871578746880
4908481439
941312679414820864
544282299
3070105633
2859075161
913958511649841152
2802355064
2407996856
866065754931818496
2987257193
902891149496651776
366612188
933350445594136577
11635992
633951171
838788001014636546
14304857
132345523
446669298
940115879257243648
940382276516532224
924830971572228099
4898326121
864395810624221185
292875861
886525064472010752
883696070
785498489870483456
38662636
755728264207925249
908140846381281280
931069533766455296
392259875
2677416479
920111750
892698966
833648446255017984
809736612519231488
807702921316069376
931131950827560967
923130193971118080
2436298663
186486718
294679358
2781460398
631877210
385883967
225059102
395786562
2263414885
767826343
19606906
600259604
870311111857496064
1452685590
927335006158098432
1479369259
562586277
799067654
476664503
2319078352
421106425
746040144273125376
1087808569
194500228
1234215751
377448206
2655283347
368139655
519578112
749517048946958336
554609863
591191819
4718655492
362138521
263079460
861639781
186183697
881925572
594764910
995207126
503334103
193311923
283722930
2397594427
1627304593
4572093135
631016735
1077847975
240683484
281064197
194693092
581362525
1563067778
602765495
891455293
345575709
14440093
758439247
1851333060
1284131076
248472274
1266834168
19691107
191730010
21754434
26721099
877250460
234104341
847974548
339243118
2861066728
231702743
560608280
274360949
902559229
401534655
2353465278
468474876
900928742
619930536
81203041
587789200
1362179724
437730642
584594178
893016098920173568
2594741424
252015598
2333637174
198523266
400746408
455502185
3221767584
350936564
620130833
587310982
913071419780722691
181089278
897053240310804481
3317122190
2517476650
708390656
608477733
15607849
2884861575
952585142
1902533942
1652801882
760097394218242049
111268890
2897572980
1850438282
515017131
1161509485
1604473568
323665607
798389808
1480120010
393546453
1024678134
25591545
40312942
598541352
47733660
2256469461
564840920
549092653
571084120
2425680383
126322349
307581739
511584166
313629740
57412691
290829841
848076044
315086776
356314679
1531569481
18002134
764946748171169792
1256551248
1039846842
486908501
456651370
2407844566
3136796901
1029610368
998044412
370747693
960603283
1618123940
1165696927
505345178
26475748
516295623
1131165626
4738980746
593619948
276404391
1076618918
1017069811
2325093402
357299106
796876010
2406331480
1274885300
301181254
1601637326
882169084640493569
441161129
417560338
285110119
279644736
4832004017
1610319667
716919240
765144894730072064
1729262965
1670160750
338329289
139377044
124154776
904257274591535104
14532764
46382567
905871213041520640
1510864260
538061915
2352739856
2686773474
515114841
821118380044390401
1621264490
548217764
65097777
909693094660108289
25578941
2179613707
239196966
51343016
1137393348
431663418
561428046
718974174
1495265400
56040004
391493367
1191642210
4812769777
1659063991
625700348
904867786752528384
102959770
2260427634
394748869
415794885
278387265
64059419
3063851002
103802746
128146578
983565013
827130138
493363423
432588694
1325817307
786548936
523619307
565082161
758424626
933028793182248960
621287203
29610923
231202821
379718546
722388036
627275193
455451546
2966325136
2699656611
285665810
2623660449
429311508
151906482
411038259
289697682
2371667520
2280738926
1891229420
1184937775
4158273629
1039395128
527899561
245109392
269678078
2879881671
3009054181
353329849
3294412597
814865480
909038948185399296
455303187
558307769
1484884752
823495928
1215861403
532509586
1124779830
69597703
134344690
3193676660
1012573495
476013841
776985132
27334852
123453794
894160639
780824412
916676342
405221166
860713500
369403405
279467470
225173064
1612760984
113897955
199463459
394783445
354228469
448391621
1553909246
541185462
3098038938
773620896
150860301
1221883507
768380722293960704
258224367
405413179
3325496805
4407007168
817067775617273857
933094099187404800
937044180639068161
720719186
937368925943291904
2370627199
2496076518
732107318586953729
2275883743
278443963
92749453
2387615634
2193614220
41855908
489257131
1219537304
382145011
904013544445829120
2229022235
1347647426
915880553651589120
754158954
552284636
3215349587
63671229
250655284
402153996
564885630
521472700
574758818
1477988844
897630864129097728
221794867
4332299955
3341503569
13792832
358432829
4846736265
818024136240807936
601251730
393824515
80530276
936078211
1863374767
425993271
778842214776578048
868109212118908929
921943429
1250443303
520119820
361228691
1851771500
189139472
519462859
578541508
2537784051
2429891119
830732472
2281224066
79054256
822351162
712915799
294598131
544116833
1908418418
87828459
145046122
347942921
2601106739
384133577
313645677
1029873126
279224523
398761496
366674307
567500425
376454795
2416826232
2236291268
215692700
330957360
333262781
463512275
501387437
1109208031
2708149686
253495123
543381889
4397195656
397321420
956136908
313992257
351412638
217887870
293534347
847455522
303783047
555842591
1575831386
798833365
49959802
2193319092
281258921
814707464
1155748754
218777482
309843686
1708237140
2248214245
1019926154
1460371758
193899435
998375744
86419749
857425477
2229510358
875527477
428094955
368829573
155105530
1553933396
414420815
99852532
1284111792
1043670698
2772638455
1912850024
274326393
1131290028
390664626
795165313
366726094
523292869
3012318402
330368541
476452151
62704346
2313562106
2457769094
917198580
306026119
156571749
1521060302
2522727330
419950125
533274802
484763458
2782818683
2468034840
1096295347
1312689054
1727538042
259847743
548222695
161438855
850427148
197972541
333258832
595487350
352736170
355591325
337981960
445341634
1116035702
619335231
709399339
2162646902
417871566
2956149439
1331748242
472302530
485637278
515560149
391114264
428710136
380592269
549210231
363010011
228210817
978623767
495127920
68143449
2665042624
170922999
2264712523
406471749
2968843049
4226234236
544017483
274013146
572402504
35986994
2362441874
514884850
2653955591
1236494862
287188745
452565490
731965394
883322037346996224
541318878
755346943
205595920
2775217325
925023174
222454602
487376857
464990091
596614175
308042330
1589820174
555344160
134673074
207612349
387082144
25180222
288360823
295501122
405299836
137710542
1018726070
68890857
578801888
478436673
1134669096
75283906
400883669
766585964
220747077
874692336051118080
571201535
425382127
1163653362
466925075
384771811
412962838
812332532305973248
201192048
3179525246
257268828
1377802339
206673251
2418765960
359543012
241814585
395135491
318818228
793683428
466310894
901176739
780697616
917597537158262785
3796283909
2479931177
537497855
420147833
1003125446
1537082430
1525962144
100730305
505541876
2235401045
204825318
926050202280255493
96978419
836531740617269248
3152037320
204097126
1482138036
2911669401
584970974
896159162
411622844
493367382
752085994795520000
376347669
319412643
1087573411
1449720734
2539727411
229831696
2400494840
351627627
448039904
1074606782
2569701745
499805166
722881058325155840
1386651180
1897988767
813365042
1845989695
215962200
102944271
389739621
298429918
408528951
77790165
3226166173
364662868
401566974
3981821908
524181872
246903076
87356914
378585898
3305117571
349148403
456811540
3193673125
29017335
34686286
3897057557
840902241288626178
210146282
949800037
300127372
502819245
26136964
796782614
176197281
2560960554
21863448
903296249604042753
812091596
1262617674
566034262
128047117
396227463
508840431
635206900
2268601053
717109842939240448
4067080199
1356090734
453142695
425150082
322895689
463144216
356608508
349466596
2526821492
2524711395
1294933670
65673358
2990959365
626749705
187811849
272249863
2227258968
1247314778
343161952
945916159
422424342
614955984
1471702998
4387021138
1167197455
1256196895
735319754
89526708
461427821
2321811181
148035372
211780750
896732984
1483833685
768493564598685696
2257532154
2882332240
73477690
2325057594
922512965206716416
1117724694
1880119495
3031607055
377160128
203624628
280122057
4311750136
2525488503
379531520
1332613998
278278003
2342717011
815552988
337604001
401517046
1353535466
452736827
599386917
587511691
236567412
199565903
27869020
453835536
834237786
292265651
709044254
524647933
2180202302
432490945
2383987764
386681328
958373689
708115178
2617662174
496887255
283622022
385226839
897967496086474752
1218418400
193677894
1333050494
388683733
1674821768
4832661041
380299905
359764120
2356466695
139267255
181861286
2851314304
1453471254
1884159025
424541682
110299094
518204818
329283795
2813657318
317966927
927603860
581958174
441371904
605408501
368280754
2420643907
1436456918
284984481
3974182408
704521822
2174470837
314081920
476181264
578185238
2335150427
1962055759
433314185
230014020
189125232
860747107
720672674570235904
3201653638
2744245469
878654528
294312882
2886284657
947238445
1375290511
417298904
248791328
315926903
3242796841
874367998680629248
2330672700
238768733
447754101
1958149868
306786321
241842655
578420760
201341622
3303211198
251392665
1319846515
2728867295
177198733
1230622298
3078927711
27909626
1086261524
260573891
408967187
55359705
1059886477
1923994363
781923518
623931417
220297310
1107293341
35564470
234625735
310855741
573220350
1367275021
1065983354
558033986
3154863788
375307498
246284910
1968972967
2494329337
561478762
787668391
287319319
892099836165672960
1102829605
963033638
536339409
1910555792
599098946
400887467
146808529
321868020
300425402
780811754137718784
862754197355319298
733552722
361497032
2162469861
1618411315
1050375498
112464678
400716648
2527453118
1414666267
359965447
570993749
714918080762273793
23574415
2735941325
228443311
333346268
332591487
584730915
784396239718653952
1104702638
250624463
328289992
494700799
1033720262
2223149144
1058344026
1249006554
917507504
464123861
258840768
218368895
1722902395
2260302475
416525837
2632259590
2465986525
306465512
702738172
1904565224
1244244721
457735098
939803978
427421117
33861054
4637552896
2284649722
2172659258
2153015917
315776720
243124092
484725135
887424180
327512763
2411219539
832060567489744896
325167545
22881481
619728056
1213260577
2173473257
728064342
861094380
590415806
2335664888
395479672
1537283635
139472079
1496845692
1625301278
284225655
483154946
703809997
919034274
64448671
1480230962
939523968
134987742
1393456867
453224008
855974475963277312
363899666
108358365
461190657
1637402538
2575828268
331508173
136905249
2723513013
344207994
1345444140
959546833
2624892711
540941117
1153262125
447693952
600556815
371584577
456614204
113787662
524162185
2791140764
830822150
78001308
2218286145
913112224604057611
441249745
101882719
2577424898
449322192
152877343
390854508
205583043
2583034422
564214559
823879736
3350781610
3020456386
89647010
197328103
1727274254
2759977706
784245087568064512
596447425
3316190470
438960568
1925635645
36875547
3154733024
3241229457
1644775512
457997324
371696475
291223562
214969361
1520906527
31142782
2701802068
323723169
283399371
67829113
394048796
603880494
4893483537
564536499
915212769653338114
588727305
3026585007
120572115
723147777480351745
2859448839
923618905498836992
925965343213854720
927181558540357632
143811241
1418398771
758215526367784960
818231382
829570983124205568
151391121
136722514
27878891
232405139
1005992606
930789404704112640
826153068618272768
104164675
855305119646208001
922815969365577729
147954027
928616953228464128
168612770
1966615998
219001502
176235609
794193464951001088
3015075657
517433242
3120795274
928031340263559169
854700958701547520
925848392646893568
931087546213269504
36471948
1664681160
929365524445667328
3399130583
735664753
200980447
930133312018026498
22135420
808482415584956416
2857806081
870290356184768512
903907685170651138
109566167
773963278108196865
424326821
925633579232776192
1612552556
906208582676426757
930756095097868288
925764857999261698
922068664513282049
453335595
2180817967
3238906857
926447250909351937
17307997
1604452820
2560243061
928679041770708992
29469227
92509123
927690015223767040
194049781
86868062
18334433
920952694390456320
800034883619979264
920645353778671616
858355369072103424
855007458246483968
2342030562
17116009
915509399187320832
927492587895783424
552731613
2887075924
91110825
835399226
338257342
928175449943035904
909589893113884672
927872299377848320
1858395666
922814269170778113
927479839443030016
4724776950
763824120798842880
925382076492283905
909723300049358848
917403048405762048
555367887
913390003786481664
433667824
866137556
472830097
915135016090374144
911030003646828544
343283519
271073176
1220223798
911988553877467136
925406032553234437
925935834175549440
921554771328282630
2210287226
919914866525245440
