938952072254197761
759635121498501120
2777871397
3293964278
1000408507970146304
946770918
128648577
1313066942
498392326
1332121
29978542
941025820298170369
229313461
78066126
884027664750784513
1003414397430222848
2915233442
79285045
998864908979789824
4634559797
18682320
2271814580
4856711168
37599351
328790752
3343725700
999761871111688192
996968116864405504
198756416
777616574203170817
825103333660598273
2811839990
274667363
3233151240
996309888384061440
266819765
982749275594678274
599099414
128389804
4815173129
830431051998584832
2659185226
2412034488
973912475644153856
2543557041
95731269
100899824
1061038518
458739274
2422409796
1934726454
979028440929226754
91332941
969492931110490112
909497508203827202
825016316478173184
907305684772937728
860701336324587521
38722553
2156028455
753780289533599745
820796197430558720
968552743202795520
993904902303862786
3286808412
792331730
808870808852393985
14993272
25877350
977688457232478208
719399783136256000
1209263856
813878006766862336
386591769
1567198262
1733223890
982852567045722112
541921817
987612086648918017
873160966787215361
25839816
745409481404649473
987150812802637824
4088491453
769899883381809152
1614183440
969592970449178624
1606801884
960097156622438401
950786134711390208
2912027981
872695783
183257793
37515801
982651110065307648
2345059652
1113672836
33592451
978092260616060928
967842360552980481
540704670
4194564028
2864340875
874723012561350656
959408279137996800
793468783264432133
983496464436379648
964743058561609728
981767528014843904
951229349339869184
512287398
3397631735
857346541542965248
971148337205448707
2280687830
971413621149446144
980013429468680193
975250700908355584
491457297
4624051758
471213905
923609042366468096
837795790328381441
2885566502
3377813715
734230657
2158494404
3152498881
974041523548512256
227883364
1166776620
1581410808
56315760
972599839946141696
733371667116789760
886507540498042880
532745490
967908950065733634
963580054381973506
832986198184493057
875316339380019200
2918161040
273502693
278303756
80271296
2172898128
965634399562797058
26077011
962646639969226752
832684267381485568
933282706196230144
225216704
24457210
958420894875111424
968663778895081473
3005401617
2853531287
964405661046996992
1462317296
395998874
877896082436620291
912772287438381056
724120161368694784
845833560611340293
825181839358701568
2219800785
2202244100
867358074461401089
861767620072230913
965102543826173952
184240189
67981305
325359537
848628475770454016
863635782
962006958294224896
717274725672730624
2550335894
1679216990
496768131
234335740
23000618
4612709921
2893422158
958572901275488256
2640348769
745438327902351360
958307732397977601
899671016271732736
777581968712044544
957271962073620480
757256419326431233
3111700500
25297026
3141982315
3495389175
911883591340011520
928273813988675584
905131507177709570
716833749971828736
949225094550827008
1589428567
946527667565641728
901791350647074816
925604135973535744
885856160137465856
948818669454454784
3122902184
879430841549672448
185406577
946961483052625921
949510483136036864
569447021
900737194884812800
846627026656112640
186225365
765307341533220864
4880327801
3441024682
828886038772715520
339391816
198709595
3429483376
944848668364034048
490792796
4358240030
37223432
4108525393
590533417
769238169384550400
420135542
97391070
2401830277
943169384129990657
2852033262
729533509
733484028419035136
856633382167601152
483885627
941677359266021376
604261155
923764936462934016
102196639
2989150429
3302720589
805605079436984321
782803276219551745
942154784940883968
713447944192704513
1589201052
2837808707
4092026722
3094105256
3237195504
171024893
786608311437111296
901259409682313216
931934944078778369
938836196209364992
835846937115000832
523212097
3220553311
790612617844842496
843934163430494212
225695040
2332229970
2809807010
2912054885
808435205723877376
421985977
1278437768
44872181
3774145535
28223136
2264222564
3056801436
886610195698171904
47108254
2283384432
924354008214654976
852205775170789377
3198853123
37268384
471626623
2429684349
3301171864
803276514032816129
823983607412834304
854088369156104193
490724467
737927700
2996316170
2921248435
739013040
1407686677
2275605126
87622078
2872289802
22239212
178149642
899392863758422017
2822910689
755902660050432000
33405721
929184814745473025
183684975
562614092
2259751940
733827926500605952
193298635
933587979150299136
926995334697504768
835942998290612228
33813568
775149473911701504
41879604
238803946
375348938
917796365396144128
719598444835446784
2273644158
892683912752750592
829116461633437697
235503791
844287863344779264
2874968886
3123237272
840086940741332993
426281907
926909241906130944
488431274
139754903
922841585703931905
915659487255695367
3300932289
708770379028893696
794541335600656389
878698962483638273
924331079556915200
4737149412
