864566685340020736
3193978686
3302561638
948405481663479810
998417318525845505
882653737474338816
868850103288643585
866135041515991040
1003992087723819008
905319902726111232
999813315059564545
1000653099344642049
1000056004971642880
922655914687127553
1000936562522128384
813324255995654144
934671017393274880
928287172611989504
755942757869510656
272829011
855764561999216640
757258439445712896
943335891531173888
379708810
967684672166576128
926471891107188736
854693186093981696
879304776
900321101607165954
1323570109
945869094061981696
915180028039593984
818188523052351488
1000386093756301312
945071039310045185
868021454947852288
988770558564184064
114328353
975928585323085825
715473788960251905
4059468372
1905479239
994950803902283778
982862196697780224
988983059100852225
966958572713099264
984381076515700737
945984340105748480
960504234440458242
981040890377527296
988082946400698369
2391457939
762229300045111298
894903404320837632
995851525560811521
967278737023647746
970270621811666944
950688301370949632
859047752654741505
932197806168621057
3018686035
987505054625116160
870571768586551296
400688727
986807229343911937
3250543692
825060773164494848
996623195313651713
999967179276681217
996233517049655296
4758443057
2434032356
805216789193900032
972838360065560576
794598420258365444
2268750258
994146081570078720
859309108788248576
3034217599
985085361213734912
921548392198684673
997982217916706816
815920241641279488
948555312662953984
939162213914312704
969842111250972672
1916276341
867807607100022784
839029331552657408
969639014721642497
994177335015297026
957171409662308352
545381248
912756953285255168
803444354815623168
2635767289
988769592196530176
953619018358800385
996391827887472641
744478190035341312
100731889
865747196
3049200542
2392040546
717939558587850752
897459680594739201
993382663523188737
884315038319640576
3253129159
3083374722
935073127905689600
978913015830536192
966103224569622528
999455355309408258
752299200155615232
930750348846710784
876919012290068481
970927042026876928
790756401752608768
1348553658
922130368676839424
418341766
968754288490147840
994142792615051264
3825582493
974949745281064960
996784186429136896
986605234293063683
996773708000780288
960081465064095744
3689116093
997699561362677760
947846633286385664
972801244791160832
930431369888464896
873165796494647296
873486143450267648
919564952788090880
923596992525119488
861998874050699264
994883913146302469
865136790411165696
967273093738541057
3052117528
868956259583541249
995039191351349250
4910640133
814229148163944448
788577871996391424
913469960990494720
994612240346050560
987077883041669120
769663596
295581004
1324139046
909059285061005312
727349272019111936
978289986922364928
931614908
740489196612116480
821835598566686721
915516002703523841
993011131110252544
3314395717
787258368872189952
1039504710
983620709023756288
845973495066484736
888380479392448512
997693165476851714
702611647358066688
702014701979303936
1223939869
961912025453494273
4068879024
2191275000
877787500235956225
961194335948517376
949309836893683713
929255197674692608
939808591812337665
882539409890885632
773109347928842240
405946634
981944095244537856
3150754244
288584085
3524179334
940466513240195072
989128438999990272
876798134248103936
766962304839581696
923586498305212416
987965902791454720
955459412797173760
957612542
3253236584
998531935935713280
988413149404577792
848722664952807424
971656693590339585
708150378022305793
964704763857158144
881654658724282368
997408790050844672
908717288211271680
881331787628236800
944513083380137990
999232857229930496
948202433792000001
860402753637634049
916282682870583296
999576656724377600
993839844680855552
992239830619729921
4197091994
928620971593940998
989308994794602496
999282175139831808
998109794333421569
558225945
2574267607
194934531
710295306
1341084188
994892474299580420
484848338
389321830
514017515
890240352254279680
912855216340402176
716046405303832576
753229982432792576
860135042617450496
217674642
728371654485680129
854711855423541250
4795413626
68577507
903448039850885121
847942533930000389
724493795279007744
948772462744842242
859322890239459328
865777701671415808
69183155
993132598070149122
912888740862971904
883301661048840197
700924793260879873
911385391583961088
983577168117620736
994155346003353600
844120586716565506
987724224855924736
982273574902771713
833575085256564736
894830251687034880
992846025978208257
881486370874642433
841222774181908480
886497185755316224
3289427078
909087754214166529
3975833973
932086368389365761
962219435103629312
765387113244205056
974850628429074433
952930468365660160
875785119025385472
832745455310082053
1609878145
949531952045965312
507562593
2854295125
3185189893
72025160
882773482383314944
931803349766287360
866981178984747008
876050645786152960
1718183450
984734926678274050
894888422103437314
952917089160871936
953926670477504512
954149526050242560
955296548560166912
955400827446816768
955736094305222658
955807173228965889
957634862575337472
957909195709325328
958375457015046144
958509177558646785
958795528011055104
963010070219964417
964253865087442944
973056892216815616
978998855340515328
69870101
966242553401151488
48947537
904212560039182336
857999936847204352
870919925187194880
856510752143757317
4834650340
977405884904062977
829228675145011202
949296959470252032
854044881831985154
845293797244207104
899073049470750720
820511217600983040
952826206864343041
920855503856529409
882867228340658176
956206057734389760
4273272857
893702172906471424
954524571608084481
979007314832191488
972779954881552384
902436862236647424
965243501251194886
954304684734390272
4865092815
868742862308909056
915187659668037632
869096585094766592
861983417889464320
876929170017722368
878243895783563264
771055370613641217
967628613964111872
965874678077313025
885387249117929472
854342828801044480
816982577340825601
2256345782
862095124079099904
875720871540801536
858008329578307584
870146858034749440
311501189
935323801801261056
915978545985392640
879518748058701824
928551375654371328
200831752
964890028907233280
962344170827362305
466607082
804262892581240832
868826847580012544
877560771537911808
810423824034299904
863956538506924032
879544707847606272
3774552864
866655290904555520
1461195300
856805024998883328
3194959158
836473539523833856
712611353287073792
515356874
884353111388704770
868709795351584768
839817154644045825
839812512488960000
872005518084251648
869106951736614913
723737826
204163636
935879116812779522
361680363
749640348213927936
905404418404659200
2797168100
903993970010632194
1909840177
767034591261564928
335141638
795086672878768128
26853764
157987242
737233468673957893
338249907
750694376318312448
379620203
744789854471368705
3555396858
734799759005908995
199409126
3242972342
730146465973051392
259006930
3459794666
1693360638
2708746614
1154969132
722488267938004992
386285170
1374322045
112249021
266483682
2268694933
2761391768
3152651868
560183421
704109988562604033
4911711318
344316632
488469616
4146092953
3116531726
2433941251
4130302345
4136045780
35393436
3346030640
297299797
149451439
2388630690
228985645
3185057084
3186031333
504312567
1004412164
3089678268
2307312180
3074485213
337611704
2512816447
354241384
37639303
2539410042
113265382
1657947294
1386624031
1701024024
1467130572
32683797
186549891
957522522
2592759096
2601082988
2903399054
2906256175
2228391132
1019912556
419541404
2221087321
1428493958
2407069621
430845087
582554285
134094982
2830720945
156540537
2892551108
2721745164
180002548
475593281
226229269
373993596
261711135
71829959
64648619
187616691
99187135
442572029
408177579
174266952
26553420
828742454
401478793
637313893
740216334
43509988
2856790058
2856891187
2856787634
14730695
2239722973
2847742519
1282404132
2311919857
2819997727
2534929118
2350513486
1938074058
2731534682
2793880879
2805042385
2795587489
1491886704
2226163010
210013667
1067866010
2757685172
631511213
2688059359
708099846
1522307784
2733389592
2201235703
2754402440
1632419796
589923473
869383291
1044418963
1734826363
2208143114
2346390930
1895616894
1105634958
1263411997
1243262864
102712802
2204891065
2437012051
2723479191
366960851
2538767036
2357773554
1243128535
2702887662
2663038992
2246931138
1368400938
2441180827
2158845446
2570486312
1717611696
577798872
2655524970
123488739
1408101000
2324890231
1625488279
2215921639
2695527740
197346607
1157165880
2738462197
2748272414
2504682224
2391052176
2557886312
2718650300
2199436826
2399116434
2521743320
596989186
2650518974
2593880947
2659440166
1663598780
1912195309
1399836008
2462684101
2159830334
2515585388
2495259702
1695256842
222469577
54225202
17659206
1256386490
2304207486
957027824
807161797
211584351
2463039703
532929138
818804192
456518464
263416269
94321187
1961948804
113003953
2294432540
309469210
1871380208
50257454
1961957005
1427329202
1319723197
102916822
461914224
1601093473
322424328
757878481
1637528108
1862144701
313197908
380690495
1373931002
432933325
335672048
255796762
129507400
1149754351
330870081
379174122
1387848037
340739961
361711898
775225758
83082745
1608781842
220014331
1565729024
127175459
592561061
449616367
835287956
240237763
1245535128
220262516
1315932013
244839881
1133575015
142198416
380130987
364864890
721599259
409746638
325591454
338848408
207920588
72134036
248109498
39006322
214000101
135064055
