791922517145489408
907162248501714944
835929244895174657
1004765209649733633
2870339015
430586394
231363327
947752806886252546
949249252076777473
2413996628
3358258163
997211540423049217
941580590154960896
1001856978837213184
550039834
926837531689197571
998176816648122368
2382714955
742437098020589568
955460536325558274
873994744300535809
41868331
484522527
1526315832
910416923984384000
747575156
772461807072149504
3402667335
941058856628703234
2469415727
962427710554476546
460174896
950136139775660032
471086955
3405516885
895293646202953728
1319883463
2439927374
981038479063896064
533932894
818250420
358518566
4004924272
837605026826702849
1680988248
905508725171027969
3710590234
973254896094011394
2265655305
566771727
713035759763263488
3400538319
78071320
449916832
914489073196310530
984842668785139714
1411536276
2261483459
2444111985
2158573173
964186887186468864
772776383714103296
961003888265572352
1243701380
981594877233455104
609096951
2260216071
1261123452
961372790715711488
935886897364324352
945850485474459648
2866053220
903545111090475008
709420801909460993
460474822
956783604905979904
971490262970191874
977857868891385858
977808203693076480
959745249160638464
342368151
736554283
2172972011
4857737993
1348747430
414080660
696727896212303872
940614144772001792
969132195658035202
937380480697163776
3713020583
903307195864973313
3264333689
1092654925
432380412
948472854391279616
2320762096
799851762291240960
873187224434745345
85472297
962261934765674496
1715037756
3157263089
865766519153852416
2715121739
941036941960798213
84534309
1683022212
901119942258544640
1057451215
2197142801
846753026631237632
915424736955502592
836934710123200513
918480724260466691
813584070928175104
2725693507
955440629827428352
805882543618793474
3025720166
916184744685195264
883618012582031360
925267195
242428202
194937220
892859781844807682
904861662
798588875107135488
949248787167539200
902924468443635715
951371505597861889
930685960202936320
942463958706982913
917698476997271553
936330105621794816
2858141459
925728490254675969
2580230565
943043739026706432
4488539661
923643109803782144
464625298
931760942823636992
937388581685022721
3351633653
919757753698127872
4646501439
257612058
340333493
2798302637
180696304
797120670928961536
882580261921337345
890786533
2518540048
740177170568519680
932752604706242561
2501114112
3369593824
3524376861
514504994
183327024
869554290
3361095129
2294956005
899985237823950849
304478735
2754313008
424070342
812298664416788482
875328164
30971742
812732791960043522
829330533343694855
924186741510205440
782140737018290176
923173292495732742
804782273086312448
817141464299929600
507483389
468217692
1264981166
871814892524851202
918825225684480001
895951048900268033
835320859032174593
2533736961
818927406350237697
793916043152556032
1492929978
28302705
888242559516106752
914272349616295938
1689186487
913800994022150145
903367110063206402
908517099731062786
33923443
898794992164012033
569913500
908406693301800960
308621094
248344643
908301494004449280
907620208684269568
833618230442913793
901003385389932545
1461827203
1210845686
713428460
2888610209
3357046054
900349882942320645
233282443
831553604427329536
892646345969938432
1197914418
1621191920
396503268
237818500
2516967398
4053448397
846720318634786816
3342514354
563294639
563000575
825020656576294912
731059425474150400
889781744844640256
1513038505
35883696
1484651521
2722735394
83185208
1126293876
880425359459717121
2622977506
2831603048
416438313
1566856807
726698527754170368
861986575982489600
2862455422
852696198259408896
786399514592579589
3904756224
810089396200468481
2624898472
420347763
860304829608054785
4904318889
766918066622062592
856760828510470144
3521705541
3032804315
853161563393581056
591298618
2767257796
829387845097967616
2583944167
581967351
765233551335907328
2353014106
794151786047213568
842085048740372482
452446672
814488722238566400
211541754
836612114567598081
796605265340760064
836154506337521666
817464358422900737
514704769
3294107685
770014014659301376
1477683960
772397033823100928
818878095725854722
228920819
817760090308706304
823890326637178880
1514697368
815167907202236416
100296392
96940113
1306720051
38211068
736514235447037952
806836435986817025
4510003041
739704076972228608
177303380
761602412427837440
790445675393740801
81332021
755515158190055425
4899355534
161076372
721687834093031424
40248390
100727865
4805689593
774217930766749696
184181279
128475800
3065702667
563676240
558975198
4254480165
4864399192
759069916238577666
3384653247
2350925660
2978062660
738184804190040064
3251216685
895171387
755842745261056000
702043080959119360
3260889371
751846068384571392
3143807781
4188227655
288672302
1974673993
1661074676
741043726332657664
1280232218
3802102408
180458306
751167464
3209131281
731124301647216640
1443150638
2689074668
2270315150
277590351
732480606169239552
623652413
1305140359
729237738394882048
728554249366458368
40352851
727854874558377986
2559917355
2397508176
3018650441
357139729
364442486
537235069
717703087473954817
2482970981
717938744645423104
703925952896753664
4564503076
710114065872494597
43570256
306835036
4244529673
4882373550
2562628449
298452514
317894004
359264607
4898388849
4871926612
946138009
4834027797
2361283635
4463063415
129616278
4788067457
4194551073
4725935296
4381220655
4406102115
2750370285
4450691260
3175693660
577458717
4339134627
347339034
4329556875
17573918
4282519221
4180776341
3343049914
705849063
2783551846
453335078
4201741933
2305877207
2618569368
4218082991
4179161339
360639975
4051518682
2759860140
1024318836
3815081117
3327798137
3996554902
3360483976
2883000682
316605326
2429643376
20182317
2165676145
198954216
182507475
308378961
636439238
3469336462
1629650401
181991958
3673148175
116761654
3530233817
1974446766
2232423244
3415260634
3415413221
3389708099
127791667
347476131
189377044
95192489
327939906
56980888
2308157716
291344100
767611748
3365732847
3260673156
2882924727
2523115776
432728861
936332964
297809411
3326847142
2305117113
226498182
2165982943
494926318
2230112485
548959886
354848722
385274046
380878880
1094601517
1567731174
3243573160
327849254
2951609959
703834748
117534551
3179684741
3042293920
2966782299
413779851
3170015087
2943314729
335814969
134269660
2985013655
2883938723
2428733203
2967381508
2351445088
300698538
3106261878
3084441102
2809695886
2204323321
3088481974
43023431
2482731157
2466899838
3038988353
2292052325
380849566
3063049329
2943685497
225118910
478508802
2965383907
595709696
329577963
895338463
70659387
2974390263
226305878
275535351
2959252865
1704605652
10252992
2979568648
2408634144
1972641721
392550101
95409465
753462932
524090958
2906396885
84038392
2235043819
770100408
437036531
2917141895
440731012
2842604649
2752942779
1556843317
1602936572
1013016474
2862910581
274580265
1691097151
2906729592
1031254556
2890972245
906321534
424098906
233909747
116393683
64991683
2847128337
2772107339
87710468
30414789
179069534
174731158
282502942
18761310
2560148833
881969468
231005454
1090084764
194371731
153134508
283456883
268639000
296234919
211168538
323986629
1729839037
236219654
382043734
370225892
739348298
15203144
282123511
255581254
2777823209
2782203327
380313796
2756383572
2817100747
172035273
2488449193
2535006454
84344247
233250372
592732410
310005588
2272785317
2756464530
2753081061
53825935
478734085
1725630932
2740329820
374075436
176829166
49327658
2620031321
267400821
132083479
434756554
392664169
1098159786
2373978144
255763703
302521522
1351744939
2660685322
2599649755
55552012
30257834
288169555
49399416
110799822
1325573282
34552002
2661005638
213245727
2694366046
2647402531
459183161
2688445305
2584462395
220039812
68385006
611770096
1545846842
482061354
550006075
144299459
2344663439
365101425
393970183
263648808
122017181
2651981241
1712263153
81305054
986859451
429065909
498050564
557539673
2586574433
2559989669
468561429
307748761
446177607
601799529
144746654
365499953
236500664
603141717
152005690
115070550
247414776
452014988
2375980065
155499534
2208073349
535318105
