2468526762
986208967515918336
982261959235010566
633075839
15129104
286450883
983450956607172609
149716988
98439664
915051574766039040
16844157
42241643
776688873745154049
33923443
563970248
3877916480
706105134560858112
3003841666
859679711928213505
886286286310567936
2906502328
704175249202540544
737802237779402753
1265810551
781995436139622400
234249876
27771831
826792455685148672
815299027
94265360
828344968586620928
282123511
795838890594725888
612134519
2421017251
740671031053045760
3346449192
802977100953255937
3433718464
705103254879916032
768619816605351936
339728885
330736689
774344949110153217
18713133
286298213
776579214283771904
718621993386553344
714700993749991424
114226052
68058062
4329162375
770825885494579200
2931257115
2828557566
53760784
4356567315
4034155877
4397993610
288924786
755937504453287938
59260764
757355053976023040
68437379
24037164
344172370
25742755
119645360
53331840
712290195903811584
275154091
167658635
1945294892
327037049
2718754984
283668968
157730018
751243068481740805
3317453674
41013000
17911429
51327444
4887368555
241203465
733014762884202496
3833877015
96409907
714157654340407302
4823251305
108449748
246027727
730723786446635013
1548405282
99547903
2954453708
3315661962
2794731148
4571231075
55699994
4724532555
214346879
4840954433
432493588
102372645
4583561308
2808519581
3861340228
3755583432
4478733676
19099297
3235209590
2537323529
316259389
316143360
20590135
3864578416
3736062976
28435058
4027947853
442366539
18548136
3333517959
3791611095
3650264301
2431519741
3019433935
2357589194
27638935
30109057
3064243710
2721505386
704894515
2950839930
3256874478
88627046
3044021224
3319024049
292130945
436622106
3082171469
224150701
28606058
8215672
3094912090
270585042
1326212102
95508100
40084195
3130304687
20899232
2276771970
3072407550
279738307
2292182248
2854183171
2823662974
34047021
2883527103
69735705
3040578361
3064044281
80122228
130980745
32127095
2975315032
2211468630
270764430
553982954
1953059311
2317463496
2160979538
35831704
9336402
18152658
17575812
470762583
30114946
335493732
1695585607
19314853
365858034
2304239234
722754679
179369551
