435667337
984988862673047552
880498674668851201
1004591644182802433
2829725940
971087700555173888
2813118861
966116973837864960
996145093659824128
781533555042160641
17798031
1546520995
283655890
735162268103512065
921473773651595266
888112914
853102973647441920
2274550694
1004272966794907648
42126609
942799809882271745
1005101667031793666
854716930208534528
36790502
1002205884234305537
555656712
16339536
959900219470176262
999345730966958080
874755049
801575338287448065
1004340429565906945
3191851632
192808724
998370639235993600
1000978048567644160
993088577834758144
997207920910757888
3430181679
116446507
870882373209948160
986347309352017925
996746065197043714
337302978
52830402
1001004679093014529
823297791040614400
2623819343
4846925261
22725280
61451881
849844473102082048
1002738839532650496
987195136491876354
132173493
1003256134545825792
3217626994
2910646326
2370347763
769977323877728256
979936523247235072
884582615289876481
976591496399929344
1122438684
756193938478886912
913998533170049024
536688712
280826651
940058367183089669
4002396939
982760628019515394
599208058
1425560670
715243630303141888
1855370408
1895728614
473876215
948013406803693569
167781199
973048780500193280
720976611256901633
3440356276
241417232
4582160362
864583457241939968
216470299
942351310778757121
860591852012978176
987633626568445952
787911924856020992
2402240497
999361617660989440
15259959
3421284514
830861996
2544623209
998270258703163392
949768518953775106
951460694070906882
117505857
800988247
1093004334
760176445
3329834423
2952148129
997109441492279296
3847272856
17907546
998375443161116672
992855340973772801
877170415508094976
2293942237
967236397110349824
849299684460048385
963013572665204736
996231270484070401
899763199909785600
2946143019
33253534
844357513
985328473051889665
887287512435048449
742441339686641664
989567314201751552
839890507396444160
458094186
1038326874
276242243
876719752533741569
977611074123026432
302393295
402563003
1423997096
306419157
2404339947
3143349174
19696813
1429016454
991579418035478529
45747685
371684442
1496008760
2246170598
996333119035838465
979141979467665408
964219014259052544
96219145
1642033358
2848949657
204735256
802914029794693124
77550851
769217707996770304
2228727862
752202545238597632
287505595
472543251
908384638774792192
2917199309
1638217238
18800158
988084178301448193
2741640395
330849262
2403867294
4476298006
994512244183465985
45293953
993806076536639488
168400523
972841797104922625
972870621741928449
3623916432
2906449762
917477801950773249
867127240626012160
836504632629174273
399649926
974707517187084289
372409057
992621133387022336
529401843
993800202564833280
904543658610917378
1000185644
774990016330301441
218959798
992548537572311040
2571769078
1658181492
2367511154
992934038225784832
2651760222
3299832046
988079823699566592
888627360
2802012746
3899582303
983742088742289409
867862547319242752
991215363927965697
985888809274441729
279819790
554813854
983301659777490944
991964020948250624
2424289652
792493470703357956
991917733687242752
2987529802
2478422900
361716809
3008751616
930614127256571905
830873596478189569
990334136538861569
306913311
2537608633
144351872
4562930794
4699027153
976210652221014016
872695783
967965679029751808
60966168
731595528060948480
929068046970441729
726111338561314816
2863900949
979624899433193473
867553929558732800
741204579115749376
208655643
306903564
123800415
989922266648596480
251920161
3709608378
844931119657238528
1596482340
881067761564364800
790533199428550656
945401817730617345
4711472962
708328496574038016
989309293487968256
620237311
44676105
3196180436
3192067642
828968018088587264
119111323
3195082221
710257317011263488
3013942045
1350023334
784195468825878528
970814514873630721
2228710722
986465191889129472
2608044648
920718485365428231
107533860
989029416155209728
812680681033601024
939072966951804929
840777158532333569
809180955592232960
988779518855991297
988693404350545920
586507928
943849328703139840
131335024
3252632039
383753674
122546512
861540475626438656
907994541608894464
449522721
861500028514443265
1677399024
746371508054851584
956307519667761152
19904112
86584390
4520990423
1965224888
987592472435085312
978574664258727936
985037635025502208
905507741690683392
987338424423206913
987340558912942080
978832207635607552
780952231961067520
26024622
808408576956006400
4881519310
26250653
255151942
787206264178827264
353746440
792956906
942552478071050240
2286487057
330061011
984465402133733381
752059646500888576
984102840942645248
942553279787077634
3409489349
568976168
73591578
824670653399781376
830575039883808768
928328393032073217
1678166755
972976828112502784
21657024
467834296
965748293694353414
142445186
986615644291502081
859971092718518277
925844576144969730
986489167273226240
980806257803190272
946430190628065280
4017790692
960550522502746113
702317874
973148651743776768
2834664028
983099673769664512
2422012555
1907039406
760285870578556928
984550938773016578
176946754
748744476584054786
39000394
856520031349469184
3415824682
275649600
4658742557
899401994032615424
297468551
888773089798098944
238299148
745409481404649473
172863320
982132306000293888
880550976914046977
135174654
105557585
39021245
981037593168109568
985056543229054976
1524482870
883440054147858436
854554783570636806
822876193192050688
832267754828861440
1364179885
2652593742
3168267103
900485972097470465
68684215
89484385
2744902664
406566488
2719045470
119831134
954117384813645830
1473709717
71039958
561564646
741948813443801088
562422614
2720539740
759013539713396737
20489317
895845424443142144
3276735775
973849160590872579
972221601923174400
3734491822
768488778121883651
3119736033
3132694567
857245645371002881
1613840354
808457782995419136
2944708909
1359940686
977919672841588737
788430538763800576
2867479665
2452862112
23167931
3255013424
950681484066721792
3436113723
949947412096995333
894682348523888644
4872884681
791083272155594752
1622905532
111222977
1431569186
831568779486310400
3191098811
746531904019644416
914525344832589827
976405625801510912
984071179
981704151330709504
60954808
833263895372509185
799303961673089024
1080176737
871435508244774913
2964593765
971916935427383298
182638032
729323134894149632
119766435
708341018752643072
289691752
960756196457070592
46833787
479585875
2915800942
980041288589262849
2444039551
980157569787297792
980175771846217729
451186963
129052618
955341062196813826
45067139
739185600633311232
716472831824039936
455028888
973878020426608641
980173789009866752
27210124
110794408
405305159
978510581396205568
2156903048
949377876008325120
301357201
979616298890969088
895758043249606656
916960228922609664
452344190
2516511895
881807990227185665
2219329500
836644578925101057
732939361529008129
16229233
915800670669885440
138937080
2176894230
969218658953236488
978698572811112450
978591156253745152
947528891186536453
971546745682448385
1569242156
869219060
4384477474
29915470
65455370
2906551045
935944139614457856
21088994
820148685149376512
494769662
61744243
775059631
2551250270
918153033476988928
370671717
838888842887380992
391008741
968671076199825409
884898392496910336
952492045813407744
968524482922065922
903467110235594752
929829523604066305
318720691
978343428978245633
134971660
971451220643733505
18073532
842977136013168640
858639860
744054690
2869597805
2825378325
2578273124
965157799046066176
946813674815148032
976265298499198977
755324107852435457
3105903527
977287306259427328
2171063373
3555581730
810237962311045121
703693624073195520
615950512
966814087119364097
813094626
55134748
967671185591828480
202417803
976856515415035906
22896016
2459670594
901404096606998528
2945723654
965613989425242112
41479414
2784930033
2782542031
1701221791
4685510293
1216820971
972915857193164805
719887565285892096
961551123256659969
976454186585018368
937729718333464578
2337753489
81429597
968659328541560834
972274316095250439
3884150667
834107556645711879
68750365
953294212077846528
969252300924571648
2809369909
965342451547430912
216915433
855797131
915057390667497472
298620619
219755446
523659417
955696831484256257
974926895404892160
724995110711103488
934529495440216064
2868631169
279910263
972587190357196801
65291070
756325418957873152
612931307
856958364047347714
1276623866
128960139
954296652361289733
965986110529789952
727782343096832001
1244586829
973807997519572992
429795649
956664696299540480
94912187
762299167494537217
412660824
301279400
961945969158905856
972141395044597760
419890835
3048735636
956804319927402496
860547014236536833
1369331490
929860301654073344
3031486061
8071902
882247762632482818
712527202458411008
892282877563596800
927003974200422400
3403491352
297578710
759055203509207041
971625089350426625
195021000
972757367401132032
924474209002311680
956377845407793153
2854166189
2862193647
60974829
3022156381
815474411675402240
734930461
106507609
971526276392644610
950469197238296576
970894908968988672
828940949514432512
818592877844410368
956243515666661376
1512007627
886073182943367169
4865718832
749089005929586693
920777750381817860
2763773879
2842834995
951589972724928512
909630522216681472
709491523923136513
511002931
3129719756
1695611112
2390467220
141996550
959022166397222912
38066468
2497448550
967848254904954880
791246932249350146
3193835965
800326774030598144
2420812482
839949079241232385
595021222
177519378
3195047479
926168754228047872
942652028940992513
850306442
24075723
884599675583471616
2570955294
877043158458261504
2337135572
3242911483
369793528
338968305
964875724132896768
3991102701
4914818095
39496340
964096636883492864
796769058028826624
25458378
145274471
37473469
739816716948082688
970060100101689344
2372381220
947549741897932800
816113089393389568
894599609560989699
788585718960578560
704674465926373376
1977707425
967536319856439296
951845370585341952
2872458080
739861899995676676
968595530
317585488
905854044157161472
316395032
829826910289006592
807268838
429319776
895432504076840960
2365207816
175176779
709992361930178560
353984376
43701914
961776477544091648
920048525685280768
968281599686082560
968196162074312706
321610950
876282304397799425
965598754647756800
789252880456822785
36261321
983488196
186892425
963940774495866885
702130609
241230580
715562494429937665
221871669
32498079
158848678
3428552339
760510416
4862266143
37594780
1192811232
962782106912002050
81333186
38127568
846963504263450624
934268771639971841
335058953
368140819
618758562
966730892054970369
3150608911
181713622
1319360532
771760789
980716663
229983480
2910441382
419470357
762825179257049093
884650381736804356
2499832601
964630512043282434
965064086860939264
944767784654864384
965773648559734785
937104676712882176
2910197944
51608738
113190373
918460296292851712
226394928
965921803997794305
1585668570
43409082
2177045330
3598596494
739126947247206401
4022966524
367345020
3778728687
934832111110053888
965986508707717120
934161856788250624
2647680310
896025133697126401
843543080594751492
2503789651
465081625
336872206
135710494
818512767653187584
3914040677
432068423
4642946383
752092614669787136
964997058213171202
1037492714
920664779957477376
901674547698683904
823076564162277376
929342282163253248
2461185067
4351861337
942991178546536449
956733335983804416
859243200829173760
125746413
36408469
709872204549218304
2950885676
132394519
190572122
382089075
945749655211651072
1436295302
163897397
963149335155191809
936444978666106885
33076231
95903032
893259115543318528
879724949723807745
4134160223
4289689762
963519241243844614
2873358952
854560013809061888
2979465947
3244845565
545631861
1592208626
962067289150377984
914333208539537408
871652682775375872
813085996795445249
962781005236113408
168123045
800753905458036736
843588604718931968
2606500383
4926480483
1043383766
942735584719761408
200935929
910864033846349824
49365553
814484024236253185
759842334217383936
61461114
3996851424
22942786
828638641387925504
198125678
53115649
37062563
916190706405826560
864352603223740416
944594604090974208
76493018
947054120606806017
554742066
1406619086
2544293490
502680189
718952117596209153
932162572534599680
961783485181566976
35891658
26668383
93041351
825792247719399424
2470129396
908038261431513101
905708759976202240
743475478665756673
953246158184419329
960930754371956736
3311118402
707508583454248960
104246072
954568993741950976
3379000853
931835760323342336
69999577
914745731147120640
623162407
12151932
1420060866
384799593
1188435716
836002285671104516
55243176
930586356996337664
1126976456
772989492370214912
3976420552
247545240
838151465680134144
919211353058959360
378101667
155194975
938737223624806400
1325941160
958120038283730944
4900479756
153914127
124478520
960647001409859584
41139274
6696672
41656629
403179950
3065308608
929480624888565760
956445634122387456
4724294685
297794532
764798286230282240
809419147268542464
45635357
48560899
1933042237
959967035798286338
2861779502
911204079724003328
745867530
886102765507948544
921466784636637184
287541047
3094706304
821026458109808640
957809760547389440
838258925598355456
895741889902673920
760865709400481798
2690418535
225403195
340970049
865280137
933808734081392640
3090099412
832591016628781058
322175458
770622873555709952
61373394
85694812
947937734773166081
4220302239
32889949
2434369718
2826452213
3319048674
842978061125632000
27193112
2320624262
3042378589
952310924139954181
30280839
774101583760023552
17920130
929221981953806337
843923470228639744
4576343656
945462670102355968
726519926
957392115859951618
2848167625
896883482349244417
20641934
890728109644947456
941467767777226752
68919072
797429432965283840
1172243100
3394714588
781952976713879552
956644730128957440
35662584
97094068
1371823951
2788780487
801292270494420992
3372765147
2341031922
95717258
15201325
481926866
955014518417051648
956053289094844418
766180785326059520
952626149527642119
455177067
3247262502
117370766
21298526
4214302102
281656888
3128865824
955812776974303234
223191764
2581003344
955667833320497152
954465513350057984
2479613021
2749594577
822577948574285824
2981183247
789244202005651456
4904873372
41425257
150436095
955443815590039553
953719814408716288
3221291366
933915402882691073
947978722010910725
2174226169
621806206
944755280948203520
708075117746769920
382813154
3404606053
15267920
780125006558666754
200147510
947948647223844865
762025898841346048
862780142078365696
939967861623226368
1449744306
951148532295061504
943140530078306304
893638747870429184
703761358
953475057841516550
1037706151
876950346429591552
88319151
2359770622
873318500848328705
81329422
2562327457
953242836308254720
218305197
82034036
3307521980
953171076716081152
3675414913
2318424862
952976955741212672
617483460
222193098
337888788
708073560732999680
1373543012
904632553
111380786
313269222
951936506356228098
952474312975568897
830644192372260864
728179117
23088369
945049298856800256
2624215043
434991294
914598552273342465
135140981
1411954207
900710171936251907
889387482919448577
868320253411037184
312121523
4798555637
2439095587
817129449397202944
520804276
949344472214790144
149484623
56556150
124422087
2151700800
99137051
854105777958666242
556598370
948872508308062209
1280739612
885264143145742336
903562453585461248
946591570488385536
1663764824
4921725533
1063803638
3334686597
784863913825411072
3366595812
950341348690817024
2835161806
2326871648
850047375557054464
309626642
946213901942657026
347202821
943058917474619392
835584299847933952
948804904025407488
2876267662
3246035692
934921114681085952
782628257480912896
2494575620
1854991490
494780393
872410810945085441
165776306
243674770
1157416315
730584516
789867569415131138
116103326
2330703984
923663930341261312
948388870843858944
3910695262
2878458824
607904514
823146955224338433
3011023528
822888285844475904
755804419300679680
709273644082421760
947033167327875072
4444504576
912889876722397185
3451959143
4448924381
87580403
946258581569134593
2540699294
900311146737143808
940377620805488640
883688105714352128
945886403891814401
180542021
946040040538374145
3982721594
946007591221637120
938252665997352960
801754024404021253
426162336
941581302800797696
908084080939458560
781323051816189953
2548784485
1308443840
591250208
929784969316089856
113795330
924254191035482113
752559330491305984
763662560805654529
621568087
816426270124810240
765304091606192128
17570054
61226633
124235315
937090145500610560
943805462482444288
901490758687109120
943745507683319809
905539669126995968
38209458
3222323921
301626619
987293600
1213831548
25726276
125695149
1248029941
943161244529385472
731543714129043456
916429706026565632
338792638
939463952395890688
3046903142
1537394701
3081076744
939102745096724480
940412642526617600
128389804
819352369964064769
936432309749903360
2212854940
3014722612
344686533
1107410078
21954809
270126062
3078942992
2561908480
938045233757147136
902884454720471040
138299960
921882115293278214
940424170390790144
3314932297
263461311
2222591203
81332381
824421862503542784
2724413101
940642471188541440
372113849
838553100797554688
927168619334787073
292328929
2534568694
711433939
1461511176
860581293565857792
928593595526995969
20297872
2780795166
1142378876
250183323
940486679458131968
5743642
818392459
2544872041
876983495196778497
864880340502007809
472740436
831951370949427202
2647730854
902856427471085568
789890715631353856
929519561023676416
940218348335452160
939610652552912896
934550758955081728
164037051
891218303561195520
2906529139
4417912821
521660714
348963601
916700873257926656
24430413
936524393303412737
21342119
23172966
937601467359416320
17414452
2153671657
541515970
939161490405371904
884841622017642497
1879292869
742797936
4779573405
247504060
938961740678815744
3399298767
75600604
56538933
900880029764243456
930998153859469312
2796260970
835158260076326912
243262906
937978469207695362
3366776758
2545766525
937052013665439749
938668184760209408
938623891790016512
22018323
832365024026959872
705776709681991681
444396019
385719784
900637914945794048
48954726
147605036
272611694
1618421016
937950267559022592
718004809136123906
920335096904810496
1333055658
820309675245760512
2474812925
4047577635
2413006537
754310402683629568
323177241
4326717023
3190366474
965187582
1917777348
708231420
297047825
2623640399
714995137504382976
807174904584040448
358032443
888491720572358656
891017458366246916
937245772390764544
4624729407
1279453082
887519988684390406
828235712638152704
18457951
4755681264
102972573
706076005
385104550
878666296120004608
392111934
177048643
928221111497748480
3108525836
3247993823
874493303600885761
518615196
914222906036678658
753314897874657280
3604871841
2326411028
330727910
2787795399
1541037174
229864562
52942909
23397470
15857447
3130567797
881034845274611712
1411007942
1576344402
1877630695
1708711848
1087050764
855961688104894465
2576771390
4724819240
774838254
2866473281
192223789
885687939526799361
935547256438063104
879673388222099457
296551019
935522211078787072
886035757424574466
554752902
815557741972426756
867573150552170496
78729863
376201554
3720310096
3306449672
906012375798620160
2783119921
935197051104751617
54938044
826191617316909056
841123081166942209
934785049282490369
923854395778805760
1012056469
1323094561
827246468083879936
1006254296
779434118153138176
1286762396
627775807
4033359681
1498329012
778536632
901121197567610881
932643734075953152
871370320334147586
934724719315525633
933719833807597568
932906973682479104
2900746161
914985186152140800
736480446981279744
860957162004140032
917655846
906093487434731520
875198949455413248
110840385
884829422225948673
813508489205137409
751817439256645632
933077368209592321
921367044582408192
919983602607230978
923113167378632704
3324848614
3803092949
35818637
221227855
766625243603488769
626394289
887894769787076609
163011416
191195250
193391337
797706956
850494821047324676
816135405477171200
842708747617210372
801102362177716224
2220403808
922018004388413440
153966123
771146227853295617
1377187460
2445364316
426397819
912201940339183616
3817977136
113136521
931168357453303809
137703456
116957024
885567633562763265
714460503289028608
284904218
705512628
767424380574007296
823650885230206976
930806741171933186
893892647118569472
756465123473158149
2839638485
4666766833
930671298157727746
900266483808296960
4496587403
777022207318949888
1591687903
928580744766771200
21358918
174100159
930116386692591618
193826447
2931111061
4706920261
163208653
911520972
122129449
901858704387072000
887798423868641284
1389624325
1439084640
22361459
1039675411
928433507399012352
927058461501702144
2257946473
3507979396
2829839738
903711146364022785
922107149664374785
925068930
875729232047026176
3253297457
728268934873415681
824523842307719169
765993876842811393
409450751
2741672212
3221169342
783244327
455051657
790293291271131136
2359076341
81329305
183928935
213787961
828164619579584513
2494973026
736187340750721025
3005292858
892566309761818625
18782063
81333371
3085161337
2853002409
809865406462758914
925427932071424000
3298289597
612287510
2790709113
925122231537201153
907737983612276736
912930490385973248
838790141242134528
755835660531961856
903480300038119424
24436600
2578077626
762794206796525569
3964508007
841270305939161090
165953329
28277474
3308248024
3368920437
818919937838288896
3917836273
2337815280
865568785864032256
139161719
758253687466708992
897271544484954113
33876978
849351251867389954
80255739
16356232
876829270059962369
145962316
98614544
905713360829894657
2763951077
1643122746
101416475
909514897964376064
2974346889
807191843003842560
901012234783997952
1176805910
182059489
1891604341
60497938
922384014555734017
195878492
519740916
19591091
737019080419352576
302936215
2731075990
27988182
923325330210938880
2863830770
908646736129875968
3951495633
484769503
890421477668999168
3004129836
918202122407116800
708061851872071682
1711380560
2786240823
765061678794993665
3236514991
902297175077650432
333018992
735467777750896643
14263021
348266836
1316409068
840632123585359872
29034144
3217672235
788383990826856452
53017384
268032057
224845740
4807561703
785143699072098304
905597436348923905
1479141344
3272371428
1798908092
150032182
24357823
573993897
830947530
84364578
282354610
174049517
821683772160667648
792034788886667264
905384397398052864
886446269476081664
42830549
125491987
1290546122
465835505
125134706
760549913973239808
116705274
148198786
2361012594
807382647873896448
906900458291081216
550209109
875519143906291712
779618064
49518404
61973960
444186790
830464564382859266
26022592
3278518932
1080463855
919526574654816257
2475139904
896721091258982401
871036067188572161
299784244
35885888
2606561522
779063642939658240
768238171079397376
25445379
2577143521
2843138295
3427898085
2769194550
50508649
2743598573
1690259526
751379737369579520
908511917043527683
864087340226162690
545934250
837354308177899520
860333622913576960
1319343642
175401651
722434356871094272
776283585615499264
15782875
845296190061268993
815004966523846656
915673553340641280
2566438125
538836510
2248165000
597621423
323986629
909039159360184321
2887701519
76259610
2220614944
917074427082432512
183017722
917751259691651073
2865772322
4125916752
774751459543953409
206635610
27068589
2918579375
842773777
853849831999188992
99278074
46197893
727504933293944832
479852331
700799220
967312904
1115787140
3033201373
3758017153
59382207
901131530675920896
909866429603708928
208525519
365016819
2839765101
771058738283343873
15206736
3170035181
876131717194625025
777176100367699969
896090313004949504
64467404
50763889
855999744983932928
169148858
915454737394421760
392524451
798620165768351744
432710032
803384340021477378
857237996868907009
847162769409560584
2470026042
879006160329752578
767663965983739904
433885843
3431521594
877890120808091649
779999726263500800
782642709131427840
1382483353
879414435756093445
1381800643
886931070305939457
3221914235
772808038512201728
121624263
281720584
2923901218
3284990306
428612791
800833020303384576
94267771
69791080
59327924
913522088941514752
772598824854511616
720944679169224704
883178176184172545
27515718
2285710140
700423319674343424
119551168
703523480856297473
835232767843561476
334766652
3843217519
3412875957
1693359115
495212668
368702615
805423759
307383698
818562198096277505
3321485222
3072476255
825985152073412608
553799431
825959532824297473
2217130208
1370376553
244393663
783123991485517824
635521807
36556511
3253544871
2940880005
725310132247232512
912399803765678081
23954546
15210670
2588896188
874992481695354880
2482557798
3278730788
854491224836718592
739976409083318272
4024712838
1677998634
883913508143935489
470011224
844733769466695685
477757819
4560050774
4084036960
1598249156
707254968156164096
26183714
15935954
318474465
149424999
36302723
2658308926
49294699
335252142
318564358
784186950140002304
783158181832826880
2431248024
837040420832047108
902253957950648320
822692946940149760
904510701418536960
870464202296745984
733240632056160256
24426411
876458549219659776
2148275342
906413970000560128
3795536714
2829428812
839879656132198400
3413368768
190885486
564138146
17527158
314747851
1256130590
908318856250368000
830308164742418432
484653715
1222708872
905530314
798651302804856832
726979677953347584
2796334270
634215546
355596440
274102810
2174468454
886658898555482114
25571932
904905793924988930
176335719
790010332613906432
843521211837616133
129865053
85365211
740378730414153728
4150471347
2395996238
2172793459
34087489
819881672871124993
348835541
793108599371202562
899757541588160514
840168219310727168
894259440303693825
906067512219111424
3527675176
3156839174
2416442960
868243954474594305
3345337911
2814116784
486715972
836998579130679311
4440754773
791145038474539008
347087041
4076014414
138584469
4891496449
350450785
61917864
280037940
2601580629
2616427304
36411950
890520992266600449
19881371
182383749
720611684684009472
2869831882
747936134001397760
724055462761664512
868174886
4841670545
783326991177097216
2362582160
2697572672
896221545181335552
4653623597
20738338
902551616448069632
1093813626
1522952977
784134383506690048
774431685089853440
108603811
90692061
759914784661774336
825544111893643264
452540168
2671028510
798994704461201409
91659990
769441844006576128
425634425
79062988
416437993
902109063315644416
899204025282940928
2990485252
3382655173
24528253
45299570
27658891
561793541
849638414697844736
900542107307397125
788483604867325953
2998281130
261506933
134333428
84876654
3380338846
2785753295
225066617
74500266
183546564
2198682144
893173273084674049
768236867875733504
746618757364203520
99721810
783058503472599040
380601444
894851022975365120
1360491548
742026369719271424
2467637286
264535363
67946841
818846775570206720
3519298634
702943013077708800
1472953190
1323224275
894735667439296513
719519193796894721
842655524562833408
16175706
2501984952
3230963289
1083002930
3432200561
2360036599
70604343
895655228976111617
895331400005672961
19165981
878926873375461376
222275142
724244643748188160
51518802
35213215
2613407195
781638881099776000
50808558
218378825
801408678192627712
279571991
839980163441999872
884845112689295360
743157221601615872
893945642522955776
893729577205460992
2996377849
885868945198252033
751984575622967296
2956349808
891157498593464321
589288571
870982297826324480
795187855198781441
804923987771813888
880335985191596032
2985092002
2351942580
4593818549
33148774
20421101
793893944409063425
702125877
212775595
857585848824598528
888622459171344386
3377106374
795456593773166596
760858183048892416
889264907643887618
813827239804628992
63627909
3106844193
791803389428502528
839809296091262976
825081410620907520
888157969791299584
413970798
876301312744443907
3365172658
528592556
794967030449500160
314318913
480993668
158228752
1395503150
838694808323510272
870357269862645761
840942784433524736
581913039
858394676390440962
694746928509272064
771661557260439554
28768563
879872740953554944
877326284145045504
815937156115886080
848611080402227200
345989929
1089816588
828360003769737216
489789888
805367025434390533
2821588052
248238208
18582837
810497116606963716
770153813390962688
851102892664778752
330369809
838244465735249920
17061467
419066564
231329778
46476526
352526493
489309720
606282308
1519029692
2912317414
2916913125
282668581
878685044
729455626175156224
851433458312282112
799037649684201473
2249026145
801861152540131328
817453081
211541754
56468188
87097408
717242257787764736
730192195190439936
873529157036253185
721131870197587968
2495935387
282123511
703651982
1700872405
2881106590
2415570923
760151340609863680
727242785720549376
769230956867772416
531723999
2739530165
260569669
833817960661794816
849774122817204224
396601079
805262669641109504
874756385401163777
288232527
166938112
32143019
3340073541
863920867423735808
713517294136102912
2255141382
790755025668694016
24146970
3390504917
161868610
3509869817
777344395305627650
2847643809
1517959310
90379747
700941358006145024
23814727
1596309782
859793843893489664
1258969964
101407604
141359483
4834554946
869412930256764928
790945067456466944
849660129054085120
268894955
810185301993754624
337950124
2838027941
3089783835
3180324475
865716736796102657
862059841329790978
2762505052
748069509534089217
852704106594541568
597541107
602884368
3213547667
18701043
823031090205970432
2540573335
817400295634386944
796976349214867456
869134918533734400
1273993862
81329752
841796161128284163
4536693132
755551362
2221312446
56495911
866080393140867074
452196509
804391630753173504
818754324813778944
420875454
129042002
100065631
826610978628497410
2544060593
805092761217224704
199705725
741194701
14272100
19015389
2361826866
847588671347990529
29119085
854156441006989312
60376990
2186917700
72134904
343228492
1927515828
3411531597
811235854593167360
785314951653195776
759673812115873792
865345004037742592
863595022314352640
860967222344388608
382529972
222549316
830967813787496448
865297672974086144
2978559785
17971136
863110409934577664
161076372
54027374
832855793552601088
839154944536014848
176569509
825031580229959680
2724534646
853039466910449664
1580404548
532385570
1689117084
838614031611097088
459444776
2388063445
838586481832833024
111696698
2932346092
860874588334546944
742330689987698688
1628604906
432011991
163983796
371691292
38234243
797183482401325058
948140532
285674556
38848092
856793341287071744
464276522
3304934937
3050401258
315375476
57155469
836933019118239744
825902485533552640
916359864
798565747932987392
812732341680369664
781775744074645504
804915800847040512
856889502660304896
857747576602468353
738905217517813760
851327755212005376
550415453
860624113974562817
2918968657
840234049557934080
2498079001
586515484
79182575
854354140864106496
854633489940885504
19480726
1101140329
1226902262
855436888294866945
38854808
858634272403447808
66221612
480488380
2999623125
3301339300
74379116
774260149930319873
2749991137
384367871
727604407
849357036626354177
4885263552
844810818537476097
620983810
3257072274
845100745707798529
974281484
855240780662751232
96626418
21489303
424430782
35546417
1380128028
3531732492
2441021243
156798370
2934114339
215037063
2493608688
979400624
844373292379258880
913587590
851750407500181504
298114118
504053902
846474550212726784
845859548720193536
4004134774
450928350
1118003905
19276719
17075780
749094284180135937
721854176460935172
254864200
320224513
37451628
371416887
1113131060
835356788602114048
525586036
1109975947
20018526
830228104929017857
2174641683
728369052540751872
317040757
835789548412153856
2300719074
1594876723
66716157
3026914855
1458493585
840779348386832384
249009180
177592153
2380944356
2949416927
1939038464
2980726375
739013040
833055014885040128
2706749544
2720184869
4175550795
835843448125149185
2213605592
3239080541
703050018530455553
2935529632
788492934018576384
187893930
27338935
341248429
4846317762
23792798
1220422321
741541304
97383592
2856174445
20571051
142461169
1375130095
1023703579
178352959
173985815
2826207948
33950092
842218608239493120
3347764750
1161810043
36351834
19271653
841724241301131264
928735272
156424496
264986816
3303694968
31327090
840637972554764288
830156934489665536
567439059
1317453560
837316913743159296
820947623301496834
726142498700054529
738148029803302913
2742829172
4737464355
3318032226
369114152
748153394
2173167529
39545083
2190553445
317481307
2437584547
1191452094
94103414
198954216
839744889382371328
2309054458
2494129597
3290079874
820379438936453124
805570079723286528
49429621
851378570
4655008703
790270841254612992
73129701
4286883372
796487560470073344
1416706938
834834340165083137
14408366
578026783
562207202
2795911463
230033129
25646146
159016576
170900539
2232033499
3065669613
829778734068609024
1643347849
4920006508
152568491
3079204818
281563458
856504104
708518217279414272
73562852
363594341
805916277432729604
3173031506
837090514985967618
1836866514
2299353426
4857429825
1704926844
971012384
2356678027
833379675439235072
818042061417054209
1117250965
783519902
474270202
790162719479521280
345759019
3352550050
4249542493
1668916112
764123816364679168
1557095676
507808533
2167530792
834223587741532160
3150474978
456946061
909413959
4775395573
2408434975
788120337284263941
819777058012155905
831244980610068480
780093345355927553
513273102
375337867
2549025733
262469160
48931481
805024092743147520
1118539555
829536577877581824
788832991162216448
313880477
2796721392
26039230
761249194917015552
355763120
295817639
722035515218726913
3988314609
123691420
816001114541789184
4668690253
821235661705510912
739681861434122240
819391270372175872
2234768170
788209023933829120
735631905660506112
114161917
382399892
1122600787
2531847731
252230416
2912769265
476053791
333626411
809808953639051265
189063883
104644482
4760974556
823419779058978816
1053633654
824697106191548417
3338086033
706903831662215170
2770255129
2954839276
796257163463139328
704664219409629184
823951704366391296
486818807
81545830
765528554
801814421253292032
4048174636
823081921873870848
820624640020283392
2891842952
307758523
221621370
356232811
89110203
2398803655
783443959766974464
216755741
490890924
2447726087
754738472372604928
763859871586332672
20132655
820285458114551808
4808093014
3440378892
833713880
72415037
1560946658
811110908231557120
795474552239325184
768203119
110608919
4753858519
14160912
2648873303
820301862758858752
32712325
412281764
874303616
245238636
2252930652
4808488649
229149514
227620923
821151801785405441
809053252625006592
711650670076624928
2356487101
25246449
2818156344
820388749511184384
1392462540
796942877855252480
798890894355206145
194937220
715131292677869568
4822068579
204265518
2411002413
811073234233856000
400042104
781346869469286400
2763949273
313005140
804679999722848257
4845873757
1694527783
756143105124950020
2547850917
519942441
805157753996111872
567631585
29015085
42979621
2873266305
3077678997
784288600833744896
334475108
18548136
2412823981
771947581450645504
760169398070116352
3305122835
2507774258
2944176546
1915146158
377626072
155824160
1373709955
718872287840063488
814513103270350848
1472614620
36362105
727370732628500481
810252820033236992
3712049417
808930435694727168
3332738241
203462504
2695296678
2309965609
806443977708892161
338136237
18438022
33923443
2336018220
580351995
804590911225262081
123987975
3207612839
815784725457600512
116622577
371651542
4352218529
2317662440
793939268540493825
65901034
778222640
86178571
743227200992739330
736557451701592064
808505206182973440
2485945218
21070366
2954363472
3123157389
3076184758
2256488185
298670693
258075868
82030460
794598338087833600
2816632303
78926478
24605270
4574851643
740009818530816000
2416564207
1409816702
14297098
153492935
3405634149
789595033
1366798297
1617542767
18784859
379804282
315253982
91379551
810120579412066308
2320171366
810577129272475648
22681649
808980327788122112
256329775
2808018875
712535203651198977
2321469060
788748273435619328
2572487622
808132773722673154
145395533
802159732945485824
3227489273
281816996
2825445781
4660123587
376449852
2814843696
2828333670
423398760
313309730
2882725693
2237598752
795655981078343680
2788658816
791728216553693184
803115711971278848
15140295
3049165681
729508760
68529271
3612420081
785208587538800644
744150240136044544
351697225
803242669119971328
3000137165
