759348494872248320
823413585523122178
498392326
70479143
973397857633030145
978310440336969728
381354181
792591015643197440
815221899483451392
482362854
1369589515
42447494
459269265
837077888134443008
980116282384232448
832719210346262529
358464377
30561781
2198099858
239599873
1431359448
4714070922
907572700578709504
892752831584841728
898345092397899776
1855627880
156118550
44557447
2428388862
759025825626910720
953642142299279361
1707988710
970051773011513344
415773425
1446853159
1096509110
991497680252751872
132339474
2892864408
