24190674
3045818053
2671028510
933436802353860608
41132698
863288926185902081
2611332606
742288501526433792
874581280385585152
954414609011761152
1362316124
19090986
28022257
763470096
744997727537336321
2314843370
1369759141
2525553418
773364559054712837
722853301134340097
18205449
2198723972
301279400
880408254
796781673165754368
847170882
889850650598756352
898170652104032256
732995120577032192
930825211418525696
633963357
783731783846268929
391758421
62932762
561674923
789686390
4128958876
499255449
3145109835
882499723759939585
120103615
952599899782164480
788838448157356033
589298932
226973602
2978297498
250349263
22636462
3337649643
19940419
2775902326
980196404
399589312
1297697473
739634588557803520
556911540
727518108
777874778023686144
3244715876
19234620
3342223449
919187402647670784
848749487740923908
817025071046860800
822649969672851457
751400910710988800
989915107210743808
2534319429
4853615919
240272522
922568036195930112
3968593342
584547919
1014957828
236940825
996196286260015105
254620177
2200682544
823777733163388928
267241114
875650811459547140
873632636790591489
760279517340381184
15639119
3096745574
292558545
217506104
951981239099183104
991702209032310784
2743633363
708903163
24201405
742848495648808960
455951468
273021501
123615190
2202380756
149176270
323992194
16529873
1410065107
942735592818741248
715724669131694082
2354597778
2854727706
897504642208194560
908350253077716993
4721573125
880539026876276736
846806909088755712
285239593
14752915
885216723300995076
848724674934714368
881898679245787136
989554165767655425
989922330884362245
989908944175927296
989953271480635393
989946451689164800
989932616185974785
989904880885272576
989901325591830528
989735239843905537
989716729507954688
989697724013563904
989600777114185728
989586212703932416
989558556398641153
989551418049810432
989545935469457408
989295739305103361
989936315507597313
989731327996919809
725111944647172097
448314453
1408246904
989563701131870210
989941353504280578
989560803249590277
371479986
791995358515752960
882004758264991745
38570287
42325767
968229476000813058
902874971399000064
18929351
960978903794962432
2210911838
1111268070
3321959621
32448740
220133084
3195096186
890610752322719745
3004270479
1357798538
2233783389
2989281194
736019435237036032
901374950509993984
903090932760821760
100487640
200147510
1385963575
804834286230765568
27397922
22670054
234304384
4692218780
480849531
886873357278490625
984821395254280192
872695783
830570365231378432
193533914
2715468595
2411350016
960797218994294785
842683474754592769
840260842272772096
2946003678
1390094640
294763318
855328908924682240
2453492954
2497668384
33200692
57497901
431071870
611724094
2478492829
259806870
26250653
18725322
114930487
3353738187
869571076694712321
923043954869919744
80879577
16000065
167303363
701622290
243408205
2752289859
823144741156122624
3956478981
2866373863
981041094157717505
28443156
19681467
855822024962433025
15816208
854681641842860032
936617313838579713
702219788018442240
3020015365
887842865329713152
17528790
400464984
30743976
332494116
732645804
982273550584172546
2841547330
939966626589315073
911801736771207168
836628459975663616
3019793599
725169909165084673
814792022917718016
582054364
887937636765016066
1047444853
927930000484868096
557406752
1511021060
896063387544702976
91481585
66838719
3386333403
956927287575961600
817401961880453122
826191617316909056
33672294
3186939426
822274074332295169
928607587066511360
917380355887325190
709287140216020993
920531849159499776
935078373121916928
919196492467814400
920624320346431488
17556539
955868802239012864
3818754318
725054864619876354
931953759072280576
944559461972054016
21110356
211854164
947340312589901824
891367888296321024
798717758133309440
900770734053523456
943310353877803009
805815144827584512
942301780611756032
948458029338513408
375950068
846093410406686720
860450648478953472
888082668776304640
896662735286542336
2733022667
3031571290
898860907261861888
898926775303938048
927895025970589699
927815120582983680
927479504271847424
920512279556304901
905837662233255936
838847229376999429
4915639327
909865403379195904
57707900
1340814235
979418478598807552
3231384780
3240223393
842498096793866242
981138967428059141
156643345
428739926
2843450492
900205610960138240
895340914058682369
3288588437
912245235111010304
29777312
2982307800
933793160412745728
917231111264100352
467513287
904238371966337025
876377760951881728
376114093
745214211819732992
2891917938
915852258398441472
944394118129639424
858684823816216577
893475366756536320
926457314609000449
894338579027042304
927764563289817088
962727219721195521
89589144
888436045796212736
64291603
4184234907
2927016225
954203157474758656
138463658
2419815944
953747120531607553
784244513489362946
18345919
71137632
1087782025
2278205256
896828620819357698
2769942390
231519562
977961672693469184
4191693673
2870871544
43532803
287706935
737333614518620161
883252878349041665
15854117
38014617
955625802091192321
2895024571
2766073483
922801847642894337
906159764576518148
775875743192449024
2513755830
54946646
940063925407596544
225048854
2976739035
3130567797
343157640
2451596880
3333535050
110556913
24963449
69183177
1004876916
14993272
4137387159
157920406
902024308612059136
48404395
908353204240318464
757700073862098944
2802031544
858842406254297088
1429228861
562066818
4650758924
315237282
947142386735448064
43266236
869098696708947968
701871698681978880
916987833310523392
4496174893
2907995276
891541993603686401
2831988279
91741446
26601151
39536640
803041246029762561
2777749642
4650892735
897996835654180864
3072174750
838463392373407744
952084228295966720
922424849837916161
153320881
766592702662086656
2859848610
896339000897568768
823172294851883008
3154760255
1496337678
365779565
915647079208255488
769981233795391490
3225469931
459544233
859099132484505604
936482699958566912
4723581259
2352163760
3651071188
951826876208738305
3850628534
1108807484
840281105597095938
402617695
1086945558
3044526195
16380561
3171908012
2573395573
384124126
89418189
2477019770
702491356682395648
67140324
1449616142
3108105416
606233935
63952041
83758686
809646784825831428
741677233153167360
961144316
2155563823
2809166419
486731383
304130333
3345836819
14410479
712811886
776218765646139392
732922028
852969286473797632
146196339
57361202
3773615897
64791716
139801284
2241850407
2335790976
2792669151
1656012090
47940370
918159342884605953
702634305621618688
3598580832
927757673805660160
88957737
103092230
541250444
2968479527
64229716
841355367166681089
372406326
331433563
952248243802472448
875483936
923450877263855616
728172121877184512
4735341863
338007458
860277212
2997534080
1164819889
196884703
751521982915678208
3099549071
1384191134
329740526
998348030
2872661847
3107957707
877008086925312000
2525262385
3655701497
912121989053128704
16648092
909972704299585536
20467227
40587059
875284072691625989
75885864
74050936
942303761422094336
898462889060716545
915809833298706432
2934836032
2920686840
850699730346573825
906825166541414401
926265036879822849
905283153690066950
899982124228333569
900240444805730304
3009118856
905203957739339777
1120309135
726979677953347584
892776073418731520
2447263700
865183565595783168
3121863885
221779541
734930461
872217825481379840
3054006678
61675887
2966022665
30504872
237807150
247424391
863823090396037121
946768583455072256
493609953
3031184187
316724171
899805028713545728
898629879096201217
847174585124556801
905131239606280192
2925474510
913776764463202304
168732657
1011422586
3329834423
350987335
832114407262060544
911714983762911234
1360746594
3982721594
3745820895
1375494132
4047706636
41868331
2730759696
2322919664
2835602547
716991981952622594
840667642121838594
1651810134
18731028
2516072779
22760178
17171142
39919950
2973525349
27102556
29515132
17632297
4431286295
159544852
2943064514
349762499
14886924
2527828914
224408198
3015933991
725160170322583554
765934732714577921
826575422653607936
1914557402
894948903526645760
108058855
2269621765
184313850
250441842
715265005763989504
17544399
2437803156
124696681
231547812
102108884
740987771737624576
902665673637335040
730021628
4119966088
2835287945
736928278099992576
11108762
890319316327047168
46587597
860662873
888813318193983489
107168391
30178873
344424708
8327182
2281686800
3106301289
2314107260
933134281496555520
894450550032519170
88463728
911766210
22448617
40337146
505046599
1158476197
436180416
934984997018116097
890671044717158400
26077875
2789379269
36969574
305578634
883302606508093440
4870470531
3392295412
739501239910686720
353672532
569229676
917796365396144128
338911190
751896280021032964
351476071
3362790706
229099110
2876643321
301987426
3233662688
3018621759
3030452571
905530314
3380271472
133984183
67175124
601192155
456895067
3624960088
2981291687
892092496637022210
2355251173
1967267822
353106639
2321771472
21192826
15455253
52944689
3260179509
37199165
25122238
852261869515661312
4069823621
19569136
130160432
167760471
17902930
260887905
2361826866
498646193
2794553438
2911315047
378333037
2225547304
4919354834
1097827056
11309052
21819017
859294034
60031833
42245364
65819089
233933230
537108671
574023889
742679383756935168
19608360
2546139779
17955081
19720110
1881970460
2902900387
3432606231
267903563
727598711623180288
15066876
156666863
18184208
60796121
2293490420
110685096
820646886474399745
1580956490
1587489655
2252069544
785331299938623488
432029072
25077241
635329903
379398856
323523935
2712899456
489112485
24358165
1461540630
806844706932064257
628065220
885743041637515265
618414482
1537636615
2167418648
2724120522
39660267
62686264
49629565
50653646
178203295
374888305
791225588862291968
3876828424
287026928
29089023
78727409
40728125
16338442
1942382558
498392326
416383770
492833134
97487983
2267146754
3591966793
873431567263080448
829441154378719232
23307208
15807837
2507680976
278975121
785443240807759872
949819140
12874852
827378231682572289
809558269698117634
2883816990
545235190
15247638
41310862
219075909
38950120
722951041663127556
218132338
817908949064253443
102469895
2873954841
84288053
816463021379846144
3436679501
73130615
590538520
733802333075853312
1656346548
195815858
15159679
2282565624
259613476
189289693
9321202
729146286029479936
742422817770242053
824877681716056064
39537987
876716923345567744
18854635
801555575687495681
817799737315303425
357575408
826406978
273627153
18814734
19127931
19642069
4215296652
771492277864706048
19713521
1110158226
56563523
3441941892
1672108578
285131825
16129800
711674979423817732
3096292230
3533991973
139974630
703055086616973312
269832413
2992503532
98484157
2818107316
23932737
856618064
289073614
162455418
3208159210
741634982075113473
27230645
852511173417238528
755283959982923776
259869941
3294096347
722670772821602305
1126976456
213724170
190977267
2379269516
735496776719929344
46765304
3001316135
277334813
3167793580
2361754251
3383981938
3004141510
48662259
20871788
602345105
23859647
386263630
743117678840139776
760162251768594433
790878627080658945
858375240279367680
17814359
33509743
1602123403
432365580
2879789728
507134601
11299932
622596896
10039022
16191487
2436897128
3315891418
1946822005
2954839276
3019717827
531311187
757583503412203520
750868791752593408
979401001
3111868104
837358108687028224
2331602052
268607705
4850953684
816390455076098048
574750544
214373644
3256233874
178555145
16585184
2582049384
4617877873
2440570940
710236038917201920
2426201857
725654281605492736
3555525856
1969630836
824964684528885760
871747609559408640
726029101539143680
3578510952
87346728
702524531412488193
3042237100
309306984
733768039074652160
2844854109
193122277
366517094
192538987
840979269660610563
2440685508
182631148
2361413834
852749203407200257
1433153444
1035944538
725179661555228672
277648471
32135630
704696687701286913
12151932
123373709
839438610197852160
34155255
750626810
725139943006326784
725042662781374466
22427134
2718980845
2764824818
2232107324
4069357635
339733481
1668647460
852297776629239808
852234045157199873
852756715200172033
852269162093318144
852642130040377344
852251831870918656
852375796362739716
852286284450189312
852755431504044035
852774911332319232
2325992130
852773613274939392
428525085
54406648
720205156357267458
4184457737
806853567839498240
8157452
539626435
771248353
769014399461945344
464206700
789515141565952000
894442866
297854221
49518404
191938697
3481574179
3394639354
271073176
3198488214
2220986255
787281542506696704
717072523947597824
54102928
797813456866918400
138414184
3164662754
3360451518
3007985891
2150323106
2928158802
618143282
1317356118
1222960530
14705619
181534917
2400327955
1101353329
15234461
2976638697
28433939
736187340750721025
165899886
188729506
431367560
4851362277
8658682
424690337
531757323
3666134183
4853735120
492991594
2460216512
3032671584
54162765
1463310174
728102661271126017
14481746
46476526
4810299750
4118604508
827685533623152641
1418871032
43192340
771687411634040832
744150240136044544
829408223392194561
47336979
200607519
275264764
3448008448
2825186511
2612336226
273603872
3922388053
561779371
1334551674
3866705320
298023337
1284761904
24426411
2829428812
786770416475869185
838795887639949312
1387960656
2586761882
612408234
759375067
317378810
786625386322944001
2445251725
1489411819
2866197338
1066099598
27483223
3064311525
27246723
2916973112
508188259
2253813548
88597076
882192152
2265515228
2915193178
2572815088
58869555
15081182
788888904678211585
239564065
265730656
1167515821
138093638
168851290
36456619
843283204266233856
44691352
899376890
3067631850
705131180
413562208
20707198
536385994
2205388728
4598876352
25281063
4855417820
554508569
2258234719
16426698
808208552569536516
1877332268
336053144
103888057
750156847898910721
737927700
739013040
50397179
3247081766
2849846313
16586626
1151467076
54628498
50224292
22311903
725759911867473920
716720902897926145
2505042705
553396754
563135566
4771209199
3916263134
771757467487305728
3045017425
231037567
2205450134
801122606082621440
778616704087842816
2985111583
260347287
3091373190
20525016
837815395516100609
2488414009
5949352
2817862311
27506715
761257479737077760
182168899
754020806238302208
2741752771
3384735052
4137767417
762556145835859968
284241195
191559807
22946669
108838948
4873917677
22411342
206387466
738148029803302913
2801996405
148281099
25458378
106703933
737376415
3297184043
532322343
137391834
581123612
4771077733
82396801
780593971290443777
159316923
3317683587
2158981464
1683118196
2190512829
42346547
347385613
54938044
27546473
2365207816
821019905575165953
2981096116
50194961
212340948
581649432
2369225023
14222871
77285641
988925184
1092188078
15842588
2610771553
2373384837
1053789554
252756147
199024996
1323390174
1129530978
4715605026
823716856544382976
323924833
15301935
779261480419995648
463288226
3097747108
558690970
2940070628
284224370
36241120
56604434
70004374
3341234925
317945310
1329846013
1347947466
256628776
145448881
96157935
989822220
702125877
2318959560
188525525
4609201997
150261684
2175963457
2409927134
96001176
3366478732
4420818448
742378435381583874
22802549
3058016756
215581580
2837895849
3271165008
4843656790
340252773
30802287
15518172
21836409
749714375011950592
3133712344
387181116
14511707
13802392
771095760339345412
180097671
17230765
2649978313
1222985689
719424301149978624
2184433535
2532776053
16752809
3191944942
18081107
17983365
254781401
215882148
4063799530
844507268
558656715
442771752
119480392
390564870
2759157810
4797886168
627990562
4368184642
1901017411
85666223
3562498452
796629340733710336
2635547492
3066905649
1068438786
329800214
1855796366
790585269493850112
2344070632
791398287215566848
2979171304
790145363055435777
1395923928
2575641482
3000633645
758044451189043201
3405714857
1484891485
2412278749
23447216
3792290725
143377881
2239151282
286497012
3300896274
1724325319
763097992182190080
717092060495495168
2905676102
2351288275
35767916
1372513081
23935483
715183597703921665
2199200424
758728261853519873
2308959054
156941749
23160310
204782673
21093952
1623762342
1629244514
35178724
32378151
15210670
16496156
551947957
20733938
887743664
3027052225
45855300
3438374111
3908902533
459586511
776077931777036288
26835416
253664514
1423997096
136393773
1269200970
31934704
2961407530
3012340185
443885914
1488675907
19089077
39516697
1352512382
142342983
552094012
3007329800
762331693114073088
419502578
780153178113310720
14823163
1668733764
124829064
489061572
81998705
2534585173
763642
299704022
3740374287
1265068920
106996167
3075608935
4192242017
2840911792
50706282
34939367
630575666
19083212
147374788
2994762501
318905508
99561903
1266434732
437635823
117796735
3140983740
3069226197
3355904175
2909397014
464360959
179073082
222551540
62178427
199551313
36343599
2570722760
4011622155
1774081
4108367843
37666857
3106427481
3219593760
2970873111
414303697
1543144483
1470052502
236551039
197606461
2165341368
422642173
135251922
400128084
42819565
704741385388355588
61608747
613497601
1096453080
759451832133398528
363167446
23553388
4891653973
3158082654
14232619
2310938544
15039436
590300532
763699076617543680
52473445
457618544
3260461698
4203089294
1386651
4226617155
154019795
2181413359
343914177
3065981667
2174696743
79309221
143882311
2884564738
3170659367
161432397
41448086
92992158
85657838
15944300
1314489488
1017498714
349470649
259649352
107113235
107437411
4260104841
4812727633
2796334270
313666429
2850075916
25520269
3918397574
827701490
250518234
25560922
3409240774
3321532260
3153446912
14424278
39533864
703225627
35288848
29591407
2985093119
3115034331
402070746
19483560
1416755030
2369212688
58999473
3337994783
2613020678
106130078
523511214
19368241
232342189
2980572137
3070167095
932957318
22773313
929133882
1245256074
15616980
787779764
19612924
882623738
2398744429
94027031
2927019435
587545848
38560234
786766700
2827562489
2873889970
36330295
24728150
2911149378
46670901
54968154
240359832
23251100
609194221
170675068
378826113
194863595
2667731597
634865236
278256988
2493548071
256611307
22969958
122467925
298300934
24035547
33098495
921759169
2786247094
354582942
975455304
15607375
426712975
2812977788
2342133434
480566504
36529745
83185208
29746598
102800830
234685222
2735162426
183077304
14847927
1384996994
113101462
505988188
482413161
221063608
2408241799
24274908
133769431
349639248
14216754
115495124
2217898980
1692716942
25454871
160047813
2453403876
15726264
15467058
1073806308
440211079
14727152
21661028
2180600329
905030929
320751995
478855762
1239521989
15082919
2412406063
110547002
15957929
2614969225
552299133
29030168
605541571
240527238
61860520
17116782
45988300
21817105
330509397
2596886672
20312093
221048950
2293103509
2375573677
2307675307
712454833
426092940
297103146
622437626
143137949
390905408
2524823252
62554155
215683551
2253184172
2462026320
100065631
156467227
13420032
46133894
1380232723
33057154
26688109
17188950
151499226
18867844
426222205
253663760
207323988
1654870297
16493868
16261638
14448173
209692535
626364982
994293373
312732180
301337097
537114406
18266599
2508290570
1640814938
584016075
524641229
97486299
427958206
20567743
82123247
1871726144
1670919997
408505415
15475578
1952076517
221539811
335742537
2209606452
11891512
87545916
131609856
19462237
19384438
2383975614
470740219
9015512
17415796
339936927
993638990
18321268
568240602
286352631
191052555
709404201
241318160
916560306
34282709
14267534
1549705375
1183685479
986106360
260494836
20187037
44171091
624282852
85734225
14566445
169997085
853668180
54439786
595911845
86773118
385125725
326060460
15912508
49370599
605025484
38804737
24113909
16819278
144657491
19904067
16787544
37877645
15678167
223621270
39651447
32789366
15377115
16248319
15147261
83749822
1395118824
1481076187
1673397835
184517281
569528849
91437999
1700426708
36531496
16829512
38156254
179631919
361468994
53770576
176442694
42258864
1852939026
21323010
580928975
68716593
26041260
20277132
259516003
917752747
1120381764
15706633
21418186
338718925
25099042
36530313
154258159
777413714
50002300
44514082
1490918018
63728431
846495739
785156342
46105460
147725246
24165457
38700882
1434152166
583284319
68879809
91578487
15111011
16747463
71023061
6230682
184063751
22937104
790136510
250413560
534842435
16807883
19447361
76190313
16031927
18838235
105290578
42804538
227676865
35006336
16468673
28349128
258861776
19407053
192598480
24277551
64453098
47848627
33395719
67362253
22176791
24179879
16672159
30870308
166270127
90292516
