221412835
844767424524148737
45311640
62754127
780524438827724805
53106260
2911130432
946420452
3140197268
492991594
2442901376
1325193872
241222769
782914789
20496560
942445345
1318643280
254660237
156879708
328329290
93637779
15286122
956354937859997696
250266124
995064856863789060
751811102175064065
3478121426
7616612
815878415899246592
963241672879386624
936882122303950848
1001709801380941824
28044286
350987335
956176192331288576
823114139916582914
899998766845100032
944641424145883136
39252063
32189132
103295124
2339574482
82281607
2547675497
818531771444789248
1286957142
1525651554
9022032
224772679
28387555
932685795697287168
734405100563800065
582896990
2883386464
889733684332437505
3245370750
3276735775
356661289
2972472937
30973347
997588329217646592
837126998791176192
958202727582101509
958203852087611392
3060836348
993895326728753152
839183709312008192
4732338444
132181151
1163386819
218098611
3131042307
16832632
45068640
21810329
107539141
156348997
1954345338
992246696263409668
981490395531096064
307120544
315658296
910253568397053952
950046789377208321
15357200
3655352953
2451465014
959145805960622081
896800395355332608
963292134181830656
2515424148
988686980
2167418648
527693261
989103521940234240
20242024
959352985812807680
987281552265670657
4178259080
119157934
17442048
1977132896
30780138
985394217412448256
732103838635823104
3065025715
1264168567
223671790
2332043512
872753173689233408
765732270342754304
190552465
960306950926774272
979257438938583040
20947190
819083733718343681
3186349849
772594285
197008121
808371275236339720
57323618
45274120
931559252304580609
139873726
696242654900686848
815784620964900864
721655916005724161
140461692
2613538532
509191768
972379642148544513
949865694220509184
976587894533083136
23187577
3104175558
482875004
796145685032628225
975016049597992960
82188320
255054206
637155972
2869033083
82757802
1061616050
2997097910
919032243145793536
16381764
3844115178
48800146
3491942533
896753152153841669
2297420694
201119872
3005561334
872494630561955840
967926565547003904
190056198
140179956
810876877032321024
933445919856406528
842076764813832205
542095106
965265225476751360
3299501542
4669412971
947002540385714181
823455456588754946
883740772440428544
100798716
953909165835018240
949117537756827648
32872920
484845461
30971742
20094734
28091926
17369438
22688973
142109769
2749362007
951014170182369280
810246677651161089
2862699832
12618392
956301752118202369
3428756051
30452613
892814187285463040
742498204730699776
855807462
2824170994
954387078095167489
943634287642812416
911520972
13404292
951947914078801923
4799500158
900212083551285250
824915108883099648
928514652174139392
199597963
45808079
3160423904
947544507884736515
301207286
66091777
939469672017096704
811416052961710080
742723700
881422089638379521
941174135148949504
931139851478593536
3240914176
890347187980427264
1167426421
17377881
385186519
617204885
20849128
703923734
101534435
213879551
834799740546056194
936689502004940800
865273704145702912
1011966457
4552082954
517442546
31154304
3246924937
903620115488542720
80198250
935092470756540416
11503282
821172724701786112
902361078998253568
614709779
59237792
804935169811415040
923324082472570880
926834550495309827
572861324
305624398
2512781
920600338205499392
54616608
176578543
245777995
911555457193562112
2250592015
923158977793241088
25139725
313540871
272027860
19754886
1441706690
552792473
895270290799775745
838940922691858433
39555047
827138872433840128
894155521405702144
51170577
253881737
3868528694
1253661
919202481812492288
1721619236
2666165597
918027588328742912
884419885161263104
875318754342834176
913029253
209493473
2251573652
55621863
20962098
583245674
20485328
853874211210772483
894185456384036865
43845641
31139927
63713251
910973458489724928
14235399
525466640
81361427
81082021
792188982012416001
403265959
508206384
904754671977422848
902891626707775488
3345791652
4666076317
2930177606
904958187824021504
887936771983585280
2568943376
22572144
828182288466710528
119883807
106080514
824765494695714821
2827335439
110230920
79399667
2881480527
4879017430
901692526339399680
901052589122473984
16940069
790303826
1725332604
16566494
896600481740406784
892753574886756352
226318325
3889144580
796777156168720385
3076489477
303361757
18648532
794607678253199360
885152365585743872
321691651
4766275520
874310843210625026
2804354744
168628742
869932393242607619
14530048
154311445
9741932
1880674038
892844673479225344
1555297346
559833340
889153106323419141
131397100
38134422
819958359776497665
2536510904
220724180
3541242673
2265846151
2386502010
18966615
1605693206
2365900020
71256851
112380879
15784351
883607621839671296
22023457
15970158
838894430
597489201
2608840453
1519723458
852441276133904384
856234643288403973
847159464495120384
313052080
873601174166962176
841473418700636162
146929240
10783712
2785575176
141627220
795371695490138116
24970474
223261463
6521962
4851496137
88156056
280277020
701578820
3875608880
132339474
2827286375
3320091137
874565933444071424
2347507100
36295659
427421433
1671848557
3019908977
451100607
855056001355071488
847216023568859136
93597129
871337004331659264
872649568479043585
164211388
704517881543966720
2369986669
37895887
315702131
117445765
1515794832
15382186
734555735414190080
240848332
868245172357709824
861654520123863041
780864999266725888
252879593
63483022
3104864736
2456743669
98134686
864834225660473344
864487727949119488
49472664
839974373771661313
36592896
17853597
107180337
819789229421039616
861578171925184512
861178683041628161
204427289
713349179918000128
739434543610896385
869579634
351058784
25557864
856152630334291968
363885855
847521435266568192
855409010152841216
1019186035
850932657747771392
2205050719
1449051398
846023361763274752
229195516
154490597
852116392329588742
844498263864569856
25973266
115988872
2352542869
489729616
14793505
2396858888
89880306
850331202267602944
3235987901
1011012805
849054879238705152
3891851195
745911813712265216
776363574650212354
158031215
40483836
765588489190641664
1014291457
812483905576050688
91911588
51185445
26001481
39174667
829840628708233218
87908886
3010149482
840882357791944704
810273247140814848
829243222207639552
29252817
768980804093349888
825056150483767296
818658506723069952
15990376
838453105670963202
797359984895881217
790335256931004417
19841326
2335586828
15535306
836298977528152064
183166373
3231188767
820975730255245312
827049793360904192
217426144
91000006
27455059
771283884818391040
833815990123298817
834265889528647680
50568983
2181936140
65563900
771773575602790401
82972071
458525164
761209883807088640
821591894840999936
2882807331
774918655234613248
831758266686382080
33923443
828259423931990017
731136421252063232
814736104494604288
2905123573
2575254264
718757829570506752
254507476
2656810298
224183274
3308337403
804176514883395584
804541075620696064
819201670131445760
322622041
799205914985267200
36973861
2947666015
2657174634
387900968
525509785
9876702
805947325
823648619999809537
824583513592778752
26136151
297226984
2625016881
796909997384933376
230217212
141362305
64937841
17276973
30933842
605304403
2256147668
2659651124
61003872
2847799375
16646617
47029631
380801637
9529972
210804538
1600541437
173491730
2577636960
813121332611313664
39899860
2715040962
139154537
4853702446
422337768
822629427523842049
3023134795
112954839
461022916
822150572317036548
21797132
167487863
822290373166907392
48984467
25756222
1948755655
2448077035
248441880
820658698909601792
821392910247608320
46248525
232637214
799948644023615489
815480215895941120
164189240
935258856
118367085
775962764032430081
65243491
952075596
269546159
37259642
4708156169
2477594322
762918048835571712
2822117268
2361604466
1152277404
49311606
2971105684
3286327542
542299595
169612620
816357911202934785
3145334737
816115076973268992
815362579656802308
743020854884192258
41520880
1354574814
618340927
811966451481542657
16222832
813407476900999170
500429939
810849178528153600
812057239334912000
4853945854
42132105
2703837637
2419720267
762622600166146048
810406254946504704
5388742
49649012
14671215
788863701793304576
2596017722
186162241
756595922239385600
2465499855
773525555367014400
3341801007
2979284733
19827010
806513838698991617
2195643157
19805321
726177380268560384
1555508972
22185228
132135334
804491729613291520
804106610867978240
803447987124830208
15238168
2470025095
38888045
1912251
240916823
29745364
1286161147
13919382
796334018115567616
801824050179764224
3355070223
3307446947
740935636870369281
797460244964196352
208528305
801032832416153601
2744880320
795357919042818048
798752430267645958
2220688086
3251253847
798383767895191552
197041397
790181220336402432
774648249466650624
27257912
797422360471240704
2651067600
796888076953882625
794714268931391488
791399038616674304
350377913
791644672426901508
138466838
213671786
796307534172667904
4032603558
1452643028
31344611
33228837
2932528125
512619527
27315348
29640361
37477788
910044134
351517951
795430164708499456
703829916580642816
770970016099348480
4921831915
794777839857856513
358107619
311474784
1574846846
403250680
710030246599368704
793702106184069120
2703868710
792507904553123840
2231648018
85777561
791284898959134720
1561513992
791750241498300416
20933583
3252834540
562896312
791346084429729792
769414672495759360
777768451720957952
138926513
17713673
4845875836
790464000190394368
1659091495
308504260
1403337798
760366709182124032
3081297840
60965769
788852906296479745
770654287311597568
3070092435
1675922731
1685163115
4852539652
55508423
56052906
787838191235534849
1275484081
759317890193436672
773307576872075264
763036763124174849
782202948663246848
1640217372
308845273
781429568255111168
1376659944
4288821876
777824295816794112
774138961920872448
123942761
728217497997053952
2594139415
3301278146
782802661267472384
190876067
758472054660358145
782172061519052800
185585867
2425154305
714948656147763200
2838636419
217719358
764286150345428992
183030408
3410787059
2509836175
774343398157320193
1119743994
748395052142034944
16373878
2266274131
735042503385042944
3247684914
776211468270252032
775981595454869504
732787595952984064
775547589341184002
2737642069
79650868
743415248309231616
62124620
3309406342
774135260489539584
21643972
738013117402206208
4704234697
305323134
764327456215961602
430849552
420940765
1381193077
4198112294
247968397
11478792
538137955
29176815
18994468
769016178291445760
34619829
1555334641
2649449676
830321701
2651129714
769447849419497473
48643888
1564169970
3319818728
3706875498
4891858880
746154406056464386
58157467
1152324325
4847533466
757938715058634753
737597094542729216
456384928
756777951832584192
750377354225037312
764275105715236864
932446159
14738568
349097869
14630585
31898295
130368147
14329554
2474282586
762814299161059328
3827026155
20457375
4345398076
22671650
227891057
37007782
811184300
182609433
4927371154
159816236
1686020359
605329047
172191290
77165249
751412238200647680
1706619612
18057537
243015944
1214176046
69161531
4761128052
3176819460
3051053508
524771480
723597556832309248
754056399542423557
195736736
753917219831021568
2908856738
751609008637763585
2994724686
4834608065
1659910406
752761480290766849
733644551605354498
2812516291
2974508085
2367320131
2545911272
751450379867619330
738341676876320768
1562478254
4915715220
1734908510
27547277
715891338470776832
3831370639
2638221745
56338775
747492336242987008
82938010
377243553
4725392547
191050960
580687950
229164240
748457305927127040
3316523365
2829018144
606480820
63374155
18983292
28312609
735545307686043649
744763795449483264
2419643281
113138117
3198018976
18218175
1112974033
735863897966645248
42709431
262601657
891648936
972551436
2340637340
708130684
347065157
743767730554306560
757479150
734287517340438528
31324054
3428170819
2801734389
3193232525
3699700215
738416046298779649
2650689531
334671754
742891642500194305
1517716502
169096261
1526183246
739858442144206848
39592581
30451394
729388570755141632
725350481938268160
402903263
742278661621960704
46023518
374525929
1540507500
111541517
235507061
3277221949
739305848095178752
58484086
739834748256718849
728121125671079936
2506473625
730880505521016832
739545561242566656
19532544
335996055
464229338
578782591
37893196
2355774037
569828668
28607054
3344045056
727489195254620160
2383586646
2203205700
448340994
372394837
2945910187
711522370008195073
727193384918589440
100785606
3070546195
2605209300
734800154969014273
727588402191798272
23519265
736038044831121414
297191232
737101583045922816
704285075706290177
730871930484629504
734275986456449024
184934696
426228292
4819751140
37463342
115628239
2440921177
47256730
181952870
459586511
4894470557
1732641511
724315072726704129
19908128
27764058
459483250
1730555150
733248714660175872
252722267
986182992
722654316092399618
732910807931969536
429466462
2177332632
84472036
1320656142
145499533
724508689307176961
6108862
172368843
15143770
307466407
596742952
728598551941529600
730560873446526976
3402749958
4043904017
1899947815
2773360077
41084085
728527650189279233
186380172
1901523583
3009415727
728174195503448064
17410689
546333347
2682111290
726087086495780864
3313516124
3310504946
202015880
715650200107368448
4326868152
369709033
3192532011
289829437
4824608123
365809712
815824752
573275963
714720306431139840
31852244
1323347738
4620888101
723063362129547265
2892666484
19445373
705501710538530816
399837934
24578794
58194844
17415971
17258537
995362050
720944633535184897
721000094879735809
720476985370284032
26548315
714363896426065920
3173243350
3438195779
719634792111849473
16800834
21026837
3342549640
718612129205456897
4613761460
2597780983
38950120
1410860364
712703630894206976
4756514115
168050965
2802000182
4178238025
222806773
519008524
8620
701767114248601601
2459345294
708615584695476225
2392019606
595496596
4882204901
702592939042672641
4728990563
886633524
3271926031
3092361381
337928569
2312697280
19834493
2730045635
892280815
3377602703
2846530291
4661822902
611817117
710193672520933376
3075079049
20602009
4054848074
707944022300610560
708205311795077120
709145912594059264
15548340
4773441794
2943639853
707750660591263744
701742225638735872
4792383981
4902118858
24569705
4608701
703886320989577216
42162790
63449338
37174793
40400785
966831056
28738747
4924586112
16305330
705891006328270848
105963038
739119366
1118064522
973988948
704337061742927872
4516813341
41486196
163947540
844616582
702464261218369536
3877924333
702163985408331776
786061651
3182180725
701103465611792384
53353682
3284917022
1445325294
3017244197
4914551604
3537263002
4894482472
4920778777
600179900
299002275
15486163
185165760
111051385
54095018
4695617526
4372052914
1377473426
1034963460
980066790
4899626451
137434046
697173273440866304
2416059020
4328930292
2851805431
4144202656
4848449005
4595835516
1132727106
870844052
1286202108
56431203
452078853
1730713910
4848517399
463440331
49980544
4738668505
4199921900
4732186742
273088962
15291489
4837264646
4071443478
218677101
4858978499
49108917
139649091
4773147319
4234948510
2413396426
94124467
4792282435
4263963623
4848752939
415151847
300969036
28870274
67486584
16058169
18899491
52793
2257471891
148373
27637928
2562753288
4731672678
832022076
510222146
2353561506
213044750
24686193
15754876
1145803975
47250210
313315927
2504670528
4230127460
3576196517
141916451
2226464404
21152625
1405186506
1944828464
225860462
1136932879
4742564354
3101901426
982144874
6995942
4334638334
4653783797
125375550
4040696195
210540846
2800047512
28403766
4137418252
416028928
41438469
2645841685
488881490
4569223114
2662598947
4588749994
372050829
4119057743
14990794
4562614529
14892413
3225748634
3431122335
4539184457
436017137
949052052
4519734526
1734677066
367260866
3536824407
2185966776
3586966572
224231631
4452581476
556087146
16357972
489252863
18533335
4136886347
276380639
4487233392
268191178
4395710914
3923542033
3220070977
3258096427
1884585186
4451875033
4439779934
20707205
223467007
4184198535
302734093
16588800
128103235
418461294
4109440094
574253
12300432
2835448542
4158185769
55598967
3454281193
315564269
114372192
2831280403
4278116593
2835633701
1380250812
3221234540
350717146
3136973964
2599785288
42133102
1912953517
3311891014
4206971832
3751275736
1336845613
4169324712
4134798434
382717292
592518905
34671794
2159970682
757070174
548543309
3232612140
161904644
3573904457
4020443652
3694227073
24278976
110398012
47967546
271345286
3880198877
3562046240
15138829
3240636157
99763265
4017382888
960244226
3355227313
2929217549
1155796572
516699539
64659540
49698134
3070805257
375937434
347497175
3291886272
2400142298
3660328812
3945992055
1183989720
21829846
3812087479
3313483288
3847093152
226902200
287359260
24803768
2511408984
3477634033
290597766
369684563
3763798638
3750749012
3312673477
35711294
29018269
170767454
3412550194
3750521117
3808763295
67407500
18548136
3785170577
3727445236
3784063048
1114445604
1099515932
384333211
3675415455
337985000
3433322913
3231203280
2789845508
3291417588
44378012
3118106361
3628411694
3622646418
2839015027
336395935
567648350
19380198
15017541
2449339376
3378517726
158531783
466355092
214046556
36397401
2933141437
3542365873
115149425
304287365
3503624972
1369123057
124360064
3384291717
3384342023
3568166596
253331838
3066926450
3548286377
2639784540
49772840
3262964840
3392430503
69126777
3497567536
3254022306
1612406478
3142472455
268249010
3342681432
3436614670
461438364
510065933
3324087066
2375924870
830994691
3143091866
3306527063
281321539
30160168
1320678864
583431693
3428893252
3407057128
3317117376
2885436457
2574631436
3303702426
3302610390
23046746
1019350404
631426647
633393379
125322244
110202049
382254237
3014383004
38058837
253799012
3298480404
21923165
31667296
1049708646
464318731
70724169
952455770
2356127598
3286047553
30658991
3353156735
57567672
3339541859
2363142735
20589188
3375450839
3272047645
47570023
43646509
216556381
3380792446
327208730
81160905
2904868984
845917884
188066375
3129761783
3279045644
18143861
1569401491
3367906787
1276583281
731921118
3273521328
3360911603
66265580
3360641637
3325042149
808238658
3266122741
34244715
89233899
1862184584
232787344
590956648
740026058
306322105
1697929274
2482041720
3074895402
398419573
1290447498
221613787
371140956
70414442
142606110
796701787
874643444
37164268
124400855
457202582
14441580
421716482
372767540
64103749
1586415728
62331791
28058141
23557868
3258822800
18266569
2889673262
1480440758
3074078136
64449859
134905400
37836873
39736179
1619325942
1326143334
3247465045
3194777972
46482811
195215559
16027734
454525259
185008148
3315215727
1315649017
3308088341
3227549539
333394816
969429798
46390722
136403321
69755180
2899155225
1871086327
7092102
3171644214
241624037
3029908948
3069361311
192795235
3229718918
2188569067
1620602058
73703
50264421
63158511
2206390231
3223239390
3223181089
3000214432
489278725
49109355
550912882
2951621129
3254254329
2827062871
382712291
2263196264
39583057
3208796174
3246315893
538033195
504722174
706497768
35818363
3255094000
1728433944
3194132072
187796215
3198689584
1502461404
34840381
777761924
3245654014
36018513
3190738230
3188549340
370482981
3184343720
3185001216
3154264702
1962813650
3228552808
309477509
3221163017
104798690
1877290064
245795280
3180846788
3205393774
17832604
16634879
2603976224
15007149
3178286972
76225824
2875392803
3198175947
2314757672
307161907
1725303804
259246420
519507905
416769073
1371179250
3167227773
2991483149
2504452635
3145418064
39167973
3143037960
3143012684
14570827
2885136678
3130932769
1479010232
1199441011
65905779
2859297247
39034674
24509594
3117744408
3114013593
965400487
3094757107
70582416
2889264036
215060963
75448516
1536833844
41295401
3108364071
2913601759
289390002
31129087
3074732827
604512025
3091705005
501534356
264676260
6394282
998518734
52264714
95334419
2742377343
20044440
1247412690
3091679432
3096219254
74189049
2240155435
438101286
3055807478
3063826036
2922928743
20996316
46075354
1578113396
131475757
34664371
2720732192
1509462248
2311518546
134821694
354289249
36473442
92611744
3071263608
3068643908
2958885056
154538573
3066824970
363683316
51015957
2161246508
338354428
2560215041
3062023591
2896307952
198873890
3052816302
2286759164
3038630670
59123957
802798807
313906827
3021566347
2949432585
150497266
22662048
3029142620
14729629
17966862
208122727
178973012
452075028
544489333
3017861024
806997410
78489442
108264677
2929474558
2775305332
47455112
57142544
585707160
260605003
3012507386
3021628186
1470531463
2561582418
3016199188
289072583
3016203587
1245781052
2998272686
1180949629
228243321
750690782
2846734129
188026679
1549668462
2356785672
2995244658
2919574385
2733087468
743187794
2991830557
253270511
47592264
2988406733
2988346834
360829756
2783806020
25226477
66486777
2731536384
227373977
15896464
52891214
92015945
2964865881
447688169
882133196
2435227980
208238245
3373381
455607710
2961491064
796337556
127241246
70900649
562382031
2951913427
558587005
2385594745
2942466862
399871033
42359218
2471723629
2886926785
2938780225
2929698820
2863085016
1681520972
2929636125
2934409063
70495490
2925759203
2676544273
21472989
2923053712
2447478528
15925224
206994756
308864544
2788931968
2321096547
2337271046
26280898
229819195
96782627
66101823
332808960
2897193470
350612110
2798477618
1025320062
1550039318
19996196
2894198543
2893717685
2459820170
361133626
2909805224
2892047187
15766082
1702571186
629697080
2847122343
28156363
979910827
369367588
239722336
2157495428
624905410
1375865540
2868395790
1023866701
2847262424
2832549470
2878953758
326899190
363641444
2248761450
2718785581
2766577885
2893755806
28782519
534226657
2889383348
1031206237
79737719
2547082010
2833299828
2864045732
2741054156
173195072
2881718587
2884403342
2897846659
2857825497
2526779148
342459353
156262539
2890251972
245075617
2431592054
1437245305
2209106592
2767946343
2337942326
376289909
387751943
2892347420
297692268
51580658
2193554034
2894983195
242910809
51356632
2850830817
50634864
2833719469
832764056
393088142
2210707425
2451380234
2191419577
2809551985
2736444540
2887008890
166421433
894405211
1388892967
2788156314
2823960597
2830109564
332644003
403121624
259801359
24317132
2862855901
28079668
1038061807
35630308
184079701
2889052201
82036129
2885822724
812495492
2892821671
2560691606
345205600
140674938
710348983
218858888
2837034419
2819560538
2895337652
2823434455
2153175229
2877966812
1882792358
2230763725
157859307
2841905510
2175154285
1135865310
488024594
2887429002
549236850
2856387108
5854302
2500430042
894623244
980563470
2882292924
2522950764
1168179356
214286641
908632573
2471617422
15133014
747146719
2864730188
2677288640
1348227667
2616578508
184198596
2847690213
1459050366
359144758
418872109
2359534327
2822155827
1554182946
2887505431
2895029017
2693568733
1658849978
2191551492
2314611488
195963329
2459673630
46510345
2864262781
69291400
2175146548
140122716
2865529861
2445908341
2842104689
2821971416
2832961802
2824455626
302694644
896294600
2756832855
2869170829
31394813
2869835924
62726201
155796557
2346636703
1639649587
591546225
2554894254
2866819752
69220928
2861385035
391012875
20852178
18243152
2890506805
2840940385
2875842828
64734766
2550417308
48494050
2589576080
2838840566
1478151349
708150213
2236815248
202159127
2218936321
2895211892
1226822418
1554829712
50611835
242984494
2859690639
2825832514
2289818358
25436835
2812074267
39521724
2770661753
393035696
2756856683
2883666019
321024476
94582732
1972250034
1013441425
2500363972
2722457255
2868141663
2672074425
1313419434
2433232177
458340607
2850159288
2758065114
20275189
2475758581
552675822
239749869
2886566785
2839001118
2286711139
947734608
2237042378
74650464
2218945748
2778364796
2893341708
23536653
2840201060
2893393705
234994915
1935166128
2567752063
2868971448
2883877734
2737629791
2830002907
2885153198
2482211473
2886939457
362074693
126221309
2864506387
2850739953
993182730
138258157
2583963721
405356659
1664675648
2865747471
466907534
289125724
2869375561
2863293322
2890896121
2887515439
15497987
975302822
1567328390
27670411
1603239883
2892561264
2482088227
1073654761
280537651
415371214
1861148874
1850817073
2827753214
2321996702
2205404874
2527068843
1900209554
2881811556
2260581857
25682790
340649350
1066495543
2842995270
2858839425
2802809413
2257288747
2843849064
2710459471
2864402470
457214677
2858066429
2476631484
2867837946
2612826205
1353971042
2312616524
2393553560
2703211993
2734095380
1934409330
1693176367
2841386353
2836424286
2758314978
1304930929
2885975640
1886638290
364317105
2717104716
903377894
2578280396
1508524076
635106122
1356867457
2437825848
2888737992
2819341963
2609664858
1575576324
116735607
2849652061
1714584379
2882228005
2616746354
19524595
2856142099
2866257312
2762510180
2741659644
184317713
316924113
1397136900
309811770
2877196700
506175640
38755174
292737002
365830434
17921132
2863931492
18614178
2877472812
70887915
400499226
439736914
2791648235
2884252514
2800205065
2297828496
2753896645
119972877
2583811548
179855051
2876559974
401757889
28776864
2879532290
339180880
1527318031
2876606784
2869003915
17985464
1184346212
18618770
2687137610
966352862
301625812
2852724951
300955543
2789474898
2284175630
14375047
33450580
2887638032
2414166806
2314667168
17697871
1199869885
31372089
217550862
344784438
175301859
2878380744
472567154
23172839
249469549
25932118
2876741462
91703899
1246231164
1722520224
2424039114
529082928
481819386
210833051
21065574
2653578188
2846869129
5627542
23304500
627858115
218341909
913601412
114497182
527201018
53938203
2800159540
33128715
103748775
21576546
49101144
207404407
1494570259
6603812
2237800531
24984509
779458310
864247370
178311939
36589384
887722458
2828296932
237645682
1093623925
234870839
452535068
17204399
171813900
17131847
1239055040
2801125590
1964217212
2498071176
1481034577
426314547
1095389953
2810067348
65866081
2667883038
141719911
2459596158
173030153
129863286
125685309
2785294014
381869896
45711008
2642807058
42800926
50344099
57570439
144955807
577447148
256389645
61215265
32897893
2596928623
260524777
1139889444
539865648
474340429
473863406
607217332
2751868006
46391399
2453395074
973983732
231744293
211955846
255419741
1943929633
90407341
2507258738
18041393
214341990
2746861720
16242937
448023422
434183416
1026557192
54763810
171867215
2663013564
34003766
2625303481
901572726
828730993
33084127
2599776325
798302802
917228694
23405341
2511669842
58164390
1023593137
1472092782
486009115
31376377
2438234042
66837674
2230775784
22546420
198573171
177890163
462172248
284976722
37900172
1481425374
1925454187
236589644
22050149
392177966
35286448
143903236
2407734505
2396588149
44494276
75934438
20148200
107960494
130383454
16442653
2598259866
9920162
15058719
2462481324
2652738000
386479743
33660853
2403412807
33204897
2580994649
86783742
996172111
109135635
477655904
22227307
1555954549
68396522
46308195
288595930
405912283
38388954
18678924
76786636
532690100
21240602
2582527604
56787894
18507505
2315967558
2340031335
1160074922
389825367
23816495
105484085
2161337785
576061470
2452325185
34860609
23348578
2560309482
2367504914
2433405776
2371409042
426516019
72050462
2549877038
2460588843
832683854
1318406318
60967341
630983333
16049944
295849947
86537404
429656101
2515503608
2529746156
509027405
79650714
18483704
430697990
288554398
351701052
57527441
2279733980
425172790
75183028
171950811
22197772
61117915
2506830785
139904649
209429669
40790733
369238541
828156570
36425117
2376491762
14147512
131445592
24116824
27650242
63372065
24606918
2447683400
2202077682
2482139331
958495554
227733158
22879254
367213663
1283775062
159750256
1358259524
18658294
1489004502
576341653
14983638
96044450
17576745
32431922
493499518
1668256296
294682590
22685571
2274002978
249362346
24496296
1483935336
93602812
195792011
46499643
2290307907
160246535
50888542
816589
2359143139
160888515
177042911
701993510
1202665370
1520981551
1948102854
111560581
20783645
33451842
49162897
165760300
420620599
182180556
1048873746
20636098
167365160
14074743
7003182
484474967
20196183
2280139260
550164684
45077234
85131054
50712317
312600634
179899448
50205528
107094390
2312909819
20688108
20396694
973782696
329866683
200874094
127294441
67571867
2311018064
20616741
847913060
28609576
186848270
2286052172
2298430231
47288487
18948595
18099511
280869391
19090291
56479857
442947328
245879011
69198442
455229230
10644232
23314641
599244649
14136340
25271747
21071916
609573
47456979
43072719
877767493
2153765899
50325797
437795197
1876005914
21835498
111062910
110170795
94178534
60343619
15812243
14784752
191589584
20023919
19433779
16111963
258830741
216971890
231950682
40184316
472391974
48995274
870516517
17714854
490905167
2215134001
440044132
2187568448
146971139
2191629508
15779760
2152566745
269860631
336229829
147199228
67943447
402472046
203207697
18452386
58832466
25829190
63799947
1904966582
2166738219
25896607
104617399
272550180
141159729
14403862
70790586
127736919
1430503249
151284611
56339016
22481929
1890142531
1727052416
269674988
106949037
14246001
223399674
21585811
361357106
352595592
257977304
1316596549
1287753644
884127348
511864623
1922051130
1395098952
552989875
27230162
353338021
24112747
971293195
46978096
796329450
1290065257
100455311
1596183481
251032925
522874334
1670157139
86637523
378278969
143822126
38522402
12340562
1301535528
851493654
403209976
18390063
614107478
1712714574
312540049
1130006299
76478897
11853262
369595683
103504694
24933645
311221836
3981961
1905739956
424681023
55824430
27987470
123104250
755725938
1101449089
54299747
1904243125
494338635
27920317
29782060
1517833200
15304001
58531154
40462400
1378188055
268321880
72814599
16521486
1109969323
45973064
220380680
23674564
622314547
9515532
57770539
23637216
102576558
34441549
1378071840
135017751
63914435
39922594
1860117644
363962526
159002621
739657886
1902963756
1902883951
200765153
325394691
42689744
23627745
152798607
418111697
133922023
931016545
181639204
19965948
146010573
78405827
59686583
61681185
21332177
361643181
50845728
23011657
23534104
21660117
291398508
21316936
23462325
21696303
1836455672
14858193
346355025
211025280
28747598
179899107
17530596
604878680
37008078
718383990
23226274
898446732
1331846718
32980923
214758555
19084138
249273103
624219088
6300642
69567691
30224438
18804848
454645641
