750215064
743704319527030785
923877140705226752
966290418655727616
114840005
74719227
399070679
706578898851483648
1260096368
81093355
884687499817340928
2585885783
758024379011923968
982261686596812802
49384107
786391105436655616
2945501060
3372178235
921038218887421957
974959719327649792
751798226
991396241534799872
777689214150246400
991109603504148480
996554665230712833
621205396
966395079454699520
2261967337
588479306
923930084100263936
249386985
44183502
2442746858
772050893634146305
975114120931536896
195387753
74647116
818517696077774849
1006874403127169024
2887465954
1158997759
30164633
981346757761228800
115799748
885610084469833728
1004532458241523712
990664806322659329
951226008123920385
758751597983703040
920420268740399104
725355654467215360
3131256119
18609664
1005914412794957824
4117152497
934845401060007938
934484488725454855
948682694103322624
4916793849
531487443
3874532953
346924655
1282414117
826134513646497792
2780030212
923745056678400001
448357932
888941363793989633
949498214377578502
822629276684025863
1395642860
978399897496924160
27250894
187059615
131249283
4832634442
907432893676273664
290610200
879158243150278656
2214755390
568184437
195878415
967162513447153664
3295287420
491320836
967565414812340225
856978948965769220
846566528103329792
91279573
39076082
982675379319132160
1002137195820474368
989351349396623360
2770925885
18112970
15819622
2809959174
21049010
817904345324879872
918534858871377920
211480917
240676756
1258120194
4876366659
946901569919840256
110226860
351904408
27409859
2961911340
991347407274348545
953151823824666624
577309341
971191795144101889
828754744495702017
630673071
884862343905247232
519207758
1001945526735114242
973018333527322624
3566477775
915231714724712448
4491301093
999632034896244736
1002337168860143616
990605281359888384
517021475
947294264806989824
342200208
464315202
4296205335
399086001
761425819721871361
707946830789799937
79846109
919056284003065856
1002346596858818560
2705002822
134830913
952773056874930176
824819491766992901
973420773829496832
1001845290519973889
2633058587
998732981979238401
1000086160906047489
2451596880
865579656
1122600787
4660013206
767465035815723008
3063211215
186335801
17968063
15658327
3134411065
626249746
1002697575558995969
952577175017918468
887804083003957248
244351421
755610782675660800
257939371
816014828200480768
823206609115631617
270990860
28693889
51916844
1077784891
558640207
949835887642337281
15772453
711540070340231168
3894359842
874674482
1002317820796047360
141084952
2972957083
1705975231
779125868622860288
580546410
809213634
770736265931034624
537706176
784661048708083712
928996263957352448
789588391448940544
34367582
794537028981555200
2703457185
49577208
1335474330
757703840669904896
895836956743041025
43838991
828971668563324929
982288139426217984
4860451825
973594980248891393
993520103223328769
515846981
885531111559921664
3368733712
82391199
381591643
892494199462875136
292098147
18061294
940437016302555136
915176733363630080
4075648563
597908353
825942667
953613238276673536
999828611891949569
868324345
146248182
934141798485843968
264933553
812498553423745024
4567825190
21449066
1547942041
2406126285
804104241191260160
823625499721146368
24233697
797409551473590272
872782286
931587075413102593
2922345639
2974103716
1173135816
1561077758
860071052
908938044
118472977
195260651
4127745381
466094737
785153115339173889
826406978
914590137174167552
558716737
991470575846658048
906591748327165953
2260694347
546145821
3883733953
701154837841494018
946093379544408064
379767285
999085907352342528
531846662
293136425
850388739956383746
815388229893378048
2361229620
3297863387
879016370016579584
40767598
958064770019741696
719662077934243840
1282026144
920594216622813185
818645731993157632
715271558
215762606
986868569223950338
899282490862354432
549100206
16916866
1902930638
858685473346076673
830721351623249920
873516630822850560
890824061135269889
987968680494551040
92408522
822826626828406784
90114840
4834346009
974994823001370624
2750127259
3301173113
325290392
67503749
40183366
50072011
945370324178268160
487144212
877985300466745344
41107168
1924904623
997071153817571329
458788016
823886686220382208
925588550703353857
836408961305837568
1391540216
84894878
38266703
844148907764596737
2359926157
748193776322023424
2957509390
41009668
903211979283865600
760858183048892416
3002732058
737289682573103104
578995848
771835397584384000
802688617957171200
10615232
1058807868
587913152
2244531320
114570637
155701825
937175655317417984
997605455512780802
757075497368948737
15986565
823731993577803778
96592594
989322589507072000
781223415256461312
704003885850095616
2381321772
813466712
97534385
409735484
864338503022198784
30171175
996956164305797121
12014232
1577729556
828608227361239040
912670903749812224
2227540266
897644331561103365
824109995968954368
880581516
790705621142233089
997179478265692161
2580947641
966251017879814144
59116122
815288374827352064
912109583996456960
815619285225615360
1307327222
44357820
477092635
1147086920
955204501488709632
819975441704452097
28534205
720920519269179392
771369857321472000
281520625
98851120
959289014573457408
945953739281764353
1689331526
1391023783
261226885
950541732852240384
803736800
816732666770968577
284293293
822510151642923009
840676860191232001
1618233258
962374930179375104
84489844
960294332338028544
845981399203098624
1059181249
328260226
4393008441
891435303961067520
777586468965322754
760697454878752768
15844857
438848563
816692173462786048
781278253881241600
929726934350565378
175049167
46923727
852538754220912640
553462978
30204858
963236003665375232
51324024
531893966
824768947589255168
83608865
59234904
22173790
53616076
31336946
995749316303228928
4768875064
973381266920869889
892880061266673664
20298776
899079080
32423076
4335205588
34766357
954417622849933312
4112882956
878034452798222339
954712816828735489
758991165588811776
785112023025745920
940457448078528512
2291979392
990085447
929958378
49884490
965433431139147777
408023195
1260838123
751195670770511873
882483523
17086735
859545368870100992
32157318
845048294099312640
45666183
777697478233645058
768980142819569664
951996515022659584
953340069846405120
66760872
41401638
715947606141222912
979291182638489600
2160706974
991520097238945792
29792625
813567258781810688
738567336853020673
889474596
802976514845208580
69641315
727614203448549377
205687190
995775377275478016
3072832073
994962553645170688
921030516194926592
702653075165675520
281060510
50142781
3120333399
3292501164
992111741533224960
897623110563885056
553003420
794934675462504448
961044525065097216
814639302655275008
944719413860696064
34905163
3323270594
849047734749233152
4145868135
65120930
891686817195585537
952295403030040576
717609056039514112
23872185
95199384
1012538726
976608252451606528
788055459169177601
331314788
152351502
951870435825565696
1702969784
69106239
937007598750109696
997503485707943937
25162832
997188403195236354
27831941
739610364975808513
739532769064308736
878087280321335298
975912870650068992
180836813
936710368134619136
1090954574
3002670605
4708879753
4187872816
733828747690811392
804041424500977664
193342576
908777099074375682
4765364386
983483059428261889
957884020578164736
102249215
2812250968
547155842
562372370
945767286283165696
37007392
243678871
511108114
3199192864
36819511
885536083336994817
21363569
792905323992330240
53332427
317916069
3390129334
3073937430
237140311
996210891069804545
44365200
354965291
873224572266577925
2312902755
305511310
991490139623907328
781249307601240065
347976255
715227191861182467
709016056145252353
905660356072230912
788819030916292609
4480906040
177309292
2716941601
970642405887266817
823651579676880896
949558298314866688
465145646
792405214762561537
741680976
514485691
225081438
39186860
827552459069517824
860776572
979857677475106816
114494345
713448113961172992
432964366
3328453959
1357727408
785696273122766848
716346908348813312
708039673684295680
833218608
978536337207971841
783471651962761216
322895481
4865498327
717098354304417792
707753739835211776
1033057364
939580568932515840
3304493713
764925179956912128
233154866
912378599445024768
4197484935
44309594
2479134570
358231363
995270609167962112
902759936
3471229638
4013745015
840597066367795201
130245067
721822765993631744
741567239019761664
21089652
1889854964
856330036324036610
63762686
927319495345131525
991099799427428352
204073619
609447134
893252713311600641
816795781428428800
2546377908
798993790996385792
896731633704947712
58602902
825337281405923328
763935668284239872
1423670108
2992397156
56561449
2688511189
860942757908676608
923726882000003072
3052099927
1906825158
4764419358
811717240030711813
974255162477998080
21565264
28553392
888752911676846080
796074792826847233
939936180879028224
3951417321
2367940466
930171111060287488
947623153773240321
923368757803847680
805552999
912222665867481088
993976636465930243
604836816
927091041152393217
461786548
963418436
994426710597799937
994718212804640768
934160454867472384
953186939129221120
745109156
596032049
609650898
37269009
351976618
971511645607481345
737956504335187969
982655933191897088
956765861536088064
4517951
984765852682768384
68074186
19481039
2205862450
954892131415609344
820336846337032192
2717301877
946532671601238016
951106071686533120
1339614452
24249934
809595737415778304
980909880398684160
945411201709821952
27879445
783457512242630656
2615964924
7401202
817495880286793728
990970566013210625
52544275
954732793266954240
852700501669838848
312272485
551938235
16278368
776197271134154752
48711300
895686481209159680
176306447
4817792593
904782144324722691
262988064
826132118
952720341058629632
806347865073315844
791691709134491648
798949307596623872
929559819672891392
3796909696
162650265
932576686675283968
758714743007875072
604061697
40902001
877725865555218432
3087693439
945364723180109825
2914301158
950858372496154626
77910622
960907606452613120
971980657504088064
943914025695481856
900100631284854785
914948201022603264
444525421
262803879
884068480693264384
281790164
490330789
2750331580
779116121563795457
768166136106057729
1712249677
25604534
747544757727952897
32736044
968187662711574528
979065726140141568
858453441898610689
2648248145
908412746
758101519891914761
4491176726
3415185341
893570094218878976
482362854
192047877
850065940305895424
800501342653399040
709786874798182400
2246299058
941008490516054019
764126523334942720
9427572
3092154496
850036892
991787305894490113
713953073736126465
711391554770964480
796223867727515648
29618206
89605281
1432331317
455566628
908342327135096837
958744334773272576
899071474996314114
3699857775
823244393842929666
70231532
741113412357357568
946891141919604736
235784311
327601938
960886904861478912
980051451547475968
909080848477097984
26493904
117440808
525679731
852575639785930752
443304640
963586514319003649
723237708437544960
795554351477620736
23300573
631071790
4732549188
1608340652
867774076827312128
786189934868701184
817290612
410205513
3512120116
538370634
247981000
2289423523
986427096242286592
2707547821
917995310399590400
772040821751373824
914154046382051328
822906587111157761
967750359019147265
354507097
3484256298
787426957872865280
964950981719949312
826918172783685635
2921820397
913481746859032577
75071106
774077279605587968
945493135945281537
46934022
963197557894729728
3906893838
955628749
266237495
1584013562
991352734451367937
811308100799954944
974018476758024192
1475843268
906974716736532482
840243771887505409
889877870209884160
4647298600
358464377
790315712690524160
829346312076156928
1244812615
4344983434
884189887892672512
3035084473
41677388
832759224283209729
881483948341243905
1041104556
1364536142
713762574156718080
93658073
2277903001
1376536760
4005375497
439384590
3161660191
383125195
1367531
758160778604216320
2575014439
624306656
762374139407630336
248113252
761198855165620227
1478430702
1546656000
116776026
979255205270138880
947080375620198400
139499789
934188013374132224
66369181
255988002
25159286
2948453912
4897039492
955075994729132034
49632493
22409500
37808197
4479562812
879086253945364483
951302891708583936
825151313960898561
411945455
920027058310221824
935901765697921025
30208968
19204459
983155406083158017
881455325311795201
881231409054089216
920021135231553536
4031410935
875711857696395265
4551720146
2408040639
1189926044
57234339
90819493
788821835525783554
1257605281
3268992600
2949272362
979742565435031554
27895304
720710699283046400
964728584572162049
18005085
3885814212
786177190123548672
102855741
4899575941
48153233
739292542529835008
4311670299
915736884
989885459076698113
131129676
868005990221750272
14964429
44872316
950564010461618176
400518302
22456513
951938242110197763
20975060
2281325286
822901284655210497
85684661
2205378905
826422569741983748
344587123
938246616523218944
1027809378
2914337656
828277296880558080
853397398416216064
826594598998798337
612931307
562255311
887014646703509504
728330271645442049
45634066
2721974507
3362016513
916031047451672577
105197658
2782720996
14803530
873973616089714689
1574401567
861444800825794560
988867652805328896
798035451009437697
277355403
576508504
86378821
971981598718480384
833877262172880896
395010447
799024329010905088
806645954011078656
27055858
3411140663
18071459
726128809104146432
707231479047315456
17918065
741923953
828075242597785600
3518486666
858066056786694144
829735580
921403736110567424
953495107906523136
3015957931
978634180295761920
30132130
255340030
952271058433912832
858937050
346384148
601535938
876521031636328450
4357732275
822263518086840320
739441651
169686021
2739350214
841079073774354432
252913066
34991028
618558190
752482551944585216
348682319
758685294145245184
1348578517
988223150268846080
17633090
3018960919
21525682
14538949
256360738
800160924
22283739
760148838719991808
2970989352
481211182
810653855809699844
553007949
977940842995507206
701494810289557505
787473361056239616
786571020475834368
206425354
29116421
987134791404412928
905392584180326400
3910526716
47044094
837546539547426816
15273001
852236993497104384
250755481
738837671477280768
4503313280
93401077
930467156373815296
951618360021729280
955142482798366720
636028377
986350448222318593
24787367
3972672084
3772561752
967289146225168384
803129760771637248
975455754684518400
965419685008130048
1514239045
878247600096509952
986720614894522368
720388840595329025
469999217
55763975
439141551
232716229
15601396
883022369417158657
944635525180329984
969200189771780096
841167842544250883
495634510
832983257016782848
481304417
4760723172
482970785
703014623067308032
976063585410482176
4241941692
818514121968779265
982739010949758976
798978737555570689
936776605384495104
722592894880587776
958782610699890690
2361606032
906743450
958381678296215554
852538347956445184
750058381109436416
4182688875
228736760
920580514318348288
25414548
965679348815626240
427049489
4496418861
709079954793824256
944428302
822517413732229120
815221899483451392
34756550
126755086
787897124004306944
3268675369
982855977564286976
852544409686216704
1691072881
798276181917368320
52136185
422894799
812135885328236551
789576444267540480
121656624
3417351
2505081933
319214444
2757695505
2596413645
3294258552
41919896
4563974475
971396272589590528
3062451515
528349176
938208517495971840
912825413621223425
262857265
873155573155414016
93210790
872210966456352768
758940366154272768
4064093608
158463910
957253414446141440
328683260
2327428716
952983300049686532
2391345684
852162726306689028
838106752340078592
786036040352010240
1290206220
803330505391411200
830970003390361600
561654065
4584443975
748990700763709441
868023113774137344
763791778491301889
27368525
3467584823
816348660510269441
889254065137385472
3043931737
59141515
825026705731502080
974778569204232192
817742628984909824
797003429306597377
871504041271894017
1043630215
904752807311441920
4422399434
838076788194541570
2427039463
20682620
1700295757
3740287520
49034876
803727493404459009
933600184554094593
951982590227034113
2172796308
19834418
4655360417
39789671
1654536060
752062471209250816
914511903451365376
299405548
1394770165
93229339
19915014
973396999646208000
759108911513427968
4828339398
28639942
733731104654524418
2358311520
417436290
948688862
831158096831471618
4918885219
896326563792265217
4920898132
1356992605
881174560409882624
937481659972308993
961716640013537280
454232867
18279320
113758100
974955338016403456
817868348671332352
919768382135615496
806820644683776002
1321468442
81645320
729264391
753596533417926656
558294779
29030150
64559820
3028493620
83148068
707708088812314625
1964647868
195774578
969199660479938560
27024441
984072196338298883
17364806
184383206
435294618
49562970
2916305152
1618641848
58180733
353124842
867908994
35218566
29829807
1026459866
823298892552933376
817959636699582466
52944689
874636442290577410
832361611
956067336448040960
198516386
171734207
842493042754043910
893187929840996352
217639183
800086363945082880
2868389650
3034574101
801485278858854401
982673455878356992
44945327
2184841256
3056169579
2975432630
611052628
965614649751298049
957348007661490176
706615978587779074
43249283
835676806455832576
935155293004222465
3248410062
822215673812119553
964590409421791232
899648533510316032
3301052704
3225760870
955488484508225536
915591758007894016
19830961
578176358
551075834
214969300
937474099319922689
958958453480968192
821077762509307910
953616483912966144
274074181
21426342
27075946
854759139930554368
852600913483243520
719904229343817728
729698771123245056
2193255206
4462856853
2859702526
29363134
14826029
3304092212
726448412829323264
23360808
321779709
520893077
275221156
33398844
808848027737653249
757031055727611904
4884814474
63996778
963444300452417538
313591533
3047722897
786259108936552448
831651493329580032
4533292933
882957479176306688
962323206307684358
838248303292628992
4825840012
3550037417
737049250366820356
21517481
831991181584322561
78968880
101395252
873855627096969220
981228438060257281
936853898429480960
2855568020
980152888013082624
1370971824
826059922123190272
765937904237543424
67657700
3267757346
61079268
585186034
919683153056489472
813162341269471232
2922351488
211589519
832763991487164416
37666984
305979692
797223501639733248
581999965
843542154530164736
781284825965756417
18890456
965641046339325952
24248534
958386791182098432
952624569604599809
805064489133625345
709821426937692160
2715365275
825069400524935168
26876136
3065180248
971242490782208002
410228197
818773758454312960
3009077657
3980772021
3247084837
1176029954
963137318503710721
2791988124
309187913
822843540229259264
2999324461
2777871397
910240254384394240
943960299971010560
1527090775
831994656854536192
28817025
765077504
895136231369056258
721715690856550401
2241051079
730848576541212672
961740047409123330
1671304838
889543524055691264
117921110
802623208704741376
3367987133
866462569577447424
974947345598042113
979035093443403776
471672239
822215679726100480
939573165398921216
2834620568
18310626
585438741
4710708974
154670501
906939614753120257
810160215916212225
448314453
764891407358173184
1368236850
974144015791685637
816377601795076096
933139523390836736
18436016
972983863008997378
882038715685752832
861314819470893056
864351611807612929
2244840272
387151655
833859607063703553
955155203413569536
853926631387402240
22026037
798584527497166848
47061232
2831927269
39384517
961962765836529666
32282657
950788781111590912
2313099380
800086706678419456
730121169194655748
324410955
2271066080
929261104064327680
1568858138
2438858671
818927131883356161
10126672
20215316
968372577960939520
2151698899
14828860
3306992442
2903783646
843862506682617856
4851276082
20118767
808131576559177728
4850531673
765504941670617088
3033349460
21439144
749254884126580737
191131564
973371071465365504
83944053
3051400362
3139464127
800357387722838016
532561917
2610290468
2557331785
45980764
154122621
2196125948
314260116
157876270
85124669
1679083484
2830652880
797645451260469249
954638595742199808
786298499235192832
892777814654566400
27443191
610406507
927927498700218368
1609546459
1019057094
760673307603591168
4186710677
1564743295
1905292321
523085134
893657573898862593
2581758266
26183714
826191066478977024
2359348229
109441206
232108392
761985912456613888
949853644580687872
2245886858
809532486728486912
1262776610
825142486762786816
932089111002910726
881434738606579712
3766084042
138388479
966761925035126784
2997593029
273542042
72276309
274316654
721046260094865408
17477109
2266673574
4890757095
2937613910
829520222906306561
480851095
291369954
713685253533995008
547969112
597700715
29085985
2181681685
73187274
968631008269602816
3284358254
894292877760749568
734168909553766405
116777787
952360517884104704
926469134799351809
42930536
817580459148263425
932072437721784320
767087054064844800
773172956277174273
892188990991876096
856288002435420160
938139949710405633
987220009
956205997185314816
117487666
343062801
259699099
3297022953
765901664020795392
3731547316
800789535592353792
102404415
950966721560621057
954124423
875434722398228481
828237039040552960
899115298997055491
3948881354
889315219260002304
966158137748328448
961062230522580994
889582208557731840
3060519552
895954495116644352
2903166449
1674315427
894939050255290368
827367807033675776
1575668190
2378005266
822348163
815642625139036160
956324596441075719
824273834836684800
2859616600
917501529480765441
900578426595282945
855187312430415873
83102500
949835285457551361
17685258
472132412
19899606
54746171
1681981248
3267456386
803948710128451584
907341367596208128
35039490
817099180929912834
730648722376269824
946274948988862464
857693760918048768
35643145
1351906836
825353460937658368
1708891292
928519728
853654222323073024
842424305237561345
884304968
1640535499
24822993
258537744
2554619132
2393323908
89392036
1343351467
1205138478
51738464
2730264319
849991615620014080
430775674
39007389
711874169495887872
821863733664350208
22342196
811344373233262592
1876660194
966886033152344066
752121791947169792
2315583427
958913168536879105
1676841872
794560230805950464
877810576533204992
893707961457049601
846796062597791744
131708883
745717336334807040
291481777
4006360876
964936653453262848
20132655
923597106090090496
963688351562960897
49413877
2771503019
180921842
367529999
1051376118
120139862
274147809
264501955
3158234814
794958790047240194
15210670
715766251549761537
18663584
175484213
1146358172
2736592965
307154654
2327400218
949026926030610434
21192826
917952475050795013
20791408
785867439275905025
2845849081
17677016
2181177672
3176004357
955428391
841760941507207168
702274294244442112
34336977
372883805
862750829945782272
18345919
1330999782
845368216507469825
825125197955080192
783725369283129345
229291732
782620709977661440
36298888
15891449
816688287268085764
2530039118
478367964
804332551385022466
79003740
23865085
375434404
2367926209
857001662
888596467958464512
109065990
609901685
591320126
757596279866290176
2383015286
12912542
3272266178
962443392381784066
948197130782629888
886383061654548481
842844134314397696
761799487186735105
1191779618
314547496
947881842518175750
1120447400
229971201
806928397330853898
3580248555
940430173517811714
822791641396289536
2423090618
736959136164806657
214639199
856142669021536256
952637684626919424
216881337
93958529
959967470726598657
2209298587
908177398323060736
750870380122890240
554532173
70024758
4736247196
883647822364635141
753693428714614784
3320712379
47174635
22677397
14889619
891631711783710720
954904144703295491
925112059624394752
930047911
58348452
796742455555145728
954471273723285504
787660822302498816
2397468266
202952121
927547203660451845
823340651370741760
832329338230038532
565873727
2767680652
427075928
931316114579062784
269120499
826537184
895077587747168257
1080576949
83932539
719276823809540096
812339070496022529
23769223
3071765029
788884633354170368
16264803
294911343
958299780421177344
3227532525
15905092
740483180
952871676655620096
262443528
849398854915170304
751630650
2393063119
134513525
331376866
32956032
837200388902223872
895136237098369025
958368467773677568
751628851445248000
597674628
754845211176554496
386028702
4499382678
950150298995183622
975217231
3233957617
1345822466
17955706
3229525485
956303228198621184
15455253
838114538868342787
240760644
927633008143847426
358519838
714878737381101568
409658798
48498508
4839027748
852661323687231493
261751772
4710422967
271250564
913168842536386560
821511862881845248
2456819246
2937701728
863878094
2941351219
782838547376144384
893157516900696065
3237583072
262435406
799258718445649920
2329754462
431071870
954385884496973824
748833444742852608
885733974
80027224
4706221872
78094182
817661098988019712
3712301962
21149655
1955132936
956360508575232002
2237016531
2357142594
924581545536614402
927841745836085248
715496304777015296
761111034140635136
711044259378544640
36715753
12144232
728617212152455168
4831048235
4112199207
838932232505028608
893627082
955615868771356672
2794926071
736750781093707776
916503794569175040
3040181828
948617117045284865
305211380
282211632
1968071659
4029870852
800053421910855680
4784371454
721369154268188680
31447151
2532127677
244452577
746180217232711681
883334230968684544
4230384973
766411449119932416
860138631318712321
356249271
710194271937114112
3913172953
1027005200
634127491
318439491
955330926732595200
379690254
746737800800788480
2192423660
455102382
783786992517550080
798575386661711872
1398840546
3019979810
466986635
23718010
956655117117345792
3530476579
928764753991708673
828365805435887617
782794521012801536
3406938525
599349336
932180845388906496
3308456234
3075562766
835227434681184257
4822904303
822462665910063105
714128911823724545
594886554
2596351088
834607719055175680
822902278088704000
822992921637113860
767732874
20776147
14737491
166751745
827782546171637760
835198479408451584
719365655066095616
763140187731787776
39093148
897694157367644160
890319316327047168
2713427480
783344248909422592
15576967
717627639159128064
589128515
19985444
833988769
126848897
550250082
2256965582
445608258
3150144144
2316246829
3389073989
23970102
897179512437428224
44914646
695054484083470336
832336297641512960
240454812
831907538031538177
744070482832596992
894465693755637760
237403203
16193222
38495835
48459553
334715818
27311044
16989178
20713061
16163639
17980523
118845216
358545917
147580943
107210947
2853461537
15976697
19017675
18379614
19091173
41767296
270412323
20878297
50434933
91882544
3232739103
2513881490
733315234820063232
2417586104
525851445
3006600919
4739845481
766452140411908098
1247936395
22703645
4822337541
3183118190
3376927462
4823990583
393375338
883382034638540803
58007320
4068969256
821008519881179138
948152632702418946
313038011
223970563
590211920
2908170952
19211550
2928451870
26487169
2319339266
27995424
275276082
7702542
18166778
3284112337
4761064634
917025218735910912
1628841380
963480595
2847221717
315142269
196168350
232901331
23442764
462104542
388983706
944677937563004928
3264908461
95092020
537709549
978862976
818948638890217473
344972339
54412900
931286316
25235151
1016220361
813801457950609408
613556386
237348797
17800215
20791372
29458079
18266688
18247062
884918320587264001
3006015921
21865846
48117116
50769180
711535251835629568
125128723
781579885387124736
373703200
830216861652430850
286933706
226176513
921940094449315841
39344374
25202268
78523300
41634520
18643437
25073877
