946036393221820416
4727111509
785200468314222592
829771675315077124
871437941066915841
3236596340
215450922
577403888
797117460109529089
803642980095508481
790685405326643205
606412878
774044823624048640
750088611287166976
763426241152098304
404845879
3107961157
44276153
4012748003
4839458873
14871384
1005016424
4748090188
713633669898842117
4134311540
766396590
4427532439
608386776
3264553859
3300667437
3034504881
254763567
303550261
183761351
2810613006
2631523257
2564454839
2421312581
2416016518
1357080116
142020192
418197697
70358042
832984100
555851957
234399774
49513269
19361446
29936916
26923650
