966675612726366208
970903429
41841330
19907745
412440788
999858123191054336
989636333533650949
999282069770522625
1161442118
953341488301248512
78792100
4654007841
732302792812048384
4777302467
294250045
242020629
337961957
2161424934
956655536010858496
740710632769654784
997238652332855297
219140856
2168898446
14645869
20341657
712854712907862016
16397153
715915587193536513
306529464
15787066
987100927546023937
21062811
978834116664872960
32421765
1300044180
910596782761050113
873002685460623360
2527975940
66571087
202848219
2716911030
20691770
3034626213
52090714
96899214
3019962373
24885022
152553053
912136307211735046
3146550632
631106215
123694368
3234829756
1849486867
951979028445048833
952345476392738816
339064890
122125066
597370430
803724323705888768
1621662762
123113145
1954450843
27132896
3247127560
962785104925024257
219427094
949831765400702977
959374400951869445
2463677318
11463912
932800789
925134141137543169
373099618
700268214
2729888291
35877308
945979267590082560
951800785515503616
3240912192
833378661071982597
17977935
236591832
104016988
835770145595396096
844752041650081795
15920352
887738044001927168
465135112
942569435545657344
932721976065626113
459796521
25155303
941709028282875905
108552921
940258085855203329
46218965
4063058620
886802617548124161
335427405
903028298900525057
929457474041712640
1373472073
786558769476108288
4015097354
930469279304179712
136042190
924371000711663616
77004549
34977164
4901300097
868169892536647680
25304688
137537189
540470022
3518147713
2579053974
315455150
916907604290396162
2150846857
19167378
907927806138474501
893106559596802048
913495048137867264
796601553616596992
36792151
1654579776
1687799713
906497012178317312
912741033192165376
873302653035573248
912289239890583553
905836723342643201
836917628933394432
910703605195325441
20340183
1117190029
2491663399
249840037
63032372
879725294243926016
250380376
825494069531049984
17358654
900764142671458306
906127311581454340
850939302846623744
2600300107
2546219636
2529750791
902940410082942976
21836409
17844692
61080553
16663131
900430601236299776
386686336
31168900
2324369119
753950605006163968
900874680
53619672
895046994338754561
2208246098
896009246474678272
75156938
5526292
2691119444
893040121385295872
20939109
38442478
3050775114
816770404366708736
35010468
11744662
890313064624607233
887013026024566784
832063906608734210
594607184
884408440910745600
4903249948
41866111
886562880061091840
885210832623292417
153486399
883354765157117952
884766400748892160
882950573489872896
10371822
211378126
25649176
35512984
22308887
881915387029401602
828662604402917376
867310925631696896
323537956
18647685
19655223
246052443
878356877356265472
828299912592969731
821756307002662912
2306848358
761699269
181720256
837355365234839552
871720702822449153
147987189
865243251254607872
564000560
871356363707908096
1397725022
869202193244704768
21991908
712230163694678017
858494104648335360
839819096686530560
869279730532589568
457727729
865144321065877504
866714472592936960
134312089
824641601247051777
843664266980941824
15017503
866122308158726144
2260693675
835781136
863545795043356676
3018154829
821795442082148359
864906214160969728
864295506478067712
22991867
15802888
3191956863
752674527159681024
3035076004
320885324
854100949929000962
832039352855310336
68779207
5920532
830134904570650625
856408770162950145
853181498484248576
2655151752
1263130170
15455575
113154160
841856285268185088
58601435
228147103
52188980
719297108973633536
3193337629
23654030
2329019936
91750295
2302084812
825016732599320580
3375434817
185329396
1651087532
3354318009
812314416314257408
15026078
846511444543913987
94183706
525374681
829298950314348544
491397122
815438497
818914720069488640
2343926406
1883325896
132339474
3379140988
19215766
839111040327524353
2535083456
259674489
71320740
2925792059
580312540
825369985
772496398499647488
840615403017629697
765354473673854976
707236084900601856
22019951
9378332
55267759
1101319520
33923443
16720424
821777231500443648
111365089
40311743
568386078
836979155602403328
9950692
836025650112827394
261306193
835711558978322435
828976577916571648
825729129286926336
833680329520984068
599792655
2160983016
50012149
254333201
818347775683215360
816738307484909568
260475357
10040592
828999771276840961
141267532
88513684
751981613068775424
3788317816
15031712
78117355
2220908816
824859200505253889
304538871
622070509
385045862
807031594296938497
26306441
513843637
808453284373659648
3950419047
31656568
77281876
16514493
15656251
16384137
824079022065848321
823245422139469824
16743802
365650602
706606092428697601
806919846453604352
390477857
822959438831251457
115751488
819621383743401984
33434469
253810957
2396264376
821142757309906945
821452090082033665
803061238800535552
3231959600
397428404
807238119594541056
2568808680
814273385370976256
817954637110214656
68782518
121302429
45894150
803221901145346048
1395034477
715084865713020928
377071661
814316814029164545
22715914
794619581021167616
42753238
92314729
776834241011281920
128899535
811605172090597376
360104473
1022776603
194282142
30805637
4189731320
987958076
114844202
294148173
799237713241239552
785882507816296448
23732681
3130862871
805978723543609344
455570245
803685593192550400
436854072
4180287220
534674397
3167508269
529887558
529741485
16355239
487178562
172547725
495540789
1954384994
232342189
26808774
21566744
76145024
115418775
798301476909121536
449018473
303610618
242637589
2605872560
2414536746
26026647
1569098467
31641087
799667296348213248
435564722
794976202943590400
88348404
95332119
14364337
2851234614
293722901
1543987296
14630343
724796511700262913
2886978124
1641529844
788113609943572480
27509891
791057380037554176
762291629558534144
177710481
2968873780
754864526365958144
43422204
4013033085
56775481
3248827470
2666889788
27880986
4396550835
4396802477
726152419
382333393
121457957
928384303
1147911943
16083841
110716277
786407007129509888
59954834
3666721
22523091
3291540819
702841439861022720
5149
4153698982
727229742303207425
775083049386115072
4819957186
352454163
600294501
8504982
15320382
26589876
779006231134425088
67866124
596602383
743575034904588289
44721447
758824281618784256
2608077019
548444345
753899576134893568
4892374725
2220211187
760102064764706816
16129360
1007446429
1528597728
748142664214786048
59464566
4497640761
14724050
42478113
4669309832
3257608793
101783862
383078505
35618924
2352374797
18805731
761097685688459269
16740735
237999951
21777865
28609576
126405856
3198248367
2400005258
83913346
14534066
1888217911
4201424055
4920339731
2376991147
1147104325
207171227
4774625282
494184114
2488633927
26427638
83903186
3068811118
1644245660
861891199
740385804837621760
4497126976
2839391004
738542508649684993
744666086134677505
16310292
738791861456896000
3296803000
395032920
308698811
3234419257
882139458
468840862
376332532
423097258
738523594519683073
737797484504842241
718464849118904320
430895088
87959536
753083828
44452054
21833815
3138867626
734926410951753728
3021427779
703770290858369024
101291642
2851446996
2564265264
136453703
298829763
3138813721
3138829076
3429816429
29430056
3256786219
381130353
624012002
292959265
730747896115630080
16039183
3046948221
2493777584
4320964529
725041008698920960
2420828701
725436275621244928
2724420097
16641700
4700740937
724685731390734342
215763697
4805459837
17071881
2442512556
243705116
14588004
2195285275
2850289355
3870315377
36743340
2930408435
2930371323
22730329
2958876076
3429560399
183477012
3098283386
6200502
81234906
5935992
2957510520
3401430345
2241428113
2962713982
718129087252979712
30285077
42893806
251936745
21907854
13721752
1151132016
14925545
4518077666
2682798793
103906570
713108061758570496
19690627
1855257835
875085230
894232279
153857050
3296348283
18088367
14776606
16568971
2956848004
3166015479
704365691718086657
3387548014
2763760550
708061223317872640
3891751394
16280426
317970611
2516912491
989399899
404508484
232678772
3567898943
3948964042
18137433
491726510
578206288
927825397
4796762848
430062595
306601215
18523795
1397137968
4854665772
159292313
835788253
22378086
158609072
2981451323
3875943615
4857364359
16295662
83484465
4798904893
1115432671
1202534797
34336565
15908869
3815220455
4824439787
4241541324
2536018775
124942059
4663102993
25231016
18689304
2614852432
397393245
258670419
574133325
2352627192
4679185994
1215289465
3155920425
17961805
1244742618
4455087874
2225338186
3111052591
63510409
2200415215
606659814
783283088
4505351015
4586791814
334920682
317399128
4514574254
4418277203
4012291767
2955959633
4258914137
14675824
4341247213
3991680533
3330016781
3304844392
24802711
42417984
13222482
4289594858
114898200
562407512
2981652515
511043145
17007380
83251479
398787611
17201910
873732367
3390799744
923776664
4078681095
4076678056
286436055
3677201776
15614998
3393995735
16133385
512696388
21465147
462917435
3421042912
1115053842
1586411816
110782268
3284691986
3688549402
3816311841
3242816079
2270882114
35282024
3908955268
3176667719
3865949357
468515097
27474339
106926924
2558130667
121642892
322168463
413184504
91263969
3660696374
3755423057
2533330054
26329447
2205151093
317970969
243761882
224363546
2715243355
2458367438
2966952164
558103007
20723890
18854427
3538333397
2436985298
1169870678
3501693623
2959690677
2153227561
435002541
1482306584
3320482892
19095170
305961532
3071912245
473306640
3322854569
15129956
3425273253
3374883677
426051313
26133847
2399628539
3398795693
8499392
3303726278
979360555
3313701608
3200050114
609572507
3057465224
2218968692
3355837103
3407064070
34879259
1566861871
119120011
377176854
26395335
74020279
3301807395
3143955327
322997706
3284731849
332319464
19011604
164546348
776150617
1110467215
44513878
3401409017
171691486
3302727991
3191910160
56534735
3392117951
2962981703
3296455124
93690650
163934861
420053134
1146554227
145066025
14235078
3187214346
2970057249
15404035
34067350
2515319911
2925784304
2798555951
3317886598
34069201
1457945196
21976088
272768414
21415836
3350054332
57938323
58577893
2879718358
3116218064
3260287238
37291428
3245275661
600580312
3276500868
3270332629
3369514192
2915054312
944690737
1325315617
1240368012
512437352
2455526262
2891598865
2887626237
858646280
16970958
3354354969
2768079170
30638786
219683317
33057154
2165364858
16106171
38110572
3252423547
3228998864
2667133358
315488515
14860052
2721903553
3262168738
41124996
90803931
17202633
24987162
298749410
2385413532
3220782247
826261206
3313595602
39711163
22632653
10630
3294027353
17097996
7392352
1663853323
126724232
1968851
3032880351
3233810276
540654172
1631403960
21431295
3029199089
1641413192
455995987
2353039765
342391670
2332045890
3182659856
29345697
733108368
3116273658
6150202
65126442
2841968998
291587088
307353789
158215163
1965955951
3110000435
1321241376
65754979
164886963
843042762
566264343
977367326
74515945
905071076
55135988
703561088
2936220137
16873651
3198843361
382508590
3144126635
1354509350
23990406
212275098
1065008606
297181139
2423923534
2821444085
2802202047
135320806
948518750
29252217
627558036
2592025530
3199253115
3112047163
3241337032
309675841
2966502851
3236428282
3107869806
495654711
3032052059
55867862
25710525
3164827641
13407
3010553074
53200507
2923227390
3194914432
3217497658
796278757
400101529
334520055
512750950
19113846
397001617
917586949
1680850513
550652607
3110698943
946359758
2501644740
3163647228
2255987804
2675124385
18491343
15726458
284558383
3170410233
20685400
868990136
703691354
24454198
53019309
1482492223
14881351
3144027015
2650814664
3099515302
2740340845
113422725
581957030
1240139156
3078018503
2981574094
27329265
2869840833
252109966
3119389933
1056174720
15821569
30085134
97514383
2315795551
1100969137
3126424859
45123674
2845171131
209103083
25372148
130079738
973350253
403929334
1348116295
40616299
2983470717
18781120
3107595202
3053905629
16587197
157532183
14984915
400118539
20295934
2458492500
1289651690
3074367589
81689348
19601010
1269873536
27309459
47933149
3065670654
3076408791
39570802
3070180966
3067853393
3011773003
4072611
1943653910
3019103589
3054784211
3024166378
122690603
425161063
2558133747
6606392
91834064
2176542468
88108964
420263792
2964892360
2693846066
1215891624
136082198
97954948
2957234625
576206566
3022068178
2355172110
2257804140
37443276
351326252
476162651
2992839005
111335005
19725221
93073361
3008544182
17446876
281034389
2821104532
1220176105
3008541951
18260147
15461939
3001800799
3003488451
81345391
18104247
37915640
112560821
2938613105
917893604
518562882
2946436762
340423016
2963948910
45999856
2850826070
426003452
14184671
2617771836
376423966
69149288
2984479192
1623957708
2979957452
2981740155
105236238
319193332
263019470
20388696
2977680057
2457538288
68587855
2512631390
1513528526
2972164497
2335570434
14641989
539865276
324008155
1655338333
19757002
1171475718
2456240694
19674867
2963039397
2724486306
16752499
39414632
2958594882
2510505163
78081806
260425992
602138056
2952890285
2955220767
19297366
646533
83196931
43542321
210684204
17211727
533982861
20569315
2571181578
58294318
802178304
2800859685
264676260
2927599564
2449427197
119868887
2492292931
180420296
2924930543
254362857
34697955
203102586
18622238
2864049530
2902675451
2903977765
2830254912
2298845575
166377813
43191230
2900959425
268838493
1249770728
18245880
747732672
609377816
451073176
54137142
2271008851
607534509
2900069320
1089597794
583993805
2895121558
636474395
2896520301
2683176804
2385039392
421996674
108092141
2658243187
63144098
207727177
182932801
16316889
842878970
840078085
379473191
2887890797
1347343466
256138730
143557014
2498011507
2743928532
138787138
87952127
2877956357
234186437
547274259
16035350
351038546
147420892
1584480427
34399843
14229113
155920652
36129748
61608747
2868980152
2227780926
104536494
49113352
2308953512
487184529
334304639
221091967
386340887
66951419
935727662
23561301
1090447333
96457578
1012171584
2726528467
811550664
151311338
2573465275
773294
851464878
487750139
1729099112
2846759715
16679771
69726689
279411149
171460315
2248993494
16052720
18453558
210682767
23398730
41415359
2314298389
2835478581
2857672960
29026033
50045965
713190139
14058130
164737663
7661462
158772318
1873220455
560447924
161025215
2884913011
15978196
329200567
93719349
15447566
132906641
2847794038
29008595
1965570043
49413866
2880451446
163539464
15485924
2596999836
1676896477
5502502
80681524
2612091720
7914832
14887433
1276279651
14096413
365772797
2655190475
2324964596
2343225900
271240396
28258041
569269326
2824050570
14089026
485782253
426064107
14308607
614318679
2842973730
16143105
16026461
2396505878
1040941326
29066003
2792802076
506760887
432980137
2852459682
2827918774
1471039232
2766807905
268025644
75467480
414320958
2845643725
1048225200
15467700
30212918
22336356
39797848
2841606542
2836830463
2796245758
631637051
311466611
1467414068
82247939
57113512
449054266
22124585
920287999
59490293
334377902
210488791
184931750
43123336
62573768
2399833988
24405200
2818556827
2710417242
13348
2617830474
63731027
235664021
111608886
357286941
923593814
24031106
1638575130
17157965
269470901
134159040
2305447940
26754391
19428479
93552105
948979430
594902034
30255860
25203593
2792117262
118758844
2435605927
296660971
2775853758
2751145249
2760892646
64442441
185731593
244160232
23974518
14100764
24709272
30658095
231213851
2525524314
275885019
48384500
2353543525
2269350510
2757286140
402259587
2742676831
319564560
2733385642
88247461
2745303102
2711632586
26339945
2685671706
2598147246
16242309
2591662076
76993716
19045827
17106906
1209141906
111397205
2280829176
2724776347
133806781
258470105
2327357078
2570919703
67010592
597692814
276470441
2715204620
414631978
1599780198
14217097
2713187582
245039180
2155399512
2385791485
11861862
9951042
465616310
711207212
1626907166
1260440701
440418509
2478376488
38697088
36258602
44223612
1408516842
70031242
864393206
17201402
2727722385
2695709510
28624800
83158659
2680191416
1538818580
2335433742
15483296
2507563232
277499758
29476085
162049129
1379275460
17981316
2374024423
16607868
16337264
14574055
26776072
38469445
2686023534
308609321
2203948748
381078471
218142267
2288419956
292928270
87793175
35013862
52909253
477390764
20241734
2660489425
2717947703
162408839
1695016231
2576173795
194365960
210657733
181649168
2630981432
30070123
1969311192
20608068
22149280
14533111
2373915408
22895938
204158284
14676022
741351187
31461970
20059284
14540659
2638832472
47700922
232892479
22295746
2626059097
472042086
19811932
15480771
134924292
851711263
20325958
84999068
2610733070
1120366788
14862668
54658019
146093130
61318859
2597303540
90633373
2374233092
2594907810
16671767
15580594
1665788274
1152375096
1364763950
2584552039
2618677395
221899260
915140918
1739172583
59386332
11200642
1620725640
15192800
2527966172
2561674764
93286361
2538227059
1497305773
279847538
2550870638
16198898
185852422
17471807
2539591309
610282333
281312378
2238144897
309786222
2468343385
1098414037
1525434656
395491697
1178115349
2305420813
529400343
16997399
17146552
380400246
731408100
30057436
2262164292
616257378
2463764030
388874498
1469833544
18785467
404104450
2275632750
21482627
2438717172
2371639224
1240290590
976648368
2533311819
1451819358
57357137
2490938546
328041492
110860221
15281574
1335358849
437213628
594522638
417539379
22708084
17401171
21156659
1492998685
378757660
1584284701
2414867934
874683181
2469819037
126770180
91247972
331317907
18139255
1697668345
2311063720
330691407
19360844
267449695
102800830
331040151
21954970
2363246396
14987514
2452169910
248018284
18128725
184880247
2467963389
238623677
16570056
2270792228
28040634
26241033
513345560
2396249234
179678412
17145417
182098332
1173878448
552419063
835769532
1584276848
124175271
568390414
2389709580
223546289
36702351
2228444724
14924275
846452964
14193053
43233244
201433072
2347606616
2395260330
24030827
2173071253
370719139
1252507069
24565054
731074230
2345358852
64191496
1566823548
1390484898
395463495
25813302
55310956
2379399062
28883064
221856763
2375988432
1681498122
24972087
51462687
493446111
134601909
15851322
173478433
67501854
1056336404
29571261
39069286
44374081
53929374
117474883
91022081
231204776
162748798
303905114
260393261
1158447313
15426668
52899310
16098050
350343081
16415170
7155582
13835162
2173646835
601493589
18336873
307047411
24590645
335350273
1936735268
26637348
562450958
36181416
14270198
890074417
40601473
10013742
119065840
357674108
14689089
860415787
1436658529
51782086
2322386899
55455034
19638751
15999667
385748809
94178441
2314807657
2317812426
214641216
754135908
42691932
159104799
188882398
824155087
267603819
17640422
284712841
543955633
181019910
28572238
259957458
1863992629
53503202
285811301
24801563
800884141
350533834
392295666
321091628
14670825
2200995889
334874989
319099545
233272355
147005110
1868135852
33030983
204940072
115708119
57405028
1871673438
615632431
17270040
328047823
17529492
411708572
1602400376
16249259
331004682
255643846
2252047152
2230700849
163889601
25540473
2248834598
2247180872
90521899
2196030913
602892837
1638517201
2237987605
104594959
115502523
1126664882
2232421819
21805654
281548745
88940666
2182497102
20275773
952870178
381262685
2176231236
2185479360
1849004282
911380255
1346982200
1707512166
21915551
1022263688
904263212
255554024
1876824428
16066948
589139883
1725346819
534607481
1970234936
100626125
949070376
472573229
82700154
1970331781
98425584
2165108983
33057388
2156789510
7315672
36973345
1926509238
1967360552
16175061
1526130344
705689492
20675481
183202351
14956289
865387033
520535326
879101269
267721977
1911420020
121440383
1937121944
594774127
877740487
894292836
231094495
10929352
21398055
241089047
1583495688
482401942
19307085
78569026
1599965342
36953324
188793260
1297017775
51898944
141258979
1919914249
297366085
31653998
14513049
55958321
32676231
1906281008
49524913
1573416961
367866328
474273010
1891852932
54594181
1881708158
1114525099
1261304220
1632725732
1656120512
48546252
15407811
14425283
21577716
1853233627
65063153
262439525
1733156612
1528262378
17188950
248834699
106952804
500180852
23392824
398816591
16890829
1596410527
15355596
64097005
135688736
23102522
1219977667
1697497994
240786935
15546192
1694917262
32680804
20819682
425975238
561547330
1425567067
17782491
1664924184
495320928
25373949
5940422
1329995526
274213069
52936862
914570924
306197870
12919082
29079326
3830061
1532501060
1655428826
387368640
729275828
14048500
1040409475
15694863
32451624
885361
1352666389
21925192
25850336
60900061
294948776
41904638
636561977
1475969202
164333427
276474227
24733117
14246508
560806738
14483068
395649519
403778508
133486308
427791291
115682122
250276471
142862112
19467440
3133031
173902610
29577301
3421641
16531799
205336320
531968617
455923250
17468192
1372459009
18658312
432134884
444697801
18910596
733681158
751795244
259417650
16250718
420716887
941227472
1305465990
16296623
20100208
381032464
206391461
21058820
1530847195
183494202
100276715
93214597
33537967
27897667
1594470061
169936057
21269928
384608848
46439526
346112759
17891624
13984092
260310740
225143500
154474969
18882864
1059321043
52750693
1001474857
1561305702
76242992
46431970
241635930
958435940
17030350
1131651680
29906049
1417300668
425070499
137038217
223418444
627690235
49325869
138489999
103418361
188994592
206972203
931226815
22032397
87215081
785156342
254867366
136106526
1368556494
175433711
14976408
973110650
144453011
466745432
958479768
488379882
726162600
87602857
28953891
928015122
1500327126
215869430
552384403
1143336860
704176244
1160580391
18959371
904216603
348674952
16697046
49855259
15427782
297236591
20821993
309718072
334794796
254577836
22298994
26988279
25841886
885700579
22403171
229889264
1452819913
34805434
57680299
5503912
27881565
375815637
1452213726
794071753
46424263
1397850362
278929455
1397876258
112719788
151143629
1416076825
18348376
348553680
120631901
177213710
154981289
50323274
1307965453
1089697782
13193052
11375182
1336316166
7897082
397772463
15817979
19918623
5694932
525732372
384344093
33629027
15273705
16814738
1371594109
47352462
24881906
18549100
250234487
626939147
5771252
136301800
37942462
32535699
624977636
757816766
1394095735
235268784
119647735
583697249
803338410
42825468
8688862
18966718
23481173
1176745009
34359200
35835989
312251485
40296465
35207384
791824122
221164924
190773853
234647943
21703120
395772792
606504405
512301339
121637215
484957516
158470847
66230663
860277462
42915601
75360155
316746702
171990513
21789769
3319661
38491834
489696634
8114362
9165652
19100069
35798732
627643439
28112362
225690324
29190844
158375017
964037222
156321240
23610438
74515721
248213805
16029389
1345712292
873708337
106162734
1343339569
263253590
14362061
1138692847
14695985
126478904
34476344
1199038189
1304458086
79807769
43748022
1325825305
1096371313
15727870
15854776
21115125
148812852
30073343
1051131312
25318512
47348417
49755268
574816414
31169812
1338681
16799074
14333795
1292042034
455065307
355696264
42702116
355878233
21717987
14192558
1285105986
35342996
552326650
16998699
182055935
549441035
361321755
16808947
19030154
23009821
166822443
196496677
204536387
1264872348
42738712
4602
1049797351
1027112214
188894564
15801030
294168145
256147156
212707756
1220121745
1253286451
1224867955
80081130
16044679
14295119
481601285
339111965
38202168
318280471
25148447
16170115
14230101
18849798
163813257
134973021
272222721
46555048
976969338
1226932652
8739552
245846253
506746882
515622992
739499035
117526685
441424054
396287241
144314951
167401357
15379024
14998847
79361439
328059473
237481265
334394294
562353093
88021283
30315920
36693755
59122922
729027572
23600282
16895814
126121249
60355706
113390964
63165764
16857802
384518572
223498824
9410172
16743709
17467699
43635186
22944951
1062731
19605279
27770548
38191376
1157570653
64256643
401665250
448024388
43373768
216850453
19076104
31193056
105889142
36693482
21268762
14221274
215215078
1075666608
21393450
55971097
481363632
402722296
188907007
241384831
1126797512
16404980
468016891
1146381470
280837864
543008526
95960046
26495702
567332357
25606019
48038030
15383886
21280853
418396019
792646884
600397644
23741944
167288227
360591191
14334089
98957204
15267663
844450674
556397817
22203
33051095
84936614
68000130
38513712
1117012741
300416314
864764479
1061627557
64259731
902126502
297182759
62872266
20242081
581050192
22847203
994707805
333222572
286667148
106994764
1091362422
45497579
1088903630
13478052
49041485
172488414
524578869
202221242
975828750
64822893
3839
25422827
45833435
305227011
48969630
76348185
361468994
906090757
778895864
206125914
1074139603
16270580
30147416
897626185
40720843
402389289
335994495
19606519
20232434
78914790
620453762
29801599
610243310
14823151
1053953744
14209219
22258070
913264628
1041305010
55674965
513218549
994232185
1039427989
376395583
29286759
17536163
1033658281
1026958861
322830504
102879316
423545628
89373598
122721292
33128647
1013835283
979878552
113692023
205522481
19615283
633326269
423615363
325164153
14171939
554801608
780312853
16226403
310905881
20165471
15444895
11358962
18761887
38465678
96377606
11175102
398901813
273667477
22070136
175184954
38103678
80623675
940585176
273434241
13267622
596672576
65489216
963571230
22570641
16894592
23868970
909426810
844808892
926218040
636777897
40155870
519090879
268329942
627483476
426795411
246572846
18261728
15633461
931262694
19790018
181590551
308264092
410831097
32520193
885770455
448398849
927459926
917159389
921188617
61263478
918054121
836872057
14260851
916949281
4872281
406484638
52910611
888101294
20780404
95538497
908074285
17182076
16582912
132333769
16341344
14592448
549269501
26115117
588987558
441304278
17469349
859618502
33957999
633731164
16533086
14238024
151732945
16354517
79009461
10400902
25315546
48712206
40184739
49715266
618590378
88817346
851369468
24179361
89118152
143037178
436218025
152778472
5093
15937460
18474150
55372790
20718565
722635164
23822768
43387296
218660918
69625874
602108631
14072864
271958985
97491784
420220572
396555174
316692309
829476144
182198721
177212603
11025592
15831179
235371329
318781251
860573480
20002787
594797166
56951427
77733366
42631355
829786700
803569051
66445757
572350437
575828671
483059666
12120112
817831903
8430902
63996260
14493288
71136700
720502670
827441022
18438514
825507924
15246892
17008815
815604468
42884498
817593204
820053361
458638044
258626159
395335393
4209511
56094127
802610936
16177296
21203177
737188538
14998779
6226232
169785728
241271040
15237703
532418082
31576083
254375076
39623234
16651594
14553055
74274966
25456536
711095515
299639255
410937595
752891053
571288500
769505640
7860902
453396758
42346547
27514494
21879831
253377047
604096269
106162639
886651
472425656
67100041
762919386
14954202
322164578
520972149
26750321
383979356
114367213
702098167
753352886
44532818
11801852
75332276
22795984
57471709
18326800
747412022
728496409
552242653
14246055
490584395
741769158
620396217
467611568
16204491
103034807
19614746
15445610
292398961
16417750
715059638
15299056
85640070
600588388
44507218
427027586
94013297
17929529
18910638
314255859
253162894
15642191
307545861
735195996
193758937
24768753
143660759
461528045
723478514
42898668
26486105
16976126
41389093
24762949
20567309
26573545
322865349
626717997
710128878
15320603
15059869
215106106
22877492
72397071
10710802
636922856
91820686
531291518
326603542
16420180
22586620
19042405
25336700
6265522
18645045
527651259
240280827
174696711
26470645
24822544
173907880
19904067
614049370
5778852
191073352
190786165
227338362
15956067
500451216
132946771
114628210
69175584
160919406
6435542
558068069
20079774
178514311
449973439
18812301
334789101
51228973
14367751
343758637
61371244
300878104
370825548
619141518
607831812
613859962
612836322
43966920
565784358
493460072
575594604
197442239
37991978
23065011
10666982
587869398
470772411
557083375
254727871
275714700
74455838
22805421
14295085
601280266
108721214
14314256
156394533
596483954
24215988
518924640
330376975
14456894
523590258
15976775
254825896
16570335
80316147
561502997
43532023
40591932
290086124
461494929
36386748
596699444
19036037
29358264
1872291
274808033
581107561
567596382
581858843
18889063
419693158
587914452
540820254
17782517
445754560
755700
239530989
246390649
389650851
249149456
581096794
20193935
233861934
14142000
257549394
382043727
39091681
14579415
522367101
456410204
15690048
94154496
150637367
14014262
8042062
116469425
408854891
532341104
15486521
250324149
398180983
47771313
14306296
479854726
75210375
554678231
19092082
533284146
70637862
15825786
501955663
2867491
348101662
54052189
19125392
18258669
18079206
174785837
14079356
15110681
17100353
4559531
523948460
72792882
8963462
20144094
24363945
17650755
82729852
550573333
549715017
15731309
18395116
187776574
72575850
69489370
27925030
538683148
7591252
19398954
14372270
7860242
85777759
17238436
28801068
13114022
234352545
22921914
6177822
427043715
21655638
18117833
14281658
218637376
543950955
15362784
18920660
12372812
11148162
339621393
30673492
179522083
17695016
538417772
65430243
23430439
171299939
489968803
74390465
6114122
13875372
524492125
21346619
147172184
212784951
434540030
131816053
528996299
230178577
417463499
365480435
22312552
29275952
366710411
14910753
317071639
419517520
188435905
22188404
151120331
223621246
281582041
42494407
20952547
314714759
24716002
508062291
513611477
138879368
16022682
22318863
109726011
27424603
513996411
369797217
300210823
468495811
363046449
412752699
456118500
220890512
380752688
123648902
501247899
501027885
22080510
35790474
354993343
183188988
17173838
106729916
392427580
29005683
38253336
16699591
19312313
137466464
19596240
36980848
320400579
372370370
318503340
490382453
365062081
158227998
467895897
46670785
369278149
45574231
67373334
27320082
41402681
129205472
27776708
247855034
14228515
317986110
248743762
18256110
198601431
431698179
272984587
299176140
458606690
384876196
87458040
477714128
453428183
85220439
165527608
25388412
301547830
475115645
30632043
101480658
475064785
292432955
402067345
19929058
21900563
84188787
293098621
18397725
471287086
220979657
377706068
797981
50807638
454328260
15683363
289388778
15172212
451030894
15730837
326336531
10140
15514139
6014312
393892665
171864841
11828392
440508039
12912882
250827850
18258566
37031764
28053298
69044131
74835184
140508000
336641233
331926696
418137710
16954245
15463787
394517806
56018314
42623349
398427904
49601328
442124400
19716221
95552263
88255956
215049907
226327734
106148479
370014822
100675422
432826437
16196492
274510483
259573403
279687441
237068850
82190809
297096198
229335559
409799018
417931230
17196791
26467558
17172782
22940413
374642958
414219567
14955882
389472274
299859858
14448003
14599231
53280402
249742863
402278529
248048974
32741830
20121093
38787989
14522889
15743485
404449419
335512543
190232446
167407176
63262233
40711129
108566372
39578949
17779287
16153984
356096830
313212471
393862498
17201920
297031647
15441519
236041389
95996829
386850913
279097639
294841737
376244200
18647405
366602176
80628346
5895742
63854790
381757555
27400111
18429289
212332852
379478839
328759148
18593611
122146853
300824740
374668863
283328809
183345643
20715936
97989698
119180410
20315753
16114341
175549726
362911495
337430367
369270071
363736355
335299070
200939141
17026974
366270490
366334330
309761146
77071911
18146764
219018120
56553355
34987703
219843756
15407421
158505923
201991177
18338433
359167914
331681951
14663764
119207360
297586652
273039548
222312634
198602188
25023532
54796650
82007271
18647301
80589255
13518652
18335800
167230665
819953
46220890
222707876
88309377
220375002
28564127
347970628
14481924
269997986
14061723
8393112
44729198
16799006
156768711
15686613
7753612
15768008
8567882
282489383
980611
348222927
115433530
34923953
342175838
334984155
78463280
20370836
11176092
18607491
291323615
14139429
666693
12304942
323476879
26072702
336096744
86119818
74804424
341269763
335505958
324957487
259542977
223073484
337491223
47459344
65435726
156178030
279217847
59473865
314342661
22007010
317870006
304041555
284380598
84499588
13834402
140969711
18157065
19000374
73172734
83716559
287819647
27109121
33322867
286176915
33511067
62549987
72129678
39563627
288649716
307280864
199687227
266788427
125763830
16301681
40050678
233142383
19358607
4121301
289112669
14269172
36739717
21317121
49100965
287181281
17942220
284458393
115690115
250486629
112811887
137529980
22004115
237257536
19808920
211626514
22099352
51167726
14497828
128170797
254212528
14849573
5664472
40296822
96594836
80743068
15969207
265880136
17601708
9810192
17376408
16725416
266266042
34350611
212138356
24091188
254719585
270198002
19545932
138940220
269477687
18036515
28682162
259873788
15576225
264102201
109507017
32301565
18757367
41173660
263480744
262824181
198900609
123894996
40687109
260272586
216716380
15370003
12098942
20439311
27512951
253387203
20463418
255942495
130345881
255941063
255880740
20295816
34997867
254011813
46658928
255502666
70247430
33102269
209353577
20011091
252944430
14863468
10105932
54744689
17872080
63519521
21711635
1285341
16299754
23767019
235761948
15388014
21293089
228508064
87255373
245070380
204275432
190127400
74627934
244875102
36712770
242225413
198704111
29707417
244055728
241682389
61626005
198232495
23813634
10720622
236038775
67714268
17069054
14466538
14760284
52437205
193019425
232096988
18358227
49154132
237625671
16116519
18165865
14130528
44129619
20269254
18279169
223662066
221412745
175746594
215784076
90325266
20168054
21723929
12837262
20798674
33348604
18734805
51991431
205908821
96778999
17269275
16305667
43497473
14389132
90938377
7997612
103926299
183367182
10429722
182039779
163285418
15021740
21918148
19055125
16459994
77056092
5447242
33832981
22935682
118834539
11425472
91124596
17046773
18090671
130236750
25120892
119131471
14172218
15608670
96771232
90977535
16410359
15973008
16350832
14356401
106852577
10190512
19008771
99786592
21196377
40314279
28145061
1910381
23318206
46717162
15428715
97151043
54883516
75326718
94440954
15653202
8126522
86001951
15029080
16378093
87920675
26683235
87359651
31503949
16727007
16486493
57013319
87235543
41046031
14874694
15532569
77749989
70188601
74334690
38705789
16975296
70791743
19323142
70219576
43464027
19512286
15773066
14764240
15345563
47707274
68797476
68739767
15634953
30994608
21535861
67376426
66882431
64188281
16129800
61061493
21789117
16211386
18165124
65441201
57080710
63119364
59095474
65142794
15356145
65207668
63816662
15953386
14893705
63798245
19924866
63136976
29658925
36683219
52001396
41225264
18453534
53063595
17376144
14177553
16313934
14053912
53867851
60430813
744903
15316319
34494902
3829151
15330388
60113917
57922903
20284860
15476956
59567599
52750457
53114579
32236931
15334422
36083950
49624892
20799890
44905536
15746270
16909460
56390428
5775682
15554922
1543561
55826907
7661842
15193693
40924721
25916697
17910316
54652320
19045427
15365985
23152832
15936314
15003214
51912431
12082672
25681777
27270310
8989872
16429773
8349572
44845099
52736697
24920417
1263631
5998452
10626932
15420411
15149558
17971455
50508854
19415542
49167920
49070094
48738659
48022843
18890405
24732888
36081179
49984074
22036237
25154375
48056303
49381130
20462779
39350365
14221986
45770046
45631301
22364121
15005932
24132700
14314045
9807472
23799591
37093173
46664073
46650515
45744578
24349843
20440427
19191170
15295503
20679108
29059127
42999338
16900697
12668702
45494447
41360619
16562019
15794195
34513794
45111522
42842635
25599071
44914046
43963622
44897188
15243745
19409373
26379293
25217941
16376008
17928145
7207652
38357432
44728571
15817311
44625599
44590357
44402871
15174079
14267692
39643556
43948803
35821109
17903265
20529045
20793821
38077942
22891564
41050556
17138061
18104594
42955076
16008348
41530989
19349841
39858390
14103222
36725815
42156688
37501455
30035036
9377222
15199325
20924556
38516217
17470525
7334712
16877303
36184052
22501882
35908490
26712636
40686293
30270963
37486410
9604192
39593341
38990232
18351872
34285247
33050148
39597754
20943908
14860855
26368993
10215102
27933164
22698525
38834069
26774565
618373
16338193
23218325
37594420
34900579
21345645
38086699
7383992
38013798
36802977
20115101
37931595
16559455
36715780
24357228
25215467
16071123
10814422
16442847
14388275
15896522
22952667
26993825
21757068
21065925
36577511
16492661
16157175
16471807
24544917
35865157
17393998
12825162
35737873
35610052
25019726
33086720
15648418
82363
931691
15369355
24494797
22257074
4560601
23154562
21796966
21930863
24556389
33024673
14296548
8568192
34223444
25985596
15407187
6092972
9852882
2145511
34148074
15505281
9345162
20574326
26501959
33987677
15292430
21425350
14270650
774909
16873570
18686636
16165495
23205069
27651857
12611932
32373792
31764600
19719380
30850838
21264594
24589331
22516612
30000912
14340977
22483298
25463806
27276765
17030707
20029530
23693672
14186220
15015183
25579329
14150613
16992728
16670549
14465297
14455321
14185365
27877408
19474957
15714139
16116251
15256741
25108518
19291483
17567533
15765108
14733506
28157916
15373108
22818861
22560928
12916772
16555744
27221778
26033768
25528988
18126039
27286198
19414326
14082396
10230
15984078
27012803
17008482
21500782
26859189
15458694
26320287
16491845
25830274
20541312
14654597
11821622
16888820
14282848
4848301
25673224
25344328
18257130
24618175
17816378
22702687
17233540
14913437
23511998
21095858
20930751
18533670
24229038
16478316
16412456
18642753
8042132
16314021
23988795
14856993
15505620
23869156
17741787
15614973
22953080
23605673
23381664
18614995
17824099
21510409
19350282
15118550
22965363
10860212
19593940
16494031
17471318
15623486
15857522
20541646
21425026
15292362
14215322
22058094
19594968
22046981
17586059
20393048
13751382
17281741
18381457
13648162
16877448
15964580
16021468
18185370
19654477
21000760
18151501
12640682
17203603
15449253
15727317
21014127
14267459
19368261
14267496
6236022
3096351
12916102
14289923
19894123
15769434
20742587
15113650
19127030
20426242
16132305
15875780
17280258
15996416
18179466
16148602
17974710
16595095
15636955
6820932
15019727
19958603
15588104
17065016
17166692
17448963
15298971
17134999
1089381
12096732
14852295
17006036
15147060
15284345
7770342
19673950
17997175
14347931
16030074
14325361
18829123
19066642
2790321
7090312
18458543
18977578
14949434
15491840
17791674
794186
19510474
15283734
16858559
18524127
6389222
16723552
19412785
16137743
11178612
8731312
16305437
19075548
10817442
6789882
18834912
16873942
18064767
17604860
14498782
18788837
17973770
18911360
5945752
18843867
11253262
16628718
18870328
12465892
2281521
620233
14950841
14065571
18783955
3715811
7646662
18057556
2864111
13032902
18601837
18680527
18657486
17884028
16563598
12687842
15716179
17285878
18586834
16574095
17402850
12114172
2877541
18552959
18517944
18400856
18549385
18488535
15274014
14114253
17663756
15335079
17744641
17779806
18406860
15856895
15639302
14132775
17814635
17592113
10181412
17188152
14251990
3847661
14927129
14284942
17052540
18376987
14651892
14884687
18275171
17884003
14748002
15973501
17233573
15935927
17068933
18185166
15995105
6753582
14163789
18007550
18098332
18122062
5618162
15986188
15163993
9480572
13094222
18066169
1258111
15492842
14811839
17978044
17964014
17957081
16873632
15657280
17922632
14212509
9944072
17817744
14098742
14209126
15896352
14945955
17010103
14184045
760654
12471002
14336234
9165802
16890900
17524563
17508636
2071471
10437802
10419
14650191
10355
14081145
14107067
15738990
17282805
14435835
16037431
1250501
14314099
14690374
17232177
16023926
7451322
17203295
10433
17155452
15623855
15358710
14142059
16267717
1355741
3657331
16622907
7300592
16559614
16789945
16353128
16867363
14066183
15093826
11949732
10669012
15145700
5054721
1676151
16370091
15770843
14798639
14608159
11701952
14440319
14230078
15712397
16818439
8784552
15672036
15591742
16737473
1221471
8058582
15366424
14958071
16153952
7659652
852241
16699612
14361717
14293032
16579289
16139257
13604172
3675691
15391583
10203582
13259332
16538577
14288123
15704860
15174710
14479976
14896618
759186
14916494
15678525
7881152
15952638
6188152
15693847
7658952
1649751
16439332
16064144
16187932
15862428
14427857
14800799
16153098
9218382
16290181
16371911
15836763
16051471
16175378
16306145
7789912
13745872
4159021
11970082
15938025
14120575
13072612
9806742
14959541
11470032
3936
11337092
14011462
15725857
814001
12416632
15947897
16099510
15114302
15524112
29283
16052233
15207235
14808395
15675138
1090561
14851523
15955100
15550671
15769399
703703
15911022
13783982
1912251
11489102
12703882
14815151
15648232
15586075
15321077
15447626
14268957
9918502
877531
1752941
13234462
14426645
7258982
9866112
14178312
8536932
14061214
11485872
14354985
14643996
12609202
11816982
9096972
14834340
15377916
14327663
9529592
9026292
4303181
15273910
15244187
15147376
14226388
3029101
820694
15003462
14983059
14178953
4916651
1565151
4902991
14776551
14812125
5924032
778057
14318450
13413
14562855
14523093
14147669
14364229
14238795
14466895
14465570
9059032
14401847
14206126
12615912
5372932
13280692
12215422
10886522
7040932
14304903
7518252
5817902
14167787
5946652
1060411
10395212
10728192
14229110
9737232
9080
14232803
12015502
14211299
13200092
14185317
7978232
13259752
14176767
1584901
9300632
10336
14041982
8091242
7234682
8186902
14041652
2878431
2541771
6202432
4787291
13170072
13159272
7921892
13153622
13050682
725213
676493
9676722
8765762
7412462
11335752
10258872
10297
10971212
5450132
53723
9745112
6230682
6251542
10217732
14532256
