834609484781723648
3920446392
39689820
4870026021
14294400
56890333
53189966
856212570956599296
384533637
948114787279482880
61718920
885037574
178873625
48421907
176909855
17799205
373870741
24257967
1621271
15573174
162777210
560726512
59845318
256841193
180940997
16577001
1330173709
3282859598
1326003192
349719397
2755327222
41509142
274353504
73834352
315919071
265594699
24897626
1115725274
786143154177122304
43429496
23803265
91383513
432570714
178580925
126383762
1002061656
201608814
26256875
25041297
46677640
370706811
115556805
53120768
68450303
4924419310
22465654
43750993
27756787
19169287
166857588
548583954
784140594
570689668
257871454
480208410
560203377
2190846766
169880845
3601411752
3466494137
38559894
1431880466
2743920710
21056862
1063034450
219247004
1323936524
75788430
19955768
158426128
1614419234
23713734
167326105
496755493
133613215
586671909
35974550
245172398
158097069
20342736
397668213
135252879
31636229
110320384
259629387
149308566
192106879
62717119
2649153680
1318989560
116512229
39215566
18005076
239641139
37607166
2240416472
27882259
618020638
47243043
1054512109
902392915
310521022
185384358
14444022
47107501
85611814
58843127
619516531
19654452
34022198
2695011
34745516
277608731
15596452
14713360
20009926
167932594
201482485
175808060
26276475
444987701
19218763
52712735
2389902588
30590889
972423170
55493761
208218245
349247026
333084460
54771006
29629655
20381971
13485872
1260366252
242982376
939698184
20748897
2232111613
494530927
170918394
114778840
49985502
17345146
46682248
29780904
76102930
52070893
84642278
40047532
21661825
131277152
194338802
368148234
17106279
29068597
58667088
79806078
2515059460
21865953
86002394
84216577
180032892
19200433
96686651
254714249
193399985
34276334
825528152
28370738
30690661
54978190
62264005
27108390
19252079
2828597126
12398782
86344052
69500255
904369669
25100180
12700662
257699456
165953518
195450194
155782494
413767918
233414838
29148777
135773677
2511364332
125408809
17507250
95649322
153307097
327795146
22494516
350011581
36913910
521739932
23076320
143140326
431082451
66860472
171268106
18481113
26074296
22185437
32342975
29203271
473227811
98566934
40364621
218568451
535992855
39443904
205392721
314352028
259505423
186726223
284345375
278073817
37534613
55749605
624660386
1413547332
493947419
271085648
30245853
132752344
98576365
28346181
356859571
342897880
162869667
50321644
166884162
1358510274
117632107
156956602
117618450
247901736
720637111
36724576
543954514
280299346
38783856
303465692
195236021
133338415
146597870
25252511
266819783
58732927
68208905
41751665
134650548
173048894
364970961
143203547
146153540
193710578
373677327
48028402
64643728
92903456
121324605
22727932
39764121
47713256
33897364
234224569
300383041
2445047678
17494046
52019052
27474321
2193068978
133421140
20177956
612792060
394977784
448350414
1074135668
1058167862
443680219
87874905
77031637
138534338
39676694
1576253378
1067020626
209716158
1306256042
110512694
156723527
92337777
1612394348
16288809
614024492
77577780
2217207002
2577244423
289461351
304588795
313441661
86651903
334629775
72362869
46422645
473767284
44029249
51189656
70126236
26596824
148200239
35420025
334180066
148197756
120178364
603098503
404851737
133881972
46704247
377780419
1009296320
332627423
302111485
135323628
151728579
499048869
61524775
266133196
105305397
126515787
61302575
1511113260
144555722
312867608
41514775
92818443
328423268
21991753
131971922
935368368
57558113
94457225
308973177
25113646
710529200
918820921
35183962
333102754
353531243
262172582
230645092
264174173
55075301
59297233
35675192
54378594
18743091
27189557
1707780548
20444254
818212956
25067343
40892016
60704215
10222282
500436115
130649891
108108054
1355847049
2249227194
2447612665
73406718
16727749
301901471
126458229
47251363
635570729
30465594
150367583
198932169
29341990
1364408940
64307053
43989162
25015718
376759677
167821244
289141917
297492186
272116860
1120776745
27529312
23097743
171774400
202653138
70926844
88890284
205441601
24342206
269552973
244800486
159113258
270689028
163559269
24423418
270712565
134653235
19263978
1703636814
66816759
405205681
40779444
54438929
36245493
448256178
47635525
162749920
73058561
609548724
124633088
255199842
494422305
85617701
26257166
231550159
255657736
41036429
22485650
22066555
220074860
23959763
419116136
76205861
26132246
72475439
529603839
356408195
18198414
39829513
19418497
16621525
28646476
2201552245
267425142
23633023
249834563
858750770
772754330
555393138
29356531
233990070
348257918
31702589
28106585
299242570
54780126
246106352
309516587
62203990
148821929
270044966
77354708
78193153
178845263
312556666
180990505
284089166
29300352
171485965
29307276
2242915207
85961526
28006093
544443952
59037337
76834934
27649623
28404196
334150573
19017659
75033472
132614525
43183327
50721809
231209225
416814339
18004919
20294102
19361679
306582939
27709008
16889733
2279776304
121843145
116485600
32534362
23918041
423868716
25319414
837452114
193095044
74518740
4081481
41366372
19792725
27382182
17345647
588486669
38026892
48011984
37773780
63796828
1071412429
18734418
1352533376
589433710
72961879
2457790585
2211683917
14608893
49880043
1388642136
2422665828
2477478896
97752150
257813518
19826588
322318544
858957830
1253284927
22720424
95368983
1386205422
1110553549
2179145490
40571386
53401921
301318718
16812787
53853197
11026952
20265254
19758301
34125308
221330656
1373313666
2222250451
95540496
188621689
212122380
17617227
142919622
39346451
30074516
203157684
51634652
27554557
21362008
108388673
43034771
40991252
16302242
132708764
416329717
37361536
23778898
226257592
55424198
62587361
23378774
180188862
42040091
32765534
50323173
48488561
171165627
87080278
372618047
205771054
123479689
331283041
223712642
243214305
290428723
198560066
22178780
164326175
232049361
214537859
248829112
63122247
441129326
231335961
132955370
28066436
130939593
5885732
43658360
18915240
6395222
37367041
25629334
16201775
21308488
1371830755
492193422
283090686
17980124
48203492
53643297
248900032
79758113
19409270
667563
18371803
179149890
132389474
16212685
20346956
18552281
33995409
15900167
24925573
205415788
20416406
331813832
2219005560
1059194370
317370751
80480330
35982046
69540187
793861356
377723724
18139461
27115071
47506568
150846769
17461978
31451582
34430522
217160945
7117962
19564719
20196159
14992591
19077044
24903350
18360370
17292143
19537303
135798699
42562446
48176112
16125042
50811932
42384760
26270913
40190028
1036325418
35936474
23083404
28321465
19923144
