910264688251895810
1004807309007183873
944280288372412416
903160928786579456
745059997382500352
1005870037536735239
2450310660
955742881892962304
998936765191872512
803489502316658689
3273560294
1002588626914545665
1004365066664382464
714453608788467712
362279635
56613258
2541059276
832562041403621377
968795204890308608
980658306955075590
866354576680767488
916350698068910080
738425499429523456
976566700559818753
996865030367916033
1002594086417821696
859867542076235778
2679356304
1001724461098422272
1001524079898382337
1001381243521560576
970306488630763522
983711191586484224
952538783186145280
717193998557974528
1000837558111268864
990504737006129152
991060875388874757
818974708360060928
1000057835470884864
985501750244331520
991364707448709121
983794424995106817
875928730438438912
904312241369088000
999284589859364864
991192132676476928
954106915105202179
835249037263634434
910172539867090956
2611303951
3321565798
959090524971065344
982121210329710592
796707563555459072
2432160357
987474180840050691
3034325925
32869153
4187602709
2337338074
873823062864560128
995700996880945152
475614252
989649047966318595
709773092692725760
987453880769433601
991509526812733445
897863235277389824
955760714676887553
900613525688774661
956966608076988416
2851640837
994577934529761280
948963407532871685
959671881220620290
3315886113
1365115634
994231774422097920
961590137191878656
1060572350
992312015380144131
976350009171107841
4738632565
987379911945064448
992486955123343360
971764940116844544
758542324012027904
991974057821265920
991386913696370688
988764738065715201
973873855298199552
240716780
986169253995909125
330420045
783959201961938944
4882271121
947071484048093185
944534556912291840
1694773075
777484209048911872
977099210955874304
961950682310901762
785774597098442752
872752752954417152
973294050781618178
898071577602011136
941597734603251712
974276991758340097
952861813
4894473372
611387542
3343826925
968445782524391424
2391276786
967848680224157696
1926734436
947722800319680512
1561304773
304377542
940244185659203585
881485750788775936
2270005728
3319250897
964123591032885249
965649268878073857
3758287935
961873942775410688
381666814
909153240662597633
17850785
960993802839261184
1610078430
2953010284
3435232097
930790837704851457
931878352834703361
1477592514
827748577640325120
947412498663305216
814056341228716033
3647559792
802949372111679488
4896511995
1953652842
833065973565452288
876701318697684992
3070871819
913257643220881408
923607820632842240
4818194987
822380303469584384
2676728514
714961731
813165697211793408
1975406700
429973265
953020340669767685
2877214392
951392269948542976
813088427771998208
884069357483048962
949021276722614273
2532803422
703104242827939841
910285473750421504
780345851642155008
806459540023623684
877107378474430464
312962933
3899218528
951869084320370689
932292424986255362
951478623307010048
891580433590300672
951417312262975488
717671603107143680
3327493703
897790650564956161
880758379827908608
784094256210247680
944599666267688960
2777140796
944547119087669248
943374258339762176
41079170
704461052663230465
855108059475128320
873763518
815336774998388740
931232801894096898
913202891741175808
900356210859409408
540834054
927050021031120899
787077386248474624
2192210887
773495143701839872
773296007970951168
882197672643493889
923952133157933056
840877979769196545
706093848527634432
824949694396669952
922876614412824577
922530819587092480
922433342833864704
912176069322711040
922199198962987009
921829778923163654
825068524850786306
2218247647
917487079290036224
911654089515307008
828135672817057792
805550820
1127911062
964605188
847763355565563904
3384734290
724781276
801356902420643841
909806159183392769
917507796001869825
918832623488774144
852836726628274178
918101358678593536
917663250174668801
139335493
811246480216485888
711302046893342720
917051917758480384
3252870739
917038818875924480
900630386321108993
916394781923672064
916732670721306624
914546088492912640
418938254
903893767920472064
42804157
904787890290524163
2412298154
717650820964159490
864923139289075712
897011759910924288
796597015341858816
888142149094699008
906995168338948097
908055224182550528
895987033042292737
908076777679069184
908012172269297673
761978912159047680
895667927109820416
851699814677008384
906470824747651072
761491460285992960
906264296384016384
889954122467823618
895400906468065280
894515039218094084
969664430
905181455436980228
2765037676
752597139042238464
904410870788259840
903794939645100032
901169355232337920
1472488261
847040473227243520
43081968
854705563439157248
900655685066731520
14567230
4060639753
895567452750450688
884735278665146368
895417480524562433
871663243089113088
701139705006575617
894539846798254080
4740537451
770718053134917632
893882132656828417
892710149529509889
859895661956923392
852967132489031680
803726241912135680
853464467157520385
886614785437126656
887089805590441985
887990766341165057
890650639243587586
891328115414376449
777565402427777024
734434350469615616
890683628648366080
764540582207299584
3164568065
868533838481420288
222596437
889501259564240896
735512459692396544
856462259329130496
884748752535392256
889022639792156672
2195642822
774713458365530113
888504271502815232
726806274738929664
2501975010
3171030368
886653009035497472
834034128223891457
870672835634765825
3376366023
877518500297887744
823513726380888066
791945556
797869344331968512
2481036648
4030954401
271887453
883571486572900353
2566786948
717818170048954368
710953401492885505
815237365719560192
882510078393425920
843156887763935233
806171464806305793
884082890123902977
2604485996
801557026707034122
862315976909574144
3041463449
818201974072115201
883191622766350336
713250628747796480
883086607561236480
883141677594050560
882977676994236417
882530020392087552
882195852068040704
718918076327206912
822494220233670656
881562493516173312
881242976063717376
834001931139956736
2426058116
867020003173904389
4869904906
879883311459565569
878482496
821072617222316032
728677056645566464
351074876
4060167734
839601296630034432
860582286219247616
875443304481075200
755734355801174017
715502721810477056
778658915055767552
872778014886637569
724618324823285761
875348646581215232
875340891879350272
420251451
848592289819742208
3309454342
872819344132239361
863632701273886720
873848671317749760
857147557205639169
803671619587764224
96410275
4229076239
3373281514
871778128049385477
849177055694434305
783934475948298240
16409931
768713071095345152
835217242358960129
872172198211072002
3519089009
808126238653091841
853515466077327363
2873596799
862223762179182593
863846829246615552
863567132558327809
431531558
865265976400633858
870956500465967105
798560014491328512
870718174081286145
870586103170027520
822100295605886979
865261751968948224
870404033764372481
791446628
2683762949
840580477446696960
823827908032663552
869542103394791424
865469985220513792
822919491361370112
623246343
447219110
1211994876
717341148952543233
4832737839
856167864574849025
2327069574
2222043745
1084601239
861176165574246400
863143192564289537
858039729929039872
700136607
862648050744950785
825333578364026881
745002924992913412
862178638346768385
861972124029906945
726909278926180352
735376152311791616
4721310968
2775118107
786662220029657091
799475065654046720
1387799916
1977753854
406543117
731177063147798528
845047031186030593
851874856530567169
2568798194
842684922540281856
788348612879196161
806772379036721152
263889352
851873837054439424
1078133168
773244092029472768
750437145869950976
754271664653930496
3290868168
841015555528130560
830675292968611840
837197683370692608
739769149556199424
533118771
810188980394270721
849646459322499072
4449296525
839899215249698819
840212864547848193
842078884950601728
759028118304718848
831655998649679877
3801399676
831383918666461184
1614878929
754064082605596699
4835841857
761210013461340162
3310604775
746265631893393409
818208722396835843
760008317678784512
3402156071
794203757127073792
845086831997849600
779270841439780864
704998544692875264
2164258579
744165624008564736
798536022493724672
830149321471426560
842938031975944197
812225313333800960
332929067
819969017913995264
837610269954179073
779282248633839616
3277504338
839425719335862272
926382182
763470788917944320
3231466102
832893133692268544
835555692656357376
831405069698465792
703869863299784704
2575521116
831900465055014913
75057273
815887798385442817
3382425112
3225891677
362809646
2887150713
831171542050545664
484737004
826100475997147137
589836317
4088766400
3368076195
903601214
829637021551435776
109328147
825761832006737924
771366222130741248
805144384455016448
830036856209338368
306825628
825371812104122368
522529112
764805008378458112
758263869089480704
811320247601025032
830393800866541569
701310155695075328
2735725555
2892648966
818154244326838272
2237397852
2755742314
825696920203046912
2172778037
745367263033856002
1249060616
732847777139589120
2328867638
1400652529
276245139
572821031
4826182822
872034654
776885373410562048
724304406678740992
818092940824289280
1538545100
822110021857280000
2857603109
777423591558250496
821809107678150658
797883605179662340
820668086001037312
717117236083888129
813170364729749505
791586996170919936
3121911379
798549648348684288
819528323822927872
803985024697716736
815989216899375104
816004253827342337
3494484317
807175914425643009
819247945199583232
1288454256
796003958321987585
802500127
3369940564
815687038569574400
813097384876142592
815342626715107332
789067128762695680
803018148534517760
723263900448358404
724945796278411266
4459749995
3229732956
794606288189669376
793029301704720384
758056408352948224
2210779308
702134121082949632
4821216310
371683058
787458179529486336
150212633
1891629559
762073670873337857
3014539885
3512464415
4098304852
758920548831285248
761582064139370496
287079001
972049285
2820523394
2265531
705429979790594049
781858002265632768
779405189094727680
747121625431162881
786997427182170112
2227308599
410082955
782551428246212609
774011817098117121
1585979053
2982463117
1106810810
4783613522
775298132498415616
286220048
775298582924582914
775068440361041920
1927741026
772130305897529344
770666642267398146
1448855569
773479628476329984
773470911206985729
736199790732664834
771654886526103552
3411425116
772020345658376192
746227980473499648
768909868124233729
3206806085
748431622245056512
771680254129737728
45305206
770347338342731777
228130300
749418273037488129
4120167345
767791358778146816
990916260
745598541607931904
3689860817
2334479307
2876549099
764857751252107265
750028664310464512
766423500391350272
2368498748
760662694890508292
753513325460385792
747711095348015105
742752466937237504
3298497512
2212550192
748137127867744256
761201893695746048
715076886372749312
728540829921480705
3780415212
761602086169706496
761477579106816001
761286145053523968
761306306640830464
2304345050
4298613377
835369218
760921698271199232
733387986646130688
755751193771728896
760839393254912001
332481831
4921357228
749123827582443520
733962552430977025
2177304514
720903064408997888
759878717904556032
716587169343803393
753819593479643136
759449234995290112
759718801839644672
759573370065317888
4838577929
354406949
754427793618903041
758770727730511872
758621987207917568
735533957421387776
3345468352
757498326640046080
742077987944796161
2453707658
1685474886
1525475160
2827748386
3225019342
720630406
755796791191281664
4871440209
755437237270155264
719489714395422721
754760811613155328
2309578378
715045003987456000
2778609426
1638979008
710844265388220416
725052282073653248
754287820043390976
475712296
746260532169105408
4267789162
2776610896
964391587
1062313886
752956329225060352
162289791
752466962631065600
3397860165
751117762022543360
373762582
4304630073
751429729161515008
1080959798
737708024446455810
750942100489986048
716383787337310208
2330323572
751396436017807361
3863722468
3366416651
749886906247372800
1357909969
3095787667
4904486278
407162021
744501799885934592
747763076334751744
744229636213710848
745605262896160769
740178143634436096
746273438579458048
4011138609
4700655272
745868891537145856
746524114953838592
746439249185083392
3228464197
745254785297883137
3269601128
4864409615
25755326
744839194854494208
742459970751475712
744459714411397121
744644876671778818
720581646
3355014772
365915850
4862965799
744097236825440257
743774567378878465
741219816330125312
720385536225980417
743521192900952065
712541263610920960
726831367749771264
4457694141
710858094608257028
738309588043370496
2250610093
734515981754716163
3318399935
742428489350008832
735227060
742338942259855360
742042969042214912
3266040918
733343718644703232
735391620602925057
512415822
1929427400
741163055099285504
81063073
2379395802
724321444142817280
714185458549436420
728778659566395392
2907540856
3279031099
3404488037
740488750766170112
3219114008
713951957774249984
718100418811793411
726708006851846144
4827078020
739932306991947776
2348729635
2822778490
1945056121
4647611915
713405531633893376
2785684154
709430281867042817
704248676978393088
733384672760221699
737688544123162624
738313201968926721
4885125026
733214926433615872
736438019360710656
727796746869481473
2797845619
552317863
730007514633244673
726562087233839105
736634688035557376
705346431046000640
728149449021620224
4883391935
4502573447
714159230245142528
3009290284
2242877138
4126388668
1625190530
732312956831186945
730741277734633472
732259715988750336
3390867046
733909291955027968
1898278880
715296930767708161
4373512216
2241127988
730804883251679233
4845161339
3083044851
2814984170
2843591162
728330924224610304
710770427782496256
1721054468
726325603197181952
1656200701
2899704456
728830479714111488
703678818532376576
704257163733155840
725281062176342016
728542499808133120
727972947416260608
630266579
518367176
711228331270774784
4837532121
486307406
1580226636
2167317111
4051191803
701343678384754689
326302196
724525960603815936
2767497119
4927914657
1600615716
724296961667543040
723227301454987264
720960092749852672
715311754679455744
716247501091770369
724985489384681472
721719540111900673
713797410502258688
721935116617052160
1524250442
722411968888455168
724663106509635584
723585521725898752
724311807939112960
723849415140749312
4763390910
718117892764655617
723983557711003650
3727414161
715564272273768448
4645354881
723119805549694976
722586140692389888
628434086
715442210116870144
4845697216
635771404
2504264480
718736548867489792
2502342645
4708711273
720683840877027328
700800834083356672
1471020254
4817370442
1496808702
719180741347815424
6828
4603325727
706972840453545988
88374633
710165997559357441
258629415
1289091247
716518726082949120
2242803776
455357768
4859527709
283373216
2260451704
2265724794
717714811920973825
4882119018
717726651644309504
1566865952
197566220
3278975094
716777371412656128
2362925841
1162915387
716567101109112832
712037416345989123
2207352019
4688378478
716380148774400001
46851997
4838142915
716491722407211008
711873599284457472
3381623343
2890908947
714717320749457408
715270629675524096
253993635
2244105750
710858571261411332
703122333074984960
3242364151
711344734430744576
2262759486
711156497099661312
711292546110988289
705808936956518400
126917891
4894437078
57282940
403094647
709005851995013120
705112920619745280
1962504348
2551629984
605290660
705807359554265088
708953181041074176
4776532545
3393965122
708410201746116613
4392032957
705845771778834435
3240229934
1033042878
707440129
739239236
3388906929
222594214
3257961858
3262634951
4774213152
3129812247
292852230
1867193580
104731728
4801040487
1342391221
4538783414
1032758598
253194163
1210445209
2214509702
4354197815
1449663116
4096223007
2244122263
336178254
48751996
813047244
2378588215
2359528682
4041430072
3460324695
3860870309
3916885514
4015665099
1235475798
3298363699
379149221
3715660816
368827355
2992837131
3997036343
70338768
3362278361
3725026096
3342942665
1541886498
3395884294
351522066
283150806
49647823
934553120
141329684
3315855458
2313843798
2789157495
813325040
247273472
3458918119
1670630851
2980761702
149599610
3426825875
3373713552
551026048
3356947570
1694371206
2423695538
332881692
2156923266
3435364193
2611244546
3433878899
269032952
3401006313
302162440
3314157186
2366717534
2318445439
2597822586
3417235415
253912519
3280375590
15041539
3375440961
522377714
3294233040
525711105
3029882540
1342520246
2380602840
3370882954
3379174516
2574318887
17385365
3279567182
3368573224
307248447
3267262016
3037191051
3290431097
3350402531
3231332063
3361989797
599007818
3274771081
3347444608
335163791
3314272762
3314435817
3172520816
601289188
3366343919
78979270
2344130779
2490220543
441188675
2296639568
51038780
3358380454
358053359
3230282153
635557895
3255941425
1629887622
3153369477
3197766516
3236839605
799751300
1450720526
443091293
3337258504
3012132606
3329199664
3234014448
2827019095
1958918198
175112942
467835496
2947573727
2776120300
2249057784
3321679493
466689283
1517881370
3027169927
3240120392
3294398926
981144866
3194271938
296352810
2182803715
3308755199
2997328272
2205167191
219218151
2923843697
2509347033
1191210397
3233355318
966177637
296382255
803786935
704667992
195734378
156754511
554534768
441761520
194478630
891524125
3052117019
2235133873
1344508886
510074074
2388698119
2885053244
3040009008
284961715
