703536063881584640
823592008090423296
986657001341104133
956172178356977664
26214873
1520965903
1583359764
312248392
912709587689652224
787658038131953664
15384969
786719377580142592
18921663
3074470992
47851181
782604371171344388
71232154
2998864022
3428241641
949608779019993088
981834998473867264
20915990
517813298
805640781134336000
965669649080881152
986980460080267264
54042025
4571814261
313269222
745301898907942912
980941053363662848
822567864259510272
981197954584326144
27649069
972656659209302016
737470720616194049
230034847
825058654776762368
984884018150813696
19569052
400985385
3091717767
15476712
986261445225697281
1252907875
13708922
870960866
305003097
965085578076176386
18857388
892492754
434150237
966471109011963904
380608558
919240695969443841
949723014358290432
557862834
1584555998
358464377
266370372
2339053037
2646884522
1339449330
1320616477
3220393969
959097430896553984
938913680065904641
848013782874034179
775553609031307266
922869448691740672
48088063
40879267
728969814153166848
3058713120
974125841213894657
332999634
2182208461
2869858477
1262776610
512028275
873234990905126913
924779782822178817
84487856
16874244
1173533258
89480902
2651794592
47336979
779766160774443009
25552286
825872280374898689
826871032913022977
1120879074
2497141021
385785145
871811478663426048
846886347474395136
2148317009
92415827
826982179204915200
2595467366
3034626213
22080404
3153182400
901538246412439553
178362634
907404836135731200
860654500431880192
921541188959854593
2239905392
927182626091253770
369032276
56561168
604957379
959773076555694081
1099570286
3890594358
920669029953671169
3169034582
35934245
856166926468251648
24382412
3230814609
2975066548
1216789842
125730512
921112508907294720
873919257238786049
813873686872608768
921164999405461504
2192099668
492426312
44211126
931154440354009089
895665869832900612
1607306418
787855291048091648
213939881
849841043059036160
936336516355428357
875487271171928064
24841698
945904284851249152
811976075945410561
4854332050
924276989137227776
1245409088
203527749
24191062
96476076
936821183126949888
2736359780
104016988
833105332469641216
823703311375331331
2902018741
739875509077577729
4600892127
2983276931
900406288055758849
118844894
1382627982
349762499
420386688
937770193060859905
57474396
223671790
1191497408
34023470
50878266
858008424617037826
763473214957813760
906698536494026752
927238190011994117
900975022017302528
755808822506041344
42447494
885859738780450816
841090645074857987
820776147696971780
32772630
48497926
924642018034192384
845392971381927936
759317592
1428245454
139956991
21833728
2573985930
5903142
923356060123099137
624141239
1058879222
1165934089
1099692954
889461110067404800
431208928
2806413827
1865453300
16472781
812725667141980160
4418395409
2517967931
822726095791263744
2556771077
31717700
716763308880039937
705613169872478208
22049275
3006095337
911045373875019776
83969342
78537593
798296697952735233
316449565
834529854339088390
112532110
861442146
1131661417
907720386074349568
831577691719626754
20642356
173630169
751068221759975428
14175886
802184729235554304
1668132566
2254884070
864334721718796288
56810175
52141139
898957547687858176
3695853373
549546684
835227923267346432
2567268222
802649176299466752
60923989
704209579631091713
32774989
368563097
2363281417
824255224302944257
18698555
787092446727380992
28225322
890967613781807104
1364157686
789219638089580544
336176278
25606671
39246787
294800406
32291774
824425272095154176
434207317
937521931
882835639225462784
732767937170284544
220086346
283721629
1590074131
18933832
1575275636
1958823156
790548769
545235190
413081361
2191568058
2359337692
807989942
862780810725916672
263004919
896880468389498882
836568050648375296
809915001473499136
58643212
35048027
30414118
234863758
235676194
760270238676115457
20846121
843556423548067840
761805362110529536
745801789577043969
28587991
2637957706
758772487060676608
725742617280000000
258072099
885945487127306240
829977013888782338
825518870421180416
884988834844336128
50332490
3420717695
818956561863348225
33537161
132339474
427931555
870278527995850752
2258357868
800363110657724417
123807575
1900649491
21672656
2168562479
1566650000
321106521
361514503
237565446
329387020
2492497783
350509998
772958490356617216
366157561
974509802
3325172703
244328801
4591711108
825137832578600963
2855937448
786270411965263872
2809365197
810619093749559296
2900139381
17328537
3139769353
841713120653508608
787042140291420160
25432737
18487837
71599731
4920263299
821160270504439809
834156584607612928
776133390122622976
195857590
871656323460550656
2841467088
857788487621382145
11104872
18006752
40874240
1654190256
2239855208
1478358456
819719052901969920
247129904
11101742
115416936
828858281615437826
2274578690
2149915710
4722204972
867818426076512256
2897970594
2862922384
27032207
3340073541
449600949
1612310400
435799786
839300788702875649
831965199011815424
832723835761811457
705241168586661890
1074775441
21052002
839378141764149248
846523378487853056
2259099968
794774642867060736
633246669
854948052854951936
4379939474
3870969622
1854620118
842942068586700805
3197770658
35726888
850470344532131841
2230658905
820684582479626240
847595539856338945
2546011724
206065395
16801580
75311987
2169254929
259649352
3455796672
816036458335236096
349803020
15554072
2732944034
285623948
444283892
443846664
849942984527413248
19691332
133938408
704032503
16654294
2934700825
2884033323
248399275
156542644
837208540368498688
2784420134
822260664920133632
17692273
1496686494
902333119
4261010353
838944474831196160
842353985243639813
105800618
245075258
3119903500
795774856499515396
54413273
757118699212009472
728398652696371200
801477112561602560
737444687494164480
7027112
16074627
7074032
756247499812188160
2549245824
2617096170
841654482060603392
268642824
362306058
4424327354
711147009948962816
827665901898047489
2271700413
817286807784144896
810178352871047168
3953695528
40795552
4866260037
16847525
2779180736
411264084
618143282
2729521216
362095678
474351727
978138331
2938481446
4717387239
21903843
827762013988323328
814222411042357248
15417091
15784401
1553777455
26251434
3611013914
836707489752174593
807069720902070272
16592565
2225708373
333814324
825562970872647681
1252520990
76085591
16600574
22296804
749620754598105088
1951728966
28385929
814155727342211072
785523420016418816
1962117602
747295009624363008
825825905629069313
49865450
783697383146266624
834897291714650112
833931254282219520
20745497
808843708447805440
705912192546312193
337377658
186887722
339527807
325220064
37914958
1509457064
36426272
224817011
14515207
51169942
37626960
19632635
34354747
4635739463
17450061
833277077898031109
284738545
798926424358821888
830124571432992768
753264480
829133287809482753
19569136
237033680
296647742
739144078751719424
825749947756605440
756250953322491905
1508031492
74550690
800106323224313856
819591755020505089
27493883
23132135
795270955245457408
826957317681864704
1944987026
822551270519095297
261474179
20733757
503437704
3709301735
508061355
2177548113
739844197935644672
2743270227
424410333
761758829717561344
2976750937
2789494555
825243916148486144
2494203973
714720425801084930
4094462357
819132660891222016
22648485
4925188717
906830136
814042079101911041
2417344609
420148179
704369295128551425
616573748
22989853
3102620614
41147623
825603427698872320
743387005820739584
1620010466
3342972850
32903277
22427134
4879246271
4646423969
1002666750
835911265
2868663736
343228492
387711015
16496156
23746411
42135893
2397703977
2411504731
1330157610
4507313779
797080559839309824
732515283902943232
808039139287236608
801256698534989824
800495996828422144
800112139704766464
1640929196
17912420
326665662
805931193707491328
22420359
216558300
246486028
778933753150251008
508006873
798205156714115072
435564722
765191508572110848
1924071992
16672644
90280824
16901643
1585983950
1176703454
16711026
770121560980066304
2605668121
37515801
804880688696553473
804971185872273408
46197784
107507465
1135442136
22275305
29274443
1009592004
4364923707
716371621380890624
763765398537900033
797179203233804289
3620366536
3301171864
61564714
794208544061001729
838420585
2803327470
5514192
16602284
1421144298
30726383
1702731
337679240
780367454149091330
2200221
786762587887271936
215990674
221906439
204890358
25508986
2695842920
366374544
1645709780
500217624
2740546270
758709471069831168
281055314
1541506554
329918977
273797376
773655831934099456
857205728
376472551
314849636
765989932355710977
763126643556835335
764599265486262272
35099519
1596012036
140067289
758460006656204800
2695002217
47268919
32644372
829937227
42544445
901160826
27474449
188163864
16238605
131041833
180928119
789755286
219445010
2595431574
240732156
2216451449
1080801955
752710129670234112
80282377
491684341
18804875
725083765022834694
2645528385
505009892
35253573
1656439500
812953368
4041883499
3116027838
18059924
3057656343
609885469
1528376382
598184292
1270620150
453125946
2508249816
426578718
1367708064
1559928235
283610466
2210686405
1381088924
396601079
1604351990
3975034394
533608807
4815569620
847923606
707291191100837889
212707756
112341018
290607480
858646280
1957750148
702344986684166144
274990777
745485403
27649741
1301608392
864844392
216802451
3062558480
236711870
4314759793
2805226370
128763579
2986411498
70482818
564218050
45381821
4759763930
4656434596
830330036
385982380
836232336
2361357000
23608092
46435794
889453789
3034750981
716813053
567925509
431164621
43758222
2758732837
45038044
1921489896
17099112
21937318
203188066
2783386928
3308334426
222748571
217677092
32671625
94492750
342822563
551964198
76639716
2618843767
432945670
770597294
322382076
228554424
4002607632
25864678
751947774
1645844790
65293006
431901486
2814632038
152672074
346225460
1013986122
2311086683
473637671
386543802
2167680739
1892315352
456722136
18907301
930411199
2564285390
842868962
2531775750
40941731
1375669453
3286777436
4001774233
122542032
242597627
3278938615
2732348582
224667249
1184544560
3893210375
205796999
18372408
85881268
146160591
45574217
16444544
130128708
4359328101
1323165422
637046257
112479899
59956410
2935176354
1445282029
242176959
3273059468
1278123914
563281155
4212937579
4192023929
951271976
16533820
355872790
3402362309
3588277825
27124758
169183368
441196417
3030904449
484158129
144858839
2369916919
631816995
16819937
14731096
276842152
22831232
459287059
28654816
1074837391
1300809446
198708803
4118367382
2602251336
2190334998
2906809174
2465278609
3142907412
556236569
2751175413
22846273
185039684
17503642
1358370518
93493910
403095802
38225293
2872661847
3554627532
807557995
3312127285
2251093879
339436446
76131286
26015031
1073825472
3409711163
382775501
266326338
93419194
2322897728
105000561
482944485
3404154298
1888217911
154270388
206872748
3251232332
16328542
954668976
424370015
1899046398
2481146024
272059064
864896366
2901891943
105267482
253591037
3286887050
3357258304
463352013
766547376
2784552558
274645845
361543110
20953563
444819440
3268727635
3219137527
1603726416
3354766827
24412806
3031182459
556962628
25380005
2572226646
3018200026
2282864246
2804307961
259957458
894292836
2211981675
892659416
69474390
131018989
2165568581
303286342
67814086
30647780
386076684
19281892
2920138520
3248801186
248111082
298639001
3227608062
3226937809
752472211
338184191
47335820
87383875
543138333
1659054276
484245691
2216088554
165507452
3294102947
1935247513
1397479903
1364325079
3169299122
551114699
2655713281
2988993905
26909691
1939464290
1570623740
1968638208
2942331869
252966637
167489997
2880124945
3064265573
16225955
484372796
33596934
2744851299
3311429343
844631388
21440866
2897806185
437911286
1604579396
2993914458
2203336692
4390331
2150199724
387956439
1105693836
3236849994
2813211061
5548212
968222028
3032156503
2730550162
716905889
2470646481
3231610009
487770873
2679339818
21811025
281695815
344308796
3117139945
3160047848
2850097651
16814500
3103466272
3246629824
15991770
25785889
3231881294
1900539194
24733117
383253001
991456273
110787361
15209424
16725972
2218380608
2279325223
1194863629
294835395
18460115
323271922
1688748530
23676863
611690464
32156954
1955339790
396752224
374667569
294930153
134917795
3185285067
262749118
1713527208
591744952
193978434
27279989
275252141
33345091
2804118414
2466899838
3202505446
314613453
20834303
626006840
2882448697
1401145050
1626842281
3171644885
1360482752
3063523297
472639602
1269467714
15983306
2228051384
2329328857
256188191
478331389
92803037
1733621
199276124
1390675346
1624046510
346246513
158545999
106892286
15466386
1120064580
3185678340
549345950
58525147
1616534946
564074974
907497302
3182559979
3042739416
71023214
1368478189
237796056
405561109
2468168064
37153105
251769890
65699341
2847788853
1681730618
2787553822
1061475000
1723398499
147759009
1367974088
26137474
911068772
1641646206
2865877947
371950796
22857194
703561088
2620371213
146060152
21504628
2198561568
187805429
1145695394
1154203567
1219480375
1239273733
731967692
182104983
140427824
3159815735
1105417525
91267688
2891390194
837813552
14415783
242414823
350668301
2962325804
461720060
355515271
1210022401
3183670477
2231539921
3015018562
633075839
357674108
176619668
2708420521
2550474648
2969082127
1965473508
15835914
29724023
2421661886
158909346
241273903
2910298147
2851892622
315789164
401090263
997931370
53056010
3058964656
532642459
1131736003
331317907
2629260757
2423788815
611530014
31705210
42170658
393669577
2780908210
241241243
567422544
1380181963
2981584944
32703561
2900415784
50833422
2887738179
2874885706
380703912
422270949
21827563
104953599
1512420925
225691796
227567901
534832686
3022099694
44126993
3191683820
1971269514
3194510064
59785531
245919293
31641328
568836325
2901067465
2962595974
392443835
328260787
1416858218
156656964
72921353
3239185533
1278587388
318120349
821785831
3041146476
385625684
86044152
481796177
42158083
3071254781
484399952
46117928
15400055
2348339620
2594960149
2837307315
509461549
2801941251
871668656
210580181
926185416
840735068
860332842
282181368
1389880208
91808397
316584224
2673184485
262968243
301019006
81259230
23685118
413751092
1352642953
3069587983
3246575746
2851874032
453181264
428567107
155922350
1960789190
48817324
909862986
797482897
357331066
430840583
428661052
2863570448
1232276928
191323115
59327523
115094250
2560813218
17640422
19601777
770852108
2430404383
1362124872
481762079
2377480808
258004232
459337312
73829388
2352090426
2725944525
1199596897
500391228
2959610415
3029326756
152670621
404525685
241674327
3184735956
248070680
38804457
2499362502
245597222
907376150
776049822
3122485277
3166217539
889475167
330472602
1718504329
1220065236
2866639611
124267704
23564335
818705040
2297077532
458377940
140612122
3077515383
14512472
456331554
372497412
462351266
1604640828
3167841162
141301490
16383523
17346357
2664667260
24566830
2849176637
2316419894
15212700
17881816
2891605635
334331683
1684670970
25614085
586855139
366229034
976559744
40423928
3140546809
299236836
2317513413
56038149
3178390522
3053489120
228015335
3109202237
1909276326
3048086962
2799494833
2838283974
2181626861
1445123090
606936168
23483816
1942453848
48854106
2359028480
19539314
2893780095
274593553
2471632388
334984455
2183959042
2837649111
634952572
24895587
323864904
16074930
289118612
1735969045
389841834
21932745
7739532
28623510
43445412
741493478
67638477
17423332
2250817146
207323988
14235078
1183314973
24467757
932800111
784875325
17426310
338240536
183876837
24692074
329443994
973153975
2696887802
385503897
3178813940
1026448772
87403396
37599351
18382184
16722475
2992530470
189447258
511043145
792790628
2886425261
506505623
53210455
1923543218
185723734
3195232689
3108460774
2610118092
26395411
493547782
3077615801
1974688016
1317717439
40601473
724878049
225189494
19360844
858921774
556044933
21956602
2588396617
2344343667
3026856185
286992566
433137670
933261786
21962567
2204042821
25033858
134924292
34341362
2806004678
2604900904
2176046582
16226417
344687656
2601873347
1969346438
765763200
757739089
1894460682
1455506612
2445365048
512417432
834394100
2834597675
2469854654
376744269
485423388
1549705375
2844598342
431742890
607558430
2319362190
3083431521
1143861355
14229194
1255214533
72947117
67899097
16382360
2615044988
401563492
2493260606
3060954777
557254053
19282794
2618673747
125565867
22894742
275714700
69809011
272642804
782369828
909196237
2460764006
959596692
214817215
407103524
2732462617
2685319825
43478103
2299353426
117104543
767036004
39294154
2478705061
1864708711
2284066573
16568402
946382106
168759825
3133064804
611952043
29509675
26877811
3107790466
300876008
3206624181
3028395403
3153257852
14993272
475901737
17686959
76728429
547699457
237321959
40173562
1097268498
246220722
2411653896
22956118
2239790779
961764294
1086606259
1571239068
77782711
42657110
525595860
990117481
1013889636
1004409242
24320281
377751695
48038030
68754498
59849033
2508737364
38188037
2904627072
232701447
373422708
264264597
481597383
19417197
2842254868
874033970
2223691094
378844127
263359642
228615115
380693277
5505302
53090314
18220818
47855979
44959505
315577705
2439927374
40057924
271030180
146644080
20977776
250940553
142889259
55679493
16892534
1634552636
2344141208
473065978
960967081
3183356399
488799600
185339791
106762803
827119098
2148169409
3093556439
403667375
868856461
25382552
2810148210
1423707932
605757334
233666428
15765560
16895588
2477795362
291774022
194355896
1380677004
64278841
2350099799
37131103
350389927
1549231957
42362189
1541989867
885752504
1025859013
1404796640
87992708
74175586
216906390
18538833
503662020
2850766605
2571117021
37990581
335505192
18298094
101245960
218526734
1355218452
575925999
1389824197
2279225400
1729022250
3744281
436314047
732645804
533968111
2373857028
800721812
2367571697
103167711
484158909
23094875
2173646835
354330741
21398055
437377644
100880543
94367917
369570311
32522055
3062474381
1270920516
419787279
624805598
404341609
836562037
2331209359
89282205
29168938
373457904
26711685
1934770050
374817258
17258301
863596621
177219288
849169945
606930868
168838692
463689095
1318582820
1284956808
15545122
2990308561
113349253
555160099
2340698592
49388157
754135908
3185020007
2515818373
2310780611
22128237
2895312995
172445467
1074278209
813752696
2742261332
2588008190
821372790
2822640558
97486299
491964661
214100900
2804701459
405022806
755716560
34436190
1646455254
388454092
46786678
104347194
98573333
606412878
898533348
992081976
2196201139
220928091
202828284
468337932
23458597
17580892
1347805152
3095274289
316461069
3163047776
253023556
2793295682
721206074
1383178951
63144098
1410723450
2995366291
3094748411
1051557686
152246644
316497873
53503202
16082787
38976017
17070787
22064255
509185272
3056627570
2593731240
3161679236
275190051
3131063681
3047887129
216042995
3063996411
860576268
15863369
2991362456
3014051046
1396439852
632157129
319777415
49219932
18787733
2259765408
20852175
2479159384
492369115
3142350305
3038088687
487600344
1546424143
2320507177
3000173593
2645905542
2332066656
36032320
98317720
252478379
1048765417
2447826090
39379891
270112891
146208269
469281197
117983479
612693490
87957969
284383568
242992653
72510159
3129145688
277810279
994053811
55166712
469371578
37376499
3000062886
253353588
13361922
308698101
519728191
22204106
3017651337
114474262
49021031
2598505804
93777935
3123986288
22694866
2929135816
1378596505
1965457579
3002952799
3138494144
287399939
3074701839
2922384922
2895264870
821533404
16146535
851711263
21717987
2646952295
15368940
2835672253
53019309
2946745916
90804267
2453499517
1229007625
17072206
2224644214
61149653
1119248442
323391185
459269265
351143365
403932208
2927222132
1152155828
15067424
2409501757
2750859163
19077091
3133045098
131056263
27578866
19088288
2869121676
132918446
2500500355
24891210
2221851215
850633633
2314018987
29753067
354970356
2785095528
976570982
2363804264
33879063
51203205
330319115
30231573
805564128
453484864
18267131
2752307136
77329593
3128828564
60903033
964892246
550423777
137312247
2421067430
1934787661
3033123912
837561853
22360655
1544433296
29471556
282671020
599857189
360285166
1094114329
902259738
2959327919
2451433968
526898655
59296465
796261392
2544997465
2911918846
1548714900
3016319016
2428776326
38214128
41984111
2517854953
18082945
21705181
172867574
372332606
772198368
43261344
1966921812
248270337
32260931
15974320
1265487884
2731214480
501817486
179732982
11213502
561016796
2949208177
3065125513
70116337
276338960
497152437
506049208
380811440
