2273558148
17602896
30973
872983796
101311381
204881628
8161232
19397785
50393960
869930990721957888
222054315
415650735
357129675
813286
14230524
520237574
541799690
879836324160823297
722871897726197760
2307203484
707458640
237271996
2525252989
502432542
3847966999
2319525614
4722471734
4082823999
84477694
2494394341
557915977
1884030464
2513098057
48660454
95940071
39630639
138783540
15846407
10228272
20536157
783214
20793816
17137891
7831092
155544257
22153863
167421802
20632796
90420314
304679484
392460743
181299855
35472060
320463544
1430847793
542294637
16557618
72158278
21990749
71026122
760753288752959488
3688243995
904123938246033408
905102439514329088
4808739589
797206094
60634519
62513246
54273509
1149784520
3246863060
435981128
131637380
4583921295
46896406
804855135948120064
762711679616491521
176123974
138790229
4880868161
89840669
67418441
2778413269
959696809
3171282354
2434689362
1305947846
3420733421
987532789
16592261
81260936
3138014809
139529558
760731392
1424430127
509592521
559828764
379265671
771232142009348097
2915927512
57047586
19208202
518712307
485416525
2228427630
454036436
1594578104
325289289
27530178
