812773343745245184
291428614
4663875984
919981058543816714
2739348634
916773657497792512
2652585332
537602621
946796788169695232
2961352387
984597000363675648
1102291885
774068250506301440
4903171064
888194272092188673
303475497
48631811
1617876511
477919735
938507887713718272
315978752
2385828989
857583978399891460
776565654631485440
409713189
36823519
739784130
1229738652
744454819285442560
526657984
2881890708
940308949735215105
800510006382575616
1547165113
3174407916
551207885
1337693210
495515966
325306055
4423519709
4843142749
2861666444
439454837
243796037
4737022392
3306608623
933408639775371264
825039212961472513
2879628583
51183534
792723170
560360362
15354385
891351472985845760
3320478908
91141936
850250198
4590378142
1625254490
701933097500209152
776802204497903616
883153158591188994
903572585979531264
79293791
3221851633
700620806234177537
123289567
141619906
4876602340
2422048880
2264408742
721504207094702080
578128182
4754535060
811800539231035392
854205331106258945
895635280710877186
772110687455830016
27131277
884823241969332228
2155959903
3415983106
886335738987638785
884852423382228993
883953453877395458
1560946184
883581343145308161
888960473831321600
31196202
36088191
719921479412895744
762079647148437508
2429065184
459848054
2380940978
30892730
1646889013
2466083405
431101900
2575355474
596817323
701959966081462272
76867434
851912941687508992
1392803036
3065720950
742337479
2543299635
95440193
297515820
791841996
854165878644113412
854827056068255745
820026726117830656
851523438577692674
86848522
817515005323124736
52242024
1651464822
2677178387
886710216
108775893
2716071821
338511027
2820952439
735596421932404736
783824017836744704
2705695879
760951793136336897
820697528202981376
1403315533
216430965
37972440
2151505206
3279558780
17019152
409486555
1093090866
1374375582
813286
474996431
2597055258
1216892730
713581625561382912
760034065
552597585
68792381
143113006
797209291803525121
19955912
2251625652
371450077
746300137
1315277316
59325073
1185807146
19955482
3029006867
2269588804
50517206
3022531263
2972864363
1431027811
779004474383863809
210938747
752570353466142720
603808903
941776219
3317080194
3048571775
131979992
3621016697
774206565733789701
774694940462940160
3091581334
2253322138
772599680089858048
3050943900
1938331046
3154040138
154280902
23807048
848892486
1386007908
325658051
1327076646
139360531
39364684
2975496784
2286161232
4222086329
2855739081
769974607
2755933851
2347932656
2291900938
2279940139
109646364
956633102
1081324430
855691862
1666817316
1601878560
2634577648
704356884636164096
1581322453
602058950
2544117585
3304490052
853582098
1343478511
708893702
401604323
4789173263
2558178323
221799766
4864293293
1494083749
2790337784
754078377217110016
4195208836
2917967407
717202825860800514
160941691
2247889591
2386308481
4856191720
3047893615
1832243125
4497835581
2195869643
2936491627
360196468
56773228
262454289
755048203
79650494
3279650047
2508613160
3252901854
1438379173
175247114
104249727
56783491
234443392
469616302
2876334703
1400688602
210238655
254732368
3255021199
2218311080
2566083968
3377602239
1696176493
2562149455
966204836
2998865209
4851543420
33261404
363002061
430280519
1027912345
1285302955
879521077
954297553
2786837951
2391253368
790153861
2510617013
732199066407337985
483817295
58528137
1020590173
2361096545
2179058260
4209161674
4820756188
3122763484
3137060570
2714337759
567010052
4767923595
18588279
2156299840
2156278138
715307430155042816
350267180
523799523
637290056
1630710990
259132164
2872062698
2757573904
2312972977
2792891226
2859592555
1102446691
104387247
199999865
15945351
2262165498
153098292
3422852926
4691064482
389773479
1632181034
743342216
212607630
716957347
1041194714
48502930
2540341396
1390405910
1430516215
1711166528
2288357218
1651456411
304439219
950775690
1330680530
3232301403
3149517229
3558521661
4235006885
2406153129
2276972401
407001298
3765768376
602336094
259628173
3072204636
560411184
2559729089
1714261309
255388236
2586255218
839211258
1631043193
41070421
2971576819
466625578
411112055
281766200
2336903037
497349410
423781033
2209513045
2312949115
386125006
130991061
21219827
2535331199
272561314
401671255
767072108
2232560050
2274748970
975714282
1277950898
3174630682
169740780
499494637
252709160
612924569
249983271
309722145
1516644649
387742134
466823127
105715305
1210099849
74712538
2250625648
895208996
2365778371
2439124564
762382184
3189911112
341705814
2258175419
424664881
573078668
9695312
442538607
1170673980
3086833216
19017237
875963090
1564177926
556536464
137845851
115988892
1166520162
336307710
2598625604
989527950
1870240764
2582888114
1140691676
1546523317
783866366
2705081570
450347172
422333685
2209615554
1903549572
2851695462
1601271715
636663594
736012981
181631962
325037895
2305473636
278512352
233208572
2787701284
910866038
2531055248
256054106
2929093859
2164150123
2266857876
1456251320
2675827636
2956627423
377653237
2743153249
602272903
599751648
989022318
592609394
264828637
1406480220
913109790
292174985
1526305021
1732810938
284420211
2773868449
2222714677
1978839799
21682980
314868333
2471616785
814119356
1717050043
458308019
2377910175
560033532
1526573480
607426951
754436726
248260106
1120816615
1658246557
573070728
2899728917
1163993420
2336331906
2584945396
284645262
625095698
829517436
1216555166
552122385
750424370
2786860705
582835953
1021959224
502879822
66699013
1661250307
939636349
2685837290
1593709800
312276772
2574468015
753430424
2427294632
265747832
275303288
32904973
783521870
714599880
18788558
601862797
1368078793
878418000
2874361223
273611605
233920672
710125127
2331095002
162536706
15846407
191431067
702764472
2574132663
1901060970
366739144
591661900
723775140
1081276452
1949094259
2161870429
2332561182
912252151
219719403
2389723434
343927688
922510363
1538444298
614012173
1087120848
2195908252
15820664
232376381
34507480
311724831
2462459954
615819633
244248829
90168213
1691401069
1320506720
53338746
2625820238
2728329263
30160168
2461774585
604867878
900378108
1439776549
266156085
633449414
46116615
718959373
197271949
94728442
16138299
1369956937
1463734525
1543920104
2391296264
2367911
2238222517
2303952648
726309991
96448406
634865567
556312149
2392962013
122482029
69313123
2173193755
87681715
1460510563
54387680
2226056574
252393133
2411238570
1559506352
2442446853
125806240
180949358
2629502950
2281229791
176101363
132729393
313707028
75136343
2272254109
388332055
733543177
1206376645
1558868354
412220009
783214
103550181
270547706
163622690
2604525298
1607220324
95465386
26565946
2284597386
2205971678
129944203
1291468644
23375688
268414482
344316738
297679809
81674374
421985988
464139666
313087874
872374136
431765325
216201838
1600331958
134954857
163730859
379408088
308297673
139539038
2465447498
1337607739
284140106
359758565
2307676346
867175801
257810727
40915216
27260086
380399508
2451539132
1130836362
435225427
1296733969
863978310
420461070
73171449
1958943373
625178544
1514385048
105296218
278328390
1396698397
1468426190
167361989
950684839
405728790
2200632505
1751123040
1650887107
581433514
1906234147
16212952
381011577
174416608
167714664
903509167
413487212
23578046
109303622
33597201
29756339
69579221
68835298
46832898
2302013971
1558839284
1020466758
2383873195
516100861
1018555386
112289040
21111883
209708391
85452649
264107729
112457675
2407624908
1150780868
196795202
599651430
403246803
403255314
439125710
403245020
84279963
176566242
181561712
158314798
105119490
