999880030959296512
615138649
557102394
1000676608246714368
1000705081895989249
1122067886
4443383242
862239198635585537
845276363166810114
1017718610
4311339555
734988648756563969
780788352765136897
842390772074835968
2271211929
827176784139534338
843354090612703232
718742334
2221494545
744820014084063232
983328284
1426408819
2942190406
781763502390345728
1079949870
2792083749
2166329307
810559642011111425
1124905058
3246543819
3007391259
1721990815
220843663
59199168
90693080
1209342523
18470958
1209309782
228822613
302974524
383044849
265554862
58834557
58233603
2260118642
827991968248635392
826583030282203138
787773329851711489
3346683226
4824912767
828893556
767288124124827649
763355085606977537
746341797291560960
2153966416
803344594490585091
832968743416426500
833273543857229829
2341994447
4831107939
749808561971204097
2687703938
783343316049993732
77146025
2755741719
780493203699015680
823463522998816768
751045284227125248
819105078711820288
827212053798645760
788367956598218752
2389104767
785854691724910593
785967931977043969
2510728193
788395635611463681
2887890033
1183456039
2504779390
2765828705
818910657080938498
2261494585
65403461
724675590033420288
814441810110087168
4429955356
819440688647565312
196415460
69953316
358125414
6245442
165786304
304410915
69863101
104271813
430827420
1267165386
981042612
1086991069
835053091
2279006761
580665954
2364571567
1136720761
1857322406
2814482435
3021953980
722766038627127296
4150167317
3038803906
790196893284462593
4047173363
425116010
2740684048
332547736
2741678181
826121955107622912
757037329924124672
785819074953555969
775450308340252672
776885862927835136
778359549250109440
709888242749980673
2372546904
802858802563469312
797048386704830464
805021696445054979
724324324849651716
1060512854
744558507463217152
3099933513
2277640531
3323659041
613662103
820733617139761153
4915205133
700982072
839770758
825286355634765825
819934578894897152
872180178
4113337103
790488808299106304
718449596922523648
759696728807186433
3366105597
771633426738708481
740284329776054273
2405511369
2779546065
2880676052
746695071215525888
775345372554203136
1601488632
601967220
778621506976903168
972184946
701472233319960577
814647973892263937
607396794
1529222648
724270043274596352
2899019681
3006207844
822106578207784965
3814138403
4038926416
1546243638
4180651630
840218491
2886061678
3327862289
2690385098
780798679821094912
281570942
2269036160
4784243285
1670307294
4775464323
762249376739758080
2261885360
2155560482
769674555690475520
1359769158
796816320151035904
1854556363
4826863853
2211292594
801795950570328064
785875972662984705
797757573109862400
2885501529
2751643193
698668426064236544
1541163318
3424775284
407005743
3236600879
3296817844
818226827953078272
4908777628
811562194487939072
3006522628
709075467698114564
1213360074
797465887066488832
802072493573947397
703723838
798512811617959936
800059900072181761
204425837
4818050956
2186782388
2161906293
3432853337
2899120919
702599609508630529
4407477676
2866542129
2954787713
770378024478973952
1935282044
4218468417
792427668860002304
827145379
808020138272423936
2865666939
3438341477
806922231523708929
2758303855
751269502478786560
1465380421
807624002143453190
701086384661078018
816739981205131265
815742015891795969
3194059746
814379214145134592
3540136160
752551319840448516
1639321867
1101637196
815821215231156225
714458076
540339552
751036255207645184
760187925715968001
3196711248
3111448822
3579289162
756197104997982209
384671032
287821482
4775138662
599362835
794591502223675399
794896331395448832
798555292959145984
795759467241553920
799946161062813701
806959563169820672
798565194448457728
803733795073642501
805434300959227906
799961631593811973
807200201815506944
804730604541673472
807602609846710272
799618591834382338
808009822423707648
807893988686626816
804713091841884160
807693526767206400
808988110625374208
2754628767
2983856267
3912640761
3818163982
393615180
4855184765
2661385633
3094749639
788406615967924224
4395245098
793441448314232833
2971594504
66238014
771684649743454208
545787144
62513246
2971589883
465538961
501816685
2552667781
806504546
568509181
2924312040
2866229122
3145568709
114475279
3015045683
537500486
2902316847
2634393670
425968439
1530230748
431733693
2385574014
3191214945
2262696405
558727439
418067814
3413503749
2508137752
2324079569
3150342024
4525069395
4643956936
1428400662
785411480527208448
1636047482
4663875984
2924499187
1611635503
4855003371
2884537722
2488536238
1165652473
2721315225
2708491587
613392840
761920201
3781583597
557734399
2429036488
2236063573
2394013876
1912201158
756180291102777344
2482131116
1004820727
1491229861
549132118
802498400
4715217263
2920078773
2191211801
204355694
2674181653
4850491271
38682272
14724725
381688396
65184105
25460615
228184292
298320111
218167872
982631478
1451702180
625308457
459599920
2472389790
264107729
403255314
403246803
439125710
403245020
730856075524747264
