214144649
415028119
2711577453
3248833557
370111830
3650253494
363177170
410394110
1396161031
929399289436147713
2812768561
29808890
71708907
15175577
330799774
483625914
104942217
256881576
170021393
981920849337892865
858383519474692096
303827856
2422911374
317536194
14247287
1617752910
83261012
7117252
283096161
1305940272
202886242
337941418
15762845
282710694
230232077
938424931230060544
486702899
18610143
102734290
19351263
204547994
397352318
22070156
312212192
2198527458
22452681
1050832387
74501824
43375503
184241421
47035609
31339831
4196983835
896707282876194817
266336410
19327243
69137806
111342637
39364684
17198130
94111457
21803626
892928018
16409683
1262742272
5695632
6018802
67926628
846137120209190912
896418096965181440
49857578
17919972
739634588557803520
440287516
333431313
59553554
2450361035
820023139342159873
195824688
1611220447
30955918
876271942927618048
602004183
449873835
49527889
976857223
849320437066715138
292289403
154372118
503603736
1429053248
2340907292
52803520
134133506
3308352436
556104933
30205586
19027992
11348282
2975374475
23386673
274643338
65067637
41404125
59949396
4455274752
85232092
3983511
26565946
981146641
133790003
116262934
31764215
174051488
102788450
20482341
40034427
619768326
281096773
28355356
26257166
813286
