826408723824283648
270068926
22527890
1279826539
774698847821893632
63514682
1156113882
436394949
240344284
4886114183
18231308
909494534131863552
539247936
824701173240369153
636561869
829909999891537920
4308713549
34383891
838351435595149312
481592408
52119056
881088888
711973103258173441
23255247
1173602827
428662351
1005130000113291266
842141831475388416
312921284
1492378572
15384969
284733752
885948888
175098961
36842122
89290332
458641593
18138592
522026970
752472211
1096509110
44444610
38947867
2821726186
2618843767
281712287
24399189
1011987883
29890099
626515184
1093709436
965562443916238848
617294606
987481654963863552
382370203
118993820
984597674690338816
24989429
993929630523441152
1873256450
2883502781
14803780
924036052767203328
968916302466375681
892391615242747905
11395432
49442695
322757471
932495488334536704
23107734
121651277
938060637225095168
985995554759983104
757592319637860353
845942543363780613
14745413
42447494
975763819157958656
850765289641963522
802979461788536832
1446734664
767484720724647936
956883928421314560
950537289356099584
1496853848
842196260
799321819165691904
33913156
970775468231352320
387769772
1924071992
935858260858560513
2556793152
589449135
3994861756
1640917519
821095334956961797
818886332047097859
2192341766
731159200743612417
965540644792958976
188199005
535468952
748946826972332034
904209399530614784
750454218494873601
14247236
31636134
250769616
774483262693527553
540472551
520029915
72850869
37279790
834529854339088390
20658769
955802206128746496
53309297
788889923050885120
922128596629643265
169585473
4259050755
3126551526
782361224524632064
372050829
325329131
948476831459631104
3283904615
904174645
82800544
4700579492
4548765792
839153256353804288
747246644064727040
16942658
3152060143
726872852968931328
936260603819180033
51802732
909929172943982592
792038033667293184
2226235435
18527994
724780501
431208928
108552921
71232154
3329332379
912167944767066113
103708577
2500074878
822565248515325953
810308806030872576
402335158
785600778790703104
914160143587270656
21482506
2801229139
825709430050320385
893197904806109188
12874852
815634357842870272
786618887773171712
725536680183099392
369136271
1855158884
842137693194674176
1381088924
3016488429
759511561648140288
780564694922690560
2242541190
1885057400
825743417728708612
900219105004933120
43018035
887832378848276481
1650410052
27958886
758418755017904128
2330252438
3513956295
896093399152902145
378296816
824658700136808448
878523816
23121330
888589126261391362
314575393
75443145
143075420
31776520
3134103860
4571814261
868130508
845705371083837444
1154251333
846328521983213571
399198974
874503516
3070107458
823659416184492032
98172698
632428507
1684930806
29806418
1328206963
36089901
873360672452726785
2254398798
817848609731317760
875102174824542208
116048117
94016272
884515447030370304
730881557666226176
4860642025
4925188717
312820735
824463465779716096
867186567835561984
2376492961
824044283363729408
32504822
860701598
860903094602911744
785291590239518720
46000008
2772442940
878587018497994753
890354526
2409501757
772958490356617216
697239518454407170
3364638305
876517362412929024
876619446743445504
2458935073
1004449639
755808822506041344
835935137632256001
308789303
363133006
34032513
844183688
902217337
1017278816
4134967269
18973754
2568992936
62445043
542752257
873970103435624450
378076054
825576302786801665
2188732538
1264669976
32879813
30500021
845409559393062912
322319470
711122335
872128456691154944
829101001672060929
77329593
825518870421180416
360072551
454437294
837043591830609920
633674091
38181453
870403186426884098
1898403529
374172370
724473675211104256
21914960
264310920
875138581
802598906630705153
2511507060
1087436214
817728729896067072
171262252
114211030
19806871
3142453088
35047956
859833095243128832
3007557487
3239417912
26548315
87977606
417550484
820286558473310208
34023470
810752843002953728
110646821
826220538729226244
820869825643712512
812671841106063360
2242892508
4490646140
27202261
705874620935614464
2471494160
1923681680
827771134233939968
2352630438
26346508
830171903985905664
429487834
18213546
755946560794558464
4851532317
866288347605610497
744968505376702466
32776883
859606993551732736
331398398
703388655520489473
55874926
4430591241
866928728277962752
49363704
724603529466273792
257872282
2863304846
1101841122
35054574
866619521624395776
2736039738
720216449134895104
59891395
804219825702604800
51810635
865808732801957889
5645512
35601094
17884475
856286293973774336
24058233
57419364
227403206
837423016879468544
820678094352777216
813487941238607872
4822696863
154138146
16905404
17697342
3105662709
15988355
458377940
132339474
178557639
845354508368691200
830570305743511553
123856936
25428549
594307701
815633162575429632
858825054
824069497208340480
833830642198552576
825562970872647681
743941203205492736
826751599
768914557599412224
3376928013
326560315
214809021
14211015
811881169016893441
18960926
3028072109
46146252
857470813351550976
781390559856435200
4633235559
963661333
856239025014931456
793229081248542720
3676581614
803840950783053824
854380856139366400
1640929196
198024326
800366185560715264
786639671635750912
858007678756556800
832723835761811457
856258441123430408
801241407419781120
855498518932316160
424566382
38005095
3312019520
824780221450768384
852120224556093440
3362792968
3090280011
3039404895
826981946760630272
3174934312
832400109535162368
82285768
1290142435
811377348813721600
4028057775
19607639
2935631446
827872323676012544
22763102
61678750
16192117
1402399381
826660259154403328
3433233741
2871029992
54413273
25811031
8738672
520845471
800154834422800384
1612310400
26901657
24286654
3182839376
823221880123518977
718239605892497408
7771842
707106657
2334144626
3881098642
3455796672
242597627
55887469
813533521402855424
824342267238313985
1423707932
739606317321605120
820349906854510592
704405850882834434
824369683352604673
17194090
2470443734
800063187236323330
903922142
154311445
239140810
828204975645925376
774715974834610181
16548826
808153995202072576
341190477
41334806
2441304533
922047036
50140961
726259958539390976
3233216640
723434011
3914425845
317396608
1862092777
817898244466503680
4498960049
17313252
833948277766762496
3783815248
21705181
3688508910
1548756944
1858043575
823521102915719168
130326568
797932740452777984
4531076896
797981595013615616
3325705647
736935466604363776
775553609031307266
180380437
27649741
738729254582669313
15554072
755057200901398528
797899198645538816
1279647384
823729085318885376
792442371963293697
1423118240
20368866
389078813
808347738161065985
759537423034441728
3058713120
26152900
17692273
716371621380890624
171395167
2988785197
3385421854
826251280070766592
29471556
2746644052
700723240793088001
58896487
600727244
755902660050432000
1201535478
1945048340
467727548
831227764837527552
26214873
4174527256
812736716456988674
2616214951
39515245
1195450939
810863954725601282
22776500
1580233795
704045356
830941442713346048
825920622991642625
1152631753
133938408
616737225
22511174
531351424
819728862489755648
17397880
783917469064912896
730145028815851521
826984515516108800
813801685332017152
742499466800828416
17012815
808054099665006592
179970139
2287017818
25571493
828017401388290049
4228387971
3247925082
489790581
1379778728
461798830
743135521375928322
1601258078
600151653
23763310
152159647
2796747983
825395325472890881
770608744526819328
2985408737
826520687762354186
2159844913
131018989
37769574
1209041552
3836645961
46818339
1214410454
23259606
3243409106
15966771
798739603238907904
306133629
545235190
486787279
780447281631797249
2567365058
4674830292
31417953
2463833034
35210575
40832708
796367969328758784
2307187206
830277259407790081
11644042
770393493114015744
18198566
4911334384
186388988
507877806
780547571043270656
47096359
757117204198490112
797214478425268224
796839635162959872
3198113822
222134762
407750462
738874734
95129023
821125811436748800
796746771208765440
739144078751719424
825243916148486144
160183289
2408219798
786070279051210752
22339420
15858028
823242343776210944
742129940263370753
4467544933
808752080592760832
2278412286
788617600108494848
16801243
16672644
232014635
432253868
1261927339
815755729676156928
37469012
774782798792011776
880727923
754291647656189952
819574709603987457
762002815338237952
862255470
822908370877292545
822496735381438464
800413838
809086211193192455
21430285
3902218894
3254866206
732515283902943232
32819524
335161085
1385701747
808741454331936768
796743511361978369
48483803
400188508
33421794
94240934
816113275066683393
568604112
797180195086147584
778933753150251008
23490211
811372188360146944
783445779923013632
809971116622184448
776223962246352897
746836306735534082
1170106794
16081033
1710130435
614844676
17984687
3820239858
442911245
3246956725
379789473
1964256980
1964213526
23724611
1535624689
797519433505927169
116475377
776049318796996608
572282251
416356439
273276391
233711297
334380129
706666581741318144
796942787572797444
390925665
40276846
33988195
52524278
427070793
2661849196
1046648216
38620896
629346500
95934004
2191130738
3319888217
62549306
16254215
94723021
4721911208
488883168
24587270
21223571
775136513751326721
729006072762122240
3419534985
797931572573982720
762191459739168768
399860348
863787708
33146623
579188949
795053318397632512
67704943
15425093
1379717754
204356919
30461476
31661626
484428815
63963688
27068599
263790448
20469237
738733388253827073
769942337581711360
930004404
885866412
89243823
4918353673
732825498410221568
184301992
24014942
745691673867485184
503604187
747939980308164608
734764580484878337
3082370998
770657586228006912
759567208263680000
775844766365978624
147375045
2289059127
704230010937278464
2543706956
741052320989880320
780085961300570112
2468354379
784125366759624704
784579708155559936
131055988
2939160699
764330462273679360
780281838119989248
3496927878
782753466406019072
128429068
34806981
4021078877
3174639200
1206769123
27538881
1575275636
2855482828
777572091742740480
2732348582
2245737724
80420527
15280845
754267958126477313
4915712265
53503202
722453577822834688
759784263910916096
3589010426
38350954
4411102649
942882048
427704594
314932615
1484354562
789546382956781568
39728827
15832231
3307295642
781706386812141568
709401446324805634
21892798
237977063
238862918
749027572982226944
775393033231761410
700519764725071872
772173223287001089
1075282262
48110445
20520465
742540770679398400
741432790835560449
727624081411997696
4579917917
2178600162
429697895
125730512
857846004
2350828927
32780951
3214673789
845323254
712038776592318465
496128533
390336169
363275073
112967516
759045029633650688
61104689
237565446
75647144
4893086944
786294429309108224
4163779632
728397638899400704
4582166962
759490039101460481
38335379
2779059773
4731851713
790811150
67899097
917856734
2593795884
2832475948
239022058
493714995
3072459989
702538484679057409
2421067430
753739949552246784
271983868
17798223
765251169379692544
2311011072
769878574052548608
2921905132
711295033320681473
718963192743854080
730456619222499328
920161381
701804482129215489
1449907969
760923244660523008
4833468207
138715433
725449852189069313
107553354
744231688218238976
760080250617335808
247119832
225437752
703637991168737282
417139531
718138956911656961
781606219626651648
3788467698
58858934
305327605
739091223110127616
27929084
28509580
453430751
2938610172
778847899274784774
81169099
437991669
40060969
1579181286
762531359869067264
734348794611916800
131038280
168758899
751264494970474496
128163680
91654658
740458639614480390
754752692732452864
16842538
774809083752742912
3220445546
1345682257
4862677721
979426724
19794863
745850287756288001
9840392
556236569
778659294040379392
778758862962827264
26649252
740965468127830016
2800419630
19822909
362290415
725812882286456832
756252871725809664
1175808242
695365245376696320
569485011
404197538
3435013930
35104212
768146210129489920
2693663317
800330262
758521248062189569
755535709868466176
487984707
732298495432876032
13337292
7808372
430158102
220824996
174935459
705140392287580160
2663383536
49205207
714475233420382209
197459124
303601247
2871899817
244783412
745970453030678529
755946466368192512
57517696
742399932875853824
162452290
752924128445861889
346746171
20798128
3247318839
701121977340264449
743158468073263105
1639186040
22042982
4302395439
49031157
138856401
2213427944
190931694
18380580
758891588026114048
757361422829494272
707946321043431424
555120449
2577862315
3371561954
17686959
2165243295
738751364277391360
2424639350
50735431
14794905
80956994
741064132905082881
19241655
4904397978
1165829341
757952218171580416
739677115570872320
717153074540707840
194771364
244740120
593513239
1954020344
343141985
543452426
798933842
620302914
520460203
3307176917
767862828
95964509
3330193385
2189140448
17688491
36527461
750887021749604353
717515894692380672
49012635
457033984
464228783
421252560
482410789
4822404832
720048672801701888
244353662
16462209
18791138
3167105709
726475738015236100
896025180
749018250751586304
1656686900
886012362
1271512166
741270822933782528
710522692189949956
745168002593652737
37512393
242991940
714562596070952960
72072185
746694143284387840
716079245852696577
751800546126856193
729046923173343232
3224688068
3379934837
721176266414489601
741058867937841156
623805899
745061734784765952
44363702
2784552558
3262942441
701601375487004674
742744109916520449
80823486
748731461113483264
15726120
2737406525
274263703
362314911
392047970
925461674
743731706780221440
712504900077260800
425310081
137423095
743167075712008192
734933729328517121
324586504
123767525
2742312210
38225778
730900323204628481
740411362564812800
740528225630191616
740429888235114497
727307313120313348
4354153941
739947682890944512
737758598508335104
2485274377
470457817
59347179
739170793679097856
1250988330
314405309
484158909
25855350
4902714075
587758722
19040963
4675757580
3190388565
733651231579766784
3806587582
705309332867420160
390490929
291774022
204161510
2378003013
734876202834526208
308468351
487248321
734138576485502977
724677137802756096
726202801299161089
2955265579
723440891390619648
2897715325
727995824576208896
733003796700377088
3306269147
730950276996337664
275715891
2941330719
732585729079934976
732497982688399360
728881314104016896
3145732270
862131258
281696691
239150866
25688206
97253667
716639054104645632
719478867287764992
731121642600960000
76744303
3224685271
730472680143630337
730713620242399232
939921812
418295259
21461995
4877442046
707760360271511552
1408148054
4545208641
84685398
728439317438173184
402112868
4879246271
314205406
39039284
4721679323
987521630
729046619656704000
16076748
537487691
30899109
2811485305
4857537145
705428448618156032
770759270
4754328382
232335155
4902016168
342460234
24247106
16819937
340067849
724373946561232896
744194214
242658172
707332080171151360
725141272185475072
753318572
727758138104020992
389841834
726947932646166528
259252751
214695909
1155049699
32199461
727949474044235776
196464715
718947164399935488
17010913
2508685542
17091942
3777068926
1118743530
705155575135342592
3145422852
56216752
2527934191
2204083958
820170013
365891102
3743652503
726920497523384320
706338463872897024
720048569743331329
45832693
391544447
457039206
29084169
23910844
724773643222306816
2861407204
11715042
554793750
296553191
724942204486189057
2278327776
382268135
3131070327
76549234
3386888298
707965004771942400
359617816
326430895
851695430
4751116513
726355733370028032
45239771
3220580046
1119245714
53502841
725568201300566016
723865058888040448
725124362853072896
2505084745
2971477709
719538368627871744
725460838178500612
724307897497219072
337807078
187495677
724774382199934976
3731167812
4463431703
700031636
720720024751607809
725149544602853377
117838064
433752577
124898913
724487093137764352
725154675062755328
45898880
32694215
16489581
2934009661
361544166
836232336
4498636876
717614332322967552
29184911
50888768
74257101
26184882
16721452
322739024
2761058149
33172759
4187444843
385302279
95802312
74175586
708768395987165184
562595617
532718844
1169473657
724335691291746310
190709405
4002607632
714094708373516288
8151532
346444587
533469077
262726695
3222286221
2385951962
21576057
21573816
469845522
52775857
2456874601
4476084275
18998291
43496074
77529321
1344713761
616623398
1421458982
100949009
27943005
824460816
34823020
312302456
723746643976314888
2288265477
875022170
2756388564
2363804264
259420367
1494070861
3368116613
2597372640
131430418
61528657
196738752
6013272
3384433271
294834870
1394869098
1711539175
722278380083654660
65401126
211956557
19808920
529151971
18412225
740600552
775474824
104459389
25951348
4697374993
422974854
480083441
59849033
482274576
584425848
287881805
3277943083
20271044
720408303692615680
3092183583
172141399
4921955894
704060092065423361
143663678
96399170
1493962580
14188122
2430341433
1278144450
21495530
720446894397333505
3963492493
2493013459
302991001
18992938
4898071876
45079860
1062074533
1561659871
709795327830659072
936024414
4750874478
807338700
4886031841
605525306
794151175
2409521251
807557995
992103456
54243056
2349010292
776408594
3578803936
1624046510
32820396
1604464490
262900807
711385356491423745
4830473093
720798731302539264
2880170886
712958933183279104
16368708
716692598769917952
2826806322
3651676392
717765437849780225
102229584
714833303929503745
3301624108
2964974777
251341054
32605697
18359057
1516335350
720404418303164417
16481257
23228346
392425423
1045340065
720047327168303104
331756025
467406485
15983306
22821563
705865207718023168
137354145
2729521216
3237109164
368560714
117450444
4868045159
237556667
48599652
235231110
16552994
632873556
705509322856468480
167478588
65675914
700745123471097860
585339703
103600744
195510109
3679704142
585725732
32318775
710643313267716096
1153965943
23098238
24279842
3814387102
49219889
715341308940910596
718907355266748416
714482749122347008
4084761651
17756037
1873539488
4870478255
700432420156395520
708477796796895232
20726126
74211907
15694498
3337386263
302275922
3293510066
712109096351113216
18876259
18204833
4795576418
955989631
3308594236
2654988740
181278090
247378337
2930060695
22697510
188163864
700545067270823936
3278075011
160310194
1934798646
33686701
20570420
4180303755
250713094
466992330
714238230506422272
387162020
4636869615
4898690614
3296418733
22804865
1611528720
717128264326713344
48607613
311677386
47630337
1466184158
4471996216
715961142024212480
183958809
2560843344
3299331575
400352771
2276703510
4785292626
16640037
737292332
20964739
1401422012
4069363332
3247344656
4813986674
1351541984
21707139
2319672114
18585570
4925584401
1594659090
620473700
3439507577
16209123
4871954015
322874617
714973048185552897
234123935
4870859956
1429224510
21868866
422270949
715770511389757440
715682076658257921
714558978131255296
3987161712
714870226693857281
4872555615
110803365
2165395147
706776402054541313
18347732
386284351
1376446975
142979922
134917795
991634754
81406248
2665149903
3221659154
2834406335
710866124792057856
710624403088756736
703262033727365120
833618624
705402570597134336
33040121
4821802087
2565489511
18298094
297191567
1584645799
24880446
2981584944
18543858
91095842
364514942
33253412
713952002686849024
706069537536344064
464143981
1477241472
711197990094905344
24740260
701488129903951872
1344022837
712477493425528832
3087647089
214615758
552527556
22106033
4152596593
16028985
232330159
723175496
258938878
712364895174430721
161594344
4926310961
32487224
60297891
3072928644
2419624497
58293511
372243987
4656972496
713475763035439104
4910014602
3091521770
713342534945226753
706990010042601473
41915959
53563332
15035209
4065475151
3031222930
390103810
16069119
4566806488
481629044
1346140112
3241763179
711639772809269248
2903194852
850633633
2615012029
704203035157917696
308376446
708309848
264931947
311530092
390914510
3818620154
2507276972
701552274766606338
3920426061
396188102
48128080
1885129123
709406894905958400
4883488983
4899610029
1957948550
519728191
3309139560
1199596897
710785952982155264
274422511
710285573403967488
570207176
157099071
711223009583890433
22846618
1721163391
709076015302254592
532635271
161511153
4732288278
2421047521
465878909
22699560
709781575714471936
710264678686048260
701133859547541504
16954430
1374717445
2317484126
4865738085
319654586
710244184876167168
2670772172
710123314568667136
4305471562
709248442564882434
709908218747559936
709776957110489088
18866588
245564291
709545797189308418
3783133781
19788748
241213918
1378400306
285161385
1941290466
526840862
861508788
480900509
135395091
543331182
49379886
877960009
21043723
131014476
1924395420
370882820
2318018360
61609932
25022491
4770303330
15321866
2273561463
4702245870
931287019
860040836
2434294310
3273997009
2437446752
27622898
708043481260888065
2323065013
4779422688
100880543
707291191100837889
60327737
25564023
35135642
4375581807
707939598182133761
1634262702
3342897953
923964859
87957969
711487408
707483638208831488
3676507156
597697965
75101299
292684762
28654816
47129792
2368263690
296068607
707608113562554368
706926455452803072
702779991717597185
21798936
289736592
200697773
4105037540
2998943975
25474293
21955533
3321386251
700624438631354369
2782057181
138409823
21909984
1571542160
21862005
1003062636
26919151
716813053
3398770055
1005186638
131013099
179414707
21027387
4789873223
706121500286279680
4831721343
398959859
4884249002
16191824
704525302584774656
4857836983
410794657
516659392
704289848673357824
125122422
14658125
703945034240909312
2455252141
705053565874741249
111625135
704779209886048257
4904668651
23912819
19463681
466205000
822411577
704178753526587392
123429890
16123853
697992894557392896
270717589
720902978
700850673504522240
325339115
704101455356104705
3030768819
3122485277
793975748
1970209064
4076953393
703986918925664256
2163252930
48911858
3024410127
1276230601
329159493
702459221481099264
606823151
2588699732
700520051300917249
31601858
931908926
15115280
244177754
21238575
2432221788
702261605703294976
3022998240
4727447810
69384446
247081311
4896655559
4186055539
2591437650
2752352107
3309654696
2739446098
701469918403940354
4327674078
2396738862
23860507
3761572816
4854822338
2579540932
2698413066
229518601
2904465844
76370519
47467614
4311393022
4914417584
2341358222
2573993016
23608092
2725140732
3918296714
2785853141
3312349380
21879831
2588206733
77492135
194301585
4874896845
306832456
243291372
329443994
4909991121
1270756538
133063757
161939676
17891717
3509458035
4899725549
3219585636
17172863
184316405
4912118457
2975586611
387707281
3244370974
612057704
4903238180
47361334
275714700
244723638
4221857565
4875126257
4165651033
3573336134
4897853189
38597673
1668150649
731816005
3318208598
4005092840
251187855
21341221
4877208435
3072094495
4770829069
4893031932
70279623
1421631721
3266526978
4835062336
32168059
238648688
2665382287
3006487744
16300160
17048323
2489886325
396148023
3873467952
1869575251
1665226998
843863647
2667470454
2582983692
3320557224
206844298
50401738
4182358696
4841690421
4621651163
355152744
21025381
3342277071
574166517
2209184731
383892294
928829323
3960963089
2414913756
3349433536
16351724
311188381
3103213542
3070366039
3907341980
4795295980
73050826
16168401
2477854344
4840634607
785676811
3223914997
4739088137
4741753934
2377977842
1075939369
3164513660
191728014
243786082
1442476447
16034560
931391137
2188860223
780269431
17258301
1513958744
241839490
34313135
2360448613
22796565
4784278495
22064255
16719435
632284182
3908790260
748761679
59702598
66914769
3399534719
2608302020
4835114506
910233571
4416128733
134594804
65272235
134312357
1909087813
1598574949
36713347
15975054
4825402078
316788501
490401229
2840915387
3167335095
4749260293
4805561176
34341362
2280037440
3056142064
32626943
3440917935
3082892500
2782805711
166281130
716681415
1072478329
113349253
183753455
1289801750
1108521060
163753247
2354883653
2732944034
22387277
4240921873
2400901568
898822854
1278973044
153492935
4606946533
30657398
4257781093
18907301
3683113160
1355218452
451662665
3150098774
2613143381
1714431205
3169035458
4372360522
2735569132
17111550
3082986275
4675190990
42362189
1969346438
3168209881
39606118
259500938
4540349897
33009404
458084297
4634335881
4634143457
344800059
67375001
543780273
4412848993
25416225
3258133034
4106517612
2993296372
569487350
28722984
22454663
441317106
1442070312
147351531
146160591
2374373018
23511542
115563859
883421593
3436249294
575925999
2379800353
2665614127
263801240
422181027
874549382
591297698
4327242015
4649116399
2566124461
116630205
3217694460
2157463877
3074077823
2523229567
744036356
18382184
3308535203
3406500304
2656915321
436314047
3269091415
2924711160
