1005393003941376000
1004029801399660545
995080610778701824
34383891
972105889036619777
838450579
172434834
89897229
414461904
4892121400
2943505654
2972541035
616737225
2295101324
2183515976
756124416002625536
1466856180
82161116
3044928443
22220344
7886692
15115280
16582329
750506998886576129
2936619449
976048208404271104
16737325
2332042680
1415609142
979138819525107712
328474134
924700947284152323
3287916110
15469000
907787109972443136
811095720
29620023
19498113
76244372
2541122973
512655278
149083076
892112069687955456
341432043
957599336191406080
836411466601332736
2735569132
26872789
1326535494
104556790
16553897
188150750
972374087107399682
759570314879655936
77426599
800517089211469824
378084843
260222919
19721065
2497414556
50226004
55638250
939515165321592838
939154662023888896
711973103258173441
37762224
702972156733423620
108191238
800975878192668672
25182633
784588283712069632
2244103740
1924071992
2972096680
751902676011479040
4341771433
714095490170765312
921836118026289152
897322467592687620
32879813
895738948135276546
877363090324676609
875806211500912642
869056036660944896
877369740930424832
707885995476312064
16134203
876891096466501637
607622157
540455580
763797946689290240
869051471064694784
869032957058658304
877990183932751872
875450086041436160
875431259048210435
722947674
3178217855
874363291061145601
872891784086642689
870748995739459584
875371876071100416
30577946
876271511392239616
2740465987
876894898619912192
874358511999885312
875390637666742273
875376609573916672
876817009824104448
876612133693399040
876622681877225473
59125662
875384872877129729
1621053301
875379588020547584
111484580
767484720724647936
875374006110744577
875439674323484672
876829054619574272
878264997947867137
875438619753725953
876930256451637249
876837912201048065
750457920832278529
871163615956668416
877534999393832960
865228976767324160
865224005476900864
864941108056309761
877582796902019072
874737964378501120
1057196166
734080232580382721
64417485
906784219682234368
17060507
881896537600786432
17857372
892698831439241216
47347093
519728191
36162563
124248479
40766882
901283236889886721
15035469
581666277
897263264547180544
2565924854
42447494
828023185014718466
895823273556144129
802184729235554304
2317906621
1871951330
190906140
896928505
513749649
3773576475
891522908886933504
460480367
892726079550504960
34260357
892097233289662464
4591711108
203383764
889542834323210244
18121810
193078321
19607639
847648197233201153
39337069
20967940
23983382
2864879919
47224036
124776946
69345925
1428245454
885014589817204737
178778119
3332073706
884424543418413056
373537163
775346339974709248
18435068
2841489305
2399250907
20234661
1494587336
17239982
1952510090
42747906
844448110789177344
47227386
3035638353
32167206
807786424611246080
2186460294
3617406618
492437380
813478119684317185
835911265
64715395
4925188717
257715213
868538464429592576
784557509474418688
3009175853
701876462480187392
250830363
2364021598
388093697
844183688
774752374183243777
863746050
33313552
873688791311040512
847273558078140416
2163607371
770068612308692994
21631041
21691269
1214410454
548319086
16383139
802706406432382977
101008921
2342099113
834843206609227776
2274775459
863148690
755460494232784897
743662391888535553
720424925681438722
366524963
3829659215
3087528497
724077790492913664
71715641
813655189
498843659
804554843851370496
837924128
4785836575
3190216147
2717309671
2581952822
235968547
14632689
2528864725
1942625672
3920426061
862050312689004544
2262755777
4490534239
892575421
155202983
310990008
4801425270
32839217
1881340542
757691039738060800
22857194
339996742
225189494
38372916
156022971
34603894
162452290
774350940866576385
1176615978
480157541
771042656
854303580588838912
327542013
17686245
12314962
290800279
762773887562158084
847694128527810562
2611932073
65430111
850470344532131841
745209763680690176
7420282
2205491728
73377501
80420527
824460816
893372400
825083216277209093
50332490
349721109
1584443460
779032712782815232
20802179
66683913
493714995
831307933564751872
830169685635145728
1597496460
844239561966346240
766719206247108608
132339474
247791531
202351553
2569898482
67374508
259861306
88794361
2592572160
843130122450292737
861860244
1585983950
3330264436
2573289212
2925906407
31888591
815251442172915712
939762660
30691918
3843888869
826891982559641604
16637697
785063025208197120
2562852312
1639114092
772535353722953728
20819691
812736716456988674
162118905
823729085318885376
1939490418
260335091
55273823
359768160
31817141
818667611009347585
4244616315
2820217755
127624661
613767457
126320142
2405459154
85117657
1654426386
2802062539
28225322
827312160456003584
835662735597764608
1598603876
14680172
733357784327151617
477277263
795608748547080194
63209809
831701163837898752
3253923108
3081602615
834108455325749249
915399332
358828890
26251434
299929232
823354005128552448
1630796316
787428489016119300
799246355487043584
63770391
1687138645
704209579631091713
798781107705520129
104280915
27839872
832058549194805249
769878574052548608
2190195816
26877755
828396792593014784
14444572
703438903974334464
408905990
346257872
23746411
744255475198238721
4083670702
825624052299476992
569600057
2154374886
375604693
174477930
552019766
15861135
24364710
828957162319773698
474937638
43622660
314323198
785327755214725120
798942595162353664
88210310
2761592377
489975747
3455796672
2535428173
3037232182
19339469
708353900961603584
120160243
1509457064
860687102
59265267
2954177146
154667600
818712486790762496
765191508572110848
826055336100511744
333771669
24828656
15554072
1888217911
822890274020061184
2173054549
821939499223511040
27312014
821156055317024769
2439954890
41898693
36651855
818447913802231808
1164084751
3146243356
822362102
840163230
815629376326729729
253700819
153252061
3115430755
374667569
219588553
809729932528074752
1177301630
48911858
808689070918406145
808657665727614976
90581189
806603051163209728
806314866889883648
806279518520508416
806090050702311424
34014177
805675024631767040
805491366063177729
805449146312355840
2745834690
18134063
782644297673744384
742129940263370753
62087692
805165827557326848
804523068970307586
18585823
803615082177589248
803409998835580928
17397880
3382
803285638669864960
796778201943048192
802701728101478401
802611955169161216
58841923
762143470978945024
154198848
540238571
60970479
4743638910
801705072300355584
3936465442
590287598
800112139704766464
801411496437760000
157408274
801239905644838912
178362634
3223914997
2944035744
767337358853300224
741475172180430848
800709850825035778
610372302
485923710
763473214957813760
302307590
46197784
499800496
800159051661221888
379327634
1259012294
800002987401814017
799992726855045120
131056491
4850268548
321685749
41670593
790622919965704193
1165921952
14098909
799654034084864000
47430210
799623218608869376
723846453949554688
797320080417619968
3485382014
2301093788
798859058757468160
798539035014676481
772316186507812864
29840535
20675681
146160591
20674137
797596664374710272
721900651416924161
3375523786
796438844690272256
3247318839
15229538
4910321824
2605668121
371950796
48582802
189042188
100548527
735103080
478295596
704809001884766209
19463681
105463286
1309050470
102068185
1096235196
2176046582
745041733
708447318475812864
795804720820527104
108288348
2778998748
3309139560
785508987265388544
3003863477
57189031
4080468527
973153975
1317549655
778032487976931328
727228304164425728
4575014483
164377995
18278209
247119832
26757325
794083660752449536
2830753389
765101513677021184
783080066968199168
745194672117604352
793027665678704641
30317113
2768091099
4158076181
771365965808279552
1975600272
1400225360
157496375
700432420156395520
902544727
788041277950525441
788141857851248640
39523664
50026826
16801580
172422642
172430944
2567365058
760788621083316224
2473783645
725330619320930304
40962116
210755262
874405711
2428776326
701801577711951872
786249968214417408
32671625
475208972
755623515362041856
732767937170284544
723273632550662144
24400071
731815814
3188870142
778800142728036352
1242991880
2247004094
69555580
2178567365
759601952036487169
3308296797
4741763907
76053603
587875070
21378975
146712559
3430826871
1610988150
20733757
745388227985571840
174470703
22270954
246077068
2975722854
616277800
126145604
2519320044
4615524745
535378373
43518508
86936499
594874694
742135407354253315
7027112
30180284
155656625
16981579
935208787
17487771
22562947
732749624268595200
1369214586
2377931912
773094395889319937
3160151021
17688491
3368660009
2192125031
116504222
319298787
2998036085
620302914
1087124954
3148710248
344233703
207677908
3023842258
598219474
1904970228
377373839
3036903794
1090437278
275301256
14182297
181638022
750372111911444480
16672644
18479820
1561316222
231169484
4794182534
734139849922465792
2363075347
2215842624
2258384158
997682274
42946422
2369017616
17194090
1585924747
758904203058130944
18992077
2988785197
524024759
19970375
3189001238
450361974
766732293272510464
707644462520868864
2576145644
239054996
393069380
108708410
3217694460
147997099
1620241963
2893656743
2701771764
28051036
288425136
1957369536
3971280749
739050905413111808
23959413
14594816
45142252
65356394
3663213984
152469225
62909336
105626913
2817657692
4917802760
98555621
2279709169
212770495
2335750922
2958677722
2283571788
748946826972332034
945863539
401492732
68382570
4857438269
390396654
3325149609
1578677388
277845186
2650297648
4308558928
2305600046
3065311007
827972838
2832475948
713118132253143042
2853370361
34230408
15574123
2545778827
28009377
736026823
38084610
21937463
27926877
90280824
61588608
370994291
3016703440
868130508
525925642
265287633
2720616408
755446444375539714
755057200901398528
165071554
18658584
59293051
746873584602079234
48442290
1714431205
4630884552
2771704583
723175496
704124670602256384
426578718
3874107736
1507269835
326951201
2758999351
2473053800
81765653
137916249
2226615308
1299077840
745715541982187520
2899846943
35591912
2995824966
20457767
715612737146134532
745677879569113088
805847202
2983301997
526583592
4688765624
25346069
981662126
728722860773085185
1078037108
49068640
17243913
214582014
722242695574360065
1027595330
714562596070952960
855238604
44645908
385292192
70041859
130759498
2409501757
1548283171
1406738875
3372601048
120601106
14755761
361544166
1228651723
735341909363806209
8310782
731906498977251328
2892803193
21833728
557175261
21027387
931391137
4706509233
2432221788
118048366
22095997
56590228
106229595
110161115
110803365
1377610592
526592438
2319467624
2721907691
329415374
17302417
727863213719625729
50191146
2921006676
292684762
730193210115526657
488578718
729726991482511360
729243181322252289
864246434
3509458035
2314018987
454852891
65272235
1851641766
72702965
343535198
726092366176747520
536514237
1582072040
3927751115
228015335
2329441568
50888768
2771705818
2930060695
1102397742
439304692
724080732516302848
725192122744320001
4658235494
378894646
807557995
292080342
723608486593073155
723340230829318144
722624065135988736
906236864
2889924959
37022000
721882374397566977
707491793575653376
719467821495922688
1342604209
323947226
2960196001
233291124
20132655
160279987
710107285603934212
371348311
710533987316400129
15808873
2429951762
3092443319
2875145235
701133859547541504
373264592
3171514983
2334849860
2833435329
22031424
3383116294
705256554463760384
295203519
96231959
4816335915
65699341
618647485
138083327
351500954
33185390
3369909550
297756297
250784343
556629230
93777935
3103213542
704405244147474432
231529253
53461588
704080809884585984
704072586662178816
368560714
2714849785
389841834
4833844786
1684930806
33780561
2330269796
42790254
1534070473
37696383
708715440315326465
708857608329945089
34157406
1290361687
1186897472
108845320
69367377
148720003
313950755
2902227223
3888974058
707211906696814592
3709999582
140676200
21223161
815493158
1545093288
704625987556929536
744194214
1975508851
14676907
1954184090
766547376
23603440
3706994834
18204833
1362124872
606811375
134971995
254173504
107326707
21802000
1300866686
2820006249
32029132
247455239
1955423209
2167903529
3054701428
2174118859
2741691240
2901307745
4685233826
4835062482
2388152726
2976174855
2225959311
1634552636
3385838248
21041737
264292425
4578633133
1643909461
4269727708
45673524
1380203683
2968398966
569028430
97273575
4265031859
3190445888
4703571174
191050844
1540491704
4612774659
2969992499
246082925
3578746396
465145766
16163955
252509775
3557059218
2314163281
3291293091
3408941919
3241027687
76076021
4551115843
559821082
210269467
4184160860
4449824052
3244111974
16332215
3301314368
4409298341
3734030474
588828104
343324857
1104640388
2969519493
34628220
4071435339
2309602127
476567262
9769302
161186443
258174139
3294391217
22264801
2284129982
3977182754
3253249202
4291112249
18372408
17347693
421191359
371245584
2282706721
140040894
3848013568
358277172
231218861
1252689696
4211159595
1049586888
410135192
3951605835
3947225355
3092194948
18381576
1410723450
1747326008
2293759616
47554499
139170905
19714875
22366704
200752348
55260503
3413810013
49412379
42178519
1061682494
491196570
592067988
2356437643
4184705699
3044178418
16926194
4140305783
2739595552
4129673519
322228151
41660626
1434267175
3845595497
112785394
3424620287
3685344263
48890510
351915377
324042503
19321988
4027280958
4035173836
159300841
2787434657
3611199133
2916641307
3941927416
4014679995
3166967034
16470496
16305330
963008875
4024275799
97269899
4001267540
2752771809
785756168
2750283248
26215019
26131543
1255496832
4020879647
3150336235
392047970
2613143381
22873947
3282083700
3970434443
3403467853
25060654
3431603412
16151935
3878686693
49352957
369147700
3346269784
23989387
1278587388
1084112678
2920159904
3315087426
234445902
102475469
252141144
2235067650
2355210368
2326576213
251848509
525783599
500391228
2948423945
125975756
893630742
33537161
2279210012
25537232
2849823531
3484696393
400479563
53309297
204731800
554985858
19400066
3259745894
1419037717
558293436
2279225400
2561848352
109394262
579901025
2208010074
1338492253
2746525580
2316563648
1924098218
3384650855
15784302
993237104
2908243593
15030319
24136307
105031348
16988803
3719180902
2711736046
3204104200
2200221
2994753123
16475594
16261200
34098738
59816192
2834566875
3317517707
3532479797
436314047
418942331
193862929
390103810
991634754
2457072582
136102085
2153626892
3697297282
287555166
18220818
2611360124
26297228
44828614
32522055
2822640558
2977464768
3657296235
61164761
3554455152
3536548693
3489949048
11667542
3400104081
842438154
1552661191
153160988
1312682300
2863342504
2508882453
117603209
2210664461
2209191336
1377719425
1645794463
384942622
187715668
3168209881
17232340
2260508977
46756867
70765125
3271901010
512417432
241596288
16444840
3404793684
3425670304
76639716
2785095528
1255294398
451003296
2166541462
504998066
498895163
65651121
3436348840
3279330756
3154311184
3289911764
3337158983
2328599465
26519891
866450544
244931861
1673589552
1518076123
928248204
252614949
3429205642
3412624564
2427122683
538453530
1943195905
185339791
946645580
2562243727
3414773613
125000580
226774101
983373534
3087547489
3275280518
715693362
248950493
114574728
3396620860
2941381346
2203448777
2409583035
3331548491
46232304
3280054992
2634253410
2218632781
36076815
73899720
2594216280
450863429
3154325621
1436643948
3002412724
344308796
448203900
1934992172
59956410
1297947752
313161768
23458269
1137273540
3289962347
2203754263
3019681239
230468825
23676863
3372714395
16879947
73998366
223876859
1395789518
911861857
42966058
386209378
2302030458
2308532982
98763982
1487820380
1608360613
3228702778
2691735969
2311326116
2426209129
3222870463
404615417
2411777466
87749789
3253174539
2608956567
385628927
2347762888
299876795
1147585616
1880852461
1641460268
3314094933
19050314
806816898
2855391617
211109134
18869950
2898680518
172106013
996701863
2572844671
321502921
326665662
3241369799
24179510
556559510
2683521387
607530328
3370777127
3272806026
136650053
224888212
3275150930
2531331012
3271060777
272175633
780269431
389295982
3298873835
1345448041
1561752265
32767487
108155756
410344372
981145862
3269306808
3270062568
2877581183
32595764
3268879890
454876757
331757749
3357423873
220807999
26016102
1894460682
76058560
126895093
624827127
2394678200
1046114347
3344286413
3154312347
857271230
489315957
74300466
20414217
2854722753
270655824
3178391817
35724235
780914384
2300087947
2736133386
202250575
29786124
830093588
1140245000
196985206
481926866
3183436958
1012082191
131299338
866636772
313516972
21980816
294991606
23107734
910579892
3112622919
14297863
2922055111
1279624999
1613401015
1688748530
33688916
383294284
2556689944
2497922608
334849468
3306084245
3294405521
2218705350
557782701
37131103
605757334
20964739
903015312
1901706618
2858815025
551239859
3342110373
414020073
76139593
41617592
3178818253
289118612
22146503
223193322
2352090426
73754019
19050560
3128873627
3293364316
319240698
380693277
513649999
921429380
960967081
3315504405
635702011
79784897
115094250
264117963
199317006
543564729
3194712372
3248285439
3038132994
1435649419
26832194
3243513956
239510568
963145339
3242180918
118850495
2535377402
14240875
2885158547
2340698592
944771214
22118470
411809185
64001145
357399009
904925743
482944485
59965079
209621926
797482897
287084075
299207300
2573158557
399722029
3308164577
2684865902
47806621
2845372259
364510729
1061723917
719004151
2861354860
75192294
48935222
2927222132
427682076
3220013046
461835024
86154852
2349237695
764622636
1452961598
2175135781
3298614399
104215741
343396879
234639476
199924232
133587169
316152356
2873829579
2225657954
1264929348
2265048648
507877806
87556475
549411894
1648822190
26395556
22360655
300576752
1541958865
59955239
484158129
2480185489
406525423
24064455
709128834
3214546033
245919293
14711728
1355218452
2596998888
3264652745
16977308
72493307
2272300260
276396066
3165654648
880929493
530816798
368806984
3145732270
1885203038
328225741
1653509532
1974312235
1051557686
2990385924
2696968765
3176565544
2941781579
2937681905
3139235347
20482617
433020259
2511484669
2292488509
2615725926
3247907297
33612881
994053811
273418969
149200804
244681501
626002498
2375354936
3245251696
16971752
15515329
3091066295
3081081575
3243676145
207276424
2664454297
45413198
558006979
2712859272
2893780095
1043951282
76553631
319124739
1892145522
185723734
2840427113
2203993285
2918246492
3224490713
2860233504
458377940
2992584297
3223847801
3235220435
1717148352
209340147
277261996
3145272258
15393840
426824152
461720060
129637715
2728658254
141667751
55317756
634676291
303136701
1314177962
3182440358
301413810
898533348
2972964795
565797499
3041101890
149751818
276842152
2806004678
3064539303
197032439
412751259
2521541502
3182152338
1895637186
3029098295
15741883
3133064804
399712913
127886596
2329498706
2307481790
2648449083
199875709
21670445
133283104
516023524
3172196531
1634110867
355872790
67899097
2329328857
3130720094
131466968
222642290
87957969
2836331371
2237106438
1659492589
2221091095
2221240856
2162283384
1333415683
1602679219
2497632108
794844787
2825665092
537582370
1629327572
2480988637
2514192138
1889148925
2437816520
61549791
2852689555
19013915
152455247
18267131
59386332
118090969
346660946
894449538
45627569
3094763952
241284091
550423777
3166217539
252189839
3171890440
3188864140
1169473657
3111752029
450563657
27391292
278216480
3164280193
1525391
48772945
3164899315
3005766078
751947774
53130511
24325658
3069284580
3185969111
1629678848
612253780
110557285
868856461
19690224
475260339
492991594
615566756
27002573
2928158802
1434586208
3171918167
3157449300
423977954
2888303193
316471699
55712928
3007161316
316033600
488799600
2321048635
135857034
807251274
3034750981
2369193094
738109604
24733117
45381821
1833919200
391201809
122861885
824371736
778896979
24467757
411968161
1456824098
374817258
2363804264
215996801
887112722
1447874994
1898495682
417916672
234035003
539206290
29580004
547699457
2263252832
50251957
33531486
510847496
1687795004
330502336
2825610685
545474475
2801881074
837561853
20852175
3134903522
249377359
2202032204
596829139
1599375019
132204038
2968182964
199305082
2533454539
2615044988
91689234
190088179
196802928
32242327
33762617
1120186334
855715472
305894011
2265813330
489290412
539367154
634217901
994243442
850633633
350509998
23608092
1716904873
435799786
784875325
1543082737
1018560540
2326226912
570200255
469732090
3138611143
607395781
2476658245
2344141208
484399952
563642632
1934770050
2468722422
528055712
110014280
3031182459
2188928774
487600344
2430404383
1604640828
1284956808
484158909
43621399
1183314973
16256826
2324656417
792926154
14642026
2246706352
3086596689
108020041
15635264
313407573
2471587969
2846711961
249761195
49223496
1713527208
22852455
22337329
700050488
596066155
877960009
2716424853
51880276
1280705166
2463274765
20698136
297943941
6246252
1548714900
33102995
251769890
3010422596
344687656
1239072139
2939675469
1587648133
3080721111
775831849
242903028
51203205
1611519468
63747308
894716390
268982264
165026086
2903177782
2988955527
21043723
909196237
2223691094
291774022
3130572911
1604464490
36429119
32843257
3047231198
3033442686
153881641
22181755
111661126
3005456282
432703985
2479159384
65936962
21944257
1421458982
302881437
40874240
762435337
26822709
338968305
2929042915
258003948
3108135155
301214130
370471689
2678036371
263282373
983631044
2875589390
2305431584
1092188078
107456208
1650820681
85657467
2763680641
3060954777
2914480824
3084848782
836562037
45345356
1934787661
474909073
15222545
41984111
87383875
2346158455
1423707932
15384969
16700601
452223986
2191275155
15088481
1252882802
2349043160
26543831
2454202220
27990003
104459389
39180746
292671486
53158947
216802451
2183959042
755716560
117983479
374253854
2456240694
216247640
558251172
64302962
2842650084
47128578
3035861950
4264291
1945513988
3077471559
2836528966
2893372832
2230689890
346118131
2433423134
2986026111
41100077
976570982
1679312815
978955176
200962656
1381088924
303127473
1111697310
1551101437
168838692
122296070
2591843082
104943342
3004647362
1470392870
384288098
18132097
50458131
218016744
76919759
530822717
243192013
2421316934
3039969863
47385801
124337626
518615888
2362289210
35953472
2358135572
47987933
531331765
558058097
50621225
2892519259
284559613
2789737974
719091345
168524035
1924182253
2800144745
37207396
2874198561
2285284560
754135908
2963434040
15362655
263004919
2938962950
313631499
5839642
27789217
834370586
581015536
361902109
444933627
189967523
537476067
438008481
1694425855
789430788
462256680
315577705
30231573
494306386
394134197
32181402
389524877
2373857028
902167662
2595366655
84333037
2815538008
2651402275
47416919
2857852347
16696584
78923308
32052180
399397538
2279325223
518744362
363332454
1013889636
842432472
2568992936
2514817615
355784391
181774108
18029781
2350099799
39798407
16254215
2378693048
935779562
34717830
525595860
15368940
2181626861
1426162284
286992566
111313342
1449478590
331681920
64147321
1669307983
318831260
219937434
516048585
403932208
33879063
20122068
341567938
23303643
19088288
1253877582
142889259
16568402
2578595598
160273215
1553972540
921759169
85412926
606412878
185279440
225093334
796261392
2572380520
2964584867
580857186
834394100
19077091
375152322
195247895
1950378002
1148468052
1184986788
26961627
2551981338
117104543
55057923
20730692
593959216
2199121362
423502732
488713596
2998896436
116151501
59240990
1040447646
22312331
60620405
1119335047
468345250
164554364
91942071
209608973
420730517
79281600
514793921
496557454
73333278
1571239068
725595571
970368336
1070242490
1641155858
107651327
2959327919
451829734
142445186
31360891
765763200
19129405
24863591
389972564
260851869
233666428
1094114329
2361623269
1921044313
49021031
2649886530
237565446
2267538912
107763179
2955555394
413378862
940160473
250360510
163127567
323998361
154918058
49800332
2926431265
2857212001
372497412
25785889
468875350
242992653
18787733
55310956
524083808
396044297
2196201139
565780235
48038030
937599224
357331066
350577385
979621957
428484375
1137972529
82154548
109854452
21710345
2944346960
17686959
357090691
34341362
1192029463
424970283
63144098
32382727
1349787607
1097481001
1601937732
296394548
2866890443
330809456
15212700
849169945
225937721
212023751
437883882
132918446
2934041888
188066062
981114307
21238926
428062795
981951186
2695078408
397808398
45748825
197093732
29247612
629204555
59849033
15067424
18082945
733617661
907376150
2421067430
17072206
2447771113
250821190
183502801
15545122
14753225
611952043
2975411573
495904049
213436654
53547743
2975602381
135550530
30917871
309705905
376744269
1974934074
2811455407
2815413319
250764047
2755092227
1969346438
450078504
2930060097
197063540
2517854953
71849044
2887568566
2577514644
762186390
959697078
2954438028
349803020
770759270
113349253
21705181
100880543
71907621
343327974
2823101181
2332306187
247641437
2436275690
270816634
459269265
158835552
2904105142
207750276
2830790397
53090314
67095221
118272507
2269619268
141517244
1432540866
2238788086
2658669242
1641431558
176527913
20212038
2803930953
2833364028
2816738138
421645547
2475141506
2597064514
2708720750
194355896
241818989
19763032
2321853955
2537705196
2688030203
2487481958
1445833945
102469450
2659965792
426229592
86838146
2176610345
49179630
2291749409
1735622256
1499172588
2309041789
2178693372
874422625
1171560006
1387534734
1939042340
2442979115
97486299
205886683
251927949
102722892
575925999
808798532
2465068549
2651702391
1382781643
2528107053
133660525
40178724
2526859682
513263255
378813671
69375886
2521671926
888650520
831734202
856998786
274268358
2462095152
2366798720
1312461140
2576533716
74803280
2400681571
175220429
597526080
2569442270
302731548
193788424
31257471
2475254997
2508537001
2596696569
2484774066
96565174
1628887070
516690442
1305927043
219067214
48212257
93274211
135747787
17420951
1857438350
1623145514
16383523
17426310
51253264
2461146063
618117343
25767670
221969181
95722416
2193115686
93111391
43261344
851711263
360285166
22964154
2515514209
2499909950
2511295915
2285834730
22491706
725484404
2534788672
40940905
2482029020
50631652
1038280885
14179992
1397859246
2277638912
281583324
1873592425
224383563
16892838
2499594940
2267672435
422209342
1619583330
272207474
281793958
874594129
263684903
626389396
2442714327
451436822
582170910
789681564
1160498220
1944351529
126903716
64128634
231094495
1709506279
227472036
421285450
1018265244
2305203293
202596297
1593195907
362763757
596934380
2283972973
92918595
2274427958
330893699
1931363749
1433970751
2182378952
981467790
2335160810
731723456
606662946
804847530
262749118
1578865291
28183043
20719399
80200882
83106454
1335034154
276523921
445363496
2290087999
2381159473
2378816984
605856131
2370678690
91472554
220247357
319744295
1712665639
2320104963
109955525
855382141
29632619
2272823496
2319198720
9715012
1132580683
273384940
874981778
1171038648
26696259
2186789979
371246632
2190950058
2320743086
995303684
587948368
1599461028
717385399
198512192
453108717
624183817
312215474
2297379576
225206597
381951947
15466386
1930117117
918152227
526191903
293338658
503657124
33414940
62687972
806232884
758294016
2255685314
1226516628
2201936231
1360185782
2210456979
74086575
2207803615
245452173
1155511752
75390313
1895848993
48785049
999871038
131085308
33876307
2223244292
1311291408
750334267
2237217954
68754498
335020803
1835605189
2223667478
109340131
357371492
38167605
979696386
371387715
867957786
2187075505
292221258
2211992604
383348501
244572006
19808644
1957368127
180202186
247616111
334314757
2150852557
1718754474
176924096
1672792628
2177554735
2165392950
274107436
135973335
1955502152
15873448
2148091075
2158819363
788117454
326875046
564838934
334417937
2161834550
1888270578
2156716572
95497798
1917492739
1000300074
894258074
193142927
500274585
1879019192
335403927
1304952816
283824663
1453421131
20226402
553888314
116610897
179727311
875181032
455182876
191218882
219335025
22494499
1554486830
500110610
104009975
1056121380
194753438
1932593258
258873196
1349535121
1935732793
1409179592
79767307
22071069
1850997282
437103600
1599507938
338348894
1931624240
287935305
901012525
1138058444
1637475781
38950282
20719498
250940553
1613686885
47201452
1029113162
14532805
514884959
121588717
1566650000
1917374550
733705315
193148475
1902376771
1355602554
65790247
322402167
1733596621
184100823
24822574
130950301
228203152
34301165
631841194
1897490288
1891057910
15386676
1471130460
340384670
1631269956
840461114
519828845
221082761
225721435
90509320
589323375
1266071461
1319835768
102126729
321086752
255097390
377582280
120609094
20999074
168597840
1491390385
41356031
183808663
1558262562
26734588
268117600
1844651629
1647686958
437143250
345736454
168735811
757587236
259046614
1149727692
1564422794
179738569
1765796936
123519239
345411282
1695997351
270029124
1344319885
602240284
375915730
504033440
172499336
317378810
302694279
365598653
598940827
388454092
1227372716
871700564
373375154
1043439332
390986526
1587801019
288934483
146593011
30706896
108263030
27317014
1563566023
53728308
71381338
398885397
1130921034
79888533
74396555
262420175
160096899
337468915
253172065
1318909656
249319371
1056094244
1029393037
841741326
304024725
188388873
903960738
560863506
394408984
15261077
22184490
1633844132
1629869330
555625224
18627521
434070859
391900638
1455514016
22939714
205991617
923134632
1506020983
315538623
312361320
1539035665
599626722
332393307
1582941666
394860161
469642697
33274604
438833026
392936253
30170102
232375375
797010090
323587247
202303439
210121781
590077316
253361674
805530325
775068673
160389831
776614068
360852446
635444407
1553938502
354388118
412373219
1551837432
1547300286
1535380110
74526911
594351652
907836385
1156123632
833514738
42106325
596533512
31156384
267769970
172340181
853012135
213503825
100026083
1334251399
22796938
809675436
212833613
1067551969
614604171
564947096
858907512
1244637325
14440521
344984311
239608900
1251327884
86595402
1463368166
172463252
1510454502
16880397
392264402
19333617
31488114
801830035
1496799278
21630146
1451706788
1496814860
231786281
763382708
86250859
38647183
366442706
155446888
215439251
106068534
481577887
445773444
735434822
114536766
782346649
36763993
1271047902
903919135
735891769
1173995419
39037220
586170153
994195021
1481498258
353488427
234515103
545465077
601905210
402230174
1478868037
1302984488
423989223
205971284
1308960288
16225955
25379026
69022358
20218580
895453638
1080000534
243487212
1104463790
24381570
37430149
21860606
15891841
1252771418
482437574
14602934
41925308
768159896
20282111
233714045
15784996
568176845
15014747
839779261
21784477
1308444313
15882965
1389652940
1459782654
524128836
860007800
1398575401
485333601
1452632922
207321948
102427409
1427348480
876237091
497211689
185030854
1395694514
768544610
231766341
939522452
821244445
14192558
768239726
117507629
142845566
250524643
1038319285
555768723
535129670
1443769044
130853840
1414799779
439395716
535714966
352167148
1333728570
1236646982
802759992
328533968
239446275
26837206
15261285
346274925
313759200
164941166
15433946
416198546
350336411
1373178985
383674990
38478015
1081612040
68419881
415206294
865537568
790257194
1104128798
459636187
21398055
276459644
42040362
460241549
271030180
393249483
18066875
109138393
22185895
217989275
1427147929
118886666
199139582
106172676
21619958
408583853
424577448
129637929
243665968
267994104
1421231420
237082086
1392473858
208944875
27457454
518954565
785256445
14529824
39033918
282037511
69760172
25435411
1357971660
551798977
823100672
624010446
1319132317
91425019
1380141080
110935568
152037557
340082452
28400500
317823068
533424074
14245872
591242921
1154890316
1181028978
1145190008
48363739
205455341
35176496
436218845
1395552674
194352056
1278398606
237418410
38705789
22604614
599739413
253436029
33910678
271473456
339436446
295069133
1214883403
257801122
964671607
27754737
869893802
436048826
42491577
413507217
34009640
399665589
416913218
31500087
28629007
453509947
1001736794
511010737
618051934
464596048
833254928
329600798
244298435
1369857192
35204285
48179338
262559853
17879144
1365894830
345134536
437924550
237127564
623635234
53019309
312993447
277064509
1352680933
385478505
43470341
22039666
139374685
237999088
31345344
257406999
22532954
261035490
795659942
554700548
38869399
1347178920
248298549
15824159
876363896
931346941
1332404328
592387449
247646254
148090076
1343338249
20281540
65035526
25373949
1167384492
236542292
1206382903
480877857
1334916512
330791427
74988238
196349388
386458628
184436475
247458967
1332900422
439378648
326550887
1322151530
927240422
415669353
537634533
43112319
1152648396
571359478
500156392
832428518
1306630302
578529494
1026496778
157284709
191289024
1267843267
729701923
550061081
509220944
245731917
16711026
776229660
1264984148
1321795220
284699826
1287431077
35688328
1296651690
227224676
37536623
68548942
16173357
1232955438
176811928
142984818
240642368
88478533
301047857
451246588
27866522
126657192
321398947
612329499
14614302
512385700
1027666122
190877910
40589647
48854106
397407125
87224104
158890929
1229466354
186430588
21198477
118576045
857022254
19802846
40839229
491825639
153693902
52682906
250548910
636591719
223010699
332759488
1290365395
935515122
33545362
15459519
222315113
231032072
331178094
218188983
1288467744
277953086
46101436
393204655
209264698
61536959
1283173988
913153436
1237659528
769411693
1261595276
433735182
105838701
460598221
266138365
901746744
97515248
292002027
586448812
21929250
401090263
297616028
492520668
16469505
1205180269
428331992
34919979
230833009
1101735342
450101575
237792562
828700027
26372833
84992356
796493114
28541485
959596692
610924691
898183214
174620623
127875664
48702351
6323402
17580892
21543866
135138678
561392845
382775501
1087515666
887769480
238012307
1082160775
620795494
535944174
18141610
79766455
47586577
426069517
7612272
470092697
31871030
32673296
810720061
17494193
1151399029
232717793
87492014
833156798
112217391
253114974
490553797
1103895552
291903954
417105037
13361922
339487249
864896366
252747831
77283686
519163623
1036901665
418835052
341076588
541188193
173477556
17872080
226757985
417159298
1067616212
217810281
618886968
156021368
256339310
22716991
885431881
88987674
233331580
27791879
157596968
999214868
288835643
455071515
49388157
331679166
793037508
821706740
553851516
923535654
334761965
89641147
918242275
930617714
21138207
515040010
19421889
21440866
387428549
24309015
762198420
611152163
573992692
30766283
24074127
362602281
913966172
140816457
408096175
450266680
485400353
147947220
69085151
464584780
831261104
32806298
229428507
15545840
155725747
34608345
927558246
24328310
90653872
811617787
921509570
42010704
479260762
709888736
173930111
23834245
218668771
889457887
48631634
329714188
604104740
232457296
597396731
105703329
415639634
23947343
371980835
53175744
624092704
342025196
704945130
789565620
554527488
321774180
345759744
137141437
837369342
19354791
620282506
308500560
290099262
365959354
842741778
55582709
28654816
93839508
818125218
29973104
848674214
844281180
737872135
36022589
736467097
412462891
518189815
118097139
731644038
26427792
241215916
815430103
544290352
63831333
378836927
356949228
75153341
17495447
306579792
125065648
602747802
761913710
22066415
215807277
68738040
17323910
778662908
103364517
355044723
417019287
615318971
9973592
44578134
234440267
213921323
180851883
395885452
30523211
21954033
233865031
115563859
340080779
622825889
135695894
424726428
19981684
73683746
21963813
628706877
610345059
595934876
311436906
196800670
47401479
14236867
366724498
215409081
46226913
400931576
15195679
21533259
313329198
580503990
329443994
323648321
509697253
448055821
18148282
252798181
25575496
400241372
612837311
175809915
116520387
366696485
220367436
289638892
492981177
23182031
375592648
256109682
16494652
183731006
257432555
104233756
600670899
81305154
142410038
596468646
303296663
188712799
92958471
21354333
15359887
16616797
574402106
587279414
31239675
156301756
18199486
41958099
560425916
487438079
383065004
536435738
413380930
14463848
304926415
28018958
429941601
396163439
524997308
91659799
182606435
217580857
248338402
245609606
22225065
462179420
293102560
436058303
357222127
170135988
170890804
85165551
235143020
100090702
545704354
430560562
149877159
211784335
34475936
16939324
490607991
449443731
163154333
549385294
236014427
364963550
438852456
192434042
38917508
255335838
536554511
253353588
511160461
420665617
292485977
481796177
516024427
523323922
506586183
255021546
17806294
135215341
257164067
108538150
500031311
428443847
152484435
183013775
494028230
322956335
481363663
178595022
233323503
485033833
250474464
284148299
223366056
311108143
125458942
357023063
57449019
463250179
337264885
482624391
337980818
318493967
23613988
151648516
165699992
245862439
462427680
22926891
212825417
287077748
369215126
276653165
467446673
221969670
449926696
457869361
4575461
253027625
141712807
235569707
460886541
90195281
413078073
216658534
355211982
443427143
442269982
457706361
45024622
72405554
40173562
89273033
128730359
241538787
32924526
323993099
251479004
217472356
448333552
113422725
129510736
356457912
425068218
22162819
244291614
80796687
372319589
409356941
445326032
434656765
446534517
390932007
452563436
242079098
21909592
188055481
108668528
151743135
215100106
146644080
195235847
81436854
15523287
39085116
117338769
90494240
449698430
430681231
148678444
20942241
281069723
232461152
297644071
376402312
18795909
445046608
422762510
54725128
379429447
50803088
50879625
305614280
268460337
29853632
266860037
428506090
22842250
263688745
172867574
434976843
25096529
40396881
18328263
70532280
49446214
408796350
362000882
388203470
354412563
440535441
74664252
291522216
425774053
115266530
132863624
372962443
157684932
191499153
318018013
194460357
21717987
23247302
377798346
19447214
389477245
322050410
109228103
255209209
359132073
38206913
22440017
403080130
436498725
268622217
49624455
195580294
30805637
258144525
20683603
430696436
303350872
432827237
124771473
63065243
178511808
61766400
239000891
254747001
172156355
410242518
45104884
36012585
176315378
422781777
415902311
94576034
236357075
395139132
423871541
35713565
16790797
421795062
289306566
38067927
422225391
125586580
29459695
217973009
42569948
393953153
355487418
36745017
16082787
304222116
281364591
373298387
393693275
260834756
51510736
361569200
278464543
102065487
339313456
17871511
176864328
171530907
74211907
232979512
22060068
414457785
382857390
50264325
26137625
250490825
122492368
200827953
249286102
393576972
25065285
391584523
118825824
310503548
394369405
31179766
397370728
241933121
16661776
25385759
131013704
103438390
68784523
396423162
131339071
354972884
16209626
21533462
397861726
74672029
16648414
328508858
170596059
398361556
377484923
220563286
23760244
35825639
394559970
19286081
388432699
376810343
161053616
31365396
189474615
194874897
64397500
60122066
80921326
382598664
391146595
387464513
21168705
18644548
388495667
340508850
41826994
183748479
171633471
80415454
265003920
336120722
349248411
74823021
42526071
169177793
26783483
283180378
328426288
14757714
379355571
377017564
285181015
280070927
118176091
117564923
114247101
378034347
22884109
47485040
104701452
178027074
77304897
71310291
298228096
131290484
242628641
17449181
21746089
35249929
228554424
373181617
25508307
19570027
22831232
113754236
179618950
342864274
320109741
49281459
181014429
154644558
16123077
48084230
345177569
373162600
372227511
235613301
325470524
366165324
371067760
36915078
128511107
21400178
15808765
244693950
295267593
27170544
290287647
232419583
22839185
218158606
320852605
237446074
344034970
239179026
21606118
47762195
6092972
32651132
210923058
14802463
272298230
242864240
358413376
14468942
89985404
360105100
295227780
331074201
309647679
17225620
326208666
347340156
18990186
46321233
106611489
95965719
344631554
43969290
343566412
17004616
111520870
248414989
52952448
332625748
303967465
22080240
140685143
131666053
339881385
243372181
194959763
138563386
15818978
658663
339967474
228874738
321782004
93296984
224340720
272466185
184448039
167891231
80601873
167985567
261209247
14431400
214404051
47496394
42261611
162261875
56390535
82967361
225269859
346169795
16009079
317314255
23303587
16600574
342407932
96922652
281501307
279979398
86433192
17005264
190586896
341910423
196768053
25960136
154552095
20744571
33739364
276660145
293583655
35367443
277865253
330040053
275714700
227684333
235716638
169183368
24035628
139458452
15878020
54649894
37343126
14260793
137423095
323929340
344458189
119749813
325382695
286689271
621683
323468272
100794729
302929450
265682992
225313528
277863437
328946239
21707139
329888335
183876837
311907064
44299270
25677274
87992708
100082240
198925153
208836106
299260140
278727749
49821197
35143351
320779014
149629884
328982744
16411255
277577618
45591648
135341097
36630865
255207045
163535738
51217843
141835181
36801473
143669148
17587951
168858484
293181322
74831215
36857419
199511216
259347639
18120905
131182785
37451587
29125310
20142549
185431979
322382076
229144698
17653332
334412875
27373300
145936385
166326622
15514266
317076362
35570597
250428198
67328684
333117361
68016983
207300125
16352679
216911772
230179190
15964729
265755004
80677066
188864283
228176964
65293006
332362760
24314560
17562569
44900913
247507863
46786678
331336534
220470525
31569259
210484094
321315122
127422371
16742973
263143054
36609974
18700033
310220775
17791478
166405986
319899261
257868640
217489193
91478297
65209619
45642031
216485309
151299888
18742879
15137201
202910013
312813731
89512427
325165958
303470771
158476289
214296252
307981217
15201891
262341182
149787957
24458968
288311813
19659155
211408235
236602212
201398903
126673678
212843877
9027342
33667856
22846618
296098154
16130082
289553227
298921517
18691728
162252203
237710527
212767499
189986982
293504101
12587862
115021442
31405147
23263594
175310749
319337091
312103453
75704938
293085314
142843205
299004695
16591622
80446498
23474111
56279436
288420887
36119208
13873762
45254966
15529625
207302311
18824923
74360123
287422083
191034372
67711100
223940589
218449723
106879493
14993272
178197005
123064415
19377379
15953511
65076669
314579370
47037111
265727343
15975143
126663733
45949825
234491284
313900228
144342955
175277251
143521845
212808638
21164301
143258422
29750890
29136568
191966715
256015056
259965539
290955961
196179795
253222647
221180607
21780888
17467986
15973611
127011042
32564993
301585668
206263291
237210863
32095632
81434158
139911314
14632820
311289440
160956324
263466153
37511883
117750380
293168371
253591037
15621623
310360720
303370836
16613899
214209077
302046982
57792214
185039684
249490527
15985508
120600009
24645871
148360360
169934241
17012624
258074581
225048399
23328476
107609822
21946424
260618992
19558198
15739097
197252276
42719547
113844869
291245522
261463054
154312006
56340204
222771496
157290489
19331656
18306792
16502238
43431843
249895366
260328186
33117865
58644415
159221026
53422282
132181063
19981774
177719112
18954425
79103090
15474846
274082317
17504853
105250669
63731881
111732464
76247667
165988949
203765012
170879960
147587723
19349543
155102080
299816844
21401446
18217537
206299865
21812403
76707744
36735590
21787495
18435568
16440137
153442947
93737647
18678196
260001839
18062338
20727204
19603428
252713160
63519521
300464777
244612695
17936052
282785755
291946657
142849883
16352671
30392338
65400992
252281394
282320399
227032210
32653356
20567184
17299339
212430911
19425222
58974661
32771826
219991550
263440479
36575786
208029996
137851061
59028461
16040934
38370559
45468359
260997460
227562405
16892559
20179700
24198882
232956694
297866288
186568831
280281254
18654605
107156426
87886674
168834605
302207118
145312432
49045290
302210367
221180462
21626875
85707016
27722951
288665131
97235242
81725200
34871734
18052599
243120773
140893014
177203019
190618477
128767133
134915780
183457776
165508681
47473075
270765113
83860499
220712406
246911431
19314842
142741107
243828120
87086456
127014546
241328581
18332376
30020457
71563277
18388217
48443297
222494807
263445364
24489894
104961387
60434515
83650790
260004196
293643471
111742191
115243988
105659489
78569026
157862687
33008201
21406120
19911951
15278648
16830292
191891492
16415170
226245801
242950872
20512286
19420973
30798546
250359625
190988640
254611745
49208641
94126487
146585133
31462831
176290724
184998424
20720536
276595964
22804904
196447106
97740430
265351319
26600476
55032556
72122447
126512356
20829672
168239508
67146757
25329414
153554238
16335203
188407039
15280845
95448172
246179994
75630518
286510955
140647440
278165900
151572668
47451515
293749601
23873458
243291372
277245777
56909915
67022077
25429561
171031838
13118692
232163424
109121060
138021294
176203672
288107316
110961163
20778305
291140673
93666150
21399972
91734908
258056558
137796394
17813433
14996893
193904038
16232759
17157929
212675564
52358246
46364988
42338066
76503174
282556328
285503841
41207820
14166937
134604426
25707034
15818343
137295702
168889830
197298478
21407833
18785467
17483897
27026105
19308529
40145940
279611146
77062281
11633492
57604668
94856925
242558829
280213614
16076738
24247270
49758257
44139953
76551668
54048122
247378337
113667788
259622038
159594126
14813779
21917378
246452079
257258907
42976262
21815094
14894013
23696200
88879708
179732982
31839765
266394629
247890865
270683310
36419743
48025099
266130889
67192639
181082728
63057181
15628265
21445423
19686823
263659723
259579597
265321974
183431319
262862764
249545912
257664377
41667087
26758959
163824696
225073694
90463077
74065017
262272754
44059038
106002743
242036146
154859231
47714847
16074641
131631395
21982338
17213015
197843269
98751293
105477726
76584367
225552804
133570135
260657838
20100378
33276161
41159844
141710372
63067880
97748394
240986089
15245176
37462888
209944791
185593642
221595383
234554800
5872542
193460122
149270151
17094311
183707058
9218382
149384523
217541352
102044577
45054037
110509154
16892534
20105071
128728124
228186595
244505605
234559594
221136130
218430406
254211057
16124119
152461446
95898381
41404738
121901226
35113106
28875486
19078616
93929128
108126463
92472479
169907804
218306018
53288921
132379233
63948308
234533933
229281605
240329000
224994014
41122217
18710550
241729565
245943613
56678375
27740508
235363000
115823622
39364668
111984769
240299594
84131283
115299036
173657021
207093795
49048916
233117516
239119248
26959625
17880018
29807908
236147713
141069529
18207053
21057432
26780650
17204460
182855715
234437087
233871454
177591848
233064532
232285333
38459674
64429901
230544426
201608161
120224930
41158656
205800233
113715512
40029272
230822220
170603805
28012358
231606739
105224779
56772613
28225697
231311994
230639830
184009487
147610624
21542125
44538403
144734877
24887682
24578650
187096456
118943423
119702560
29563297
133011440
26756907
221429943
18530300
161867230
183409543
51332607
93744989
222543499
20943399
21128519
212139641
36487912
225896792
185810706
171075679
204849832
42329972
132394123
28775363
42788836
32422338
14756248
164547614
33860873
41955106
28602958
223247394
220831088
19467444
13539252
207730112
223384537
225898677
215851877
20635052
219004395
23847076
207751293
14857949
15992293
28305558
8780362
22691044
186227133
102546988
47194520
26322929
48785202
72684215
216620270
218662134
207225640
70244885
21087154
134873551
16914249
222508256
217208013
14196104
221877978
24518776
115227241
122060218
138592170
206807592
199497550
52005796
152245635
813270
218628488
39046255
96693336
193294215
25217357
128973710
14596530
223233737
205314107
70248426
32904589
41337433
218951177
187776417
108846493
219309308
83855567
59192606
103132195
89967225
219212949
21747959
20923880
168566321
21327481
189965863
23383517
210520811
12949402
184958350
58675512
204065562
98174437
216251868
27628025
210271066
182461268
212498357
11273772
40978340
192697497
63808980
19540559
162994543
204299369
35501204
20398215
35450856
203894343
134335283
134114403
26674055
188187696
30157155
74547038
16732726
40795050
96022087
65216125
14155681
201293547
74019713
92206092
133080215
109946051
196007231
189940433
199789159
198314117
67665782
201134833
111098118
139524041
202512762
57014398
194972559
105579485
145573799
84800876
180016082
144313178
44739220
29204940
178039808
140940823
21344248
21974315
106231766
189853655
127154046
194910579
32298658
22640423
192541970
192619840
162822536
16819060
28194417
19045698
165327814
50328299
176608299
43749290
38283979
56936945
143775282
127945829
40883239
19015878
82178243
171400495
154028785
113511658
159637856
178197803
171092391
152666173
87161683
17636414
68155852
180391814
179587110
128411043
158021738
148209117
20419563
120959857
167509112
15150904
159741630
157783522
174892720
119115588
127291792
174951062
138681809
17308518
75080213
164988362
46810326
113302712
34732573
120160719
94139204
18119776
170936281
31393570
22051288
169309008
150110297
169215309
167335840
165036728
14798929
90938377
130510121
109207780
149053710
73311314
12392892
161216598
49395893
165475268
134818632
18660199
164108640
111738769
109740775
162395986
16037760
114145337
162125519
158698183
117352279
18435913
90634311
49885482
149045457
35821480
149580485
145429445
66844348
153608694
161369294
83203085
129897257
146940141
14016742
33223565
142467268
72073988
139171082
73458240
156262302
158673397
30203971
158545295
123298172
136346217
45085003
138510116
148416307
26730207
34129434
17736204
35382238
15704997
149526290
118912418
118910636
134794304
16305494
23186201
141353943
118898374
88696210
35567608
15785116
23771892
131851465
132730053
16584035
30904591
139933180
53438918
44166227
144902624
28526957
17429564
144211806
18995776
118915589
41694854
140113047
98876879
137698390
34112819
25759162
144148387
59578948
32130632
19068720
118903299
22921604
114866851
16615594
52134052
134578994
767753
47720875
139431749
73410367
29857141
122425966
96160045
36504116
74280471
127038403
19579908
24604883
21329783
28595634
31365357
45027709
25380005
41682482
27300537
43755149
73598799
97489785
118353331
33291834
24405200
119957619
15182798
26567972
88388185
48808189
41824909
27971734
123958564
79487619
88684884
33398877
66888735
22313335
81233336
52473882
47451388
28037637
19661887
120031491
89268442
119071736
118079595
58678886
82846999
109504105
22796334
25792451
16413051
113483785
50285062
111157555
86123633
57708899
107496009
29409402
106909166
94260222
21935703
63928638
61134489
51370061
104154780
103694959
38583111
20072299
82574813
101060880
83924468
101098142
97932347
100721163
40699713
41735659
67688150
100153823
30440168
81019519
64310094
37188717
61857478
97830465
92420118
99028283
98048297
98348023
16824676
95908159
94032966
80239289
86892963
97790749
14117822
70130600
55051323
81834087
20796269
20482906
93444289
43640203
95077045
94252091
92620847
16230094
37168245
32507084
94647685
94707880
85309536
68450195
80182212
93275191
73254800
93964830
17705110
32726792
67358305
33391973
37156756
25951738
17595699
15296021
92049134
89105757
87715588
20131183
51241918
81764776
91579258
38785135
91525321
5377052
52272572
24351994
83189197
88824514
75334038
89531873
83707352
89166808
59035112
49548451
90637686
89286076
24627219
51714337
65996319
90154150
25959786
89945614
58631232
88378311
89703643
89767844
38481615
89594390
87463095
17017858
88389533
72530740
87313271
17820585
85582544
30339462
4847281
15863311
27690036
16170518
25573929
25610972
18486928
75125825
44310920
17937092
18751661
44287777
29046835
19884881
19396166
56511813
35771956
15645235
15183901
23562105
48985743
38231830
34056795
63417189
79306644
85568456
85510051
36279386
28771317
66654457
61336478
48694859
52521427
80977156
21390490
25793960
85060225
27229681
37342437
69480223
61858442
32668095
33058083
30869157
19999032
40182329
38929324
17452305
83923792
32673676
80556098
66018675
80902601
82395327
56887630
15007776
34009996
62597418
32357625
77654142
79778683
79679811
76211248
75921658
22284722
62505877
26964674
76191231
16231040
62882249
38743778
54741414
77689071
41231708
34295944
76482307
35206917
52305174
75496437
15807633
3819931
70264999
21168878
65419042
15334618
39697114
20523621
23745304
66330069
17710215
71365996
17658752
20860164
64527638
19297193
67688841
18730756
68308441
68343662
19152998
20599548
60300607
18693334
18083392
40366006
36326556
55361174
67103169
14102993
19864463
67251949
14851229
60757862
53015666
16574280
67887945
44140938
67784186
62088807
67442228
45703428
19774888
67290618
66833923
57857588
40884243
7105502
66711003
26639773
38977464
65063221
35571548
45247183
66138690
16440658
37165437
62993953
52332864
60968563
41748556
5688792
46969537
63030642
64464576
23643503
17044730
21571985
38161160
63334003
58706201
23987053
55249625
361323
62661089
58081074
43878795
36722788
43030400
44103550
61266471
56534224
18645458
33600337
61223638
53029228
61837790
54407272
61273535
18597855
61650141
17808420
22036237
39203306
30053083
50565178
59484290
59609259
60961727
56799616
60412202
60962140
27896438
40936726
60836346
52137948
21059580
18537924
60516040
60259863
60314684
20542325
23939797
60080979
46795945
57871615
36175370
3063161
21065695
32303110
18359045
58144751
49934749
59289724
26150563
12300692
24737785
9714982
59387806
14659500
18130190
21821303
18707379
58296738
50570854
57914029
20142993
50763396
58904898
28448494
55043412
16296587
16283852
17827145
49298491
53109956
34775143
58284816
35365767
31195856
56686080
35811410
53773960
41795774
14070794
34867252
16651858
54385040
22616803
56883513
19775538
47599642
56930384
52886860
57339795
40914546
45495366
45636158
56873828
20804082
56721672
14383254
46651547
20847186
51675073
36018061
43237186
47193679
50709477
19783488
14298513
51923558
23115731
56077950
55279332
17353362
24494568
16642301
55822414
51801932
17917527
40519708
19173971
55209764
29720777
55414423
54580426
21684111
44889176
53666232
53131989
30767230
44747435
46432407
47454942
50547766
54227114
38817494
53156248
47907013
47681782
34801993
21632464
51601874
43841487
47615465
34356662
19281556
46838268
15835509
20957027
23077191
17678350
45444245
22730391
47248666
53826438
18033084
22740510
49777111
12888932
51980576
37876592
53277161
43045754
33136650
45231143
15836297
29707480
21138564
37353653
52744467
21304194
30116457
33544320
37245832
24389519
21877057
27811100
47099158
49851445
14475700
19752551
50366512
14628477
35816483
34098111
43944897
46110052
35507865
26949682
48987833
50321043
20179048
34524983
19158585
23089425
51857831
17446697
48922977
31537620
14062134
44569858
51203693
16106357
19253942
20933927
29870347
21064255
18492203
43189282
47867425
35348735
50718495
22100146
39431892
23909632
15107077
46047918
48029357
31870722
3688251
41295090
7246862
41855898
43752271
45600434
16460283
47543238
26908736
20819980
28579916
49050799
37663544
17025588
26259153
15363671
43296021
29455623
15425389
43651648
48220877
42995609
17528783
37356282
46807214
47493759
38284894
45554614
47782354
44793296
30417638
48497090
28390749
15368314
42691609
19501894
32975931
34278668
24712457
46897140
43680624
16162130
49275050
44402496
10493972
29137190
49173854
49157002
29227802
47697637
19731706
16214349
20021498
48722674
49018572
42363998
22992527
14137994
15111046
24126273
42233870
40746134
44905705
46115325
48464205
35339891
655783
47981285
44177442
26007613
17391196
47650873
18841410
47606113
47171030
36939963
17513981
48665371
47531024
18302589
21745411
20738478
42027940
46437555
43703187
40735666
19330592
20557629
27332344
39026241
16915755
30485679
27913740
18526683
46517818
40202701
35772199
45349980
42554526
40479047
20310717
14193139
22787225
46451229
45980061
25638436
27499938
19513814
26110020
47615723
20470537
46770933
46506570
47469387
38441707
12305
46293583
46920511
47139089
47093188
47181193
44713280
26110232
19958588
22760765
21709543
27311700
41279071
45487162
32848129
38578383
47079696
28048836
45606795
21161160
41407402
39420953
33353941
32229738
44775989
21959599
46336110
45876826
34109041
25235201
36700467
35918034
45351612
41838581
22042857
41466635
20656536
38033164
34804950
29533508
18117266
46634051
21644738
45981296
16677133
19320667
16442263
20479505
19539598
34064583
46240622
42686345
10387762
43718986
14413453
18407893
46037299
41496824
22962066
30239465
46124111
28311181
16271213
14324464
19199065
41942400
42763490
45048599
44354536
44939616
24676119
15908750
20662781
44995214
22517536
24175183
27754567
26837120
45474425
24402307
19193749
20233096
20791448
45054825
18657255
28247302
20711368
43280442
33518138
45383377
42442673
45064324
42970952
28566128
42058959
14457449
44077051
17494800
22823435
30263161
45082091
39734280
29135116
44954723
41975246
44048467
7820152
43952989
19296674
42704823
22819730
44669443
23710084
27908133
20697369
42938506
16412367
20348124
30046892
19021309
24403426
43180194
37615118
15035873
15766453
15945733
18703534
43799968
18707279
43710536
43118629
22807996
30079657
41010742
21269682
14387502
38611882
43766789
21067502
42673530
40591807
20808835
15000796
38863496
43537777
43525008
35847502
20962590
20112265
17024352
33053781
15675742
22699566
37917679
16787811
32811228
41259788
23131695
18691261
42637639
40795380
43029828
18411962
42888734
43295069
40961674
26171773
41924387
43234912
42956322
39438148
18905586
15164207
24319181
40475255
35560084
17238329
19725711
23637150
14400501
37943454
12165292
24869877
21442835
14241709
15044808
22274814
42574466
33516945
23449062
28802758
27110903
29999119
14344708
17178018
22690759
16924832
42485433
41549689
24722831
41871344
19936534
28063653
41548576
22235553
38458726
41159881
14271397
24815443
41633319
42280332
24738052
17643749
34554505
34784289
31018975
34715738
21902624
29575566
24542749
20012107
25072079
17693716
37998270
24838801
39251586
34843345
16686425
24476209
25157675
17092257
19148186
40259776
17830861
27566880
39137924
38729829
15304093
23014183
17814827
17314709
19757246
21746163
33435000
36265114
18690226
36752382
15623837
21916127
24665333
14122092
38387879
15700258
35803398
24918089
4260991
31688790
17021711
17668063
21386760
19053193
18871768
24189060
16572344
24191732
21851868
39312068
15032604
20816218
16024218
23916457
16732669
19163721
18573382
39894352
18510539
40145876
40277226
9204662
21723372
17510457
11654692
24913405
15257722
16368537
6039322
25752172
23929186
34879105
21128521
9816552
36289411
16215519
21059022
39929900
25608303
39364301
20823399
9047882
16495091
31194657
40166167
17049181
17747001
24814333
20648493
24358325
39398033
37093262
23592260
23352273
20605395
17459530
23681578
35252064
24384644
29361693
21984857
16374956
30287760
25385574
20948233
20943699
39439326
19525567
23889154
24744682
37977356
28025168
24719325
32742192
16104658
24852230
24264716
38709892
39051742
31375850
24269038
20716071
23452102
18227407
30881152
22283787
39645702
38851749
33001262
27092673
36583960
28109501
25129662
35945636
33241634
22793376
39437266
23232003
24747989
24773494
39313171
28247891
21961357
25045638
24170829
18646903
24954282
27731004
29047984
21841043
17203166
14127864
18012810
38614368
27918980
33946645
17497195
37649742
24991801
23016946
20647593
23753076
22702687
37415982
30134679
20829791
38616118
20137109
38745656
22796700
18556007
20633895
35324495
38904259
14800273
24135618
28152290
19297756
14387083
34255088
22311253
38113798
36268228
24917080
35112457
38643989
5565532
37980236
35982324
31702917
20316648
15674143
24965563
16529999
27587577
35209773
20522978
28012345
17429131
24318353
16422334
32268462
19955829
22512870
15681992
15905575
18937208
18533344
13263652
23483200
18282139
16504607
14692710
31874242
35100767
17772796
14271542
37770172
25147075
5757352
25111537
23730910
20776348
14960104
17726608
31657894
20000549
15891907
34249008
37896006
18244345
18814140
35953284
7275902
23500696
16815482
17379547
16657871
36865867
16614045
33076450
15971888
37281091
14379896
25034270
24636393
25186089
14395929
24657318
19961261
22894526
21581093
17076542
24088911
36700929
14718729
16955712
22888546
22225916
36308723
36694814
28572055
9160832
18838118
34353910
20271410
30069494
14685553
20635131
11581622
35322802
21773630
15246245
19822190
18354255
19729501
14875482
7854772
17050187
14602787
23939696
15596259
14717703
18120397
17787524
3568351
18123114
18523930
21710520
17553442
14424725
28382467
24878550
34622059
19155901
20028952
17878729
24149232
34317353
30859943
23788616
14179291
25106723
18295700
19639862
31720696
16995084
33342525
34412539
22867552
16060529
24525490
24916764
20397508
20116086
18573168
23609463
18602563
18581158
34572058
24650130
24072829
24422308
18552776
24610153
24925720
14853040
24931761
14368898
19477183
20806256
19396981
21797184
18706991
22949289
22647533
11690452
23487811
19491398
23185039
24795554
19037238
23771086
17772081
20656028
21804494
11419162
19713342
23693273
18365314
23610581
1757901
22122055
18315506
15598519
26098896
24880090
19559709
17093944
24141199
21284305
24668914
24098528
19678527
18664770
16676455
20750647
16551716
22360809
24713549
22947779
21087325
18533270
22027290
24783752
14936286
19885915
17334157
22789752
21031132
21773748
33474909
24348402
17156946
22201954
18088133
23062614
17148735
18396236
21869461
19822329
14984841
22851987
7691052
18466888
21243648
24912731
24825968
14365664
17993542
24910827
17218119
24840310
23175139
23740525
17134431
25139562
14343387
18312219
23757507
24377811
21213142
18023383
19834772
24758403
774066
3399351
17351414
18144368
33210629
23768078
21248221
24880351
17013393
17532454
22537096
18114285
24910045
14995603
14831059
18314149
24910344
24650189
17519224
3279421
23541458
21128958
23064581
26075557
17938648
19472744
19120254
24082194
21736997
14343307
20865489
21083152
18374834
22885333
18878980
14343741
32817272
20968685
19374497
16206259
15654120
17901848
15504892
15673955
15329593
24815126
23238329
9745242
22471155
17132118
22260489
24849309
22561283
24491296
14180127
24350228
24930460
17330974
23274127
20275435
25164872
18553261
23249815
17917168
9075752
16640524
24107197
21477717
18322706
21133067
28870489
21348226
26406438
20527963
20029530
20425101
16882069
17927991
32083156
25127110
31224395
21525071
17296675
24032736
21715248
16402471
24816161
17848905
22127011
20627174
19719282
24912078
24197595
11823592
17488335
18393262
25060041
18523703
14055088
21750554
19397689
23786832
24416904
16845856
20601385
16679215
18788263
21482736
19407631
24722519
22024217
24300996
17987409
16900101
20999104
644963
21964090
24705320
15326000
24147136
22723467
22995390
15016294
15193426
18318955
23260355
20086946
15768995
22381544
15805044
20098571
15151747
15447199
32318008
17038789
16905061
19653397
23784244
24873657
18181082
31977177
16148739
16474689
20503938
16528902
24094705
24880417
24953387
22250253
25057752
20928258
14419313
17068475
24795251
15353497
20711754
24061562
16510348
21665270
23169000
15398409
14344731
21490112
17372089
19268575
23746278
17131695
15179041
24900640
24984029
19740849
24699303
24987643
17802817
16122121
19793323
16380475
20936246
8091642
16163067
25082954
24908803
19493263
23370064
20586393
24807396
15417402
18855166
23116313
24806779
22104928
20677191
20796351
15840278
15911726
19402745
17899518
22002396
21380503
24786022
813039
20984650
14142750
11447562
20484900
18316278
25135718
24478782
16428462
14594125
16190395
20437188
22809262
25033987
16692112
22445189
16249711
16240804
21501208
16549280
15130704
15822769
22707565
17188874
19992921
18665094
17238928
17257624
7291402
17503052
15791749
22490623
22283741
24859031
18488684
20123694
16410461
24788172
21767157
18328774
24845808
18342076
24883490
23778655
13868392
24738907
24775259
19218089
17580786
15165751
19436409
23655718
24713913
22026685
21280851
23919858
17607108
24758010
24589733
18709786
24998746
24936528
19739243
14970326
24909793
18837053
14994679
21099309
16476885
21739136
24902062
6224272
24915575
17767686
25011265
25147004
29976889
19347310
25892599
21456514
24904305
19199144
16583683
22219338
25066424
16245544
14358478
23597573
15660836
25067889
16116154
15032462
20633069
20849453
23719603
17463941
11955832
17147872
17362916
18585528
21937996
25021877
16416273
17582434
16599566
22314658
15834295
10896812
23693810
15427772
14137817
18015234
14228355
17482007
21464190
25115133
17983766
24839257
23260763
20717456
23772908
24769391
20012500
23788859
19669837
9254162
25117840
20122999
5571322
19782192
22126778
23255937
23642664
15772402
16088171
19134602
14214838
22545273
18761091
19740502
24969881
10671772
21772965
27054035
17883642
14136766
25073277
2046991
14585120
18955888
18789387
18661641
25157357
24055487
25043620
15143707
22592654
16251338
19575282
2372621
18098332
29994193
24788203
23502195
16836984
21426547
24874455
21093728
23145530
20311910
19917013
29210497
23499710
7314982
12668862
21438831
21250922
28849214
16856980
22166850
24349307
23431941
23780688
24499760
18403348
16928686
22558325
23116040
18557981
29861378
14390935
16175316
25044044
25134963
23902275
11058332
25163224
17376732
25048373
20660293
15466692
15071435
21001377
20862847
21707911
15289903
22778306
23125476
21561726
7782542
24909267
16754087
23674549
24814114
25088648
16107463
18259194
2885851
18245740
23789505
19767890
20750993
24345939
13181702
23527362
20649801
22322034
14890216
24587782
14378419
18308106
24701294
21126111
18479075
15993443
23802661
18160766
15054208
19060001
23381095
23848565
23378408
24964653
14701856
23991004
25044331
27679482
15632557
24883703
24972339
19365078
17207793
21157157
17807345
20667252
14180157
14429906
16638973
10272552
23884532
25133231
20556171
8443932
11971422
17138284
23599296
23860479
23802872
22809423
23841457
20675989
22171026
23592924
14145256
24189723
23336416
18260132
10547822
19490978
26305099
27689801
24912940
22360594
14329589
15256823
27387956
26779381
623133
19755825
16045527
26054813
17961426
17344451
23667831
14255368
22400483
14311334
21797921
9274492
25917842
9091052
16319771
20780236
17961328
19154448
24575214
18126443
15663929
14068597
22675126
17831593
16804020
25072508
25009737
18267044
19717186
20379369
14222100
24748701
15274836
16422591
23125933
22679330
14669398
24806780
16690123
15375854
16595690
23982246
21048786
24535671
24475661
1326391
14080733
23503538
4546031
19913440
15117375
20643704
6557802
21713472
19661020
19312102
18011586
20915277
13996412
17574802
16211049
22920078
616173
22566361
15305831
17966449
815459
16837360
9367
16817982
18791776
21007025
18966193
14376012
6120472
20453905
4454061
