91427210
602725665
526497760
985986839138811904
841958580165177344
984377827532394496
3278888852
826229136
2934818825
12151932
562394282
499202239
833123713251946499
822173366996058112
587082690
981932360991207424
20180331
85451827
266747179
18989116
712329012
518015722
454821005
23584199
177913636
456737113
402968652
108237685
2795117871
2860135879
32632197
798927771422642176
4362249257
20445272
2389180791
3957699087
24158832
142786962
138121596
2294305922
19945278
550893683
90679498
185114368
1281292885
2165782638
2289767293
100461522
225143963
3028983777
803414713
848872119295520768
467393706
251813173
799537464285286400
2238098629
208141726
30854675
854459247920381953
54949175
286224069
271943087
871755775089266689
20551235
872380021666705408
1042765170
476132267
1356467791
616403581
94080305
2345278355
858487941454233604
1265686177
102708970
973388582
113316635
247676886
259490961
224648632
204272798
217936203
2828038446
420465892
28075558
3373675221
3419833750
917833026872193024
831275678347706368
786564017145774080
2370084919
156753620
2495378910
386263630
21462959
902979006424907776
2860898992
69535441
27637964
714620916
72872544
1452134376
262636950
853697513932689408
864746579340775424
2885724232
19985478
52763951
605349891
2275727188
174612864
278211276
2509742970
4309474275
3313851929
1109485303
3271520600
875700000097005568
205473876
27332940
703168206597271552
36703640
401654187
138719029
301345565
244080919
1407701035
2353313641
2909194131
19472966
108310177
394704699
23742169
29684970
48001990
41162924
20796056
19761638
4843194760
158790178
301335549
875307495966871552
722427461754056705
447612629
796414528229609472
2158905988
173496944
4715655861
579937689
222461179
775265295887917060
244980371
240423718
2434064183
858833563797598208
242692670
267871093
609780691
25116632
44759585
309847232
443690313
3313176707
116691774
918876065313034240
20703347
2304773611
26284918
20595735
390178387
596497124
403743076
823306850
266251364
79983300
356312021
95187323
2638837282
163916337
594052029
3194327241
711834723
279983162
327589948
823876341422583808
1933987116
1395254558
1696679022
22500086
263778590
2596803258
18629331
2424218574
37395342
915522082448007170
97752650
829374527171854344
22176997
542556123
86706536
19731540
2614279242
82109167
279996443
531321102
732626224531558401
3006061785
444191181
796437773683146752
179993802
20506955
278167258
57689550
2418162195
326681956
220092421
177182751
368868200
151517345
3121398457
28215567
98362404
1905503654
2734954353
4859904683
749922595424862208
284936010
1667954700
3050129865
338574236
30306197
37999469
176336191
305496112
26768083
1132668006
516074713
373532861
218932305
47609004
3026497329
935172213589905409
291989279
759051344
27485016
717752042
740855642223697921
115497809
3558594741
426860424
191386313
605459457
224017599
23291191
97123467
217843464
252874720
725068053961138176
1570701961
53022254
579736042
1310740394
23485784
780573050
2805379812
55840461
862794432
40925380
2193100073
704800224
20426411
20798291
18923503
2290972848
19441310
2458086088
52198733
95891880
107051043
14914908
190623447
1662454214
30327685
74989140
2292990992
963789232853716995
348404794
34365047
36162358
192959546
1909056882
15388826
260318479
2350654291
17866595
18346764
327324282
182909216
171451894
246811706
2815003060
489568652
116409666
871350517
156592237
614429892
300901337
2336552024
2816920032
101776492
1288684362
737188586504749056
511782206
22779605
1879380037
19062754
29985126
92486551
398973822
2583519019
710785648890929152
271212536
160489603
1166841907
161727760
86971761
2805717132
2904883126
18550045
705718202316226560
253069212
15983063
710148101781250049
2545825706
22127599
776303534
703054766
196511111
3316794605
915344916372389890
3295058391
2956531174
2894048707
1131191071
2979560704
320889634
171961270
3936114087
282057512
3910395687
942830853687615488
56338737
221484551
151063369
8234152
57296904
2748355923
49313626
2697807600
226260412
2290465259
57743707
551954549
736290208623284224
390954813
769505352
586789971
795998366362636288
64185511
523085134
1565751331
2313525950
720178321548578816
870783175
793555368592932864
1590576948
2212598709
766349641457758208
561991252
904060731875880962
24169074
1088762917
83082103
1670732324
775734784832208896
861564522389229568
1527200779
903781519
36987648
1962470150
78303324
2287282500
36050346
59216865
18636233
157540787
129816518
3288262258
632804905
160448076
712564899898073088
2932137304
170735298
503129500
1967267822
701306134842445824
712017445180076032
810883809386303488
783090308284227584
117208318
19284888
931282152523816960
712348401573228544
712370649768075264
828028099346329600
506352613
2473688892
550765819
210543059
36054262
886983203659161601
23968610
421902533
389372679
436059258
623160709
1390412628
339082775
49231959
1386938714
338314789
2859329603
1704430075
2163350006
1307347430
401996414
2201239495
2201798388
738101314484326400
1380399138
478640361
726038452169543680
523207617
743720621951987712
25489164
75515359
115500018
2151595764
321547875
2862508295
712235071
2498802931
930142494
591199720
790580170788745216
712649222433218560
843892605888925696
225322257
711573868536840193
295635656
2989806663
3329834423
2743219984
208554732
4546537947
4775105123
4774596267
4759536197
712715732136673280
712657751873359872
712396644428484609
712341510453379072
712041242767527937
924852745357676545
285772956
711934722948141057
711882257158574080
711607979167059970
37599351
3118056177
4045820867
797154757270011904
717072234054029312
366302685
202215384
900241357
3435192275
4804986016
4804623628
212196491
4804482629
4804339077
4779447389
4779264795
4774731393
174033874
2383294656
953260046019891201
3351604085
4117837060
916295167426121729
278320108
580815324
950473124369387521
482067685
3084799407
744949711786774529
878148240884981760
18330792
935667139998076929
711908205434150913
711954348683743233
3097160110
4782966492
391012846
945854990085586944
942835204535840769
846102628459319296
896165039899594752
2834741628
2652733250
895669505594191872
258834617
53940708
4685479080
33923443
15485809
539070253
893707243
21759987
1322478066
435060264
120903579
3384453287
3391704807
1510076228
834346208118394880
847443928970174464
905312713395642369
455844193
4267244068
2991948728
2792236799
16816193
241633527
238615148
142782579
1581861408
822617552601890820
199721895
868428320139911169
167105426
811675113481506816
952707891345215488
344424708
960651420
4719585841
747288967502979072
4407007168
586019266
19721592
954299895250333696
4135393108
390717889
775167229755285504
769117463451762689
3306912058
4882107669
2576691870
331311644
791443966214365184
948937773767118853
2792688922
22607674
2325340434
2912362011
763797665306075136
1593295976
216299334
3130056449
915724628114284544
77511727
318383192
765607346819239936
289010309
2985096684
1010653956
62900697
876545005464301568
796397795414577152
3255872164
830385144657752066
23739291
1242324559
2997136381
159458235
889598887400529920
188904360
719529487998828544
112186577
3307090637
838766211328577536
818172625642029063
431629545
4405071616
2175963457
397415438
460650367
432011459
251497683
242693289
832240326102355968
89461974
1241671278
871332645560602624
771373403655864320
66979492
3246200001
730549758654177280
275247396
602644793
906959026071711745
3709635917
953347208
1599294354
875713545979219968
1107599149
348679273
2675910384
881887976355246084
80057625
19017675
69752649
18211084
750465355382919168
549707644
116570112
246885577
2960914935
799713707257262082
2291243910
106835912
860205086986952705
2425753747
2522554754
802548974980833280
1509645301
3311963752
375535893
122414466
584001292
79149108
112832091
785748953438400512
2189805549
255668884
17444676
2820479232
3191025717
2310444360
761575859602001920
392781647
36408944
2654471798
2744902664
321582809
172422642
20560729
2804090552
780691290
1486557774
1417779762
2326639869
20441751
717881924
575467813
2347681525
1965038893
3362771115
451196563
2490037837
867888144229838849
833938900368314368
795928843097874432
808309544652771328
4852202831
4218057159
1300282147
531654866
42801487
2800966822
404350855
435738693
760176349000630272
318480756
1010093496
71280219
485154315
1176060272
890671044717158400
384988385
795677741551120384
2207647876
2393533334
4046188774
16137743
3164662754
807563452025831424
343283519
124767314
24221152
3377306464
30644655
799263781138419712
796402016071225344
28405767
19569136
408826732
300766831
457973298
3307941657
175102903
2670347508
734854525375287298
847085755956690944
98905211
1211775330
2379194419
262302919
2595978877
407580778
1545337238
3279056373
838325219701968898
385971347
773134954398097408
1153797890
36024208
1166056208
737717574146883584
2555347610
54162765
2346737611
267437596
15830958
3058783387
38535159
54938044
153252061
2998958690
146792515
1386728245
2373896526
264720127
3218868310
151811658
757810218700984320
227033781
2968477313
862743327254433792
2451795397
832308266898186243
842721827700924416
810006505143631872
15890451
2155992547
806430639624953856
849543165015097344
1380984542
752880711460323330
103464840
732241950083055616
760133414
847098913530236933
764495917420515328
850335555590213635
33220691
3029811999
43652967
212229592
3548426717
856240505826496513
743541146312450048
853300804954058752
204120966
68567871
770797668570279937
2795758449
2611834014
794477290209935360
833728932067176449
277120302
3360815926
114922204
14846672
745872121449033732
775640425478565889
851433823875346432
379028132
821650573934071808
2616706070
2909581955
38570287
2496032305
611716068
55917866
44207051
253391705
16175706
3002128204
2501986493
23792669
2187603663
316539582
621246763
1853853918
172863320
473019628
2665489905
781516450460827649
2563814487
843065373482274818
836230125406547968
804549790159675392
3366498111
866328289631141889
2531516672
1208688576
847177683050135553
801026452967849984
833440503668539393
2810081146
2283306452
2707162135
165106133
857363497730138113
814381265570803712
19520565
556944432
219496700
1882903920
826357314680717312
2904896338
19334839
517392967
1561563228
2508851051
822945693534978050
70411985
16585184
55002310
109188045
262782668
232591631
296348035
2932087697
781107142245904385
528623234
23783657
2912680816
2243245631
20777002
231502989
2538773465
2958453754
100277835
718774129919463424
67088201
706866735337578496
351749512
4137767417
3332617989
791028336
783694723236192256
456090035
730769621008166912
161684980
109900539
141383006
21707108
787314658948571136
4702989996
20134718
122567304
109828427
36513321
737658559668850688
3329272372
3295125489
914667890
48710714
101260606
823211468858462209
835500722041024512
1324341092
498886553
833402054102155264
605201618
842368744378793985
738512745042219009
212495178
1579880126
3160152275
2424278498
798007525
39357337
4873124837
17923971
36318179
761147113011089408
118351622
15910494
2645802662
81863380
3200316514
772236453044781058
348965959
570693830
1978072008
373292974
135146726
493913880
549975130
2752347450
200807450
369396102
93229386
527394215
814869218
773247487591256064
710389931747766272
373577359
3100510967
4688995886
66979326
2706205129
281244257
729622768917024768
747940849
802155960059961344
4869625583
494050494
42290868
3027052225
4782164908
4723581259
49629565
195604761
2828211925
810160880327528448
384890997
1403157170
2302012586
35017592
734657028682055680
304266877
298980569
31572163
356106250
315303316
20789740
753040276147560448
3827646689
598590146
60661455
2468801641
3292097710
343705321
268316463
457029141
46068533
3760227496
10247252
367682765
442039863
185741138
168851290
2940519828
1979306293
20129485
295648892
725256655223590913
19684844
86283370
21184213
808743444176891904
194576983
177490797
2482675633
500647337
82590605
845381316
450728404
221707097
97383592
75612668
627497892
2876979172
761873234497183744
81149350
615855679
734703116113874945
377294254
3170046105
753381857388032000
2318979313
344786265
960419450
1860385448
110976966
1226159840
702863714651918337
57299498
1926674862
702436347966046209
793490939377582080
2435493050
216022879
4766617661
24940733
758679614025793536
277993776
716832049
62870442
1960639806
306726302
3340928566
2705044194
805821871556034560
2862819651
3355163818
2827155347
1118375124
1274732664
785913802755743744
817646929677025280
234470696
2696887802
2608026476
109582820
1008121614
2433335246
14065217
46351521
817902311028695041
741253948099690496
27870318
19414407
101358252
20052226
595506195
254609640
2858976641
2867418413
390085525
22860615
327295140
364248167
629074408
131310743
281981457
2875751241
740217810211737600
102767129
113744532
332302117
2646334786
3063736589
294861613
539462981
25097877
409881214
34395589
192899547
2249495802
793571301587836928
54317231
477600691
793206855992565760
1146644354
2891545072
224708945
757531651962445824
1381540122
117251627
145652805
110279498
798467919864885248
18964032
9147152
2809954469
226923873
4889355340
612129565
590772228
40693519
2263179842
752621952322318337
423710678
270865647
732568674
968856324
18378334
168444353
19497472
527397392
4827600852
1435809325
3359188485
727566514296098817
1497738242
586004455
3200204937
273909418
1882676287
3078873177
18041682
4084136957
99934979
383486561
801766637066211328
3428951027
81328323
42674259
345894897
619399304
3131073365
179908354
399525202
630388733
262141271
219949951
337034260
229072995
454470374
450331245
3301789379
226532839
795994667225649152
354796810
3003580333
316627584
19646690
175743717
182414918
1478869458
17155393
251437961
1542770486
2298036668
269253674
3197625087
253447995
2472212898
35186006
3184121544
17752233
18353591
44869346
2222251922
3190566449
2982669983
28207516
467632786
635238928
18450348
779768262582235136
2617310995
18500852
162140481
145716301
182493733
1013222959
580929856
423624861
778163882963660800
88129657
378453219
976923020
351915377
329888323
30160003
107996952
519671346
2381996197
234434296
1359214597
3306608180
372818400
218264459
722402619084423168
724513436449792000
18666521
4784169873
109566639
99859136
797354600
16816972
2170368518
42646960
578176953
4201064116
125679113
222559625
4861488772
2905088920
2994218139
328990309
411022416
130845549
90387149
3439025123
150770599
349704256
199297641
233664564
252857507
21064165
536140695
2423471059
271786676
330509397
210931140
2612371633
2828355152
453260453
27841516
2453562690
7624112
702504622259363840
1318645093
706769805
701365596923912193
1061632202
467619557
795162
2282053410
19315409
4638042436
2493692059
3957095416
87710468
2587405572
83185208
3305636152
79107967
1401236340
471560358
3407324620
71555146
1423997096
51083580
234823319
564041052
3417244637
2835162357
574523128
164240225
1453766881
402070746
3236074198
227251714
59469228
528831548
18359336
250624463
1622372106
3084064083
775624999
763340562
600411774
27397922
2649335198
229379349
175433916
227423290
1426695296
76018680
262078459
20615524
259975018
3074528571
21897281
121752349
19158934
75684570
48739393
812193240
932748828
2985981473
2872661847
737479073778147329
4832937316
3456036629
398045326
3989639140
763853433900236800
1967014213
849470024
17617356
1053922656
4814525907
2197529854
1034763043
256564093
1284636512
1372545644
1833919200
622936387
713243739637026816
71035892
2798129740
3598289121
21645908
18722830
15604825
237308145
2490160956
30054013
25455198
108701420
453756485
421498190
2451362227
45703465
1390749386
82181845
434499210
568436486
410999951
216212166
215969566
21191528
127214360
248563474
24027953
233374633
204063015
234469508
67581447
