2540209423
171039387
390997354
977272066331332609
937097613094129665
923558754603421698
313025775
1003948093698723841
55649198
967615260986302464
763311761193828352
3031184187
193535737
175743717
2770255129
747712279114878976
902889813094809600
216470299
854886840859361280
812375677357821952
963953326109859840
39603710
877545789047832577
867358015514714112
995737852297261056
784700683253538816
798693855805788160
844643233900761089
904289683789594624
24374801
1638217238
819352369964064769
968137128
800661847657451522
195597062
127570946
867405502820569088
4716619395
267807796
937968957666967552
992430427695656960
992098685659074560
976541527248949249
2721692804
703844245
836299068007665666
945805799045054464
28918533
2863755102
2639893891
7048682
1274717994
2671028510
4321672752
970432635444056065
965760177965236226
95798997
863802393863086082
898637066254172160
861860244
3196365911
742674049533399040
979674428106858497
298724999
974790833722425344
890065910173757442
932454693653004288
906534802139918337
898552960321335297
916526098220933120
904293629744734208
882529270848864256
2351093755
1589428567
825731332479340545
285486566
4789237800
778348098108227585
589599749
1087050764
959712521795133440
784926574567129092
3397823578
730014058708148224
965567131323650049
736315879
848400654934691840
963627528219955200
471700934
878372090784735233
844517659844710401
893923775682564096
755401137969303553
921062852827467778
1018134530
745300018370850816
186892425
274831343
165808050
957403270015832064
858185845454581760
952531268943654912
1164404984
3254834299
954902526113001472
823172294851883008
919109454683037696
902906652289941505
920554127263797249
726979677953347584
716320369477611520
2900766937
888959052511719424
60630907
917562520952479744
321362975
33160996
803309602217594880
948537100475027456
946389981450391552
918044848174850050
29833851
14481746
449376304
21836409
934182705587253248
939286742393409537
908365987925422080
1858463886
164662222
89165640
831370739747938304
731929482857189376
823256923256553472
910663501319991296
901505618392915968
788383990826856452
3222323921
936542610109403138
872894694442885122
765073642967277572
3143238679
53940708
2902900387
1596549823
916700873257926656
753492755628851200
898333608729030658
2326144555
728550897907695616
863623044111183872
772017398916509697
861432121969172481
3017220803
748571986033524736
936632832960745473
3125465939
3327420858
891367888296321024
928915210319966208
3842188994
904597165833576453
2936611574
2905785756
917834858864418817
2974673672
3123468679
3013038385
878215311257989120
3122432820
153565128
935301280087592960
817706342139904000
917803558363455490
822311961366908928
38514936
852719658516066304
841726192537473024
2724162186
3185709865
106397338
3432916306
4831110267
926559084391809024
915265867969003520
16709177
303960898
737358219820011520
3313561073
920947504635699200
3482208363
1696342304
927580459868897280
79849124
836262044038934530
781398992441712640
890658993814765571
3379454920
919368904358502403
923983836047867905
323942297
759055203509207041
822807126
807544763876577281
240116096
2743266287
762598775391125504
871430120174755842
2719234380
838847229376999429
2954644933
2843450492
916325284785344514
745214211819732992
908029258936627200
796872282220220418
518599481
899020480811855872
1682455776
3046839802
1458493585
206920376
1581626762
829096588802916356
3421134976
851530188152295428
17414452
2884551994
216798672
59969088
16463824
2509373653
835850652844617728
34809486
885223249587486720
888525264413761536
913211033237438464
2232782900
796363594304655360
751592188321132544
1638694830
2600432376
911621878778916865
1721741172
911605516115333120
27731922
30288492
2758862682
459668316
556152360
311332264
801672143880626176
907973330149416960
894173034847850496
1249426399
739651246752030720
772770891373641728
1425749606
904421808883077120
249387014
700781222
801095872134029312
905398290887446530
873762860718931968
886195480383770624
906980121244049413
750659641143472128
906898067235983361
2312226966
760375774813630465
906458280553275392
2342774142
1126976456
3388474630
2645275778
3309113574
305299590
2249432677
742009507174350848
27473343
1640770394
55031637
1215474277
2716618009
708715469453324288
882922255944216576
558576086
2161228906
2812307813
211306391
2737524353
867924673413005312
883782391097159680
567374877
2587843093
870819416119836672
103027194
2984190575
109047204
894255265385771009
899297330108801024
712597386049294336
3182590055
2469857334
1868272776
3961691596
1875482533
373617958
856486405668777984
33420694
2486420780
162023294
1703899741
308389049
2401047056
3306894219
2958106172
905530314
4529266521
720796507558035457
3785797529
2828928347
740276415355052032
299062149
866422938429509632
41656629
852982255794434048
894245168542601216
438711673
437369041
771452116418326528
2296772575
3317697994
795857535806959617
872553313773867008
2286487057
2525747522
851879582634565633
2407396324
4106825966
3139702997
2307481568
4426261707
3120481523
20006220
882194249126727684
764559926626660352
893391713833697280
1890633751
889046313890926593
1857766789
17884677
259674489
762293721979359232
701819748
4166099589
760728332577153029
888342355627188225
2247592872
701906169980436480
819283817777266688
571192148
861389073000300544
110428690
943940576
2257089540
2842500222
3014873758
705200231487447040
2512787258
4647825376
29758541
18524655
792021565332422658
2975386210
153977794
4177532775
21410757
2394680197
388176307
64212284
532876187
35067421
4276621234
824043027693969408
474225331
877653562628689923
1647426156
4165812810
17466140
19278179
707567144
766438819751137280
854783390607851521
859828565805867008
867776763165777924
71873943
3056511647
804136700393979904
839551812818501632
2331804021
830899447223746562
3666084497
3362313485
724120161368694784
540778995
794692877846794240
873205379731214336
707885995476312064
872744663991459840
136986438
2379360494
871483063607468032
817129449397202944
3220741823
853854618589159425
2448883669
870270386784657408
1938288613
2465522408
560378432
422258990
999588744
834476518063616000
849854383651147776
266483315
366812553
862004584192946177
96617999
306468197
2289747858
1107517640
814189604391813120
1890923755
762371791612280832
864760349228228608
3087439445
864883830859157505
838657901963026432
2460743251
508691506
860163341234208769
3443455455
829074969086668800
2563814487
2437334624
2966969992
577015552
3194579868
828703177709060096
831486367154606080
583311757
703554208004308993
1008650000
2875686821
775910893368516609
838559096387354625
38674301
18782063
3380271472
858301368288722945
3014993291
2946126093
858179216860303361
107758965
2978669906
801418497989472257
778347788501417984
164646785
2699730193
24357823
84102421
420875454
3132694567
131071102
63496932
2865840909
846303705544753152
110633909
852917079854526469
2787158879
4218540405
856037461
851817310889422848
1522384760
3773824341
845626285552492544
2540699294
172854735
1884075822
139874398
3365476233
433813916
22393979
704473408570916864
2864750405
830150396551319556
829653482550476800
847329104751808513
833075834651045888
145648217
833898775336853505
846786015725522949
23603092
50069686
383360756
4105376835
840770701195911173
62842542
840071350240784386
2494068576
3302272510
313269222
842797115332050944
842482552137043968
307447319
395515233
841521469997875200
2433554144
841061741878509568
825819895069749248
2615615340
747014044154998784
2482366924
840484460822953985
3379679237
821859585401225217
5548212
2354597778
835000430727991296
2693108076
832219067285135360
838198103127822338
32997132
4537851622
2477967164
836340484977078272
2701939447
781421768166768640
91460306
753225531521376256
91741446
817204351278186496
831815656811196416
829036861326819332
755825059919458304
294168956
3817330693
146053997
357528742
829083814970396673
797396778765156352
831659991333531649
4258137618
277648471
255730442
791593361576558592
721298749448974336
348667570
862848234
740579790059638784
191938697
1195154598
830092240928251904
3177182491
67587563
760236338843095040
1898480737
1971785755
1884747138
825391016735813634
289678160
424394419
498598756
758271642304811008
27403914
408864365
2796148986
816702585075802112
789989205170499585
700615621302579200
30317113
805524378490388483
805417616730943488
1248208026
4661829257
821664240104800259
25631102
403791667
170404126
418784749
713009729744797696
17881816
1002345876
2306611
824933188451577856
792435735039184896
821687398199234560
814614773358882816
3895436433
1056272532
963437892
711957437553766400
712762969956990976
811243006753837056
2857749899
823010498182418432
823011291048472576
3433510715
618308481
3066025894
821877045902929920
755473145533005824
821683411928711168
792622327414554625
44197057
3330264436
810615074331250688
4184683895
756875503122931712
820609316851810304
817460774524358658
820257209636392961
3044578629
564000560
820029844171784193
819848338333978624
753236328360312832
3141030515
748776368708521985
816418157682446340
76509205
2372184606
801528070989561861
816818098355531776
816799056970346496
808019794385633281
816985742148861952
22625422
4195269318
63335939
807770266269077504
2228468389
803347004218896388
779528279514427392
815964190590504961
617123058
762198659794669569
777949804022341633
816638779
4605409974
2956119114
19430780
488438075
808003795460431872
734853306569396224
19063732
4306734077
720517498886582272
3124266028
800126132607537152
3797695764
2386040408
434888076
3091272387
64494627
4092524957
197327126
788823004255883264
180713828
810556746997624832
45810420
99048158
810675269182820357
2846987224
2897070566
809482358214815744
736315185011515398
809663362187591680
3232307012
795693217668808704
731912565723418624
776881518857719810
3361676555
777969548305637376
3050424569
55016211
2618041579
790142723336593413
2709930171
793851162705420288
122074579
761771306736054272
800834808733646848
2583735188
133984183
1360341925
2332618782
270178135
20014025
84788121
4861264625
3230348906
2951911642
14297098
803498817614057472
109407885
238937903
733257499026034688
801630201599770624
768133457297936384
801365621070057472
801327030528831488
604114629
433888526
794006028685897729
87374085
797734958974390273
223274413
3018839497
800007428536410112
288145037
796815965648519172
798561873599823872
799053833490022400
798693600460763136
798140477606334464
1056322153
150143748
934512506
796853669765509121
797054425026142208
758138696831012864
2350604562
758676707893243904
770507945654292480
2975233330
888157778
34349324
471066826
184742484
269449864
2236149882
59675482
4894840773
795645849724452864
91656029
1655380244
786152706561875968
764143460458823681
1350472746
774072602
726052579
409605568
757865181653401600
2465909118
790951045438533632
792294170702458881
4220228615
2906501669
30774885
106459540
2552601001
516827869
791592069034835968
2411404933
3337779753
1076364073
706551531986935808
218263535
229385617
4874498499
3083836509
218307597
18124815
727940538620641282
21806914
785968688583151617
716439592627544064
702959152189087754
3169967512
789674912956973056
788785923756482560
762646026595340288
1022065946
22209201
788424363049619456
786522034591313920
767653370748407808
96098523
584052686
704764694788247552
735467777750896643
606412878
122103056
80276071
1496250990
778192933812072448
781060962061135872
2579300804
1674562280
781196740678520832
3754937668
781989058604044289
778505883642830849
1128743708
2209592418
772328143772278784
780533293431128064
143882311
1168055809
735197694243840001
25315171
51698989
3844894521
779513234155986944
548433632
3257110190
3161519967
3028178091
777877716498386944
773398186237030400
749506390717194240
3017079279
717169877899829248
4379453669
777256997070704641
732591364668588032
5514192
233019510
775480026091261952
4829657033
711305905388662784
761364307066155008
291056883
2899862008
37599351
756741507978330112
775696198124511232
3225744595
536140695
456178697
473075367
883125836
705156586038300673
4207817056
2154472182
774214955507810304
773573800495570944
41919821
36087347
773566495389519872
738415979642933249
2892066148
2855732427
2281148935
124432240
3719439400
744576879751892992
761140198969344000
771989002647769088
4787794947
413424982
321912225
771098204808941568
258838438
3039246689
382863624
26534590
2801308834
768756517055111168
2640348769
2400019188
709427305857163265
766614119919136769
725106068259528705
171337448
110608919
2754537590
260829562
17790615
393605516
766111138165747712
199238478
743029328724819973
754983674781642753
734418340287025153
2248997896
908044934
400524509
3510407775
1649487918
2249176134
240000426
401898288
42458062
763461035533664256
575522842
87403396
1539458406
3092556585
762686196082315264
744303745517817858
4617724082
18944868
2502424822
701604085019971584
726139326493396993
2155096382
22366443
2786529278
730773885050834944
537115130
97295283
2796749412
2260507891
2729683510
1347947466
2561982456
2742240452
721538954965729280
885105865
24973048
755697968653754368
399693116
917236344
4011223815
1652712890
202802091
323508745
3303677351
3109346423
3102862283
1222960530
392596788
3218184475
539626435
2943396989
208362500
717014506648502273
187510387
3074679869
126224271
480058318
4383994528
1574865163
390800072
2977488191
31538710
730553594211139584
248950436
40174241
751759579168538624
4855083749
84187308
1228545349
2951778731
4898525745
374461672
729709414916165633
750804325123973120
750035406540931073
84772221
562867242
38607586
451168718
701311301126004736
2359289270
2901074576
4890638239
4838286618
2245775322
1321693794
3303802858
1406352678
2631447305
726501892969238528
3312590123
2213650700
2205102126
186546229
745008935996899330
341190477
14619266
2379500521
427217190
743992476646649856
739827492823965697
23553388
1297100576
100065631
4786485154
742941110117502977
2633323887
2850985542
742127743559688192
2943029015
2967560782
1948730922
15340849
722077284904103936
21039847
3222388549
2922948529
740021434802544641
27515718
731624743900610560
1576849484
44859671
739185730916917253
732977088559521792
730918680213626884
4904879183
737217758140719104
736967915367436288
24698647
277600743
2569590009
27062536
2788658816
2830516740
4220302239
533604130
710685719338074113
729672363818684417
2755466857
29165172
578291551
3258800303
377291758
16799868
712409870385991680
410783472
151176966
708489872286285825
2365377655
2149271272
1675231147
28539223
126506647
72032540
723601130438168580
1169574008
4847780645
731300709082128384
21693407
4505651374
1359820340
584541040
702513880589664256
77811285
3098963375
722403923018047488
1877678910
726445173740281856
721011530075095040
1155615906
173176203
3494974407
3950675697
3764112676
2902510130
716439465741434882
726367051686748160
727765264616558592
574672888
1349590320
216629030
727254120982171648
711236893506150400
712778038732328960
203783636
4860702245
710772712361189376
2274890328
2264991500
2563446332
301590656
3319501608
53336381
310476518
4804396134
4067087181
3236712724
723242960423378945
4397763988
2265599451
3457832717
723187541155942400
17947981
3911187957
4909734981
14993804
20132655
3609448636
2461099970
81441159
719572599047593985
722539060133167104
715542839812235265
712374425002385410
2725400150
701525860080291842
1465549274
3290767521
2695981423
16351528
719644150841405440
713506070589808641
4813881333
4870894888
701451212068143104
719619079607291905
1631475854
720087727249600512
715379473684828160
2930020083
54529748
2411377526
31327090
26682808
718990183916392448
718078763163074561
306155915
3548107587
176314157
1640589187
4756300933
1427952073
722865662
2934382999
256564193
3145178862
716334903776911364
4513076609
2460713969
374134070
4900323675
715567151600562177
4688376265
110995462
711706148215386113
703155453618888704
2873071060
216933938
714253190959501312
3299743418
713168027584503809
2986219286
125221874
705336579699712000
2373927342
711770990536212481
711734139897118721
1596716166
711340645953183744
708042415890944002
197956458
711123079846621184
108838948
16126957
2174226169
709998234320687104
706114753148665856
709556247259840513
95826992
2887674738
702427910326583296
400261288
77128292
16296135
96863903
1933042237
802728343
198506742
4571496802
4918926778
4575565401
3528801013
707224262596292608
4723553220
2297619605
70149443
4451204014
3030996909
743415110
2878189690
45832312
704852726811750400
2898491711
4650824990
705689865661358081
1591687903
3041343897
83562793
704671291077496836
4526295155
704762632100823040
702584208305360896
19453492
355150917
3315384899
320420022
733583880
4122441177
4330631134
22065652
4885344287
4781648353
702629078805946369
231316911
3396553223
3077652394
119878944
702195157320519680
87312743
4386909934
3003358418
266851727
4610805437
701210602635591680
701065638224207877
700414400872738816
4924586638
4892411692
3154786486
4903538514
2936460013
3389815439
4792060937
4911624386
2917809219
4731394221
121434881
427152140
4891023586
4888695797
2370627199
4883257283
4856290993
4803182466
4890204855
2482496990
3290382772
3243481757
4871761393
4739413042
4875523401
338007458
4851151246
16381764
3165910443
4878326224
245860190
41738260
324028812
54548130
4310168595
4856166167
54999242
2396687159
2800412634
4605765493
4783917654
1858162944
4299642385
16682923
4723324452
184400209
152291277
4715338814
457204471
283474635
3732799154
3852941344
3456282252
3302707235
175192928
3271941626
4857132993
4266896801
4827908692
4822898944
3346438259
4848847101
2883252377
2383254008
18565896
26619979
473111527
148720743
3384722021
595587567
541465065
4632456137
4056760700
143198324
2894450531
512434367
4797392707
224619323
1667824710
1158697170
3589613897
330421700
437650573
3296875113
4804729247
4159767435
3102835328
4488356721
2797474438
125821102
16864146
3068295393
3092443319
1242566886
3355779057
2621177236
95516870
3842661794
796648596
3146494675
2821411975
3226064197
3793953734
4354436781
418320484
4724933014
24404629
2812099622
3512868855
4341352332
216015785
3505441818
308333064
4704750336
1434534536
1967964450
4131732862
3963577822
77548797
1160126952
4690969662
33939842
2189688270
1414331252
25999094
17916039
3317870143
182467323
220981276
60047970
2790984986
111934563
1916226373
2247004094
145746622
2632172419
482457738
1301064319
398876278
2363204042
974316300
2802224289
4475519789
2378061739
2468780645
1483464300
4613239033
2824649796
3318071403
2571899385
21290515
2398306956
849193801
4431655245
4493038395
609239951
238507280
1370850966
3601339761
3989532143
2744227125
2980760903
2772595970
308607399
18065828
2355058536
234799657
381266934
2859251109
3293419029
3546215062
3450621434
3333016144
2382109578
35227929
3266141010
3214321606
1719903390
3289637519
2839335467
2715466601
3245307456
434943367
3345624100
4314637037
339548478
4199302829
985400317
3288931660
4360727893
3363126597
1381420478
3024908662
2894327164
594813105
2224700883
1621066993
3822382936
2965925561
2234952743
2652449202
2268053935
760760166
3300871523
3289746287
3396229389
2741758937
3980681362
2827839309
2821266713
2310376693
3380805333
1279624999
1461262015
2842218635
2157791080
387991058
2369761879
3160739931
3637162696
3460326495
877122703
2180627858
2914151438
931458732
937367178
3484501048
275231929
3763454057
56366301
2393101375
3375921826
17798031
2975505131
3074150277
19569136
1305737952
2214627702
93949532
3483402496
1006177826
3885941434
2374255886
3301529392
448557524
3332254033
592855798
3946703068
2290742683
2975166011
2920310998
300098722
345989929
33344949
153160988
174618314
2897106316
2293360460
2947013146
815019890
2377908891
327672977
2613143381
4015413556
3032123978
3582639916
278766946
2755599220
2190623134
3926378832
1858961522
3954235812
2316698746
257575726
16700531
3184644938
3092194948
2766768008
2477386278
624069315
3222926083
494468142
2966468272
2868135427
2767488487
2202380756
394949294
3872473457
818231382
61587929
1430750160
3434619161
1897825435
3922078300
194752756
2461558409
3306649856
272175633
1872554006
2430564295
3256410584
143377881
377940503
580857186
2902906427
2767931609
3910721133
338159514
2825442520
3895736901
473457952
3381285928
20094141
3686737767
1412759990
2430675210
218740690
3288796630
172422642
3318547460
298123951
172430944
388153765
3244528537
3861496175
2722889798
2358266293
2513454169
2788944340
135955994
621029899
193978434
405649299
908824225
908732282
3035512061
3550522213
2751623997
2904632356
3344352885
407458269
22607674
1923575491
2410782529
45691679
30792263
183257952
50343104
3366248235
440638344
3120112444
134943589
3293314307
171664289
3242766368
279075405
242687554
3244676761
3320944925
190663302
77144908
549661075
21324776
1659303392
1364725021
297329443
2515818373
2654630456
2744869619
58463073
1979140003
27455517
3351155374
1146605054
341382951
2775867304
3319185053
2580636774
369004888
895414057
3387382065
3331239220
3293197552
2872018267
2858843273
3174448690
2545471823
3302932811
3308363099
590036674
3304334872
124003909
3291843274
3260308163
3257131757
2455578386
2223342000
3026519435
93264921
3207486922
501413975
434349807
3093366189
1208425194
2392435896
259307956
1532385235
1239421680
1257250352
2952868541
440164784
406854010
2799093831
61695534
586163422
3035892515
1297372699
2252732152
2601959671
720029094
2980673337
2728648109
2768827345
128289432
1423948152
127499809
186645445
16792139
15248761
