993083198321152000
785556488748199936
437215208
112772571
576558720
932966744783835136
83014184
3418010181
2869033083
17855413
789722310
883566524803502080
224247950
908644355698814977
781302090241040389
2730397524
854425515469357056
892481615817060352
904154836479954944
4834808435
188145934
854144411168628736
913558379989266433
794824172
26422742
2837396176
837961162130092032
97067193
1412640325
275029343
3378060562
825614261925785600
3311676690
861666000244289536
331398398
859217990046318593
4694139456
857049042039296000
842379440256610304
2551822934
752596163317161985
807357419798007809
3036779869
1380695012
459544233
794018972161036288
41759605
2957578098
514451542
188696315
4047777448
702719698295717888
2963263137
767783578037956609
1400565372
3265713415
2257450860
760141972078227456
533980884
2376991147
711997963078344704
4601278761
1424498124
2924476136
3314877797
531592891
278098811
1652019764
723728836022702080
1380842610
278699870
1367338136
3104677892
3127447155
3083045212
2419671655
3054603256
368616360
521762977
2865057639
467999659
30449172
61932624
286866088
2615869719
2244345626
2419608475
1608823921
26686150
16691454
66424057
2375015743
