485873136
3030779921
798083124651388928
220046084
1202953147
4379939474
913096151188086786
2807706300
798020778914516993
823558302290341888
250482308
50428849
321774180
26214873
22228174
43154019
923648574713487362
940598557375172608
361631646
2467160324
25203361
863062729631903749
993427894050414593
949361122343309312
1323601884
987325992720125952
840220384544845824
1089059215
783670160217501696
808048613486039040
32719517
796814501794508800
2835816412
826913283949129728
259858913
849812630047002624
867185573282361344
1721163391
702535353
989828670742323210
836583318
884201370760478720
933839184422424576
743211191787368448
98450097
846012651712917505
1541086118
983237192238682112
847106580415963138
862903442339012608
757118699212009472
713582080291172352
802381212
397890955
246103
3316388106
770816099046875136
776198805767106560
867634876899393537
833777334528331776
919667724535648262
2609001092
930523684120358912
2761720376
2974221209
2810510874
3168970962
4772542358
920320524508631042
3086940308
492508418
2308438902
3423267389
341190477
1262776610
706673329323819008
80235953
24733117
273797376
897957713321353216
911964029962407938
778262605228048384
725330619320930304
1858878596
192386689
3347237649
941747468236152833
922535246255591424
2598999181
537476067
831949064216387584
453321264
16801580
1620010466
819176997037473792
4376835677
967448700875431936
841463411040960512
968868559119151104
3065682550
481226860
1912799570
2394913104
4761042733
33913156
162118905
50878266
132204038
1279826539
51259456
2155563823
944317021709271041
825829081866436608
71945225
2924369251
3124664090
924756173525356544
44883029
2811485305
16256826
1410229063
15656663
750682349847797760
2918161040
295285502
917006397501517824
2713556066
944771214
914933962937573376
883785978887983107
11395432
914755659291414528
879924583985537024
725739216726953984
838351435595149312
816680242723098624
288716345
3309978409
942212950038806528
799010005655633922
809994381281390592
803223649952157697
816036458335236096
149083076
918770261398294528
3058713120
4482329417
489975747
287300543
31771149
3433433123
827237152836685826
386838070
274313263
937474183486775296
2412580496
3331495877
2347282453
1677932364
2738974778
712872561693081600
938647314700398593
471634285
750454218494873601
771717031754334208
1715206687
904353608212385792
3002872721
950477244
1585983950
35098906
616737225
821810393647611904
4893575203
252684779
79784897
1944865430
805439355863138309
13367502
18066377
936777926502174720
2958945241
182508322
17427351
2411464974
75742264
3346081487
931648713851916288
834781991274999808
369835992
904428818252705792
913485110858665984
2179731579
930970203135119360
913302727265890304
125752774
901405090891825153
920942341447405568
4810792880
2498324239
175832159
827522040588546052
2712875472
580224794
769878574052548608
890977722683576321
3611013914
27032207
46590102
104016988
180870892
16363038
879403423761915904
29309901
128048564
2812210658
3078917047
766599887932850176
81891085
538248624
898596848528535552
3938173949
3111383513
743828447298879488
862275054696095744
2961548462
3273278737
26346508
1141290944
24734287
799748204963065856
1561463168
188195180
19558732
14855279
890967613781807104
23132135
22080404
898277206958452736
4751882834
940857050
350509998
180200321
843606578
855265911850192897
309705905
829487327542181889
705368238516006912
857332702047068161
892035694201360384
798930928345186304
3331850139
826981458946424833
827980268065665024
933280806
888445321713463299
882742077104300032
2875641098
27789237
786938177600778240
107542469
750529765
18874834
273901868
75311987
25458378
2203993285
19246775
17258301
821420676766662656
573173793
115563859
2938481446
374199331
3082161951
711561518324817922
11104872
42936819
843556423548067840
39715856
25330543
3240296269
42447494
776903357390688257
27778816
362306058
28164046
349285303
847627361566695424
4860642025
132511005
3397231925
35579976
705299120
816078060839665664
778933753150251008
3406065993
825518870421180416
802184729235554304
14395912
1299803965
2460216512
14232619
177926698
357668606
17272615
76966092
15518172
27124758
1924071992
26849134
14435027
797080559839309824
244206578
1484891485
1115996737
828798124315463680
743323123869614080
741264570015227905
14425872
1842701690
213831700
1643909461
17171578
791750066352578560
762003276430704641
834676592
767461627549536256
303567190
183684975
752621952322318337
4635977261
354970356
624069315
714083868165480448
21947182
33345091
178027199
23746411
19088288
2994983093
3000989895
268468736
803840950783053824
584760752
4296218774
800787221938769920
823541330
101019961
3001853496
22701396
2610938700
845763003911995398
26443215
269851618
797175557209419777
778334206145376256
798936281954668548
822834252341542912
28587991
1549480970
28680952
846913020689235968
786639671635750912
796586764068679680
2193135944
809235614348414977
790373814
788417346092183552
21027387
3521785874
2535428173
1952510090
279205030
465193714
18089654
952745082
824773997405544448
2370627199
151505229
37131103
1374876098
26131543
2418992251
132339474
710032879762415616
346246513
222659560
844027910994432000
24209476
3182839376
830872949464903681
32504822
480900509
805973005176360960
793902637733146624
2721171940
4266268887
88787882
302643368
24357823
820277156
832701204132040704
278770142
27200364
3648219673
2666637139
128429068
736935466604363776
3439164489
24246955
4854332050
2933700645
37769175
15476712
179732982
715287964427886592
1867533896
805231095591485440
574709417
826249576814350336
168838692
823171093854912516
4531076896
950615040
21833728
814900002422071296
2619258624
4003076355
2427771799
22483695
801086816984002560
17692273
18907301
133938408
787496499215204352
795345993072082945
826780993356836866
4067926289
2348734119
86164231
435564722
19607639
14746550
3298726720
799429028948176896
2772860441
299929232
510513542
825465303849054208
748821591077904384
32671625
299300986
4490534239
32338228
213526183
3412654011
994053811
437365052
823679856038776832
407495780
809892522805829632
3455796672
798653792229195776
468976040
22894742
459269265
493714995
40342316
18082945
2421067430
753276132846346240
271628037
3187848737
22970364
805065921933049858
803270477468798976
805823679271669760
811226476750262273
431524569
399178595
151776277
2699643943
750413978
1229007625
3167508269
785327755214725120
3707001377
4327242015
30726383
2838480535
1161929450
734899201138688000
54139139
987380168
432145512
2496335227
126232191
19414346
1695156122
802228045855805440
525595860
369770746
500391228
797899198645538816
128440036
14247236
61149653
319777415
82110213
2756388564
16616476
712813103239462913
1558861508
377770798
3410300603
766547376
178146778
4830077139
785212786729189376
3097023736
2659417603
2989162198
138889825
1449726048
3105416638
3229506722
754752692732452864
182722893
422092485
4768227756
1195684554
43977774
3413662812
834370586
743375921571213312
716823321
2200221
2739237855
761727887057702913
296610784
379789473
291062420
2973526873
27279989
17449766
17113333
1656825386
4787208975
9477512
40874240
2389984039
740779518223364096
32168059
2709795360
3057656343
2830790397
391179936
415381836
316043948
3230801638
350135711
228015335
748662260860493825
22312331
4418177421
2973722788
113643691
707850926846046208
313116482
551239859
112520494
16711026
4850159751
737892178161192961
349803020
737892488892014593
702226621546147841
21497752
2477905458
404008604
27164766
631214173
21691269
1969346438
15115280
2497129453
3060075937
3352326767
700383575624052740
730193210115526657
728466332702801921
868130508
272046614
2830757531
520029915
525925642
4364416214
4449766344
437217958
707972248662052865
2886226879
300488003
4822549349
2862025205
335321724
2389373663
1714431205
858646280
2766768008
606907410
982699662
4390810403
4788945021
4616261774
1104882762
3102530635
4703571174
16305330
4589148317
4423156580
2741758937
106411990
3103901558
423977954
3022470956
2763841904
22419717
3397130237
2194543537
335320739
49413866
3346269784
2696910775
1183824996
2810537992
302690890
3343233754
1953876313
59159771
846452612
336808024
970622700
857846004
16045961
449057049
914071538
1143853098
59252767
847519261
540114783
153613428
14068794
724292906
789621984
451031881
