147102069
554280543
3041601229
66320741
889936614612385792
2420713182
3046210201
14305560
16882261
727716644244566016
191384973
237230213
969936868144918528
235519846
898956704833982464
851784011231797248
1642139642
363329835
1195280557
988332973
267175306
72842511
53595008
85724199
7300962
734153791218409472
528282116
3195769824
161331628
82648754
62469487
382267114
297169759
883287703839686657
871128911467302912
3292696339
829689603279900672
3156479328
363686763
4172499819
710510292011077632
310140437
4654015778
4743308671
580604095
3187794223
2994533442
569804403
724012735621521408
3284510078
108543358
799102623479537664
3017424422
3011090575
321888741
627673190
2912658594
1367153514
4746653066
62455266
1484197460
225856148
424826235
1000808814
214938720
3416217119
270188963
616209749
42420346
770142014268665856
140750163
710263167201357825
592567591
366987179
2441127961
108361327
233498836
89366493
1635283956
554096536
2475461612
78235444
876182094
362862201
2766008239
90109872
497962080
609007971
1592535942
197430536
2706563282
1460024406
3906105672
19946270
253406132
77227550
1694084210
285332860
155659213
744314137
14082692
386420143
711519461765881857
421951148
34992056
12218352
201232643
362804877
174601238
2430442939
1846140120
734154583497281536
1899957337
707619109140176896
731798696266846208
731340610402029568
265982289
1073064883
2466294890
1430485950
719994639583879169
4195694413
280523561
757708292
169851665
373826363
365324727
348543843
352204830
4566099014
4858890859
3236463452
3765697274
3250433058
707139714562662400
706077787619094529
69183155
1408367594
1161123668
1057516249
1232597202
471587354
1977073400
531322850
3061288100
4715826072
266173213
1537523888
2318083532
2221491018
154429709
68337284
62190389
1846234722
108033583
382592792
3281759245
80521629
509798147
600620072
2462567796
3072348439
2268073915
2484855984
2911574041
3247704775
3955857433
3769783273
3271230110
3316629202
3301132588
3438373340
316253505
3254548123
3244623512
532942691
446953629
95620320
2484896905
803838194
3346301355
3252564720
373310415
2901366499
218437274
2356145138
257861295
2317039160
558797310
