2389668929
3189659454
117558070
1002150465734369280
522583021
2538322138
3012193691
2984662385
545251626
857958875907194880
20384034
964457873806970881
221727582
3241164291
336779966
2872110646
769437932
4853212486
2816734029
866599642699583488
482389086
501839968
3289153733
905963688
1151199763
55178284
321485125
905891615851638788
823554562934145027
867360184141828097
852172373621170176
186103851
80678964
868870273
740495276218175488
936583293612544000
2547109670
833751500434370562
3246293889
2320860433
959173934766837761
126591612
264962246
747351984148201472
3300025642
1125580914
2330484738
3405497356
99560321
907219466328711168
16681111
2706843596
793356128
43138984
123604415
715909662386819072
85279516
376066827
3078273610
3128415317
934022972867862529
3903770654
595778022
3064052920
3600225975
274027851
2572180253
4256575941
114744171
884684626660405249
244098891
927934771698831361
190960735
305236970
4850014258
1209695118
911243827096309760
925754444674985985
928634218732773377
193699495
774185514471714817
2330719833
1287213817
258030141
386584224
4724161222
3081249045
48526989
802178009813942273
477052566
748210002352017409
2493191708
4505195620
893466663991074816
336789053
1563222116
822952604
313990457
77962682
3369555640
2293021135
260971119
2793857151
3432749997
2975291289
109986944
1649410184
877807901020172288
346541612
3126862521
908293056864116736
856010760
913791218462666752
737362108397060096
2987115195
887608529133199361
859110441477341185
1580175842
906965178666901504
889064652
350141214
758678085176795136
2329005703
943714993
709316175004565504
852117422723280897
784286238123495428
2817073592
387197328
1933558350
476559036
845129984
4041904126
570864069
888381853
1376962148
818434396994867200
17707868
48711683
212205321
66321357
519372704
615013235
2246320654
20228975
1491152394
197741879
347906622
3293609137
702830448200851456
791553524026998784
857301432684482561
69868677
2989508134
2985960736
774265920579596288
78407416
2294723540
2896008357
2752090685
2587539529
2846994002
775582167879516160
837673392643911681
2187346728
3891154097
867110193687089152
392311269
2431818013
783630097697898497
270459817
4344229288
3890973502
834005671246958592
110324406
1960679370
614411063
83440337
45927348
578924353
85652613
816574214
237038853
2217401528
277596593
770898367601844224
804662299
619314325
353681693
4263705261
2695413548
794176315696021505
244016715
798544512415105025
1960909274
2753131359
2570575720
1356412423
718562488099450880
2530287103
3173109916
860416370395185152
833092946
260933431
242705466
771290888
214838031
3306442791
2696910775
843023840011829248
394014993
730102029067137024
4227700360
842578404700385280
2994773073
730306677547925504
850303354630811650
2819507992
6294192
1655473056
4795662569
1595514601
803195443232514048
1955086460
552752800
817331676456112128
1366856010
417939258
343939332
3002078313
1527932370
2398051376
978659568
1283448240
1725107264
821288544937410560
3618219675
746422666844901376
2797895686
817369906048012289
20226444
2225567246
30839131
2420270424
824744628008148992
2860455036
4066430260
721312988318314496
3241991117
2805308640
771350342437142528
707125678454525952
1860957270
738818512945176576
159045003
833037091
4181947462
1482320696
843443562
57331275
435574837
875532697
717991482377039875
3319206880
1094735268
2327386081
523370326
822502095005843456
19528530
1433879214
2613308108
2773567537
3226118481
1913502902
4163649442
4869711573
2474139505
284002925
27094340
208115320
4921396336
796679067688898560
2328983432
19810263
140446487
2987425671
3195606473
747546518849216514
1620026353
3520122318
3355280633
2397616144
125675553
1585733227
791687817499992064
2850192461
374180651
3012112858
1412178678
3325342813
115754120
16947009
351836064
120117254
2179725751
780530754354675712
2166902563
584603887
806459258908921856
1108850942
57955615
2720022578
613445712
594001613
21762858
3093926067
437636351
418642004
3803036188
517307237
704981934917738496
2803057066
1583119885
799182706131210240
154183852
3220881440
785739140
2377837022
55176003
237845487
2174902169
467905072
796334502855512064
242944187
6274762
244212147
34368064
28215602
2163177444
2317117123
951588662
2473674332
3393900569
19978473
19397942
2983961983
612948933
317808953
2248566488
1910637193
4060320915
1933587985
2148891565
209545516
790642376658284547
4715312019
161988348
2233176111
415406337
397061132
18146455
744612819144949760
1076420407
497805807
453121519
1169220061
29078739
217442176
41823451
47952310
890976342
16182602
2926765811
727480294287237124
712306172
214497422
408800708
25848023
979166942
1245699727
779305107141918725
980317590
289997483
264174460
480610626
3425600500
21485905
779070270183268352
3025521939
50638521
3012430536
2576684389
707692251678416897
738304562356948992
707533658803011585
1361406044
2883915323
772718423839240192
227342168
2772223039
773583172487512064
2746824358
2236041020
771658443795013633
162874163
550871576
745633307447136258
127461607
761159330372677632
2786280685
2230518240
3257869126
284964287
250349129
28824136
3091059021
3145278147
3818139803
2871931374
488381270
1352100367
2485893210
717085953316233216
717488018374963200
551712181
4032311763
227649003
4850136057
707144940254527488
3662000961
717715688123666433
216006612
2818987013
317359269
4853316232
2341220781
149052546
374425540
2472996870
4372379536
39726506
744944706510065665
3467803996
3357273977
637180209
157010024
617849270
369619971
242281948
2992338622
360540613
249596785
135514272
519212054
38000023
21117425
2980550387
53771388
613377303
718016440863952896
1396995732
2826163536
97223779
4645246695
132199317
38172764
197662233
146404298
2478132827
52364719
75541352
234782444
708228967317245952
2223592103
1665878154
714936486202851328
1962655608
708589587006922752
4010004928
4275064545
1139925565
2548149691
85441650
21324656
296260628
1369036506
12002812
468655659
706867865576722432
555760840
4704398780
3970638255
182536674
280673038
248212680
1197631754
2836826792
2888366337
134576181
3241852894
2828201299
701795686023614465
2966570693
1217764718
4405627115
336799674
55517721
1722026232
3255930645
1860988388
1338733717
1008690752
320073005
1588514304
478982562
3031195366
701110159859433475
609041538
2822246261
21248528
2587967425
89562376
2769883621
427367768
279478843
4059636561
2283289788
257629111
283944220
4872037767
4559139208
274990469
324896746
1489998516
2172961105
248285853
1184647243
4735697729
2962282348
168141277
2869537060
27629414
3266848870
1248350874
3221562279
189116586
235529761
386046596
2317817479
3043200736
3063937793
4560540219
1018619658
3841874723
2714152500
3004249755
278467322
2512780448
2306504761
3598653983
259304209
952432573
4524846597
242929815
2983195179
111667276
3290565958
1344369367
610348173
221407296
1520618066
260627938
415099123
465002351
3870902374
98707711
3387471569
4090089861
3608748257
1206145507
66364365
3428285567
369047798
3424727231
3070315444
586643368
1650624834
86962890
2174298176
1905655963
19870225
110164422
410257872
742543573
2963919946
3312095487
21070759
603027496
2936970645
244318825
3632719517
3422212137
2213909976
906096872
2292646673
4157443779
4111333696
2231538626
280030361
835427976
23072394
3467828176
551912499
278006358
2828136269
2166349203
1451182639
3940284153
3310702737
38239502
436960645
3384324683
372802459
889608758
1202298217
497854695
3880581141
1264514419
3001099073
2389209636
454882276
2166767036
396564620
3130719057
2864491949
494922895
2204762868
2488755216
2385847278
2935606817
2305249368
2285308123
600987391
854505078
1435249574
976311140
338387375
21281791
2890689197
3166152586
1399765404
3532382715
2295038437
2789526751
3061679746
23312627
3407144411
233364902
2906330068
2483300371
1509860316
1045545524
2485844228
3415591445
1444553898
1923404250
97274396
2880184317
2447307630
22671345
2196234494
2220110712
2570931144
126625881
116727748
403323397
81853323
1285602900
1971268730
185809250
1386706813
3367414197
253746570
1696946012
110450252
1635004616
627351218
1104500496
2197349300
2587935999
251063522
32501630
60322048
2364412087
3241640373
246731760
1070758652
1021785337
2373473874
2160675565
619283145
2458281200
2815726869
1575547741
966247332
2618368810
2283740515
3308177855
2219326038
183316239
2353728925
1286025967
3070025839
1582404900
3193016930
2321064396
83851503
335212317
2785121411
1264861171
1533643212
721793065
305597828
77738172
2459464919
2573617712
149760844
128884885
2795034605
2784236298
3187235721
459397319
429933931
52778770
849343465
193797587
2463392929
50278045
3058800267
1933597706
3216759195
20459326
2828006581
1960758391
3083938295
2545642496
2316186396
17292508
20368886
1083314617
54679257
202132303
2799657196
36810829
3091216570
120098573
102958481
599279600
3122471715
115428920
1870235276
48673814
1117284008
3041025148
3042231323
425063750
65661250
2817533656
380813850
127995312
2839714257
256935836
718332235
2165421559
1844716188
292126198
297073544
177137227
574796218
2396712121
755753803
166560989
248148238
2841966747
2929301619
603025640
2843726344
162317442
115941753
1911063608
104636566
2261929410
862917618
89616493
18803189
857842375
368984561
55345716
196067974
17805263
1362671286
2436765310
2492945276
27596259
2195788428
25390350
1650508866
19676294
2565625076
620043505
60883062
2510820704
2250502885
189969652
40749991
114582521
1565787432
1242076909
970731109
84808072
456455254
1229627629
2545598148
260345372
415797927
284519978
290491586
619237535
627017650
500944807
296341919
555485517
144942878
2333767697
613548712
51232501
20613967
2722011242
501911632
2153062063
1065317454
20777681
166509226
1605512862
1092434510
2415663213
6297222
2776005606
2805145173
2778232251
177367308
1270672902
2804227687
2729094870
95511041
603025919
2595027218
2666102803
41799103
467359686
1365278552
2337453182
2669359520
1962962911
309571682
1241305154
394416044
2230325510
1893562916
44190387
2742059136
212413872
292074765
1870091773
33860179
156307569
344967929
20135723
2208070741
1691349271
373305456
6705042
29216225
334087935
477485439
63490201
2389045366
280764763
2589328316
2380458646
229466877
21572190
5653662
607116913
191643358
1577976242
125619668
110966797
188342550
414838861
166102184
2596059366
147911490
421147050
941319134
308687093
2591327970
297333518
606281808
498291415
398747567
700615859
2205795832
2589917821
20475179
130921716
367333753
309027336
703046229
885190436
17666643
390897785
21650938
1667760288
21092224
2506886730
18720978
1951580641
136671430
2566987682
2424250015
2383522142
249361571
252311451
35191492
548387808
2507745223
394581961
2445365480
29496206
52452501
2543200484
276224538
20479813
110974574
1891806212
2359595880
125807973
627396440
404693447
2382417248
1158562813
1647456630
2455622770
860239560
562964794
399571554
2467843880
591892648
149239632
62634973
185237285
1519465548
1950297037
1568301565
479725929
1543144050
371160305
573799805
2435776098
865173241
1415260315
2252171226
526248463
923801358
210600626
1887824858
1675779050
20444382
65801511
419645725
2239427323
22754509
86301869
240604539
158512580
27073265
1886648484
2365498687
1535963251
1070556924
2365824560
375830508
910877330
2237538540
2349955861
19283888
133198267
117765604
67848306
365496125
1269554755
487436715
456664308
1376080068
552865756
880970864
995822539
81104150
2282375551
432799913
2326058666
1598061847
500830165
2313863890
86085084
306960697
2195808223
1425508182
2215986510
237299973
1729929350
22817081
2292786126
509266208
146015718
2209014707
161679506
501185773
229015331
2272048118
2289244944
499455731
36915515
1391773927
2202973591
600120146
2161466647
394023839
2276566663
30004873
292917263
1655483887
1482000038
376689827
435283611
1424966412
221894355
89501886
215693617
141137711
2240646314
1914426696
306252199
1313858804
2248918363
157972979
2173700713
292792360
262199169
150246405
116795089
204708339
481355664
1383110814
721923421
2152817076
240710285
1079460361
569130639
1581236580
183723450
928540747
579979043
487191726
60640402
175289908
262322667
1827709555
2150681726
180382238
284119702
1216679244
436998967
6362592
834180092
429932604
83829220
1691071063
987454831
587325633
1665136896
772239187
516513845
1907218250
1923192528
588953575
1896797334
394684633
587527253
89032034
338447876
1905207349
1885898172
186399993
310308429
1253951312
984517692
118999126
510413227
558557968
1653209479
20939375
94097966
419024301
824879096
316675587
271483713
239147833
75287567
239862568
109802310
44624289
1198698452
1413624492
19741495
228756043
1466944562
1622434952
280371603
239346795
1008673909
934191854
499173973
611783939
297805128
228438325
1076915491
1361634223
1365173797
92544598
216593056
592876218
266616738
1227257191
1628726198
169869345
394977948
44089382
15095367
1243257306
488380425
407008173
1443244813
277747046
265562836
103819672
18720918
605409314
1482697166
61517220
322610791
361828036
1182148069
472777204
295317264
1493382625
193237254
402672255
57766616
90673584
20433574
571906098
20731664
158319320
300807465
407395156
355470293
19775920
1017611942
20255925
148663424
246153431
224557686
260211154
282565648
932466284
483107974
5851532
87447727
77989626
791508548
1484633586
980146992
364431410
106818915
1497782384
194061302
449916488
37703511
429016564
399430138
525984544
469150860
57320656
102759660
1364073427
42935670
966442430
19585645
225245149
1132994426
1343897366
305457016
1277729324
1326591320
28448378
212286408
612473000
212444736
374406950
1359920690
870593066
111338251
19594963
1399610629
1397042496
356203202
38022768
114471835
62075264
440810430
19164574
305578951
433291150
224017694
944348695
246358984
868275510
169243635
430868988
152997972
59479619
846007646
714249878
1322630791
81918578
377998324
634616729
255511911
363011729
484792847
775710199
976919444
184756856
836115427
1328741972
240260550
135296595
394606125
294254142
413011122
351010167
22156865
47579273
551426814
150367068
523469250
176863021
333992072
429971950
370067163
246091609
375834829
146513211
111126126
1310401350
134573771
151114371
69772223
36915271
306841909
52488565
1322145637
538456752
1305790237
187602448
262192479
465866900
48349736
177301274
106796680
586700931
40854375
522059857
538491778
1259678011
326256546
369414649
1253835739
399689183
14145791
962568764
1057498639
1235544223
96223410
1079945316
40440278
943644415
392175758
366290864
404050457
84404054
317657433
277566077
207667494
1265037055
228066656
1264099050
46123918
563587294
88264812
1135613557
179230072
1019967199
397428044
537253880
364122245
805357218
54193913
1115257556
171941753
89134471
67570763
23607270
383267303
365137167
891219896
345495079
254489771
44392911
949286336
604875142
348443724
199255963
422872774
103155170
84364416
921759169
429995714
544329154
1213685316
399473636
343409610
86942496
191085626
1130882310
606325697
791938153
224793601
823058678
599406498
238944124
20280065
10751402
218439826
33485101
260784594
347761231
545856089
303798678
455200813
136214912
702796478
130034862
134429434
116836600
192877061
872196097
78026748
1073952026
38823427
42651647
627868623
273460384
492116557
562973836
228779840
20979488
226118534
276962316
264449046
927767587
303205443
78961679
1148382986
454767233
426909329
156954121
220465144
244091434
1063842818
562793802
531280087
354230305
389683366
21187896
717643128
164835748
733489668
399654632
412274864
717864956
429916520
81081386
574603085
19294998
240633358
1168739922
159125669
294149729
821343739
135274322
94139973
246218288
116686965
388339964
239417110
784533937
526269182
36943804
54033240
114067136
1142543880
462995160
978908012
1023158233
84097731
57579512
90414408
497778223
968409444
474856772
26853206
986966839
106530811
278427525
79179874
52666996
930421177
886504362
219266680
169445077
159227053
18979328
220009915
833820320
607147530
121759520
409903803
819568190
52528381
28087413
15688246
113019142
126617565
59760742
58796971
217451586
19966557
462021312
390751241
435338711
777987758
98352697
462068329
335291108
44890795
861144656
87686159
25498885
110975254
88387950
23052639
67884787
550537237
22473134
300868924
14844466
620988867
479541240
538922049
305483981
918734395
399420451
792224923
405675394
270285742
561372969
72831048
214063337
47320856
943935482
270929392
83247262
889178276
39478054
38226816
605803361
570828016
272171028
380257900
870029384
432002294
467890164
392743257
792495805
742809822
50277194
140034669
569921322
85360680
376366520
93870127
564528782
384302214
17963510
717846829
263656559
150633655
336506910
508736155
247011795
218479146
26768058
435981529
539836388
261887904
213729989
420245593
294303485
41561657
93661863
122104306
370131416
215679747
24212723
392875717
19976630
112177253
82956854
532550978
233186560
430078989
338607342
479584547
125642719
283961189
6227082
133802939
112682264
19077568
54506896
17592502
245767621
608262483
164244249
19834221
216644075
42842362
379268081
155501750
157017812
26304201
54327995
120413839
88914175
18058609
104182491
124895579
161237092
19360351
47348069
62828459
160592203
245852425
466461711
189677388
33876029
140768149
326216596
85555796
20429156
420370077
107014168
237826875
10215212
28343428
17221627
141173210
136240652
8105842
558738494
74154832
83242433
307985653
622123
22536315
29939363
288992656
243140478
478534739
26732996
140766236
175399171
22911207
15235829
326054210
141154440
141148895
45535365
319688416
299844293
261886268
366630976
16949344
19393236
19658826
143397297
391004791
130087902
166523930
283160729
428982588
21751830
52055561
564571490
224557597
18045120
274030199
37963496
512485633
140480501
330607191
160573474
78127686
171000782
301427860
210876939
17305631
292397961
23921985
23128066
27013292
62843528
52750585
22019881
25950355
92134831
25106045
330212103
216647845
532414257
621543
26993786
57604881
277428760
20693661
193321750
125403342
163606088
143432794
114775477
219275799
177891462
300317250
313992073
20508091
479465486
38489678
374964231
248636269
20303104
338304875
167328290
275772005
41822696
266503309
242849904
249827156
518634298
6819352
93715088
141171231
108684386
112400525
85526005
148000327
22626790
46627286
14499829
48705707
64657405
119785859
46384157
21189411
415545327
6794502
153563285
63576239
304461349
115013442
69298376
21209751
