962053383300399107
3084243825
905833199435120641
46058816
14200205
956473329518632960
991467414998175744
1004920179984302080
992670957104914432
968124741558177792
946548499709034496
971260980784193537
977109706836664320
967007428666589185
998988872104251393
975129694986227712
912905199018217472
984626558030692352
905569913003180032
985918717350547457
1000235564669587456
980528159077617664
955648432655527936
978938346620715008
998105495708692482
998109368489922562
983440865019428865
997714184879165442
967627375243509762
992327002903298048
1002318571769344003
467547122
1002125693272997888
998151526509088768
1001501695363383296
2319436837
981620584361676802
919069682602094593
990799678601129984
925816349338857473
2517087008
3409973404
2443861861
980899913377738756
2973394859
908491889774518272
934740015715835905
704064386516840453
777950406076956672
916448244330196992
944901094211276800
941990094420037635
968126490406801415
947117290994241536
916354150803394562
998857490413404162
940553629634842624
950294018721763328
967708524200517632
3055936108
891036656127561728
984549089881804801
979791483350917120
986711142067310593
973231218215956480
887593678293917696
889801372346068992
964483830458482688
996051887332839424
987211567585529856
972834861734969344
918180688905379841
975433151265890304
991294951949586432
970019539118448640
1000257675228262402
809057445519753216
61787707
988342558588850177
993415250149036032
939672808128417793
997475931005440000
999290374735745024
986042202483650560
984010917112369156
975055011628634115
990222117835751424
967913265069256704
998780707064483840
998922034011832321
925029802033037314
965332558547439616
934003488043958272
905494232214986753
993872961382879233
976851410087227393
979846754714705920
997100062315429888
953685632441724928
998198097078611969
995335895321427968
964079356724350976
1661266184
979448621711155202
923839526862286848
991314201116381184
993276719497822209
724257020
985487771434475520
966553347619729408
992030659886632960
955497247545942016
974778723747713024
977919562925727744
872952754930458624
872422680766578689
920744717070974977
916730131099635717
975742312738316290
978394571632795648
981118172442046465
918089550727139328
797090776551485441
976061162562445318
855549095104188417
953913085571497986
2446017219
977985259538206721
913934229544865792
957340539887775744
956831927272722433
970432957029773312
969708824310566912
986478141786017793
973819487853137920
976520495779770368
959895336381747202
1215005035
989909766695616513
902455671161057281
925127721713373185
1894221596
784382656322662400
946811048967004165
954468974053527557
950919655220166657
966263662800461824
973166281359855616
961961116640391171
983411622965317632
900704959049682946
981145536693702656
941591786857926656
894101115926495232
984026837348216833
983723810686930944
940981440191320064
1532606198
966048282823753729
892292404153397248
2338067918
918488105794932737
145314404
967841907010363397
953628348709769222
813508862242385920
872691971801833472
71596625
896187929155977216
765888668720623616
827765776488620033
2505462048
1070554928
4717252638
2310400666
898099799257358337
949985270392238081
979341727768219648
922551680671141888
952223673150156800
138466017
862823061829144576
2720627318
248029339
186374788
855951641844998145
605835456
931198140505407489
322608758
876937732987158528
931391403350884353
2997579833
955101791993053185
942649491550740481
791059472
899509454332284928
951718477911306240
958743842454364161
961473559049547777
955821432042213377
961440632374902784
613163143
4035084973
47833883
971686692225630208
843948363221532672
814419607545151488
811021482432270336
763896973
247481856
3006323259
3428442933
870035785638170624
960815631061868544
725112868891463680
951448713540481029
954257005551562752
950970024407138305
951054674823557120
957727447251763200
1405295004
2878582403
867535554044456960
374298476
931477918043095040
959756102849081344
702562852587048960
943737770715082752
899664270526472192
726403913096650752
2463095769
953114489762689024
946348437510877184
748341904404811776
771253759758311424
73095114
954266829861498881
73933358
59640906
951807736420773889
931531847896481792
916993429594402816
207850297
411994624
108320844
964498946918817792
