933399233197215744
1713500552
2481188786
704515703299137536
18500852
121531064
131282204
793762058017923076
2479613021
437871555
3021829820
942611107
321774180
1004846301983461377
983857719064002560
1164821652
998682011006111745
2361707564
16607099
888469978277715969
114310771
444316808
2213658919
992135191614443525
712157994662801408
319314139
793974333785907200
898397238
77548797
2149823987
2520327333
102286721
738996705178189825
960315000630910977
862150037442142208
896245475157843969
1439218436
892863017464938496
135303745
