1000739286206107649
166751745
347586885
2281325286
411078079
2580947641
275276082
32457333
462104542
273542042
988573326376427520
938051581529948160
3297022953
774089965458354176
890319316327047168
1375684140
932698434
431071870
3672584544
900101796974264320
278145569
63150856
17685258
899742286094979072
17061263
18208354
369583954
878247600096509952
80082384
35039490
894748894789115907
2417586104
24578794
211918431
793554859026948096
403171779
248113252
822215673812119553
822215679726100480
818910970567344128
237348797
1061281784
54412900
4102376488
806401995397623808
804883120193466368
796561703215529984
26487169
118845216
2424016218
22703645
783836435799429121
247723476
2283960169
266894776
41203685
84376820
347627434
358545917
18956212
1717464030
7900962
3974665634
39344374
39349894
27915028
791679762
119099353
471672239
746158854212198402
3158234814
582135529
18087749
2957516001
18247062
15976697
16589206
91882544
711188856943411200
22203756
2348901750
18643437
3018960919
4833916690
827200291
63291287
115681686
39308549
78523300
20713061
25413556
147580943
29216764
1338765866
4510755552
359403242
1113658596
3658982307
25429371
237403203
712730920760029187
196168350
50769180
18951125
718466041446277120
620571475
41634520
38976390
2162637748
3139898299
704118743056560128
705902960967094272
19211550
2164876369
282695161
82447359
3303622686
3331835352
4890282926
2908170952
3395964711
4889333114
1445037980
16031927
52136185
3367987133
707299259582906369
1180379185
510779775
25073877
