1686729252
755093875
2896847714
978633374448406533
20249664
293016724
956672768
4164998908
18018740
2593655556
92677101
50309331
3434648626
33248276
105245676
193995999
15143478
1882232516
52529345
60752432
322984842
341136032
212269836
15160529
1621271
2202362364
244120148
952639892995047424
170034104
834609484781723648
15464697
22214972
26534343
43474974
15736836
19308959
30900072
188715385
18020786
2871289037
78012548
17580402
65817587
2595730806
2717782898
361871810
57726234
26484087
62539479
39556678
913796358070587400
913795107530387457
83935995
168505303
44168607
497086147
10506152
455872282
21619519
816291044325261312
14251225
2282944064
1198584702
86129724
21792170
834081571493785600
152755062
95092020
2846057260
800707492346925056
17241895
18227519
16120265
2832071580
15434432
116994659
60783724
275384865
22955227
176103146
32568759
11740902
766612305396269056
14126481
1319579286
143053926
1471313300
213236426
1469101279
2851932621
87036741
335404251
297252606
2311915106
295218901
2312333412
2568108282
213474069
19725644
493965721
2186515677
3016058124
2703702428
37710752
166270127
381289719
36654245
2573480784
24198959
3240143771
20900209
2952839029
179378201
27854194
720730205082554368
14840036
2541466228
55307193
5391622
19697415
755568905100353537
24266406
357606935
25073877
297126200
147404136
15388317
24358412
14329464
2244340904
514781725
2871130930
1446268946
184136149
1122192223
232363184
89043072
1288485038
244655353
415732184
1382589835
130496027
353737617
587814366
31127446
600378539
3005559517
1327378508
49465463
27599874
205083867
35203319
2848751229
51205137
15113373
546170165
12199652
365022169
16825716
250758475
21232827
7517052
131520534
2181836030
41814169
69181624
2983399723
26427202
14140692
476115785
140526965
2544278864
306850457
156411211
346611655
39853973
851544830
19337489
18856867
20169416
377970211
224581951
16425462
5943622
244248703
14115408
211006168
493320423
1413027896
9460682
398105054
15210031
338330795
24578794
473385747
18648609
28870086
28049003
332617373
51263592
44358989
2756674999
44196397
1534167900
289556231
32163023
86640232
19564105
222177693
324609596
2459000821
140912249
35002876
326315947
16732770
271211220
525505839
60693203
263197731
1347071545
451466991
34713362
18949452
21573737
451586190
2518461451
39879120
37718217
231660649
57422003
242887190
2557521
119593082
138372303
14216123
103087049
24443284
14292717
44401911
114782468
39264827
384445331
300338214
138182116
553036368
227070376
208155240
25330246
30043148
119372054
14276189
160983113
27801361
2414921678
76987599
165454200
586
17813076
20355109
284578421
19405487
177070843
540155150
255026252
1514654911
53335262
47253987
77010008
1408217593
2245686013
27454324
2243982044
32135704
747681012
14886375
455309376
21328656
259395895
99806132
44606764
745342555
518715968
627586654
275241710
15793752
35132589
818647
39588492
11057242
22088473
8209022
18138971
26524493
102652406
86852851
19819826
14498484
37944783
21138644
523467122
12492842
16403943
363698782
197434474
89447929
155927976
18060808
431429137
100029015
121806470
18565637
280992438
47581064
284576709
152249521
285929195
20542450
14861285
23196051
16004418
176211652
242999741
17299135
314885324
14666934
148529707
21677316
3243461
77888423
281800967
107146095
46241448
44294054
14510710
16227829
14469795
143947826
1835411
7635182
259379883
119383877
16381558
18730188
20105368
816653
85633543
76462445
113420831
818927131883356161
66780587
14246001
42689497
14353392
54626493
18091004
49620730
127782017
19312845
18739303
19356794
103068005
66219976
26075776
119130219
1774391
2467791
14800270
32359921
14514804
12480582
15208246
60919240
1947301
14669951
7259302
59157393
14677919
17006157
48043084
19273651
34891363
22154382
17001945
92291369
19406043
50325797
14412533
33792634
20661539
9499692
17314160
36623013
35474809
44423
27090222
15731368
17171111
15641893
39837333
38786575
16298154
16035216
18208354
19789299
36082429
17778727
16246973
34296189
19361374
15011421
14951656
27553776
23004317
14264854
13320862
14339184
989
14215361
16272226
17601852
14532122
9534522
11054902
16462392
14529929
14237001
25659118
14169415
15224867
16378486
16681542
15356900
7563792
22367468
14482447
14629443
5988062
18791763
20776497
13704162
23176276
14511951
2884771
11856032
11856892
9300262
14293310
17074440
807095
14061562
2384071
9621862
6017542
1688461
428333
1652731
2800521
657863
10350
14413715
2525131
15461860
14885549
15422978
3829151
3108351
14326840
15136609
