1172048756
1898784800
15202516
18027237
22579459
111220716
78469573
596572961
14458280
197962366
33517100
58894331
52858833
15279886
16655829
957732291589140481
222656216
72423061
371120838
780971190
18951764
26655919
13215132
19279990
3095645950
14163748
10505322
3355313961
750751206427860992
718495181914316801
3063032281
624056226
21472765
110590422
97630019
18199741
846137120209190912
39364684
18228898
36054262
15184929
703914748790902784
172858784
7429102
163436555
14939981
39325978
960793761696702465
16145626
476256944
237439162
897633168
759123604269248512
2916458450
962787407048445952
2467056210
42995371
3243561805
4035503243
1378000488
724531752
21774892
101431573
2332431056
31949107
964032914626359296
30502115
414038777
25958104
29455313
60694170
21705931
45709328
32906904
235005256
16151915
366027659
3089947118
1920946735
3333401415
400495835
788339588
398282459
267177726
17365337
454313925
14342564
3308352436
16102081
15220473
473266391
2815325614
249632937
65289126
21094301
34809486
21024997
2893511188
15687962
701667727
14982315
41135906
950505475
95821631
3384238451
629724728
30076443
279021050
424532312
18384223
911735797971345411
222780972
143474328
3449376675
110240893
955117049172381701
2522126634
759962516
17364412
31339831
14619266
21208832
949299517475704832
460794022
1660008114
757247698902904833
54596495
1394399438
380779638
44196397
15431856
2829627993
30013010
1854580777
955110394363809792
14062180
5392522
160009672
25651173
21918310
20150502
115710058
492399548
249957750
141664648
250831586
16547369
154280902
2573741401
20690398
316598297
186985133
115485051
44177383
65647594
65707359
4743120687
218167872
20311344
760284345466707968
4018617915
500704345
143205532
936370782036545537
16573941
15023872
181572333
142790369
759251
14451605
76389387
15648008
286871259
2821147448
3321671932
93121635
3376066540
90529944
436187029
96834397
23006794
39378322
1416622795
409713189
3320478908
744454819285442560
3242495944
132339474
16056306
434156771
2334193741
16305370
3331608135
6351572
19981142
3420477195
2557003622
843894692450373633
3533535676
730759425644998656
34036028
26053643
867892848917712896
394240920
2485488109
17494010
37691772
67418441
17587207
32579003
957707575
2283986100
883366729438699525
21810107
103012173
32774989
21692297
19608297
739836760948117504
518952895
92433896
32472585
25675148
3181415606
19397785
22276164
33639564
100043275
1156344793
15210670
2255587105
500042487
18494593
805534657769078785
799756737045614592
36947388
62290422
2869103344
355239968
797621470365184000
43192807
44974748
29484644
2466203513
325385270
449272629
283335371
847143610411892740
155628857
40100270
269543530
90420314
17516149
215060612
2239511592
799708851427635200
85124669
896573323
191934632
870002331118469122
830941630156902400
14467688
27283635
1450386817
35658125
877158464153419781
2830079980
732706294272921600
146324348
715557344
2618928109
866110325988446208
14327149
325200477
25525507
760971797143486465
64988325
31641658
15650816
2480936977
73039079
16008484
34381878
26393021
2269621765
61145108
860298600915623936
858425370311364609
233619397
56838529
285625231
60108392
859783111940468741
4032221412
54795902
2300278368
789508933874487296
56264998
26180278
855004276137086981
6761682
829785519513010177
30518445
14633767
761547154372517889
20607518
108988865
785968916
43901189
74501824
29345916
537434396
241382835
4274372981
87346728
23509565
88431467
69885274
14378113
827523026254254080
241264057
67995848
491562316
17471554
21955058
20197768
323015815
983286193
19571058
738265247870373891
721153230034624512
2483480971
84075278
17144660
1571794394
33918822
7563792
143873855
775532638186659840
107146095
3940400134
369539092
778062382832742400
50294938
14755492
61020635
3096841767
24017174
49910798
59072662
22789766
175180732
2861354860
520924684
838962263931379713
512446262
88586126
262799542
115466313
26972770
17974501
43619502
1096068614
15440449
400448353
16402111
16025616
41545709
20776995
44634570
36771809
2445809510
8839632
391037985
171879536
46040545
33578424
404383678
67878649
65770439
56223278
150102668
569229676
62719868
66453289
3240143771
2964864604
24549680
48033899
45943457
44991932
32887168
44992488
117874971
298047906
247048493
18726942
45854669
23799310
212304085
41675868
369615224
271060845
57339949
44984439
2293315159
409486555
51241574
10228272
20536157
13058772
14591071
14377870
5625972
710136436637474816
59605207
1337291258
424464903
2458759171
1179225367
17470801
17471459
62326061
745314768785911808
125730969
376502929
103686030
61298852
307150216
163724029
476907667
1436223307
15224867
1429761
16712746
21212087
810590628727914496
17563380
52866770
133589874
345311830
16347185
1013399942
2753494578
12044602
633287684
1366250604
196415460
939091
1969011528
19750159
54218903
813929797
3313998839
50374439
116594541
15667533
2357043872
265249312
18382902
701935932
726909943459266562
166739404
3111694226
2469527062
1446853159
61500505
4196983835
2984872862
3166266780
119228939
62606201
9989862
495619286
3038295012
1207473092
602993818
163950604
316801465
112236047
15441074
816653
2283377262
2775954659
1938288613
1537083344
72965352
4115050938
1629244514
19089077
3447259217
564668361
574023889
30924790
8039612
2342267544
221412285
59325073
15294801
780893587613573120
16254381
24736009
754860209877688320
5800582
2975534888
139162440
125768192
19000070
16419153
816711163
191914406
473075367
18958396
4880287258
580487993
59839834
18890115
316524763
17201277
26590781
986235307
328049243
31672638
17344075
18227519
21619519
97737085
412415595
698928678621880321
2707881469
238319766
21228708
919947757
1216979486
79993544
532374319
1264788474
263332399
18588279
228079384
1265183119
164352895
143882311
336851461
219041453
1653677617
133879298
75916180
269813050
24695250
2669401136
552122008
1470100466
4784221812
108536329
14222536
35764757
14631115
40059553
242272157
166265735
2374065348
4580095214
2834730071
90330251
222659560
19037279
4203726393
186574709
3066013984
95542437
18552912
1348708500
64422751
2872412806
55516787
263537843
2334852392
91899366
2437396632
28112058
718083375144300544
729093276
447563263
14163722
14273637
1456580934
1495365967
2905575665
26387051
1676445666
1581289837
536515399
22111770
2902980868
3246924024
378497486
12356582
22894742
2169348206
15301370
21403120
22063790
282110248
78767466
26711120
783214
89403567
4888901890
2863488598
79923701
20611853
3447301403
19705747
1342544430
68193320
464849463
166117762
2792315045
1101289676
14925700
1222445364
365082780
787110116
384685037
391267988
541465065
3355232890
86265802
19016569
182853396
469661253
14927729
259674489
2937771363
2899854693
2768750036
4850229524
113108098
3654248067
4158014785
1609432166
862212176
702239037394968576
3077162892
3449235940
196598607
2985037894
450951052
135617852
2888728116
66522810
16581663
39454616
603986609
2286707904
868280732
39538010
3471989237
2387012714
361345368
241273903
18602971
274295451
3474606374
366993926
531647051
2298191996
34743251
3016055695
3219750651
280727207
19314650
3231988536
35724090
15003536
2154475518
4839198075
16050554
226332506
22867547
193249971
3177335767
336518735
181214694
138271896
703808448
14855279
2798525487
4877024771
1701945013
155178817
18328191
631669280
2848052259
171664289
12611642
18204482
1510233180
17596622
1933042237
3064627642
22018221
25012141
128565636
9896192
2896919861
498961017
3329834423
1226120120
252890019
22872643
133372174
3437038078
574168493
184910040
16152163
28443156
2711039001
378239940
2205361862
1524237644
2277997303
38324376
17536486
1575731102
14724725
157920406
1611695522
1689338184
309961788
15266000
4561062451
16136634
616117427
553396754
41304930
2264846642
16619881
28964484
2897624184
43414122
3342223449
112924655
3422351398
1697513786
49541799
1551315554
362137948
739013040
611530014
3302124063
14846921
2981291687
29151815
15836013
296983572
65265119
1465297584
813286
4218817017
19702108
21326100
76961173
979402656
924343872
35031661
116909103
14075928
128406314
303827856
335207743
3219686847
3219724227
101333852
15807837
153491693
32577219
1128218821
273283513
16043600
61090648
256765086
1109634451
365503829
30160168
4158341299
2202362364
920104904
20106852
20111379
18041057
33999090
422289762
1260331754
64005054
122291013
382880044
480035350
105961394
20638192
381857747
4003649194
3907238533
383269821
2873301816
16447755
14735589
3344248390
14385055
1651810134
2989121887
413535543
21925490
92543037
73544914
9523952
119082752
3192563154
80322796
3382235129
383603712
24329353
2811400613
21481791
2887790891
410705457
1964253824
1726883250
40842944
1419037717
105669501
208717580
743763
23665495
153966123
2659915940
2788602837
193581199
36843988
1933858285
3315368252
2825249024
63307960
61592079
44695747
73181817
2387373288
2531386238
1529268054
3329841129
106411990
28348160
714340968
281072742
448481866
60682905
339317066
14819432
2786197476
249395206
190804002
128676094
2335384843
2899133017
259064676
308223042
28953166
3583264572
216558300
14212297
3243678352
44312605
2864118939
15331408
1408361156
2344187489
1873050188
18152647
1906340281
19659552
1607086051
1110601236
18948141
141189815
20271054
702886233
799381514
3529505057
3529086196
2280998552
178147876
347839812
738288895
122231203
262749118
39790943
2166247891
2205361238
32548988
2924449446
3439142650
1251534924
468589378
788618876
2847724903
175122583
381266159
539644469
2520602136
196791424
395589480
2303477106
11188622
2273208786
3318192802
346836110
109289842
250030763
2738281990
16765853
50404338
3167401950
3062153582
47714847
2695842920
3192406390
126592212
28086548
407003104
2303750858
68247622
1965011929
30177232
7739532
193629687
382135791
263044485
1376314273
471700945
3031137252
1544068398
40837504
1598997302
25537232
451521023
1931811601
18435068
124826748
2826192046
85452649
70194148
1268418848
3241623859
1928129204
139732111
25669967
232674332
2460216512
1962971701
3269144197
2474517775
34386708
28245852
2490068635
53585111
3194788410
2966161156
3337243563
2759081185
2978932775
2233154425
288086921
3351067510
282193456
14935104
17790164
1449607794
57187725
22563769
54999357
1447458211
3329551816
3234265556
44362094
60865434
3123647013
771136856
2874630952
3231878136
51579001
140131880
331409223
3078064236
101152999
3121706279
13686822
54643339
15347020
235332872
461080436
545559356
34390936
1536791610
2761227420
25260986
1697876713
1643527514
899854788
2416318639
49573859
2325851942
442855421
18101713
1407761874
1056700645
30003420
2903647439
2533966621
20733
70222696
224781965
54255166
348785149
25209206
17545498
2782052196
551036432
16151935
249964507
213474069
49783954
3105076038
1533840589
544557464
499076495
27249542
528339936
356581623
1311104378
23138185
2698300332
555207245
1733621
611071034
475212144
56927066
76997832
20015311
1121916439
2469557900
188704811
27457788
24493831
15987393
19430780
115831702
1697472422
3002897962
412325589
54551677
2450500926
202510181
613723406
1487650286
40139016
757365218
239591418
3087269301
360684153
2240743626
80235953
274683561
337943205
2601376802
1571352158
37553950
1317414174
3074604035
35038647
2279556006
233412289
2827109622
488030935
357606935
53112612
40236462
2956482169
18951737
3057975239
90661198
2826436952
28458418
15932276
195503955
2836453703
2534527809
17810992
756066012
2827427887
45724110
2563760582
2337769562
245101301
623916538
1421144298
1535038393
354137263
2804293009
36492584
24296476
2793875383
2572844671
2581461469
740954192
1525689241
238341615
23636912
5548212
2192672690
1968638208
16303106
15559787
2841213916
2749344372
17971323
248308121
21360280
390050430
376124034
1962626449
123807813
184872574
1549627956
2919816081
255798950
35682979
48008611
34629240
404137903
229385617
30923986
109049296
309035371
19170906
238225339
20430799
29272043
159190716
59949396
18175886
347557607
44441279
1247690359
174593833
21734663
2837127982
15676629
18545627
22296472
913310546
568536989
2701853700
21577728
15756383
23497233
980659489
610140647
33014441
59490247
422353054
708991850
1339547138
2654543552
317871841
2525578032
24495100
87403396
568735137
2701492915
2746927334
240809225
6912362
240502579
14192733
20882957
1133129990
1140274477
548464863
1132447022
602966399
528055712
225010383
380961450
627924123
250309546
49295431
2527095835
1152155828
19665360
712355424
2359311132
30810430
33173672
382962785
135697892
604626429
2699730193
2711189276
179805201
799716134
15028394
1105391281
1045786039
16075573
2856866879
2481431462
348667570
2915989820
44150150
16201819
2458256605
41033217
68248267
1272031254
1809331
38682272
16409285
65184105
462273819
16795430
21535166
1064561396
432832791
86096933
25460615
381688396
23314049
28285836
7872292
305849562
18140340
16407199
760771604
1041346340
52429190
71609242
2792688922
20442395
2789505515
43982239
2610118092
223223376
161198537
103740149
20946460
1257645007
17488457
1087097784
19623009
234409270
75974281
19792221
308242361
2512494217
845831238
40849223
16114141
68417709
153442121
921733909
2805953113
498095362
18951104
15927336
276064176
2462629959
2564598623
620381863
18935382
596893898
2777445564
1048190737
566082078
1915799946
14019442
620577469
295822427
595714224
2305383130
1309511
39901544
2303983100
12080102
34281966
443921631
1115382312
1003232844
2551310264
2458451689
216535229
16380328
438639744
451123275
1638690150
46464488
2460799299
26904369
14059126
418938632
63560332
44445440
27637870
505310267
16894874
313099048
1516770390
96141450
284843841
18500433
110725158
2783239412
2550074857
148089228
524487620
216985676
229047171
350628549
388426142
58569413
107498722
18278629
1855737487
468956078
1916158164
250785945
25536162
2355152546
590219762
17879241
1428044202
2516072779
33545031
198379762
192049542
24289021
56189582
1629083436
14591721
2346198961
19504578
25191301
49075668
636559952
343733402
18547303
110365072
1172971249
1588421329
1375200182
193415167
132540959
1052678090
20688034
2576661460
52551600
27042513
21734298
80096621
59635837
431429137
198521390
89447929
2511477648
18812795
8737662
112897540
1593151843
538179357
488943927
24894496
17261855
16580226
180926628
22289487
145427893
2605027879
509185272
20793816
2503130728
980643914
2372354838
20600084
313340722
378833308
2585980608
17331872
15792387
941630352
1300867440
1083314617
1915684634
255775191
68523142
18276029
115525032
133042870
244998644
256628776
124827833
2551343792
2545469348
457782743
16499590
1259786486
247566473
2570763232
253809805
627949093
944203176
406745433
225553867
358219210
1449744306
625221746
19777398
1350549294
38765669
16790793
172867574
1188650689
16894059
15950991
1252550856
132022097
328695608
1963187676
54688421
1081085840
15994844
197448979
1096854872
1045697720
347442501
2232033499
2458314517
1734412274
39422143
301083222
18863815
190070557
1015416452
1534682449
1248959648
21768379
18649764
17437511
1292376426
22404876
19373710
17900130
2414917518
30089041
546929494
66528154
1054030388
2330496349
6211972
304679484
83333300
72753428
179599033
23712872
1312180968
15382113
47786101
27151820
14994465
459757650
1209876505
20261503
818951310
79469855
891794228
1890882007
24691467
104969057
18713254
3554721
97353468
602317143
237845487
325832193
454233769
561754773
627643923
579006169
1410986720
32876210
351644601
146895529
1619180858
123352405
267847334
588492837
1473185965
28361688
253612462
26443804
863405239
2361226558
60630907
32929008
789278935
460457856
54718838
34436190
14421221
140699869
51985736
374894138
249680080
16548500
16977384
2269628712
594910611
21312307
2231148031
156763824
448475815
21147384
238636889
2355196472
197304939
481754375
23375723
624770017
2903111
39525012
302763536
1223054738
2289152460
22239625
60063235
39283405
2371009634
98765275
153992717
36655205
104636744
19920360
1340655595
1058014010
14942612
14942684
19068720
96676058
38554852
15466386
86214118
35626831
221309719
25797328
886207832
1137530155
594210567
26391654
95023423
334463023
30377304
636757167
1351544658
6289722
2313922076
265067450
212337860
87727037
17358218
389591882
16213013
16264006
16212952
89003506
21641130
28201743
60769104
263234033
21217761
30205586
20640328
1958101382
237806080
2243973626
60520655
231307857
915643998
1562609017
1137161258
542956778
237670274
1862524676
21479907
15295015
789265339
76027332
19725644
362270873
17869330
161909864
2255748000
274990098
767831132
1141136372
1418745782
86007399
180505807
571202103
99334402
429901897
1211717467
153474949
5695632
2279796104
1473018104
35001544
2322960595
2179083977
211918431
48143209
456910776
31031011
221230182
40981798
16312576
14824849
21710082
17243213
31080039
27698202
44291967
83112392
926678748
17525171
1237553251
25197389
1691028079
178001469
1110051426
605767971
378320340
2165163482
14250125
19192238
621649794
15457995
28016036
18221058
18159470
1516724623
36081866
137232499
2196938611
838644266
15439395
28521141
378171907
60101131
125988399
105245676
94618543
601470487
98582659
1183041
15666380
507700971
355780560
42484064
55121922
27970832
43003845
9695312
313091751
100220864
352413205
1119630571
19102343
13864852
24474059
21432814
25084660
39341439
391008620
234540585
143958468
1195331892
33941015
7958452
24144519
21763222
621088828
34534461
414569910
18996905
20031977
544817610
26604704
26865506
14801166
2890961
14780915
17230018
595578970
243381107
784304
74580436
13784592
46116615
555362545
38190507
279093933
11094232
39066442
393617652
908729419
194321816
381032464
1057079388
15252137
1093958672
335857321
404191838
1265423264
19652575
280826651
17490502
715138424
158982539
166746555
20349823
50324604
369325431
15358019
866504532
1184721758
604772054
1071609836
49710167
16261638
442911106
35364040
27028248
21661279
263815507
418597196
64827034
89115665
62019959
269121456
620402497
48771393
15175819
531401759
294219864
52189924
390376405
62554155
258174099
38212047
1103914518
188865044
839514252
128961231
402944504
410778280
395456682
33345091
184909177
310240310
16050296
76053446
71150553
818908700
17771894
366733708
1342399140
26832997
807184478
257176808
1069397503
14884180
1362050208
973306848
1315599368
384797834
11238462
97486299
1014827276
193779018
57052844
557655956
331891962
19812077
1119821072
18948541
221838243
58152842
259729730
980244264
321044675
1116010016
716089051
24209476
13119862
1166791561
1122192223
820836422
50438470
397383534
480120122
505732940
34249388
633202758
15265990
19116319
49094012
258018822
778650324
879671161
38596022
29636437
902843052
457034723
202702986
156208707
69717552
155371716
31002428
1093090866
107627047
19864217
9629222
70878838
62441142
561537472
339552778
63964057
634502313
364403649
102192316
69682148
20220870
427799256
50570449
365903654
19936208
35741196
149283913
79100774
316042041
340371081
198876744
19539314
33920667
16443045
14228245
26668603
21310752
711723230
32686804
15939831
137780560
529140270
386195707
18026663
16230055
366788377
414304780
71960805
23935684
20102706
171275005
455628349
726484446
526675671
597136734
618225273
54225501
21954625
75034372
15137043
18986429
487249114
262778149
376302246
370090757
347457565
14192558
90216936
260312885
18165211
17458770
340419149
50482949
49085235
304190515
180963514
587476648
30621351
146923798
67118551
22822286
565452287
145341226
57583761
73364069
14550649
173997454
452926090
457338834
428755384
357577599
48170454
201347188
27772095
553647883
270085749
44835679
31248960
260002643
46153909
360226337
438268406
18648536
276896647
36399264
401989355
81725200
282670028
16867364
13065122
207648724
8447862
499334480
234107537
59552133
50774064
26532075
47246567
503704831
19628948
25090088
238664986
42520414
755103
24584989
19816859
15641891
402257560
424357049
516759025
9353292
18964696
143752680
313519078
35274918
162299127
153540289
45970549
410693258
422216482
23459740
357498323
15772678
304912237
561649930
555926822
293102560
194679211
34169185
17501089
560513410
578967554
420636280
1361341
14315150
480062406
522668214
234524149
14621637
329415419
19089993
341131623
51908250
40218214
91942071
72968446
241674327
41644754
23203640
54652841
15015467
11929882
14431400
21375629
408795514
16513931
115565084
17071250
332434180
239777784
267253593
58548347
254888543
381852511
279199526
207804775
186202488
77892977
228564583
91298698
15947602
16248319
74612836
17717607
138356549
96564060
18512139
228113466
350882124
215127484
391605639
71869802
370811744
431229921
432639576
266373518
18251904
474481665
97145189
262256173
11723572
16560697
21133007
52479184
116221921
394860161
54192261
22415436
229673234
348963601
118883771
172314205
16350401
166174416
367325897
9957632
143778798
25141551
14761583
21166399
169964031
43237708
16468758
241573841
25399731
455049876
20581674
347290696
108108824
113212239
112336099
192327843
215081602
207741450
154096522
14198282
20807168
47333726
310507715
207924118
428211310
41611404
24761824
73202651
98627870
18122984
401845326
15446520
15870794
334635032
123145383
71047719
16194524
18953266
33778988
92580421
218902546
418793361
113369350
192015881
30922620
222700756
313084666
301334614
288937275
60127758
369215126
204079160
25455663
15485441
27911944
96144217
19679993
437512477
45895855
74017113
95542132
8273062
281350026
154113214
235670894
10367
287972658
18813708
404697364
281400413
15907720
61061751
16655677
29221344
34258941
17051833
80979466
32712520
31005848
37828123
76410654
291471206
83254717
168458031
267694871
273771404
298887794
360706574
281931156
91295208
332534032
245191224
115811631
161316967
260641247
316084571
91382040
43611693
249861104
39494161
16833565
63120707
172669182
17446277
128956175
337596980
1333741
157415198
18777897
17978928
226212847
106864455
276631087
117180121
286216084
111038779
56347868
27807690
324625863
371906938
90206548
254426170
119095013
57736771
126795292
19847843
149166038
73393534
198667917
305408199
116889753
286071851
213680757
14394709
17388386
38513188
42217478
139510761
336210916
181165412
278987914
33246276
34826262
49707592
198312867
114795990
150883203
5392752
100782381
111025037
194714494
23419200
11096572
50006818
348119419
22548403
288452305
177728250
361243148
182421263
183327306
343442618
160893869
83624936
30298574
361966771
17093617
362487813
41360955
15639642
14119238
19235226
29818291
22640947
17087175
18539284
15592624
18110496
27042459
266132627
27326803
285260617
23483586
197294050
313422665
202685673
34981171
316795313
86083749
81427819
274209764
264339106
179811705
207503064
261814786
246143145
245223400
271901187
245825188
334996064
47886490
19423085
15772523
220924432
103531182
17401217
26565946
46576295
44999680
265798579
18009781
108113524
90490620
16688083
18350811
280565548
256620463
27096664
32298550
77246863
43468861
176170199
55335487
54758717
36703524
35784483
16895274
19515424
17842366
18736652
19402238
17471979
39822897
11348282
191874430
320625407
21066852
15421059
317413220
145083191
15805212
35753422
52070270
27104958
58545637
310267936
184947152
28706024
20702052
260292052
15747938
199456136
190371395
202623127
36834256
33352063
71102590
38283979
37710752
15227791
262349758
116065011
45414295
18605897
22735892
259874218
25970331
200251856
195498005
14425825
219628334
15460081
82455213
228104440
225376923
30288492
213088670
116791717
9850782
19088190
12166482
17483763
48443722
15476649
18141855
52236310
221050570
22440364
22592948
71833123
197780828
147091051
54244548
154443672
128357287
166853688
223569126
53443633
38939272
162119906
196718587
154910928
129977333
113132811
13443342
181461227
19548144
114839305
39775675
54049744
144277329
19252709
43742760
23140968
16494321
203739978
23242131
130336290
105049016
14262952
16699866
125453745
90637576
7961132
127693283
8161232
5849252
14230524
62745632
19305291
18500852
176826828
8984102
134266326
38153487
128280059
15846407
159716429
125122481
15898172
109292734
79061808
25493143
183727006
18599055
14382508
15912778
15859268
38375324
24300075
2463721
84762052
183469872
58770934
31487479
74872343
15314069
121221719
11919732
14617808
38213760
122787200
7053232
148731639
138267795
23632915
174475950
47725368
74413696
79272614
15098005
94120244
179495838
110788299
17442735
128604976
97027485
22214310
22461427
68584161
15184938
17354015
107491196
58374133
5561772
14364397
17875000
14496937
65453869
22170004
148074785
15309072
16070406
19549695
15238606
15639331
17856285
20109973
116813993
115107714
35649479
18825732
21487185
9265492
105039279
94497610
16710868
16598790
16328992
125765787
58606259
14996270
19427419
110972070
32880205
15712097
114232355
133302536
52264410
17496715
37012975
90458659
18206919
30278566
126897231
126342658
75414974
103879020
114518329
22185395
15098096
14049120
14807469
16741639
22779258
15085498
70740986
121066993
14104260
91809859
92671249
64027739
38531676
7867082
100615869
14546784
16665960
87096816
23166381
34409466
20718622
82240016
23713206
22095748
44798497
44292587
20460235
13012632
33515899
17514057
44126544
71876190
14522944
23993310
88949385
20776696
15222197
17427979
72675862
7378822
13171282
9319092
26045102
38922558
88710079
17438084
43999793
17219377
54560407
16559320
51586490
53434947
52190089
39124778
14913764
18320578
55257327
80907509
50325701
14868280
15930616
64823914
15588657
47730438
62513246
38961224
17116626
16437606
43699273
18396070
62581962
14850079
21001534
70697181
62535545
49365517
14170609
59479549
18070110
18393773
15661871
37294378
22540123
40020787
51738479
18732790
16846327
17677859
27683639
48432821
27318358
26723371
14384803
15247272
42744294
18514842
10373972
35041447
25681991
14319981
23464939
32919733
35750107
32166535
14562275
281563
21314834
34303461
20799075
31055544
17825445
37504785
16049481
24182322
14871107
16190898
972651
40258007
20723858
27197072
14123751
15491399
17086249
15125874
27912126
18179554
15028853
