633213421
166612607
1005633471228907536
84933309
494350699
1606307832
762910273
2274744661
3421451115
763782846708273153
810115896
168162070
278578338
940118685636857856
926554926
816468160291500032
359705440
832260441023926272
1668477426
395530325
15476707
979624238402424832
821724222309466112
958485613136830470
3940123709
976553614117363712
3762413663
514144631
887677006212673536
584343785
2470449285
957303101479948289
961748139437895680
2820063332
773572115698159617
450342273
778218918112534528
166857002
1634559702
798500204236435457
443904482
218026796
470631040
211267810
2304216260
803093974529478656
284212844
895425057039699968
776516492
551682342
951903466141769728
950415576727474176
35057104
891873552936435713
2542214496
945429408247975936
943587528787070981
630772024
725727066495291393
910496676946857986
726161607034818560
603130733
1134801720
1279053421
1343340067
871211462131404800
914614877372784641
873032861841883137
404509711
885624874793922562
773571260857147392
2811791637
71915617
37521631
1262661872
338657369
826715574638084097
1123814623
383848666
467005126
2977460722
1147039789
232259749
880034214204370945
3318281905
876635046274269184
317606676
723347570014195716
3417235438
872179200731607040
131000513
465865702
724904534
825080337617264640
863212997598003202
878509639
2194951418
859166749694013440
2662260261
2969186459
749009604432896000
102724348
843570348083855361
305923064
26265264
317932549
260475515
775703248409923584
261962387
351692096
732075467788812293
474439533
2780520017
847258249292161025
477178659
843841144123461632
324563598
3294466929
449312193
3406633355
23590660
3337128539
451149988
177042163
955836714
804068037313855488
3314040867
594956605
772891806988107776
826944469345980417
816390505424703488
1018714441
826922820034772994
2509526789
824455425152192512
2242906464
401460201
1097080903
2802682413
825800455615832064
563469669
827548953008803842
825906733994430465
45833884
442382990
825904452917981186
827161162370400256
826263694426390528
826156662
820502078795681792
2204597381
2970640475
104136144
805052452718383105
6794502
631332217
375981578
2894253941
771377674279383040
315498720
1580861599
785969091609669632
1902101718
1633449642
1895454554
786343912755658752
399044343
981702816
511140603
1027062506
723939185078448128
785841211
4093853361
4697208050
739995115570253825
2841692560
1255956703
728620020234739712
2413555521
2368041768
403562088
736966838
65412839
745448920596226048
282291434
4779905500
317073710
3290702201
357823942
291407691
3148272233
387276131
1139017182
709808162581450752
829938774
2779994944
4417880233
490796627
72035843
4758691460
335059549
599842911
703641320
3893582733
2657775732
4833094342
4786086141
1161539094
4205286621
20012866
160299767
2727031108
2972111590
116861846
21472122
2586048763
4377086716
937935618
387476474
4335603741
2295673970
332307009
3784142663
277203753
632842882
3957736767
60930397
860160420
247400708
455177989
3152654915
3670383135
783869731
580197299
21825193
1300813057
223358511
433888348
3670404149
275178465
1711034744
753607902
3115777984
2992475109
2752789499
3332954848
792628807
3733997189
546502605
3637828937
2302094155
289060542
3393844287
432060086
906733574
1266348342
3422338847
1578750648
2988283666
3644143037
3537741557
46574042
88082301
2821730388
3435973955
298669992
1411516820
2830591119
552253127
1896126205
1097049055
2780885880
451873805
268582168
77600979
2572136304
3368321241
419868753
329465209
3149980667
95529528
40505322
3246977978
3304047970
511757224
550584437
1942026792
1940330563
1109171550
1022914056
1419702644
30500021
2973132022
1716841004
3172983837
3075424942
112237735
311228556
1273321657
3124598993
1834316917
1488125340
603301938
3035995467
28222051
1185359534
2821274636
2450603550
211610264
20489875
2830585747
2861552697
110055876
2784529438
174775103
1939226281
1898910938
2514770353
41897527
221985664
2701311230
387884800
772766058
2662690887
2610251804
2601803995
767023818
2453914475
1214648324
2561430564
2566259984
2566469510
2316421290
2595212950
870137221
331519221
504663072
408943474
953468264
184955466
389812281
1123292095
347237838
1338144000
190897931
234727911
251903434
529893585
161700030
122514569
331519851
2411971044
2403410509
41475080
2403319141
2375109510
1051926217
544741031
1917959324
2345052267
614866276
456101760
1360561231
1416973604
911384538
240961329
2299989560
1665373165
157883149
972197893
454910105
477962033
2215763633
22387804
459502427
122475605
1905736902
202724073
464048841
2198560582
1860508464
206781026
1130343409
554689558
860967876
1566954218
1920751543
512776201
1917281442
1709431909
64803531
1480648170
874595845
1648373299
704971904
1149803281
495440175
146676586
26369253
1512124112
290758076
1486392674
840880243
216251477
1002386120
1334153070
1358300814
1143932610
65977839
1345584409
1342634538
26573648
1320974041
1199117904
1038196946
32685169
1287293479
189255874
496415014
1265071554
349117388
1206564571
184845996
1084466432
602109868
129960317
68861078
377662785
483879545
301182041
1126759819
30083159
248416868
198932801
403164024
372774386
822235710
489683045
851661163
50467864
448198402
837191886
1039932572
302829468
774893468
251915676
429304404
272430764
183827829
383948738
513986629
359487179
319384626
928793443
830958534
383804821
768794274
613043100
363494445
405815003
506540196
562357388
356297585
764169283
707216558
344026733
288976366
382380246
470716502
536632678
865370185
62180155
590438800
794764634
484376799
127347934
631643539
230330114
