1633058688
885046854949502978
2740128811
902874971399000064
970704556861440001
857457629592989697
191167764
936773607832690689
2581682284
937581670915592192
2551747426
828490367884341248
996565480004562946
903259953846116353
910550046617214976
1120879074
2943648028
3116456960
2449324992
726469603816263682
874106117886005249
1241224446
897319878968750080
727861531040481281
727756277980499968
321389968
908527638997696512
938169274522329088
844991946003169280
814446853861371904
710942342211973121
1665348938
2170696887
108808961
707628064734388224
3245511576
759155531332390912
323215137
958919347942014977
2398308228
922792377558765568
919252826026586112
888412328110182400
915588573751062528
898631703375126528
898599572108267520
3112869871
2254833940
776667241395855360
4298846783
785444144487469056
289610075
217146492
1655196786
807978119273598976
849285657323347968
723499003237797889
484779015
804733742577254400
896661501984907264
242653054
792564580778147840
995284633108426754
871128532264538112
1003442528929107969
2380871126
3637912419
996626205519458304
796814501794508800
952171214864289793
451031273
3081140124
20374432
932609966640267264
952249097951633409
2567268222
950280243545194497
131232784
149157363
3117717875
968135537927303168
927029969003405314
53003701
1084524458
2301628435
925419695045599233
825091341000572928
971264135416700928
1450189518
485490353
827011405165559808
983010042969456643
776787558
21974005
909409114731814912
595530638
845465022046232576
996512263459794945
3032145463
825854246348218368
802649176299466752
809414682708738048
442296361
740736783126790144
914199264024072192
865239285628383233
743750566979866624
950771043412582400
1659290389
1320616477
899085537243516928
190149987
893900539083313152
981755967300751360
913989447510892544
539206290
915744787801788416
15636927
2844291427
25773567
768083372
205890183
125454829
992833938182823943
26596723
509021416
2260899926
1291534676
320947569
488948336
960895706260271104
146088290
4579435037
617465225
274272378
17524394
851567394078064640
234234048
972946316560093184
821824843519815680
31475330
1387996782
954665455
23304729
257494199
1680691602
825123248132104192
954257879317602304
260604820
1364762886
4094816567
108114641
488799600
860138982033707008
763813572
228144288
15753498
28707801
2562852312
999755999375380481
986629228396466178
976155225919811585
23870745
533968111
1445123090
1002514936885473281
709829744708218880
1123168076
53112732
1114194397
102008094
1004093384015908864
3479311
977832480
2813211061
796315130950656000
100150576
1004103143506968577
3910760593
247055208
798782417930592256
1939497072
1096509110
898633270602211328
1001099271016460288
809131211218108418
873305105260400640
921021789047635968
870913564197998592
3957945927
868534008
886239052936163330
929089662609526784
154311445
112479899
804151757303529472
1455506612
2218135326
942425786908315649
477166750
789318201687482368
950134334257758208
1446853159
200713346
15582614
2996270976
920275614669602816
190615561
16801580
512417432
633919575
855235253270712320
177033846
923104399219707905
14043862
25709512
754827018403971077
805666198142746624
32135154
713582080291172352
2767721073
121782366
389532043
24062331
880727923
1112849485
967117101419909120
887698839100116992
823683568115286017
827207695619018752
910969759369482242
32902449
133884387
245079307
775705121376182273
489975747
95546979
589692926
2908596898
704125665881141248
997819233995317248
2369117648
4878610324
989817993625526272
752472211
711973103258173441
725766705847246848
2974557169
1499530610
828301557636571136
381170267
1158269520
5449422
967065823595687936
24733117
34139680
148974063
982654840022208513
820341480455864321
973250079631949824
80235953
881336677138128897
127624661
931054608
905313316423081985
352023354
898397238
930441390164557824
948687527703179265
732134468866183168
3063725919
448891258
994611636676825091
4894095909
15545122
602509507
63514682
914217423900938241
891719336892653568
994938199490248704
804951551160832000
954337898790359040
360763278
614061319
907860183505915905
758597687860076544
1543915364
835319567278727168
886599840133677058
467856061
17427513
40004349
966433530896179201
545235190
934494196177817600
4436975543
17018594
2922521448
951224350333644806
766470058289860609
386212226
3427360398
821874672061022208
945968262193356800
843745717479002112
739139800792338432
722072616870223873
974935912126693376
991585360114151424
837628898951168000
723810276009762816
3191916761
1517140274
3347237649
45895231
1262776610
127634557
479236107
2341331335
24012890
824971199960776705
977922815822319616
890089369
826273244
80670213
871344003710681088
1195534434
827978196876357632
873965951586156544
3187848737
4875192879
27883144
987470418532585472
24201803
423966379
927916759767711744
742169146427887616
248604390
72628919
557432619
837952619456806915
829711798710435840
821299605224783872
416963486
746325340612665344
818699997948604417
933018097816162306
3310215452
3439164489
19570960
985151733176336384
34822247
4716252866
493822843
863853299463630848
1466025854
123618703
875819510753832960
3302126630
565968955
756563984959045632
953866128551538689
62236036
1355218452
819185210432561152
2850728839
791162717931499525
16743438
524432727
4482329417
11104872
2983250529
817913921931739136
847942138545422336
295285502
892423329600110592
883677549406158848
93657570
3025052073
23746411
786126598063820800
17132534
1924071992
949726075818569728
974144015791685637
971869627717316608
282679669
370849607
903859716740263936
470597013
2868919539
367537408
378844127
22553425
132339474
785346728518115328
824023369578188800
896507522546380800
889310307075719169
16164141
46544767
85847911
930648412810231808
851112891491078144
1895665375
851711263
958845689454149633
971464617900863489
831111050632232960
70134931
188525525
32990333
14816530
969116402589118464
867036151307059201
1129346768
826982179204915200
952898545652256768
758772487060676608
42447494
17060507
954338342488956929
734853834300751872
705082155693707265
4853986571
139956991
872641496935223296
38446940
966924568030994438
921949361944309762
17033936
1040668614
347785608
870762115757465600
716842413398958080
2902483379
21705181
807157596
937002174
32457515
4855577966
861726904344358912
758132609700524032
943244418945093633
2496335227
213420865
912864259259777025
820302838240714753
2836565937
723875864648265728
955847262722252800
32349877
957017140372140032
