2918010541
1934671
16693331
16379002
21202409
257636572
17514837
288326512
329086985
44924358
121565972
564234315
40279709
27084790
243732384
14648493
94454144
508212455
251634768
829369416307445760
69385910
1604260302
58046037
26368450
146313855
1223524008
8146692
14909989
179180146
963090843639930880
14645160
598173986
3219744007
1960047907
333762660
42930423
15068610
962010473200848897
91390185
233650985
31110208
3300626367
132021123
846190964746178560
148225512
52794730
1486086270
3317304999
845350979117727747
1078401632
388512452
54425906
340532701
37008978
512397006
16195981
118024552
3108407847
4759719404
502213845
719885124
123689096
2878103038
70778356
464745663
253734804
22143145
3085117689
734815840361713664
19931149
804709288811917312
3157897321
179372062
22184867
16170495
728269117464018944
7498472
67739974
29770931
748969653863460864
21874536
2787974169
4749236390
2921738923
18081496
15056226
752821354018250756
1887702026
21906739
787742682
3835629916
1566465486
25081344
36758620
86985626
48800840
168790020
3652066996
19149865
2840585765
1491860286
279533602
90242051
19404205
352607074
735361278
2788403550
726240646441246721
159573632
564571490
743124691997626368
14267832
167486422
52106931
320224340
289376224
551134454
4069461267
3251813454
70837868
1383272101
2910316697
4400697677
113059984
2461913161
3364645671
44726094
38512058
562486687
3301039787
366527721
150799669
25816369
2400345324
2755233014
1326983522
176569877
757659294
1723719403
3820520902
752874133
2514249890
493658666
1295575453
24174295
3152877917
3380761420
262338043
18093710
15235829
2530342794
209693232
381659254
636609522
259061260
59370946
142937787
353090034
173944475
10989152
1103432432
115086951
33537967
14453481
991097557
869236268
86244951
1401311257
6429252
370819336
2804805014
73829977
55748693
2197412485
1247365837
4749131020
35341356
421859894
37277871
3636389537
227423290
546822772
2769450559
1726214942
299252329
3032577337
27609067
267921340
4484129530
1351538636
88428678
226516813
2533985994
4623938428
838697816
4873974539
369669911
705550284429332481
2875024780
2704437133
702023820949868544
3157983587
705523210796867585
52352218
302212565
245925610
128366971
2876365206
28303119
2563513285
24117203
862749858
88599038
3422709610
4833990803
2598082717
3233836460
4813106720
2902438504
95608879
1080133189
20935040
1308441932
373246898
90520224
102019402
4513224138
1338894475
540004373
1857091634
2609048258
35234688
801572084
4874394267
44084816
2545514834
2830275031
367015601
4202341774
127905440
2992949905
15939104
1108233325
402880648
541140393
508710534
4424780303
169033456
4783892540
27714109
2545273962
2323285557
1389778164
16016675
617378844
82303770
14503053
205259736
316428313
155205950
63543900
285209133
3220043521
3915654193
1863609314
67417519
311430395
87426634
34074961
4900948778
36261432
3070031436
38840421
4286850016
491461494
49204055
2394353328
1008658832
1851692058
2152036226
122080099
23705306
1552150364
104626090
273159953
3276828428
198582853
4766059531
291868083
1410636908
143850653
3064589596
705584490928693248
3048192134
231815574
309914664
4914401086
1899552672
1747262966
124523575
303579524
105651468
1904587416
1252749594
580802073
39179240
143938104
53008965
2794850834
1348188829
3040493980
16939569
559034943
2742462379
2679856584
705441580518240257
3295431790
371916367
706355657
4899446569
2363162802
137093038
86628663
37098500
3909452655
22502490
3270408655
2544098126
8907852
2233860967
3228306590
1451928817
3241852894
21663506
1388373152
53889610
281956985
1254273336
2179819277
234057437
2227098218
3802590142
307510240
18242629
528153527
51747453
1480982023
201620792
178701313
4133741145
702805934125481984
2913683139
4096373963
327462526
521594806
363328099
1564147219
30420234
251518018
360769643
701636568872828929
1938991424
2277210409
2370939338
376848267
43563379
4048054100
213590257
700054645260075009
4678239073
37932108
4120175794
4883276623
1647660230
4203085059
901712328
26054695
318620246
355196691
701775711741341696
705441118914113536
3291931101
2300859564
2975160374
14475034
473926334
45533573
190769708
28620999
2166689030
63682517
3314337504
4667616613
4341710549
4244077071
1931122111
4874695972
2292158527
3761868075
3170202147
4211579506
2990847384
701527968166842372
701814131540688896
3028614833
834887605
4849619832
376742646
2734246980
993997105
3592064980
3387147550
1943785177
216027807
21931012
2711730157
15897465
135533267
15749983
433242412
198526320
16392208
13333632
55547604
191157751
3699054868
702231060109778944
180528467
2443521385
3087039747
1139824584
16475223
219069268
16735126
14519505
30038403
14463806
49015801
26048042
17463722
390884866
5149
3312018282
390601550
4794794790
100623460
2762180637
42909484
49307186
111743
436103546
53480875
35460926
791987262
33633463
703087362
315481452
316572501
35532336
352243242
34037041
291917907
28633111
28229882
279592673
4061483488
199379969
245921456
4851577922
323225866
517643295
202977469
591580331
94344109
240989059
461876864
88957625
30717766
428970044
4868584108
4872302841
23651621
3013810867
226984008
18800942
4764336515
2786932770
41359176
704307374
1893825126
4236328452
501935365
4758329835
608233935
702383570485121031
2166578410
4627729516
52166316
3345691289
4482304713
1085207755
197062076
3172298598
4866901702
4678708736
4896068933
3431332055
31829120
702985721762545664
554867743
2238184633
29133738
3828505396
4069323442
2491361299
2546967049
282632084
4785029657
2600617039
1548095490
588162032
4917797790
1630979022
23095712
45158027
3164540576
705032447789031424
607339788
14776606
372933163
185230902
783419214
301161073
35203319
2555008772
14351460
2788044432
100642185
17350542
4508964563
2916880913
3665190682
4876443732
4824446938
248217649
1074946249
4847439063
4400950933
704827518033928192
701548149660368896
249772958
1135569061
2738835482
230459811
2777919749
794954306
1493069252
161208485
4866421443
699627900480294913
4832025100
3411273243
702505201060556800
4320175655
1589463540
165451807
16447610
4919964041
974281484
18992088
1424072300
4555443553
2778426660
4820993212
111468175
704679549850660864
12940672
72490663
27200839
85369489
291521957
17170196
17649599
27959729
35355356
37428597
71322014
75094908
82888729
111817929
381106127
510908865
562705633
1460517318
3297657017
9128522
10386022
16908002
18372260
27316876
43961549
65153035
107112228
107644537
197299841
431127146
2155777346
2218907100
2350451402
211969801
2786330156
2260373173
2286920017
1677452204
2330775930
4832435909
825573661
23140696
4804927308
3717184355
335182765
15730152
48421104
117613129
2918348529
617441419
189259248
700325450246189056
604864157
50200233
22424606
3644592378
2980550387
3005247353
1115548956
15868983
14878339
2302270382
246341897
594000787
2227456998
4685123582
563672532
397743702
45504086
111192314
2836753345
22736601
608363933
305012433
2500813858
390960231
2344169390
2861145687
972826051
471143047
3259309476
2912096877
40295027
4825318781
3031202951
1511433534
17727827
2835948331
1151537138
1138202124
2337035904
176645910
55613213
24769268
3224511905
4831801217
2421254540
1325869867
1362949622
735737672
3001638328
135155558
316162460
72982024
35640183
277721985
30609403
4895379553
2469929250
4873322349
23685377
3299161837
4872022371
295650737
4891092876
2890754716
4407152537
4692076746
2720913338
3242653884
39422164
633181424
64627074
1006378459
4879063113
3334933343
339936830
2312419820
761660682
2654945593
2927174540
339154261
544660573
608515095
374864146
129067957
4328975141
335272322
3219602660
18047201
699662177867698176
4114895673
2168088422
240840812
107501537
348221261
380385462
17696790
1127484799
16999246
44958331
4832590475
16244218
15823114
3101546124
180711355
15665510
4877813907
714698059
2470933963
14869163
4865379224
2612184902
14734108
14729414
595391432
139539280
45608057
43936938
19542397
124008334
901560242
1588501243
21743322
1064874421
143477228
695992495835123712
1219811526
71602565
4771610963
4055252532
46476526
2993696570
4883793915
2468390114
1101544950
14065217
3955568473
2307675307
4747559119
137327156
98716508
393762862
4887264622
1286977884
376075699
2479986002
17768283
4795453577
4097630673
4888747419
3045130372
2402201132
2885637603
120400205
97082063
2906091325
503337461
45755433
477263463
2893802297
4847245121
1880540892
3678866953
495486866
148597843
25337753
4431876454
1279661858
2359802126
4871978876
218853003
330873245
20901540
458741183
4853815476
89244671
43005019
870764701
423261994
2543559633
1406527940
43242552
3195528697
2877886967
515736705
4891236130
234712502
1296383700
4775647624
110468695
2802716487
4738663214
2303721134
98710832
4888989617
285125335
4795688868
4900476310
2174798117
1653735218
339733481
158796495
704446904487321600
24510041
704454486245384192
2361707564
561491260
603220856
704509421959909376
4223109742
4527721453
106771994
783869731
3024684380
92702292
2763472486
29164124
3099697258
2335428051
4455048860
16506571
1311754074
703971001168732160
4896820733
501177550
95155269
3298561409
382217417
3004711987
3423159677
4910122572
352554112
3314070884
49971783
29267943
1410508388
395119253
714527582
4901184493
34242066
4912736530
587519976
4287426674
4119147089
3428480465
3884086876
84598620
9795682
4414137257
704663717057851392
3259477861
285124561
3137145360
2555792074
4893808503
702577897400356864
701083624238620673
3289047793
4852354017
1910610116
3075438393
1140040489
238492062
3986121741
250706065
513128718
3901864317
609466122
2458567464
120287054
370839317
4880326413
475376114
4901201399
751824026
3047863748
420364784
4887666365
4836156225
8333042
2149567682
21885413
932522473
2952111021
4823714668
1400905477
22212407
1735570604
18639414
10680962
15476251
287647140
164001736
384226579
3097328992
507260605
232309813
3405815794
3300379979
3305501746
40031027
468425564
797829480
898744867
3358805056
787737762
3290864174
2571464612
3312278353
31855697
2417630238
2393354456
29089641
86120024
18417818
2972065366
2591499676
4836551354
15568627
74856890
97536253
3429597730
4872541638
2634979653
190588375
4286805921
4623075133
5676202
1009518530
3049745833
32549410
142022134
59801734
3352262723
4691487475
308820488
2367461245
309542116
312148651
4792814015
701452509727031296
89021126
3429072111
2363167028
3426153670
506244349
3409387245
3974841977
2439185652
4885150287
379490918
47260334
108323651
3427097553
79922742
2401089142
727382779
1272521882
42960651
2513094354
65359742
4924363882
44422763
4150119095
4642451781
309465858
4779984081
28584427
2157772823
401393432
1591470840
908740238
241096286
194214787
4898450789
885689646
12839042
48357989
1077778094
279136150
37553672
3073184098
23585886
117940303
937714668
2423885811
700030481518034944
137927964
16892009
394066882
3745011192
1939741849
3008731435
351683613
2658261740
2540762380
3907064955
1109167501
2803457276
3158207431
2493345498
4455680894
2301804684
53102093
1580628726
4717035395
700724262563397633
141282097
32131398
128263630
44270860
25804127
152925509
224912517
570876184
4060170017
41465499
4126614252
1736508900
23080428
4925143371
158568102
32135024
4926238557
1412643049
4910199194
570744556
276782326
4898283382
2215996446
1591683366
3980692792
4493581701
14533928
17828652
964421016
22684014
1526007793
4844952049
42710195
1914247946
2785194240
700695969659097088
2388048264
39570785
2510998796
294991066
385610306
2185227958
2877270655
1343812104
2943801749
393196763
415112567
4888732647
117870666
35855211
77673523
58560915
869794615
4881058240
2721170532
217432044
701461932499271680
701525350757613568
21488597
545396448
3405861873
15086822
2975254133
3256535311
4333415014
3339289607
991899332
702973613356535808
148372342
118475650
4048889962
1488627884
789501847
938751288
699249188626898946
2601859827
704305361923260416
704299644558430209
14808350
3072230036
4846667343
393744786
701212378218647552
10005212
4924569843
797354600
1302093608
198262150
1553632765
170404126
16910312
3024257178
267324824
3305594222
843860204
4802463283
19384704
6977272
2964461561
3290485967
465945847
15634296
2935090848
17754032
4881244799
29600914
3439540932
784165
166140087
34074844
2356244840
1949927270
703388369997340672
72481600
517180238
703221994255486976
21320368
92189714
29005683
301581466
19120080
9880292
133019983
18285913
2799249193
4825400496
17612481
86454370
3295265494
7356352
46712029
1538899525
48695900
289019406
519622450
2239077536
1112887076
302973695
2517646015
49629565
3217382622
14627322
4838402293
3373137568
205187433
433172256
1267512642
312716280
59577624
76102085
368621253
8245262
46444989
46427853
244400306
2749841086
231635117
20460104
2421799650
1602195433
2840618626
20952338
18000480
148816052
1191577063
1553777455
1275565592
3071618545
75086745
1511994504
304786389
46320223
169518934
67014608
2982358804
710152081
2537949746
1466876341
3089052909
21355895
22256347
18485250
3761929283
63474404
3311620908
460989087
37841305
539158318
2984953662
20234549
4096358719
29830937
4917613465
4373271442
1004726360
141694261
210571969
42885752
195852859
165819182
86055116
3035875061
1697764904
2755268737
16816193
4833154133
744441877
2870346081
236869758
1390086451
215362827
61527192
41666027
2505445365
1388005423
200165158
54091542
599389281
20112774
2671841467
23472996
95174883
486980402
29141060
27582208
94978000
2381950325
2450149320
37852719
2796567263
1378313456
277647909
297405908
29653568
2356129274
1590779449
15068399
17479266
574672888
16936058
18941972
1715939954
16137743
59122828
3380213115
593222868
3341627123
1177718582
55143784
91460306
701225293839618048
3080634280
415543549
15315553
2284257636
48054141
48101403
587572318
18089164
1111422686
1000931887
88397335
317680694
16923689
85614136
703272066783510528
2174749968
17487892
309502293
114424676
1910613276
100464956
2767801680
349043558
1682943631
702175792961290241
26957419
27834447
46771120
277485581
3164211845
1926822385
65968551
2990240570
2915299047
369431070
4211609590
21886719
18964273
33265833
3898391296
986712462
2670321
18935711
23448455
41670625
70921518
96253641
102694385
222206900
227355847
253135252
2256400662
2435656188
2226476736
1898515927
551426814
309024585
241215352
17784293
16223177
30862829
20272531
19365378
161099163
55969121
3179223397
2383987016
199332594
15073432
2348802073
94063966
185677018
628903443
25118157
155236184
1421643559
20433786
201753876
3164438999
13488022
2461100780
1371980293
2266466125
48219214
1894045885
29189989
236240662
169944507
385770279
6754412
102732089
284031891
986026195
1426351452
15607675
33357781
42867610
190752794
22050529
2885576431
1499097392
92591594
18648423
1561511828
801067405
16188518
71049139
107502030
97316936
2188048387
3085584391
24274333
20638331
441443519
1262243454
49506479
580416258
2803728031
116026237
23948355
17498322
69896677
2344473186
1732367119
2738610022
378948599
26049395
815273012
15022081
27024262
1648664329
35304762
33433404
879161563
3042048408
135135751
2337188306
1172847529
454184042
262980682
1954293848
59064256
558856151
3187112530
1307045209
473382122
12319112
338301059
15161200
16451635
17140702
38066542
39575413
40739335
40821718
42030389
75639425
87779569
90551463
95512503
98429175
105960254
161789506
180911611
181690653
199143804
213405671
233788247
234066303
247977797
249330977
301534069
349134624
388847181
393112620
413208127
446616253
464146711
475186271
491332318
561376288
566973108
623901764
778355522
817422488
874111910
914956105
949895912
1081068456
1262389213
1493516004
1653632466
2284063010
2901184061
2907300967
3192269841
1496243353
151777821
45669455
265078133
17752986
2477530256
39509893
39490701
14734548
1054876608
17757414
2981926109
1280604176
28870127
15195611
2886938764
8765762
32197347
571202103
17828058
37568811
47623655
3164719811
2742917028
468826297
40111868
21435040
16912546
1636340558
137295661
25868312
43903448
17292778
50981487
70426487
2882961376
359100890
91118645
19772989
26870385
1924483482
2827332227
34442143
19672867
17095748
16348491
2826984955
272669914
2402568709
285515081
1912663848
1533781267
100102008
17053331
38724612
18481265
136998939
13698602
76560856
161489186
2804132282
21376696
132311261
14748494
787866260
13121262
18769523
36605192
885599317
628541333
1024799083
398015933
478992495
825304154
1444361965
240400206
2285978815
69748123
257701375
1101209040
16510602
1020500280
17549224
102725117
1575331795
35869721
54691296
14177225
2729266332
86159914
28257129
24047569
24713691
34805553
26917216
1537149908
909547129
165622748
988913070
15113118
569027883
196778759
231890019
1683186440
2717607301
1537589108
41352815
24686206
17903484
397804299
1613569836
221636437
347395654
45265448
27933532
389654898
2957639276
14357886
73724578
889240952
42131359
15864679
17843236
140556781
61383797
58591071
540066789
286236855
309395196
1961113274
259725229
31126597
3164479319
3131118160
2157433614
182865008
18834912
87996215
25113724
191209432
104044363
2359492772
625981280
22552167
71616757
443019580
44768645
267347810
246890803
488484173
17901352
1154188434
17191258
20521713
274999548
170006247
1219765094
126568080
860123828
467238913
17240190
504018069
555031989
320434896
2847060797
64388786
284367451
1259142236
10316592
364000079
37127999
791666792
27323456
10415182
20729978
2178868386
2346217892
1309369932
3066816480
2385791485
3055851587
16554477
23612514
20341235
2474966635
89464895
236399560
1662485388
2294661732
1261364294
42721489
344768125
2651988398
18670319
32401694
14927707
1891875265
1219972866
373573274
47899225
19893855
82877689
1863155490
705447378
323827298
44119967
2166806964
20981716
15258638
144960687
448444939
20759604
138875587
118896417
28670346
16580639
253009668
14028672
31184525
29039447
18172102
1025094776
988671
14118793
238175105
30808671
29003881
37995801
2342460704
222894533
18710934
15397154
19480767
817599786
21199156
1139835834
33933128
432125598
36725105
69715352
4126831
66834504
14096413
205289227
20652593
51360810
18652748
745645578
30925826
1354758756
25006372
131304431
18854427
133806972
3074680111
260744759
82467970
16573966
18479569
16404520
109502579
3033176444
243190336
14846417
196161612
183712983
60571975
21783016
123625228
2838262417
3080116859
3128611708
149797759
43326150
22317030
1360077600
960987066
13493142
2446584548
5881332
38509175
21282443
25757385
18262104
45944475
7682072
121068299
209298111
17770605
3107450231
197177267
16380265
11035782
301535296
394707816
23470569
518487616
155768360
21327387
268864870
1472618394
412888791
447679945
2359805809
214051428
20254719
492550081
132549491
58003222
2830197583
1162169018
41067188
40953465
384633987
1183050590
377956320
423680805
131494451
103550181
2191461187
935698938
1992831
113413976
462077390
56066812
17629718
51076016
1534982275
144765409
109372694
33624254
49936798
32275444
33943834
28352173
15910494
348004351
63958748
23103220
2902917706
70143420
28028273
17905922
83066063
15300893
44143505
93503197
415507521
17995402
934774592
162317442
8238842
13999822
15938579
1133571
548207430
2272999573
3003823375
3072589001
62091947
1225871688
18653047
528035811
117160142
314594256
14217967
37667501
18697367
82682647
346733622
45906204
103910941
18056078
34391787
22176000
71074656
175455996
171556020
36131454
29787193
124812001
143902920
23950214
29289157
212251538
19193844
430148036
248333239
45596617
19979844
381831495
120165462
38728585
820199072
15691904
41621787
18988837
19364907
18457976
59104224
17363477
82462275
2509354549
2750673097
961649690
33736248
21409384
1239135890
14543855
96040460
15385489
15279465
15305204
270975826
85652519
107740210
70375151
51079810
12188422
42825369
37957498
149218594
2365747979
2851034963
183626833
167180768
15074819
148374074
14216761
25779293
16311130
3029762296
1729549081
586827555
18924460
16162880
779368
913129399
17068286
17966761
1247458202
1260320316
2375574151
1308181
13491082
15860016
16926069
17782359
17972520
22080808
96675328
121514096
201285174
260582890
22736189
1463134597
1678641553
15481158
77753
22931050
18659365
306258045
2332653321
932714605
27049045
17068373
16971428
17997888
20593217
107865996
18699304
17768235
14755273
574033852
284093185
16490115
28595714
403008932
27952313
67326258
14358390
118591565
368032559
1528065350
239210681
21526118
23258531
342886228
2836411395
40085567
3080739201
3003270815
16383461
1449022302
15534412
208153889
18163032
223680582
569260461
148551643
161372707
16115979
17547367
24236494
28381091
705287821
46046512
19711691
2402548327
191130837
115373306
40007653
81633690
73310442
78016304
560579370
1406667055
86956880
79311129
20605079
65353100
25407858
17028879
123165743
728419135
16729659
112700518
22547373
112734352
19071265
455340055
20618833
422675305
97671590
75973353
17120008
613257108
724548902
365621874
370835193
57610159
611116000
625784267
89519272
777400742
808402080
637317996
338744835
404991882
342739929
21509975
769139550
465429730
811724358
69691300
550137491
189454106
235246267
574996209
830454728
606285821
76594352
342730387
43229786
745502154
56742778
497864468
621841059
569242704
40632557
458493615
632238824
807319435
120652877
868744178
390677336
474859479
268000739
309239691
305190663
12868422
402815453
31084625
851063569
928133882
117727903
955730328
106171916
598554934
897392738
108532120
101305586
757223226
18472532
399634289
605598881
1010513858
403376257
581622032
84874486
497297145
19862559
138511598
857280901
1057891639
484902606
1101207750
1000225183
576247642
10228272
1111072278
873228962
94111007
267647347
614584665
583777820
929353219
574758251
956535680
275204321
291068036
33487833
358909707
19059043
424863337
227297193
360608964
300166872
737099269
48754140
976654621
26034209
422864208
273330842
591496193
1019838727
235719709
402759441
977643985
64404880
75375980
757203829
15820588
15665878
312532812
432424382
246167073
28400930
423522994
128520890
41203782
1005043735
364328008
167328020
1023886459
293951118
118185185
808571826
315110612
566850834
409319699
170066714
56714486
106391482
154493572
599689553
50741886
20774877
795162
558896477
386420186
575589294
366589372
23313775
29178506
588325993
522688098
176343974
855946146
126368796
738608858
849085226
32218808
418399902
106291419
468324835
20866945
918028074
128880885
228072247
21766949
570910348
266503309
376689827
278072553
102643049
619013744
202011626
353627951
107014454
14384151
882228631
806457511
46066091
829212300
132204567
425403941
475209757
618935152
50257291
17375116
14398122
25639650
39218361
436923277
46640237
20766148
262606994
216749648
162042879
14435376
109611471
351771779
546063470
55242560
95557012
9336362
26464777
560890295
558150771
234485971
18244310
507316994
231833454
561185740
100444811
498989676
552680498
468247304
372692059
30214883
252069876
568082487
568069351
248854210
569033845
563109682
29943362
20327119
14865938
114458946
19452781
381605956
346677723
262088162
140074164
337965895
20999504
415542784
209210479
224986040
70751282
380604314
208645760
19004791
116690782
174716046
239383823
103014916
404746409
27819812
14431752
217765001
465878054
312173560
384315853
68689443
456592128
39462076
28815461
303711357
15720929
54220312
113317368
402625048
488694599
159240698
551062091
536993778
308509404
167078908
16264206
297342387
501856185
15056465
31129844
201258852
61200327
505841606
505903026
22078798
14980035
64556941
20242234
76959901
42653039
42871498
14390109
17596962
34710922
538503473
230158278
209507985
236109062
201588696
408587321
410102485
134880698
248273988
16118182
237316221
47728222
239066610
110975254
228438325
61489404
312161694
250557685
83609798
24914600
23771696
14062221
30178173
28537113
39600478
19090300
16878165
18057077
57948087
33308243
74519008
14710904
16257434
7536252
69503297
1248081
3043371
20102364
8981282
16429603
17837285
24824320
20922949
18625912
8276112
57016309
23205082
76809625
18213135
10441042
12010892
18626424
15363671
19897004
18324336
17899441
14681336
18809912
1644991
15165858
11763132
16733030
22654404
44783853
7630572
39519037
14441010
57112985
17419608
10927782
102445051
37751054
21663232
19308138
16828372
6705042
83856316
23638228
73566153
155844207
213615358
119697799
229117824
303671952
220699178
303736225
274024558
17292434
46459321
22028227
30902892
119043314
117895281
54506896
127805037
193117999
18682287
216844944
177997836
76022477
32769126
43907062
17833269
16816510
16864209
140067378
28509867
105052110
19530438
90504356
20502166
9965842
114168398
43584245
190358370
136687207
48827908
23965293
168559196
21561034
21576289
202129453
170066326
98215610
16681569
28366957
88286331
21460496
185557557
121558178
164134035
20893130
48484176
41607878
57519314
33471542
171648129
193457924
112231435
183666141
93876749
186464188
168679723
14293310
38834500
158771744
19747780
188692726
24505884
61157857
67875835
27702107
177499915
24587389
15587500
85555796
58509348
100620126
52054484
186963338
29690369
187849417
72498844
21243071
20154668
2022931
39746801
30619787
1127651
71491798
133971406
98786337
20190230
34237165
92657637
54601825
182931354
2762801
156238245
29650871
16884750
161943195
14458280
19989791
67403703
17927796
15033783
169111986
119138521
49756426
108675434
26420082
171050018
183002806
80152429
56606994
14501351
18966165
162008651
19349683
100508854
113512929
1940581
16933716
14738561
27822048
23774705
14592723
182431596
76005507
114411518
2922
60627931
14243046
117442888
21808329
20693661
119791130
108638625
10215212
87665168
15881875
88060439
104260050
165785762
140246884
180677969
25510555
179024600
136673352
11522072
133149501
86248370
171049175
171674390
176706991
132161631
177218464
101095390
145491116
160916202
44666341
56198405
43426240
171066607
27629414
107491845
15383592
48032694
15629277
5523802
60618556
20681254
37831315
139927949
17621211
88728139
166833012
24990215
65485548
86450518
102213867
42248101
168184156
106071434
65742595
136425901
127313110
171908428
171908797
18949053
54525773
6292492
151090313
169599275
169580534
39845827
167859525
156136903
13027572
169584585
127311802
170239619
165153578
169767379
169822846
44843157
40970256
140005355
17439693
19907355
46150175
73733037
51497045
19180007
43072869
28675351
32254845
25810287
80857161
35045870
167110265
128582156
73183534
120889111
166124183
166123879
165765408
14320950
35487884
55565330
29040062
163797096
135888974
15942379
163304910
3036281
78974156
47293942
21736388
9979012
24499653
99838106
72945183
20088161
91649183
77244737
110231332
146369260
14545767
19490555
26388811
111682407
148773886
17210499
159406038
76018552
139921760
78778019
20409140
34482777
23661767
93395276
157938418
44430941
17430069
70615008
107638107
16202967
62807911
12672352
20755912
74685939
12574492
69586607
42310876
82595821
22715184
99841175
16650374
18978610
52631539
18452756
21658374
5506992
62058096
58906946
20154341
135053130
57577275
15064461
112955194
71626909
31776978
150193032
56894907
28522286
115927132
116599958
142412931
40315612
27917488
94566711
112512877
23437049
61278614
95962516
25356215
57976809
15123270
14078999
137929407
31471175
17093617
113403465
120271981
5377742
9067572
145114113
22753132
34795699
18601750
143560554
104887178
26569991
143173895
16402216
113325554
114859345
122749735
12098632
18093608
25817853
16999591
15551260
18033662
13403302
140750208
14925532
115071550
138710425
78732634
90477652
102517787
97516929
19181549
16886925
115555255
41119108
130649891
53350184
15020155
14962266
18248029
20511020
18556406
58413932
95609330
2727511
120048119
26340391
138679589
22162780
132624288
15397909
94412018
16040748
67567350
16066928
123233695
21820657
50249476
11511922
15184929
134617733
19505248
125712133
19734025
9938952
87469185
816653
8099262
29681473
14491411
21208792
15689068
5531562
127320802
127663598
629193
29352252
56961479
8877162
7820222
52066155
16966350
71654445
109370863
19053307
118363174
11489
20713442
92126626
27371360
105506414
126291119
56914961
133283916
21644138
90419256
18686823
21544692
99355981
20089594
71226791
42924671
822772
9548232
13839372
18045120
15947185
15134782
19559349
15441074
121440962
40843802
63920081
25147077
23162455
37878763
43064490
27799220
38372614
55938529
35789875
39590920
26365670
14528306
28172188
32203909
20613514
24195976
33657166
16341166
18508569
21019697
22431584
37963496
6653022
17393790
21093744
38287098
14619361
48085489
78796963
50677534
16659632
29199444
34651221
22206565
36444790
21799993
36698008
32636767
92510053
36790269
20703914
25562183
27916865
17700877
47357672
17346287
17545687
23711785
84366480
15457383
16633440
14922684
5263151
18772032
29259173
14534174
18999585
130159956
14750177
19568273
14470341
22019881
15134663
23864985
21898041
22752559
16561884
25087685
23967554
15134240
15566901
102459623
67174954
88120689
122554438
61577431
22489247
80229650
104643384
15617322
54862155
60244316
88849176
15834684
49393913
119260143
38621473
104200938
37833915
29602474
6622772
76445044
121278779
37205118
105582844
18219999
69986120
46203666
119774483
28302705
17691143
103881981
17591443
8539172
85517845
26674529
43619444
117570652
38365536
108228652
20664195
119331242
39351002
16294267
15189725
49221355
38324206
18231624
36785651
15077741
5637602
30059550
39075575
12240932
17208780
79176839
14985438
14869880
17372379
14424779
65570828
69566396
7760892
56398846
18647254
23776791
114882889
126673748
18060873
25240071
21529802
14096077
1435821
14737111
18567099
105185765
24851557
13418
22534030
116781804
22398002
113540334
22144753
32639070
19596952
18244332
14449052
24584402
15150052
34022587
11333532
24491212
18037907
22072532
45033952
95731075
26350255
848171
14604049
89486580
20575754
16024308
34068546
23166140
17154954
16688904
47250783
14516920
103033832
14802362
9422372
25707034
36762570
18909685
17790274
15824978
22270451
17026541
13385242
17509945
13787352
15723971
14499829
15532983
25950355
22708797
16949344
26077026
41602160
28160998
23964682
23999515
16816155
62038100
108946370
78607265
112340771
11274452
93758759
67632567
51780131
14614615
31190828
28574460
15231287
66960820
38255722
50959751
21581503
1435461
67333334
17930077
972651
27922157
1769551
621543
11856422
10791192
55213065
60036667
68594266
36992793
