949968538617499649
993247497693708288
874064293276397568
945922002170212353
894682709309698049
4625770514
902753735855792129
3902221755
1468638523
3176753232
888866917569658881
848565533377257472
783815348143415296
2977486424
513452931
694620000179585024
3247100168
36000126
3229658057
809778514723504128
894268087977037824
26952799
108735476
48519989
974243965196218369
953348537517072385
718931706342805504
998566178779000832
734594121365606400
968943539446013954
438811521
289981760
903066065554612224
898724383472144384
277025500
2959065754
340079163
31065676
406930105
911333568982519808
797061342
3246158791
2339106211
614771494
44599458
738291090206269440
726124757972869120
967985865254457344
1219862479
863299222526930944
1319607770
791029764412805120
257677255
868545195830149120
955874305170202625
963794133394644992
452637219
2185687789
61054509
528898299
286814672
34850771
780841543846334465
339044384
178143811
1002675350
947135608840998913
31231047
60927387
739784130
49914058
750699442433626112
1163826169
49788663
967700536165355522
2560368873
1032440750
974513259511349249
961599954199425024
31339831
236160931
179569408
250441568
344221446
774378665543016449
809722623089410048
917878216957841415
2370957732
964429132598796288
832280303850885120
952412433880158208
1656842508
600994652
202394623
740596352
234534497
491710556
959925674512453633
718981678
789181671706812416
953147192931504129
1473472082
767898392521379840
2272500042
3311396008
1512841958
857578376088997890
59448744
296437977
227678168
1270169982
1027468086
14302335
15519886
834621473612562432
144373924
176566242
569138553
22910295
334032462
230446972
938141867568455685
790820930167726081
1294113186
542893361
2240438970
1739829048
1014594727
3240155286
373221150
881236901667250176
2986077945
26074296
347916493
3140940235
902315707739717632
856230023258193920
3315395904
404619100
1337624726
900047040134213638
774338684502077440
229909682
1663137038
445755670
953033149
3306458769
31307454
2306132728
1398082993
346353711
4863263817
65691436
3103360474
577593563
64863269
873796914596249600
2386211971
721122436591312896
242100371
27673684
17560096
457554412
712445117630652416
3045395686
857772107375157248
256883252
860526909175758849
715945167560318976
781310279024074753
2437329722
730941320223707136
354489683
812141923611734016
56377143
307410974
170271455
1421475978
77321998
852832568793640960
2833142350
372984924
1138024808
569569550
19103481
1436064884
359435560
369092397
842427453733761024
163252985
3038455502
4429003533
41064406
39634561
119881075
94403210
23561980
3414946787
626287417
1321983656
1516479518
149835434
3222983571
795350864265351168
821473098029527040
206609388
2888160711
821539613361799168
622201756
1513057723
37614262
65610272
603808903
282734744
744260935527735296
1861416504
444901693
263738995
772267239638650880
351635273
2767098417
498150749
2961138082
213883469
2282465700
100615403
14133286
323891559
447017188
21247989
1621994226
763244180961386496
402354567
3978677715
3380899739
185165568
503906745
2201557513
17915334
3931841241
19017237
274511845
60026254
718495181914316801
2319880973
375266631
30602016
141944292
755069432980996096
293650724
1028588887
70218155
59325073
16213013
265419370
239340484
16043308
2834120607
2928329942
569320528
1439301337
552330515
1058246047
400303717
14076329
355214026
134935169
83698173
1622764266
2464578495
951307993
128591064
22940219
78986763
83472953
1451940956
181572333
1184239680
1225993621
1603072818
175677714
1229995351
18228898
375837200
17174309
29247252
100322679
96589427
1292372388
4551342634
2265327894
379408088
555553742
360945774
123093705
31239408
264810275
488891446
183740583
438332924
1373059496
1053224617
2496869719
2460799331
11912362
18903930
17936793
714876414760206337
4051832963
218192094
180463340
3304520045
13850422
961253773
34713362
3108351
759251
599503952
133927713
733123153
3112941093
189470083
1648775792
712954334
370927147
4705931877
331455990
371884467
2170778056
154603069
4430135663
1939089930
2889221917
1267740247
1631198474
1549169340
24339716
6461032
15893379
251285289
3909642736
17067902
91522848
500704345
18450106
353875134
11018442
365152897
1093090866
3431746701
104249727
2223125396
179918066
342560704
1018125001
601320686
312480764
2314661971
16515812
76131466
375276161
1533772584
1561168178
1319165414
520411435
719880343
219945869
306789132
481430842
550179152
800956256
2367431146
3035233264
1611510350
62162769
3151598279
35556383
1954291932
3141784307
753864547
2480985910
1509866790
22175551
22030851
14946967
2873046077
866822942
228041910
132337805
323559796
326924790
458572781
350437971
353851155
809649326
3328647430
2457348711
1172507965
189603251
2610212317
3386071804
1451406337
1479156697
915243164
3358603714
466475288
3380953390
2188074396
277997059
723755964
987093067
338551401
233755897
306165538
18378475
894515706
1594230170
3289079932
1327187958
186011087
373053847
312014125
1048101511
360549524
2406058189
446227232
359369316
3312099107
16250400
20985527
437787703
266336410
281617484
562881771
32831525
2423662346
3032110257
1505960772
594967679
726825379
551304762
3105036729
1536791610
1112335998
320137711
3078251955
2385353845
166077129
279571991
1142099510
796620752
2374176276
3162931105
600433614
460405964
1560861786
1298570263
154635514
1928131442
891482616
3080919343
547139012
208641026
1209537517
2621133076
304360134
437710594
152233620
287316166
188726671
310928620
1367395489
3052060967
1906231669
619947294
2704483701
350502935
84923891
356112455
940920038
474233452
369512677
2284101490
337584402
1452056935
294740963
233008664
995728836
400006655
1490558342
543647821
454359817
2227677910
279572860
610823427
520196089
133745592
2260067842
1958591016
2345220466
540906915
186548668
2822551899
443585169
2869309174
67618480
225692067
618347744
1551607279
1018951939
227597941
179433788
2304681439
169511658
341622821
365554002
2754786286
1671696182
904333969
501889612
953066906
1598196554
2174530119
169686021
1685502078
633374078
958632956
1008416294
1064321978
1016936142
173771501
236713228
2604730048
251319602
1300803104
352471086
807326425
177564006
364896023
283641416
344511596
635650087
361681832
382480165
66166543
902679786
435859740
2478902955
239541114
535350507
445457375
107803753
1141710056
271049353
395314197
598626501
953952102
2504821010
339774807
1408935392
134108777
251117087
100735128
2511282939
316607990
255967468
877677752
856900952
477738178
2282772035
343011021
71251541
74580436
1262448482
263264310
287628302
703765184
2848514181
176528083
477081515
2276465150
2523777310
2819856319
2391837609
825162043
182934825
292359364
349526696
339141872
2547769233
1325397056
64929124
18545675
612009655
2258299329
103586726
2449663628
1444341494
344359842
2357083811
498651035
2591129707
262794965
267368603
286196286
820034156
399387533
247446049
236846749
602010295
2723417512
171556527
74855139
1686005778
616489614
325225322
443823026
542798228
821955979
240389722
371161225
107739198
325561719
477613328
585737848
330654753
952254930
457986378
1648125986
191437499
396001499
924334435
191392142
181987716
230995236
175743717
242242220
49787995
248407202
721771094
215966351
2395081095
1030905816
1550387658
1205553698
878874272
1396161031
306355536
183709692
319532597
1560525247
1728404947
372151696
2367816311
35787166
1666283006
22736017
2250443486
1947592423
600325947
202290928
1850801136
1669360970
211706096
2260550175
705294121
1597009021
284485993
279736447
1608518833
589441254
2305177738
1368132576
278943102
86050468
191445985
283425019
77418330
84794442
207527436
470474727
268414482
75082086
150012020
280905148
172093297
252569808
246955346
317195074
2183857155
327922253
165070627
348746220
1116762084
1191367772
312926340
319642780
334221701
264055232
1182744134
921158802
164397512
233618304
164242867
177633993
185934609
458593244
1643674141
254979773
272451861
140703191
1663127203
161668776
174696160
1024180057
75656602
987335016
953765786
706654016
485005560
281121972
159659563
279379310
173936363
431844222
237437870
1189728385
339148759
318619377
842221165
1676083746
70953983
339831320
180073792
28597142
172626035
238266571
358036699
710950938
233305196
740911086
109922849
85137548
1561499268
1963018603
554537281
519607983
444475328
364462615
282675220
142058878
1623515725
178761739
1594155457
153164571
1631606311
225180458
173498417
935179214
543347546
703463334
1872583770
1703341968
168235124
1665895603
196679761
229126151
285976992
1209919387
164804843
315299416
1613781498
528649067
600441960
99088075
283577511
273927654
1616643752
747517986
117778985
1018081207
60021860
133862776
137780760
182312312
29392934
361164666
284910445
613594987
449977816
447615062
267660051
321175924
263412897
126195034
219362983
130304792
906288265
86028197
16848379
401575856
831859326
1125609404
174716589
1194032509
75522889
475915288
203443568
349596112
508751906
46621154
203677381
498102840
185297019
99914102
342251449
776068608
430614108
155787709
341251651
852860911
152399671
807677167
234885120
172014978
239326388
276886574
181746978
283073092
215389786
239473182
787500865
230372354
175823764
450418432
208027342
152657862
168259275
596917354
180501655
865145107
428080332
869316170
872729755
740820829
512384284
872322644
21836409
17850012
14389132
279615897
289562661
729378781
635508531
94210183
370075206
43179642
91035113
103464849
192368468
399509079
220721074
830477160
111431793
628776519
276743490
177369358
178093271
630542295
434346906
176805649
279954331
106117392
150826073
172862810
152422756
310514994
181295363
286278211
346197218
715851715
236449931
30718899
592249338
349288664
289064100
75054460
15296714
527177629
63593173
258805011
67327402
239619671
629682390
228476615
337330373
558723286
356555701
462868837
186786265
586848959
317624867
214152415
318667441
143816002
91771989
193660535
211055229
58571337
523280629
29173630
68620832
178441386
132987028
207059049
27190801
174308097
222764942
225394446
169858303
128127923
135677225
71267940
458545779
269587323
634845252
179372660
413284040
86983794
243257354
169273810
99796662
311032328
563715493
159819529
35202099
180919635
480533964
233992717
254162061
406609600
626349985
626113787
626288296
179802966
626269690
79601914
52096837
263725524
186159218
150355793
199165303
180245617
600282644
550639672
115194026
170747454
397198420
232152007
188911562
46996676
350137844
178296549
593602552
54658071
212912202
185404881
68276960
282112976
543932538
69999884
391243165
75074529
259635452
547749707
308146335
67900018
163817714
52489727
149247384
130681675
103300688
459394398
333648370
194455146
397149501
274885342
416794460
343915415
507931659
294992127
184486487
399659545
91565618
196834470
291407994
449334836
208944783
343052600
471875101
175475523
158712310
201868053
181185329
447873098
386418511
231585114
16612340
185500437
258782483
410576540
19069709
422827693
23868451
303701750
115832573
282024759
112079684
405917677
401890743
162233594
125662452
298642856
324894389
165159686
368283924
284174368
434356072
337595191
444235818
467949605
471334244
466050292
398452846
360812188
232992181
59212754
459792670
280936090
344519263
69797375
455085670
274812323
93509828
89738582
399760496
156636796
277867132
149489415
417018197
259793508
346551797
156795680
813286
67722828
392775108
227251635
408720616
307813006
84135431
206844028
412940796
126684915
336210584
443942997
59875722
238491795
186107447
113334000
308712315
197370143
184899810
114625106
216628587
348626824
132319989
343662912
143174321
342848251
379862028
79828178
82407270
15899325
205071160
285203751
361680822
382456752
84276742
359599490
123235658
384848096
342262327
157219802
131930189
23135992
199846461
35748845
384854775
31891798
30736991
217798695
20207789
90184020
100363217
120569363
312478542
363273455
338990399
99393233
216405186
44269770
152003557
257595715
349743203
261795999
167137160
356277596
225283933
123890583
258080362
21650584
346222084
271452942
113082772
64113324
228216544
93240992
143789419
107356472
197713573
131327487
282153350
164194419
189619885
62576224
114822964
242745360
362449255
239084028
118029048
273193256
128059243
193904038
315315895
94432472
94283112
209148469
37336593
194352056
185200847
77482564
28739408
185884217
352623493
204066815
205428717
143997378
118717652
289438272
77725938
354028965
347514266
354761086
237999971
135990606
178414010
238379508
42137452
297121524
353278971
53817066
52420819
75550436
47585577
223899121
100771178
100220864
341713119
73376985
182465315
144083030
100773897
315932709
285889805
122159466
289894940
19397785
188122819
233288066
143188535
207054677
23083404
30782495
25365536
