346836110
262904120
66471656
14098909
30414118
248592754
819268903297634304
704912426383368192
724651501013065728
847026167605551104
794634078159040512
277621843
907404836135731200
3406474541
871042780360876032
7752092
908880483936821248
823283660837318656
791336537979953152
16644733
1448965466
829145600813789189
360137234
169720203
108083058
844694341759254528
4823335694
880958393418215424
900151849751384064
826871032913022977
898278421666701313
870244644537466880
896517124289638400
892564320458076160
712453617601671168
854717689532645376
15995715
3829224021
2246041836
430705859
837719366481375235
36545100
3416654495
845795943479959552
242548214
1085189827
10362072
21914960
807458395829702656
498843659
108703509
319777415
847595539856338945
817566648077000704
15656663
819294551743623168
814715170433839105
834998734429683712
823465049809387520
46197784
18082945
828858281615437826
846523378487853056
850175290705928193
859388355972222977
3222097567
35201622
61678750
4872635380
992341950
27322422
845139871282823169
1730731860
2149915710
2746571940
151621776
856432831152529408
3184516231
283721629
2421067430
748709805666103296
857064526956511232
4633235559
1951728966
17243913
812386219384508416
817728729896067072
4363337294
2887995893
2532028403
132339474
846481000955854849
749920928922869760
64202555
22791773
594116718
133938408
1473206384
