1004718656952197121
853053063845826560
2182093774
879895023755681792
986385153126629376
708945965617577984
1242525277
2518765008
308124613
796095359739199488
757118699212009472
167254399
1651295323
1001598807518384128
88587206
895361923214180352
900541870354292736
2259052890
951937870905991169
124433898
22924208
702076387071553536
872654253122363392
403159950
46621270
22330610
775290441948356608
786538294855151616
860900278727528448
866781545167814656
759556810336530432
983096026583240704
955997419769966593
777196864630325248
983501254814027776
788136035897180160
793563244006957057
876343590879997952
892196323042017280
875554285148405760
3413741939
4096474693
957426875361579010
925413660419330055
2203941936
807325793466650625
2262798529
2494741322
975263589023051777
3221956628
904604007305330688
965396560896020480
955996178335674368
533920753
948319014102605824
4874081294
2716721012
2467160324
3222197677
1225087531
519855166
974702773597097984
2478015324
2828756285
3238719694
958613974689484800
838324825269628929
973193228206952448
901611045214724096
3242858348
973001729938661376
875450320884715520
943865274620506114
969670185845182464
51460170
852681116146388992
965263721311293440
954037293903314945
842955064755077120
935515809555927040
4114739593
593539613
900261083172052992
270994424
948341880009338880
202964362
769675897
847863742025125888
850766622
3237510143
905006353126744065
846984314696945664
910800684035006464
882443533977878529
2540892742
955534153717608449
202329053
950426107857158144
859819910872145921
953465832595771393
3202225878
947381669660573697
3188780535
951835748751245312
947304373301817345
1932175819
950053265894453249
194116324
869191040347119618
1070785242
3372315268
3058673570
168103226
820189450907033600
2995797216
4795380451
885858175861346308
2843371303
917042966765756416
916526082387578880
963229975
913105375678697472
913006286756810752
907273076374728704
