483195215
33596934
26647127
996787160622817280
53003701
89431901
1000284073233805312
4916373909
66928529
225208152
848919138
824855527028973568
881176498413109249
2369929572
927526244102615040
238801868
2252642910
835676407665602560
702413734149537792
839354587974938625
4141248262
991282188925718528
515008453
891125789755924481
103587878
824717141949550596
859806499073392640
23238395
1924071992
1492287920
4305534496
750656769098149888
1478430085
834163916213198858
37506730
829675728643964928
394905807
621552101
872641496935223296
30619561
50909296
879771304316071938
216065430
17106881
718495181914316801
960652434
624056226
525595860
26152490
997151230794252288
426329632
946524674627956741
548958683
2779810500
227362755
906094669
818498447091372032
2627111795
913894385825255425
340613443
780955609394884608
995584988157362176
1611264181
1312311236
2918635587
717917482900541444
56622225
4724959268
701625379
2151416029
2847028078
570218986
393852070
2290251864
2938317569
832006812442320897
1252907875
19893142
2907043656
40515270
136581495
483969043
759404392286150657
952745082
896435093186781184
19602229
4385043437
512814614
759803151633424384
2678072634
752472211
848967244713385984
170840293
756279975586607104
59643404
22307029
3347237649
962751546235613184
873234990905126913
381151190
853318487741054976
65189931
262528291
957208454271299585
2151640098
411707917
845359091887280131
25785311
339285243
861927176
3419894505
15712105
490895406
825123248132104192
41378381
3132256162
31516352
21315430
1347148117
900038696438611968
2339601
125567504
545336345
840660517425360896
14825503
976900581687283712
125262135
1597496460
15565732
780576798320975873
45895231
3092671744
960568117373165568
834078524277456897
384586666
151776277
2872698123
22387824
2927284436
16801580
435564722
931966933284605952
1262776610
655093
53700984
4201163663
329499605
69049453
4710588268
83367875
2480936977
928792810953822210
1460276738
860249422403428352
822998890433507328
744604001438572545
3148506865
821856998698283008
28005774
2835707324
3513956295
862142716586668033
41757811
4638225918
362516994
1381338746
793907307088211968
834903207348424706
907232712
429329325
995060724
485423388
1571239068
308501672
836280381175443457
1343115025
2482282124
17171578
265718472
1012344390
3331850139
2905721463
828709970703167493
700723188032995328
586791337
196585870
757252723364343809
36248973
829808941815230464
29309901
17188547
18173624
196179309
26792380
730364923453169664
223166587
945745755339411460
16378486
482708367
407894806
33531486
922869448691740672
397642452
174876185
33436293
1502892860
887418059501305858
39155029
29316995
20289813
92186819
1058520120
870676722965938181
872156132688711681
939255972685602821
386058412
798200305427054592
928281482
824901212667392001
926282278552113153
896044435041136644
2461810448
827522425264992256
750751206427860992
859805626398121984
856596564516651008
842550390818201600
115666612
865898987836014592
745852202556735488
715271442401628160
838178094049542145
63514682
879924583985537024
2268222098
2883233633
321777232
727193444939079680
626515184
4235916457
836049536699224064
823748762753339395
291774022
859417706642198528
183684975
944771214
3003570179
1653204079
46555874
498095362
282640287
100493922
4708082121
2460279166
716689065517662212
371658612
53644053
912801022690635778
15212700
3709514657
38076044
2196013858
34948397
823284762504785921
229910336
3849948027
928747012379500544
801149077861834752
31842109
33770516
767498582849036288
523293657
249222888
951358558473523200
2352438733
127537805
24220800
81821096
2569694468
332999634
864433302744248321
842942068586700805
1388303107
831949064216387584
950360039998525441
4239649641
905967177211166720
107186754
1120879074
844800384707129344
160916250
47730523
84502548
3248891052
944372286827778048
290883908
224302874
101917758
886032877011558400
898344136683642880
1169392297
845348489777332229
832715557816315904
39279821
17261066
845412340363411456
1924892180
907404836135731200
706666581741318144
10724692
881174262983254016
54631859
452570062
2375714753
1512246469
3071601897
27651104
887704019296276482
2342387252
2984872862
834342711893381120
906722161116643328
864290257096900608
893943166155366400
841861731836145666
221553706
2844359448
3394143436
169456631
701804482129215489
939164490486173696
69756680
825874825088425984
4902657364
8943
13615722
777963438
950914616833568768
182503471
949041596334395392
18698555
838351435595149312
478656668
27366458
940126518
846570462301818880
2182208461
285287627
707885995476312064
868538464429592576
918534170959400961
942544017715318784
612057704
16444544
904479328213188609
413946301
1334268151
2869858477
942033683988537346
896843859950395392
3109274342
821122209745866752
2473086870
3035660929
1966892600
2570916990
1600678208
866258644152799232
799640809003945984
43039891
4033739783
712755744
456124249
830182457039286272
738461796730703875
832751112507662336
110365072
3100613023
831981042395406338
18686907
827658471000600576
3369278890
563886769
827237152836685826
2701125511
3938173949
932285444435447809
936684271707627520
940923868935589889
826487672843694080
877702138905976832
87480406
846934487355273216
947005431410495488
86659367
1657511264
945320606043639808
941782988819521536
2422806722
133397127
854378294136848384
994130436
57804196
110537924
56149743
3145422852
835816332
1382937350
205935589
482709175
497241406
780578063620812801
4644170814
3296626170
1451868714
26901657
788112748567724033
739934175382413312
1653316502
2368791522
2884707645
1962117602
833863776030097408
342863309
41376677
25855350
257461068
2998864022
3341234925
2579602903
804951551160832000
48708897
16160352
822830153826963457
195553045
27294954
821420676766662656
767159464990474240
726741516476018688
4780300536
628751790
916049596262092802
824992923884322817
888030081343340544
2363126492
881636389552631808
817145698428874752
4739614948
740109097
26642006
863752298052419585
1143409718
854050146228862980
292083207
19580890
493663450
215501778
531656845
877997051904176134
1349535121
2552925459
797495191041167361
842955064755077120
442296361
860189500731011073
4206011292
904165445254696964
223710359
2550078404
311167475
4758043848
170713384
823314345853648896
65077672
821454811954487296
57029492
947108133939433472
38013671
34850663
31548286
218396108
16981579
15549932
2916646212
2915680584
796476942576852992
3264885894
749416405846548482
252357183
755057897583804416
29275869
18594427
839850416
80364559
757118699212009472
824506400160112640
425482648
82161116
119387157
51184525
56561168
784741782294716421
3345035954
1436668376
892253960786006016
20352497
16302731
9715012
168838692
616573748
810178352871047168
573173793
250769616
2221578423
904866954934194178
143298541
25385496
885364339321954305
2972751413
924334000927371265
4325597892
35062858
106860473
3014539617
34952141
35071716
775840285582438400
704369295128551425
809785661855125504
249386280
90710620
420148179
553921006
797553658657378310
778283990017081344
269200179
275830889
897985670165053440
802569899218386949
511388120
826559703991853056
744968505376702466
23132135
796381380892655616
809604601280417792
2865726690
825747424849301510
827856654951538689
758597687860076544
3091230840
824288350991302657
17328537
2272287218
3591850294
270460938
842504775312838657
843634153585348608
798360561264115712
831965199011815424
849006288818274304
930489908
846523378487853056
794774642867060736
826982179204915200
831201905049214978
3316205113
242890984
844695996428959744
30372536
21802425
140163338
547287439
911329110885928960
1086419731
309705905
824023901491499008
788173077490257921
1394909232
3073301913
823298254435717122
1449986335
712248375857582080
872908371804004356
503789953
959456683
873919257238786049
755490038033489920
2801832928
2324180647
296979638
2567268222
818454399316099073
827208348433006593
19461153
112532110
873005217003917312
17378581
818112703218778112
743941203205492736
861806092430356481
798749761989799938
400089636
822544851468165122
812386219384508416
474489564
789913966910836736
4876534264
772205260982984704
796367969328758784
981238580
21688801
3676581614
1561348519
702036133
1925008657
813809301177278466
405213771
709755503304429568
813279496296013824
2871273557
831711011694583809
828323539900063744
802649176299466752
856194735995858946
67511538
260326227
263172459
101938339
837407101102223360
32741395
800807883457773569
755677202
27493883
867634876899393537
43600111
823541990772133889
2569322384
773274443879677953
883520706255998976
884584647241461761
2185461735
786811991394430976
870809450013052928
819999198720458753
2390266628
823344122543177728
2223789247
829098861528489986
510873452
571953394
24435271
33581984
39495280
282280659
802244013990375425
809732450733740032
58348748
32443514
256126686
23719539
264002358
742080381483094016
113064158
936236963698442241
3535835608
13694082
900171138
192752756
22083052
801632712608153601
48316506
54413273
838944474831196160
841713120653508608
828474714091827200
802995063278055424
822260664920133632
828470337067171840
1877403668
798224046483734532
837423016879468544
829866626136809477
31194753
829912548132532226
73522082
821392313020743680
19788060
2389077738
2808272269
4385908366
63705901
826390766092038144
826134429605253122
2922124766
132767707
825959754291879936
802997975081435137
15823698
16587942
2227568833
18930728
246078393
928749428
1022631666
830079124077211649
16609393
873228926189015040
887671540430647296
875051638809137152
100852530
20800366
16363038
758486325720911872
849841043059036160
228604552
4354049368
825069943817437184
832919783549042688
2770066531
842033024862703617
900954205246050309
22049275
2621932677
3311799854
3361120619
797914811975761920
42146993
392212735
925342772755800064
913923444160516096
817198129875472385
830362708658704384
815278404303929344
174552094
466953226
827302314402836480
899808009475510276
4064408333
796849197840531456
826611876
4740030283
325690227
842763645855645696
324725761
831621236786499585
830600917082894341
795340187161202688
593222428
95463107
19671129
396849913
826263698817875968
835658301144616960
706120381
379511613
151274219
3316388106
830063869942968321
823017783516598272
923380204596334592
20802179
45760147
798468223230324736
434175356
25273754
508006873
717458545231290368
937065525116411904
368196789
892041089200345088
160273215
809395476894203904
90271650
15303059
60367174
22151817
30181788
203981523
2314018987
81762767
850470344532131841
799097418889371648
799010005655633922
334339610
2770329966
781853406
1209983856
706556157603799041
28734357
377998537
3299998634
838052343039967233
167525898
4252553543
2927039072
805155628188651521
828771397425967104
2992607204
499921087
715635422387417088
709383299278446592
116934863
2163597692
863593337005023232
796852079100919808
316449565
1932940099
894596201286438912
722206333
53467602
4458723554
746546285402955776
2413996628
281281365
7614782
109949320
125476337
13493302
34643610
22129280
22771961
47379354
60681283
3497941
15996661
918566404911259648
808110314403360768
804023967170359296
897851724563722240
891036965402943488
900406288055758849
382886484
165594981
1558778114
156872982
706555539174645760
740968518141771781
24655832
810884355979497472
817035658162077696
68868861
18530932
736517216
483860895
61008191
2159806743
25121569
7725722
45697823
486908878
903353964560711680
2792053782
109394930
1122756668
807014648247648256
4193229012
870049697863520256
863941393256861696
44043684
36846904
3695853373
796554805229580288
832840107023593472
729104018476273665
861290347007066112
1163985324
815277357871165440
853645234298900480
766318102577577985
4270802413
828400393705058306
824000119523512321
723031866391945216
4872519219
321583100
769598415059681280
874201838203088897
1137789409
809414682708738048
242653054
859992452022882304
791078192635191297
829859948502929409
2452848760
3241310643
906350748983840769
282275320
920099514198892544
226993103
47484934
723255965475172352
2383854660
761573034259996677
43467353
899016282191704064
914031841157566469
885964768338747392
26959248
218993498
47140395
225283361
873911832045645824
2332662804
3158571186
705613169872478208
806368075922685953
1023287209
4778253918
736032844351311876
61223147
814600948601405440
825347352638668801
45193863
794906337146707968
351153307
881310164879634432
461447655
104865001
790165412
823337401061937152
832674511459807235
827934520112472065
2908760080
61239883
4675431684
864574481397936128
776133390122622976
863466119591493636
824706494079832065
706824677587611648
831577691719626754
3258162788
831594251188391936
823346676614078464
44253771
18481498
879044852952035329
871877946239143936
872141362375806976
329384428
828847499544653824
751328581402365952
503472917
4400780532
32597512
976628899
815958011785121792
763199328156471297
787441478024859648
703237811940540416
900766600034471939
804134184826585089
1909309741
804330898720227328
838525493368483841
826570605168381954
878001126477447169
871065480039149570
875782349757194240
876157973000724480
71232154
745039403391672320
826476069201010689
856719219974692868
722590718842269696
20882851
462958223
822237880017948677
845788208503795712
855992979265343488
2231990060
873060960721707009
863161360129159168
874065317173096453
825071860308123648
889585550717538310
2677096640
742855314
4716565044
2616653534
2806413827
869917651354636289
800106323224313856
1176937356
820413772829364224
244328801
3138454448
829733779010883584
4722204972
767198582273368064
2855937448
919016771486486529
756250953322491905
801131857
766866242086981633
31442310
785164236804632576
31608060
429402328
3407971594
137328500
771068042151288832
754133257403322368
746406424121581568
4878780117
503663007
14118094
759537423034441728
520148825
5392522
5741722
2303751216
16017475
18622869
13524182
19847765
5988062
3108351
46557945
51241574
86129724
258885469
79743108
18678924
1652541
12272322
742143
5402612
428333
759251
807095
2467791
9300262
21612122
21800063
219350591
26133429
140286364
550762459
474974313
16061946
15922214
410216127
2312829909
197183834
338179204
544378056
75966525
770356212365824001
731186817857429505
245952751
83695942
860767123865571328
2821069682
109733676
213059556
819723919108153344
905977845415010304
40996128
19750159
556531366
113778831
2363216639
269499133
746282472497778688
73777010
771465586639572992
2623693395
804362104048230400
23543561
2200290344
925132276802785281
3058713120
1365655208
426578718
93251080
918781062200872960
821390751271649280
883003734099345408
3017732286
245317425
889589208846827521
850330743473455104
875102174824542208
876558081026600963
876062215073300480
878410455580127232
1452861104
1315355821
1403261666
905811834397048832
3257382372
3298163359
2400553165
884619434035490834
163586170
11092292
392485441
842166131553058816
925592211890286592
592574054
314497777
912508812170452992
799321819165691904
1004426490
839614082881896448
726151048151191552
876478059414728704
323363080
805615243510562816
628524513
2492436954
2806624502
2850693627
785317545951703040
250508132
41877640
900316704814669824
2433939541
19516513
930506790508298240
718193927136759809
36250453
18216939
110790607
817188719501447169
20624058
706473410583461888
1428245454
34023470
163194830
17503642
323271922
800446780374532096
815209725407137792
75116472
796735018043404290
60745624
755455172093046784
2191568058
51681238
327764332
365767052
270444203
286388317
881569857283739652
2661842046
24129281
791712550110973952
107996155
919383205676904448
718695653065560064
18179420
2987823817
23394376
814668421916950529
707276683
780583961957314560
186388988
40795552
536603103
797833897472036864
707203777313382400
42780235
779333699108278272
2359723691
93044954
3473325507
811604563291553795
822551270519095297
44126993
797209643240058880
18213546
429487834
25033858
24566830
388310964
1360965008
2816234438
17091590
1152406627
874828182
464881483
3253228622
1877444256
2949831028
135046919
823338671822737408
372738237
837686224030732289
279205030
36032320
852287863244935168
3406555153
857676128030310400
826434497369538560
809637412674543616
386600381
831532143989776384
27345380
606803007
751800529
4071696148
404233543
804767216717725697
49865450
785291299737919489
3770392708
3320895309
760652482645155840
4488460935
332807597
803810059490709504
799641775530856448
799138093
818823731837485056
815295817871491073
2149915710
834586606866616321
2883112982
823193220851105792
818490520133664768
835719743378231296
71334285
3432769414
425580285
253802597
803678804669382656
2939397649
783459062604177409
224851427
339996742
189019490
989210029
783659793189928960
786914412531769347
795022220619825152
2746644052
1908994309
2902931482
797222472273760256
717546814623318016
796761850310488066
885905612038696961
343911756
780591304422023168
1096914824
4675736178
343535198
1477241472
700723240793088001
2736039738
23860507
735594241561403392
373564351
16912124
15463671
48802204
205864193
731132367058968576
2573480784
3223426134
111683028
751283435382067202
1651522832
157099071
959596692
849169945
868856461
238862918
17686959
16146535
1634552636
53503202
21705181
19088288
33879063
498167911
591297698
714419097262538752
2531775750
842868962
830330036
901160826
3426768574
3273997009
214495170
2566124461
1909087813
21495530
2311086683
181638022
4656972496
110014280
2788972943
50664648
414221776
263164345
780589230581919744
886042169621987328
2182917212
3347652363
897896661866893312
3365892034
91710203
825508088623013888
33518442
2980443394
19094676
858049142844772354
46340545
1595007716
2482889851
2455493082
461852068
168362951
47716888
19346439
2889924959
2316383071
32522055
41984111
837561853
1928290020
704060092065423361
586853452
4311393022
407574944
868847687545782273
279892227
744518305621360640
846090756993368064
169586297
871899060092805122
824312410295115776
288433921
560682638
174242226
26312710
796905806818144256
827873909282324481
2342986453
811311060414332930
497426941
34729275
825568497434497025
736949329
706554952156467200
835921763607379969
63011872
31776520
2203426855
122173354
779032712782815232
784785914224517121
21754958
762479876431425540
801209579673526272
821278120518946816
792223519
3309978409
792442371963293697
51259456
48497926
809999657615036416
102745381
25197552
824731637258686465
1140341359
1058256326
250912539
572243881
916899357433253888
790942017975189508
897217258145038337
71469143
253340432
3011234974
322890984
23452675
23255247
3321869212
829667452585910272
932154511
113819586
879361689954787328
815283528464273408
881988762573701120
905571888298110977
3017400805
1861688269
1287300193
605641377
403184662
533370945
861010480034443264
754839790835544064
788965832126631936
706990010042601473
4899610029
710643313267716096
4785292626
931908926
16028985
2670772172
889877430541983745
580312540
3333055535
875029068223315968
834081571493785600
4091551984
3167508269
823528762117537792
791095997124358144
825495434261049344
1629371011
299929232
766445003128377344
868827562805428225
845506343414874112
877372087366631425
241955334
891375182719238145
820369213759987712
893316758987128833
893308458652631041
277229509
427931555
845465022046232576
29918146
839583874657181696
867530607877738496
870107479493013504
872970121836453888
872440256985006080
875801087256735744
833074694739726336
827199374086148096
295285502
18738783
742152378741329920
886371706335625216
2206239824
839260908249440257
784822038166958080
776030176052252673
912864259259777025
336176278
2922403601
794634078159040512
3433028235
194347664
2813530168
25423508
115455238
1381088924
16163955
869878756755648513
705299120
817404641164062721
3310215452
844448110789177344
4907292726
826672383805173760
861324932801740801
857773807670616065
829847699692384256
30292065
829785449925341184
153227552
829390100639387648
18086309
20529532
858506685136084992
875433552380391425
846134700494262272
765763200
34341362
16700601
1114886305
624805598
275714700
803826720
462351266
449128263
601519183
45142252
494850177
292552082
572282251
15441965
174110843
130496027
800704496246484992
798729566126829568
13329732
796578568176365568
2334193741
47336979
828255766905815040
803694179079458816
171968009
3187848737
849119923918053380
40119130
917356961095671808
3093559049
16592565
740577509029216257
55430898
819405910678212608
1509388626
826280459134967811
371901658
354169288
828204975645925376
824061679411470336
806300736598339584
850301208971669504
840598709385719808
4615594696
20639694
760053765210800128
804845449588850689
797103046824226816
1530987500
782292383450955776
759129594880520192
855445797751730177
829979854087057408
1480852568
785026202574721024
830171903985905664
917634626247647232
820187383
825309736958574594
305085572
818284091967762432
2948298109
26216748
805409788930748420
28654816
1482823513
465992018
55308593
843837782778888192
867036151307059201
818624813149421568
796997358349324288
815871284
78408027
851211
901212463210807297
1708539385
824688009576665088
1547522587
836928589471842304
377540405
803926141660753920
368971022
4852823260
3040452762
601259331
3293916789
19877186
843310827331575813
762984797899747328
844798330014089218
790270769527869440
129891935
3519434294
358464377
882004758264991745
519072324
61868777
774367371091963904
897860170822418432
884208290741321728
821846067591286784
28225322
826780993356836866
804766204799942656
64202555
854792794984120321
482133423
1487319978
719626367332126720
455304660
3435192275
48785884
17701801
2939336960
46316567
2305606903
829690954508550146
16985474
18298094
168524035
909828407915110400
538980491
178362634
884166345268514816
735831675674890242
727595749844910080
219445010
17955081
231525540
178447840
903534345046151168
878215311257989120
893405045508763648
79784897
43650621
68088846
866114580908576768
861367364646055936
845795943479959552
820550035511406592
2887026221
3838336583
2891917938
906819984
843281684980293633
1584789493
874176740654018560
2854306598
857243910
46431656
858798678710071297
710810649060741120
3236488542
822585233249882112
366575137
806625064993116161
794576502218170368
955425266
360900578
823977977226498048
796908651697029120
823987727083286528
849491376526020612
799646069328084992
328282429
14127420
3297729197
60752837
3018499283
891687501143961600
1398016675
893833693462228993
16864224
707209121855086593
795257676
493714995
736317595872333824
882951683030085636
798296697952735233
864343644802695169
882964535593881603
385826640
97035408
37222058
570928419
485855436
2957948640
34568634
21844990
41687953
800803620
506007359
2292488509
351198392
140416819
525725211
80602426
42665683
84859490
192423161
28345417
41160647
21754399
19100811
33323849
27074856
19363528
22035674
16908562
33787936
22675279
131543835
503955524
2942547905
265122237
323998361
1671629539
2892227706
834945869086601216
1290142435
17099112
267884847
150466240
18093239
257130991
847627361566695424
56800827
1650410052
1446853159
825457288257245184
832400109535162368
800508822905204736
50400440
779720144658595840
745770663944683522
822488340805120001
3318393619
3037248745
461296462
821941122427555840
55887469
199419058
19613894
3279945986
3331419909
387149499
261019817
22721937
140310322
115213091
4704369878
758050879354175488
2169254929
54139139
138639829
1325239976
806794262004150273
812351747343679488
1541086118
2857479956
3438557261
295413810
787807579514691584
3276564031
818619925480820736
830280201191829504
419244079
824395857625808896
826582750958231552
885719524024107008
703406992635797504
2832096234
824877094236680192
4538211017
2333566868
373042824
843571300098625537
169913250
836391525760270337
839416776421171200
839139597460320258
1646608171
842952749927075840
843204271575355394
843238902068662272
834067277217665024
838503887686492161
844047746701185025
851205216934522880
348478575
796539851843764224
816406404684652544
825839859797463040
808545586035060737
896788896784297984
893900539083313152
707413234580529152
43963249
73238146
80868794
897565399771992064
162452290
827654988935610368
103708577
272396530
48567923
303361757
555548903
3038295012
809842109339594752
1674018463
23848713
1585983950
890304333056815105
30726383
19568591
59037243
272059064
901537399
267603819
902808547
525529987
2715852802
822726061372932097
25464324
2811485305
828411554383196161
1620852848
825846669010931712
2897441
144376833
166669818
32917190
563723825
2862559137
4780784385
881991681528266752
42887383
858354574893219840
824056293161766912
4056535054
245075258
784618859441614848
818578014850019328
2384247390
882835639225462784
822592596497301504
36262503
1157194328
843556423548067840
857332702047068161
75097921
890678163969159172
890437578
2427670496
42447494
336654624
817932415863754752
2278288184
798936281954668548
802184729235554304
486277358
300305304
294966279
2638989077
16721452
2904148728
167150267
888077093417795584
38524506
865718881763119104
533968111
825729746910773256
65497475
3384903430
483148525
1521571585
263528349
862470633086525441
449600949
4799397552
16082787
766547376
770759270
850633633
49021031
49388157
53019309
22873947
2730550162
24789484
4219456873
828417234267615232
828438472079790081
828038191974346752
781534268
838764299816480768
824351783141199883
820865392889298944
819041672290041856
818710165025214464
819128285967843328
820000511403249664
819686577810993153
819479839501520898
819350190704443392
819094652523462657
819085509964115968
771408483342282753
825181839358701568
830946630819991552
817566648077000704
819135838587977729
834950942139248641
797617218511060992
805094082863394817
833777334528331776
797215904085975040
847545582
801100959652970496
273963328
839300788702875649
2863996955
46000008
876484209535098880
873003346587680768
244807255
823729085318885376
127624661
27032207
326665662
865507521431085058
828826282146213888
788673869427204096
746425447160877056
2178765386
4854332050
2496335227
2415739896
233646762
19113211
19558732
896159982
35112839
115109457
109009420
501973262
2473430923
2666839646
228079384
314864509
188962593
480616931
1045922665
1657858602
3439164489
2194879499
4092042807
4021974439
3822559272
799748204963065856
21163480
265392196
15764644
72198806
17494010
29501253
36686040
30354991
476256944
486694111
242836537
242555999
23593446
29789545
1717330770
31979283
766890426749988865
18638542
258472872
758673693555818496
473285651
163299688
15909102
893189275088453634
3302342903
2836421
254117355
18227519
21619519
89820928
50325797
244655353
15220768
824400401797619712
215207998
267228781
178778119
594116718
824211759602905088
872964662
119483479
114111998
847942138545422336
168619947
261538972
33915842
103999497
849816664036315138
213173102
616737225
20462982
3855240313
887687246085750786
59331128
93069110
950531
61734492
15276573
604949797
35934245
890845258963202048
893162585935183872
748381188084072453
828712218183077891
2823929267
862816449613635584
30849103
816036458335236096
2335812336
1308926647
75311987
243360075
162099486
21059255
926620369
757303975
859294034
2149471734
723537344754798592
25203361
15612663
21833728
838563152166076418
719598444835446784
764128023838920708
755835576
1216789842
46197784
810619093749559296
4235379015
1969699820
85937503
1250078874
2869056617
844932007075500034
297532865
12354832
37590426
39000115
299802277
32871086
15464697
265197860
879850212843454465
879206629144756224
1633426808
81730445
11104872
1724928566
3230636657
788694140938702853
35812477
2376444547
1917731
15976705
22664049
444388375
2439184632
2300278368
17227837
2681526103
2547276608
3044675151
2850912282
334984455
1924293630
863148690
14579936
761733510100951040
2610938700
3327848321
706001178799112192
162639363
844062441457795072
159158155
54042025
795061167492190210
188929163
318195704
36645419
36297832
835227923267346432
809972064811679744
461693614
198830228
58545637
22548403
166739404
62513246
743856512
1869759258
62404940
139162440
344506156
4531076896
827185947271897089
824028553067032576
17006036
402957663
22162854
13393052
800942537083068416
810590628727914496
823565852922576897
801159713035612160
1540221996
843017399204954112
825518870421180416
26443215
132339474
4183540876
552309975
32839217
843595546073976833
299776583
4261004667
830075628183486465
387807630
824415983238606848
824299616262701056
115485051
46335511
16303106
3420477195
271725689
1166809248
249189556
459269265
755187198304149504
1632220008
154311445
204923248
1952510090
15687962
2471632388
37914958
3589010426
37844996
855567777268027393
1372512036
855109542639751169
3636394102
496616165
1053407461
2770199492
798182763631251456
1522461378
489975747
854110199509995520
798578841899835392
14529929
820349906854510592
247806555
851711263
319777415
61149653
1213181065
326952645
4319421515
4345532848
500127404
823558302290341888
76130108
850493253644427264
848658731613040640
3340073541
2731798006
28451319
824773862512533504
15476712
357674108
740597986846203904
28587991
1573855400
795884572038856704
4044675493
851485064558854146
849372179535990784
2401704493
1093179380
828051037810544641
755808822506041344
752621952322318337
732515283902943232
4925188717
850860995337736193
129395812
4847545323
845316320900108288
845809027967692801
845833560611340293
254271245
130491582
38999070
168201257
161864402
66884558
718928225360080897
843636874065465344
2918161040
68433206
829740747951898624
15656663
3410690243
3745369397
2584131224
778933753150251008
387239322
796444507793457161
2830423044
843795934181912576
717802419225112578
496147605
4828013916
819294551743623168
810123569925619712
818925034739761153
818995397146378242
817530967195684864
817923454456373249
815708250217840640
822124776026214400
821543906
830872949464903681
2878255611
2421067430
796811192924770305
772610302063980544
78048799
836629499324215296
3101980466
844601766025084935
826140031408623616
16782320
1003409076
755902660050432000
724708181625188352
736935466604363776
20733757
24357823
19570960
807989942
802145597604106240
215990674
19918005
733991029
838847555769413639
728073175897006086
823907913676816384
2248724040
210914875
1096068614
2860898992
4892120662
713589547
37005435
19940283
39758962
140509257
2203993285
376762928
2242304686
637144701
388454092
606412878
396518706
793902637733146624
809104506
833015922466160642
21867341
125453969
3153892631
42995067
839084983243395073
18082945
193535737
2346158455
23567622
15439395
44197057
3281917788
778909122
330326086
48819645
3098129598
759500976755703808
829208111420411904
51733965
2592693447
531163595
2835886194
316389142
1640929196
4327242015
22015368
603025587
409486555
357606935
216776631
970207298
1339835893
172858784
29450962
4797361833
3248756156
762711325084639232
809394873652703233
523519414
823171093854912516
818519638858416129
722210815110041600
32671625
717664467769769985
2232511295
824116562768621568
824137712286441472
824315778866417664
824270573203292160
787428489016119300
25784745
4490534239
344787654
27279989
4644775817
500151772
559741820
592113137
81564767
261359301
196415460
2369117648
719351740743688196
389660611
346304745
774238947950129152
713839291210792960
868130508
14247236
22970364
133938408
2666403512
4208943914
476315898
10799842
15985218
369059154
88102214
797080559839309824
21268897
14717197
20818801
24431892
49698134
33276161
11866582
27754737
179732982
1742050724
37710752
824264707641057281
824332206952714240
824126001936474113
824139632354988033
824190260338954240
824326864407822336
824473943931293697
3558242956
727698109753655297
735542193255944192
824494641890394114
18382184
3313586355
824320219866923018
3240143771
822517901294845953
475687785
497095422
758124581169209344
785265209535373312
749707228089835520
788840072439271424
804338397452107777
722978889593561089
127079918
14425872
18890804
577403888
710023802273472513
440296127
1125181446
721100483348312066
3190060769
4888817200
2288632549
717097867106762753
186202488
23404794
28823855
22316978
18103779
11212862
14320748
15028425
29615504
36618079
23710761
952804404
3084045346
383493565
3957549611
76480547
278755571
3240459912
3060210854
106753602
3428544377
19840078
776198324747575297
3592959436
4549819524
16074627
23181999
752635790216208384
3260940092
366606110
21692297
21713274
19230279
27987687
15880163
1342544430
71074656
712347417434140672
1015962704
285626945
188684410
313269222
169596158
62326061
341190477
717025355349905408
768150206542073856
3811015640
12732002
18627768
748713477854797824
157920406
3219703402
838451054
568439976
1516335350
28931314
3217694460
14647570
15428397
17471979
17842366
16895274
19402238
32372834
18700629
487833518
6427882
241382835
31196202
3309432464
18262659
18497168
53184480
19223342
1974017821
898533348
2355223012
2837701390
3278809183
583288452
2796910988
361270172
75974281
2715115656
47786101
47285504
3063032281
580097412
24083901
172854735
2233154425
14855279
2180171528
604261155
22659657
386015792
35726888
90570778
55503840
1244325504
2316419894
2287037810
124988783
2893723839
1961411996
2351082138
3647538985
413142019
161733455
2201794429
3008788131
1736058331
3430710359
284611124
16160446
514223822
42595731
224322161
2350808685
701615052
300026905
24925573
35936474
40098359
180055456
1857614264
3316583044
383984049
856037461
18857913
4452448113
180302377
175506838
26698354
701402224065384449
30177232
383603712
130487176
47768307
22668092
236109530
63571061
42070873
20132655
3020415580
221804967
38324376
3396143585
27042513
400210040
2743113943
277120302
2641728327
341240802
18787733
1169574008
574023889
3104206934
2213258946
2258343396
17278968
242995207
459601671
952502588
97486299
4262629515
190906140
2380944356
2606223758
4175550795
183485832
1301709182
2776456116
69491812
828755700
586816305
172180071
2610118092
2864133899
4072781543
104459389
3841850415
2209230415
2895262021
45038044
378093718
2598549091
424811244
4061903536
544591363
2915528017
2857365507
1859985932
125975756
985400317
153442121
1546316658
27921338
67377408
229385617
2232471007
2550074857
1460660173
1260833287
90661198
737927700
2276494140
46814594
721420830
21360280
2605668121
3487548141
739013040
82013843
3320545238
138584469
35595347
123574362
1033028106
27312017
27628345
18215973
842170614
1365507463
12886362
2872040504
3611054234
18905764
3316299643
322507013
1381205629
385826246
25243273
3089652155
337253272
2956105127
3294871645
45319256
23001804
1143861355
3424651259
1933042237
3351975442
1209608880
61033129
2420931980
331908924
49783954
3574459035
20442395
43043824
21681809
118857505
19569136
14645160
1002435757
2819117298
225189494
1152342733
2373311017
268414482
46973152
87403396
3256152294
83842545
2955852749
2426563388
172719199
14511951
180505807
564000560
3058902607
91685435
2735359104
53210455
7691312
2967906489
2893511188
2818322000
20787981
3097506497
17220934
15987393
11348282
1093090866
818876014390603776
29442313
30313925
362523555
863596621
15545122
158426909
4207961
454417327
3063996411
33014441
188823353
299946589
536996706
456178697
182384817
17881816
2276563854
82884121
3041191445
214762415
118412033
2802980811
2335384843
2907613429
2651924702
2835610593
37599351
121823150
40844092
1536791610
5548212
31485097
32210424
568854827
14920785
2620948461
1434832634
901162020
2738320243
2861216611
2724625321
2276641758
2580990793
2793425680
2823890536
394882876
199010416
2651827260
19380743
884673859
545450214
30391507
2282671736
1948294874
2290348602
48946932
2543496198
2476026211
2716781000
1961487300
2486997433
1965172435
1463246366
2888176905
731596345
219947655
49026968
858646280
270068926
43261344
414488432
549816546
2204169518
176973099
1540204129
373112400
262353661
880374036
2532639000
1129625430
913208102
605558858
891768810
86525242
16975868
85965090
1491736411
509927992
362107706
1624087280
2757709666
304153345
1924930314
50423239
500201917
61040833
250569241
704329289
494640118
167176831
2248110577
27343484
595674655
159146498
126438431
293342943
2428510094
195516900
327363316
296619457
2714821039
288777143
37352197
37601037
115217083
317378810
250994481
2266957687
340555734
2480998605
499981330
16158127
1701989744
109313722
24813028
204832963
302235784
731807868
48294810
350537489
39371935
384543752
2741674443
2549073024
222111718
2418168584
2710805784
702215037
2369406224
1918360826
98536761
2262519410
32294051
227894751
145431498
380618148
540118268
2249506832
876760818
21625308
83166727
205957912
342726881
57589386
535253401
199481204
1573149338
2505900270
134224330
2243908006
615652843
2195323230
87613223
96064899
1356613423
38667163
23748448
174540176
21859869
337028577
1468074464
2687674730
1082997720
2396424498
2645926734
2155639532
154772878
219916987
1375435820
416720164
269950354
262746817
95687734
2434781435
2659663889
2733645909
196748439
19781129
1395218384
2738961098
286765298
880930110
142342878
1330701962
18378446
46714660
60918510
18734884
75670153
24231531
122482029
17787502
17029287
46018953
22461427
180540375
2100521
58076942
1738580832
2317351705
876459912
586816761
2479126040
634481993
874024998
22402802
41349418
89598750
818431789
24262944
23670204
15666380
30364057
18197299
18197476
611817109
2301497864
2349614485
31009890
2608720783
509185272
23618093
205838761
748017649
85952658
2617275554
1861393146
2150867457
231094495
18130749
158414847
1344299396
2241311400
214112621
162348588
15937025
148996689
1620080401
944047880
2254920038
934662787
2287229588
49068640
355906128
68219213
14377605
391037985
91180720
55355654
272029196
32774989
512939470
24407244
19725644
18510860
75052666
58528137
44409004
29041660
259679560
802547688
421586241
49579712
151774256
257801122
1355218452
172867574
360285166
400297415
298573003
67429880
767822701
912807978
15143478
456176581
819685194
851637416
16366249
1699673893
29151815
1693499504
1609615687
41788605
101151129
37517004
76044720
68275351
715105722
453299247
164984815
72895764
593696875
222461838
15595638
34185818
32249403
40927713
16618332
18125335
27150723
1737401
172049453
28206360
101894425
38259087
20108560
141569475
1393286984
190438206
942872028
129959464
335320739
298699828
429306481
26349687
492526534
158848407
259617444
46241448
412589880
31676365
177282087
351118970
29063683
18092509
33452466
141303634
69394398
158900583
36072264
576603160
26127836
32934795
1242521324
40306315
30973
67725628
25180501
36555827
627819910
21778272
1179741019
193930774
310687757
7861312
59703952
131123396
119224456
30282704
224450775
25382170
1205974434
39689218
130922325
20015311
93946096
121482708
944203176
1111940934
40644000
1330457336
400448353
24963961
500704345
1470054883
1590465788
1583267046
52791522
27764165
189998617
100076980
43469093
22874094
20609518
110619760
14681605
18655891
15661871
15085498
41073372
75112775
30708928
96676058
86142633
323493560
450425480
21255251
15962096
281162612
785380322
98828910
539423805
367317054
37788181
46233559
457121748
35551733
626831076
38955381
237960830
61061751
14353392
31353077
102054746
44984488
20466375
102145805
789958309
526167272
24950878
23937889
616811391
477073192
185554965
24733117
16600574
26657119
457581661
19264394
46694102
90420314
19608297
32559327
60101131
193402132
119284534
32213049
49717874
28521141
46032269
188006067
115257909
17219499
14780915
85938769
18713254
89158522
19631077
1115773046
214434085
66277538
1188242204
180257435
213329303
405022806
813286
20479813
15901190
130617778
237845487
20600084
21414413
83487731
16402111
70740986
214684028
43522180
969077690
221764610
18948541
17454419
110203696
213034674
14695672
219520456
78693749
767915720
143937074
21601939
409616231
30972802
69193277
26225666
420896935
42299649
19918573
45619046
174816561
28718939
20555563
22131151
213598104
20823773
27711339
18863815
161830936
14749383
19697415
112508240
15435136
246639380
86422542
12513472
16305330
37998336
82455213
21148293
62760327
248403662
301672010
43138881
16129920
14230524
1010226595
