1003259719966916608
1003645727019618306
2530039118
998582561826852864
902931503801409536
2511584504
998351007255027712
1002559523960377344
879090821349351424
960285302899298304
742331636436598784
984569888223051776
432964366
42447494
163639637
998315905049354241
1004330929173745664
893157516900696065
1001521641497743360
4462856853
1004152965748477953
3551446154
788005932
47806130
994254567310348290
989641586870046720
851507454642978818
1001099271016460288
968787642
978340034565713920
884940100160847875
1002898096504885253
1000749084322484224
885180849183969280
1001523398969839616
843843119334473728
444769790
18087450
1001951576708276224
27001391
118003642
1001915321597415424
49013625
835227434681184257
399617187
812159725206982656
994620096348762113
989317926644789249
2575608192
998534222787866624
724816088282832897
1001680491962126336
2494333988
999358488441708549
740924455166353408
365729749
1001097633837060096
980634146505674752
2804311934
111944412
996440428974100481
1000501208744972289
919933180626526214
984861583259111425
1000067574175010817
999003257124028417
428897380
235672285
751969765975920640
161387499
703230673776197632
944408006774550529
992945412582633473
960272869132554242
903598941639462913
3035178282
956897161320566784
937850220901044224
935249734582890496
884828834188726272
1534035990
2775866878
892005607452155904
998194552233226240
531310713
996554665230712833
858470205755928576
994075066806751232
996117984379850752
998299825035710465
994768337929428992
998242511666728961
3052099927
782623376548306944
777631829042036736
971007031900626945
838932232505028608
997920808751255552
996403659519987714
2190796999
2730264319
18112970
989828670742323210
107495715
4263631754
2897153263
966812395732652032
21363569
881123904873533440
926469134799351809
995685699545284608
2641993872
825049131529826304
804153957463396352
985073840794537984
989544626704060416
107773310
967469729358245888
366666718
978925900698931200
993057392605696001
896326563792265217
468675226
589128515
979639153599111168
987086446333870080
3232008447
4913810798
907886447449047040
793835016484683776
950237444405735424
987842168013377536
884850493008171008
1370179141
895228664
989614361856696323
816977945675857920
757418006284599296
842047093938225152
960664022059225088
2475024848
917506621978357761
992721395539939328
856152291249926144
976600742395080704
3092504170
990792382739288064
791272347877515266
957744565246717952
979031389701013510
2246299058
873516630822850560
1209946634
53332427
819623797775073281
991384485559058432
1245382261
137741758
953047529024729088
3303026415
2355325101
981191533960540161
974657831474487296
980981860825223169
68071773
899742286094979072
2616233653
157876270
983146395506036736
882151822940659713
117543395
868005990221750272
963198494612877312
956200284832911361
984583733721387008
811982988925960192
799162642774560768
546145821
983360889993736192
990182133321871360
426119276
958958453480968192
146456142
989680155751788544
2173570430
2316144061
988239389858807809
923695575261888512
985645661008924672
844166481973661696
15793787
789238828473081856
974617597353365505
2646207776
149707496
4592514447
967870534271746048
979857677475106816
986636924562694144
4899465914
988430567485116416
858453441898610689
700753804325625856
3217278321
2468023130
864351611807612929
969972904166379520
809532486728486912
911765778474704896
866110653941108736
821476751523971072
980486939311734784
985639051221962752
978801670531506177
897033467132641280
437658863
972055334356332544
140453304
2698824360
175828319
219997270
1447375976
797409551473590272
26528770
977146981222178816
983501254814027776
269199676
253947978
977052668874063872
241322748
977175629899685888
362638708
20538442
3240325433
966317909659103232
983157033548632066
836620367821176832
945493135945281537
982362313939398656
948197130782629888
757709612422303744
794577577218338816
838121837334769664
741418267479179265
1252507705
3416153772
982561329474101248
897493987958808576
978126033944637445
979461681171648513
3247084837
978870025296711680
238715634
822435888638595073
66534717
24275767
2739350214
937104326
728617212152455168
942892088739241985
978461153616678913
961132769177931776
961740047409123330
383048458
909088539496845312
865152414571278337
4563974475
1424383484
977225225569013760
15772453
2615820696
974144015791685637
969330378753355777
368927341
870722105314344960
914337987466612738
969248318613344256
936973280099135488
34804554
726902335830560768
20680075
3385951
2557331785
957253414446141440
2259741061
2156400848
855274204643565568
827998521181794304
315142269
974634220378304513
848280544152608769
973207063944982528
2719556213
3436127559
2767680652
67657700
961591199202205696
972917891468353536
360466573
973607995996327937
927993754841178112
807587436
342840818
895143198200352768
253653593
636766878
957330198671843328
294248602
941143783428718592
842211056873172992
2721974507
883933785343090688
966348896363524096
929873072697544704
948340103482609664
718003371639066625
2244840272
32096680
195003844
38532025
561441494
347013006
950206853098692609
4743999615
863878094
971762583068962816
968058697674051584
4735863505
898348989564760064
2218371601
966916618625327104
849989442618228736
969514424976453632
939977074948878336
932964340021514241
48252944
755889405362049024
792904291
730199995257737216
937460488312705025
967182504741367808
1332589392
41567479
943538192283815941
261538972
774260277063802884
102890211
361003801
940657180365205504
27024441
880978144768995328
962101784100704256
31457503
38505481
939259909652262917
944278748680957952
950521847468183553
3140861567
968576000954118144
938872280490287104
310433836
20791408
732976058266464256
4774760127
955204501488709632
3565599022
896579895895232512
853060001199517697
870453485984129028
4822904303
891239941296070656
875189851565502468
780574247357812737
963412433254670337
316557414
967020987081478145
762323456763400192
792202498647789568
867113496449884160
964147629851635712
803350986207043584
214924095
967399890270740482
2356212415
965371324959924225
2237788747
2713427480
924943594867384324
821933043380273152
4626522202
939595001394278400
38012558
114430921
440237346
959430151368007681
764845383319158786
964690025442172929
252124100
295478188
847849408414851072
1690076502
3087543714
788471530279829504
799739931614736384
965287953957351424
842424305237561345
4473046635
965715562813894657
266275350
745717336334807040
941704396592775168
943550455363375105
954098629274464257
898943585768411136
762154021981487104
782838547376144384
525851445
907296218379964416
18557659
936059550351978496
1179779472
14798210
895347487233462272
964288906454847488
83148068
964454962301423616
960523955659472903
3067567178
879765236097699841
838174727143317505
725455131710504961
873631419305734144
2834620568
836411333537054721
20846517
214639199
4240514358
963040530983727105
806347865073315844
2829893341
915231714724712448
962323140989935617
2998795027
890090388052217866
801805474165161985
918860049044459520
954047879353655301
16264803
2565821732
4061238689
953723777124388864
3271255423
16671007
927826769897492480
783344248909422592
14429823
956958259541434371
954714269366460418
975217231
338577578
19850687
830996244801613824
954467867344408577
959281969375752194
933215602625220608
4357732275
4865881269
2416900776
949026926030610434
707035770259955713
890600332442693632
939526037872037888
956469968614449152
955763349127614464
927963122513666058
893556777387786240
68726696
872782286
865246525944934401
2814256422
761799487186735105
3376781080
953233897675948032
950860620462731264
2941351219
69707519
943721708959227904
948798989549342720
2610290468
3280686606
4201535656
2771503019
2937613910
3284112337
943236689576759297
956341430858891266
3210489785
547163541
870021705414168576
771768274728132608
3107509399
4499382678
1700295757
928591642289950721
949977544174063616
940581907875721216
72276309
3669275308
956061534068846595
2581758266
4810053920
2329396765
40045792
27915028
888345055135715330
955434301482553345
3034574101
734087285210120192
1657562858
2661235508
867139989540290564
941477963756986369
907111474144976897
2739049040
2802845137
44294700
1629339452
378779522
46406141
936723313652584448
854716233631096834
49210897
913724438583156736
950645189663629312
953520725448589313
741356411452596224
942711513164414977
829699050601586690
930466694199463936
4056983819
239579206
705601320439435264
953209092369272832
825337757014716417
2990015146
788184689576071169
577319613
3945784187
1672457455
705814755869470720
2887465954
43105114
35271626
2701640767
27075946
927547203660451845
1890976934
898725000215224320
330540682
2209298587
2198709276
1190530476
951315524310495233
739165277070327809
554532173
20277421
714093858708172801
788548986592452612
61309849
877306126429069312
793899953466658816
952978311617110016
766411449119932416
4851276082
952154934073614338
2239462111
948573660356530176
4906718786
3017345590
282224096
138058289
768682170684628992
945720807744995331
786673032102342656
215762606
118627734
926262645250035712
367529999
916503794569175040
757445483430309888
943890769672331264
3301052704
1041104556
3320712379
823616461440774145
2879950245
826543781872803840
2338862628
944844624442601473
766452140411908098
3410475429
2827148094
853410168343867392
936999435715964928
2596351088
950127115281797122
921899939327807488
904638245123842048
24578794
2519063076
14828860
752121791947169792
1021197475
945000393938944000
949030893301190656
800086706678419456
948315388055621632
864881098920275968
936031071724097536
847911275212550144
94436427
244351421
933450312932786176
630673071
878290322572414977
438668235
923543670552432642
519641377
4109952964
758412843582578689
50913224
285588537
940268509032075266
47986036
4788847399
906996125160407040
2358672325
1009678422
47044094
21885405
545377339
768980142819569664
73119923
4853227804
19751420
307460630
941626704090550272
87502188
177699382
280198225
867285938757484547
709786874798182400
315994858
4265685075
846152197
20774353
28932421
1711653572
819475435654410240
54014197
3368077079
808176556455710720
793964664388513792
875577313395523584
2787190267
36143589
16816070
33735629
945370324178268160
790937395130691584
794183924276572160
940083521665638401
4744835665
996123804
846248226
1951406928
4894886845
1466383256
2750966864
3309302870
859109107831382016
1036720099
27471854
885697994
1260697710
29461262
1104111733
832943920267014146
264514191
2850722943
911835347474014208
2309659390
749294272092991488
178554857
707292871225962496
506906811
399086001
737333679282900992
46981568
4443268875
4101482829
1287195888
93665586
726133104251928576
105805510
2686536852
795456727781113856
3293198230
2597034542
920061948292722689
879605335559950337
750666854759272448
479976910
774341437995438080
64189850
803947158248521728
808938927642079232
1162133683
98247523
866100397643091968
728399319720595456
754839848826114048
694737927436259328
810537088097677312
713173219801501702
58773510
637343517
715505979698331648
423912870
2554495519
3040181828
17907090
859978878634213377
818577205059981312
784858769066827776
721747189567885313
291495250
874729825
711355959608614912
910920627523112961
944246283300204545
26343939
355655876
861629573284347904
944714037241114624
2747789530
947486961824083968
554006590
2575780104
83312898
779176759220703232
754845211176554496
3408279802
1080576949
132339474
826888311176364032
932638603989176321
890319316327047168
832763991487164416
910585374640099329
2746648914
775625838385569796
943080751440023552
941567868457676800
351976618
2532127677
908644780980293632
825762257434976256
833963088
898021932188057601
190089336
247596099
892487404073795584
427190975
817806025822715904
3101613139
864560600663371778
174873047
2802616144
614612071
60317232
751099546873237505
3139131148
867800726789124098
929472238822346758
939160233850613760
935469256615038976
532863975
772300223330734080
930883664019361805
4798194077
817661098988019712
922822940596604928
924521900071636992
1644590880
909680355543744512
560717671
885715033375744000
821909888951578624
892467986933571584
4509769153
44112446
755485620110299136
797835705418334209
895037507687108608
873028115122892801
882958036758822912
45748948
304433647
888026601522421760
3389096824
874244949138526209
46190093
2409988243
33968353
3313131787
2186226113
31276933
834571960940060672
16710420
469999217
824039352439226369
4363560732
767851444259041280
891353206575566848
2942836979
800925905136877569
1214793860
493591883
871975093223784450
2814194477
944685403
811942720747008000
46178352
346924655
759520092946182145
564553280
889930848035901441
391706361
890602615435915265
873211871293300736
345421433
792214751002714112
803987950010830848
850763793915420674
372449148
308520434
884919681387286528
19173608
1262150760
3006015921
767155491566972928
877565823430389760
30485679
822710269017264129
2420791200
705435690021027841
4671191282
142331406
880622672887119875
3297022953
792660210
859072604174508032
955628749
49099638
701224270526083072
278531559
796714590822367232
178015932
889569356480471041
888862648007262208
888193139336519681
825724301915602945
796483691035828224
739536307295158272
42224694
2422609288
819341692755210241
738472485587320833
871306544272560129
50326840
271733366
166751745
704618073022730240
1072392192
704778449706217472
888605795486715904
461145224
3145194679
561654065
3324383052
2738411972
1171793868
2828158805
126848897
340298107
54746171
73150459
1647839894
2927284436
256169746
4837156769
65455370
389688209
3827728825
2729747485
25068152
886768895511711744
881656764369915908
533414140
881155183
4851440002
811514954159443968
884947052957925378
202206601
3782059454
2353781277
813885769949581312
17586038
2302134816
130723852
480808884
885639674789810176
745200955600347136
722207654
2424016218
764565157301202944
118211985
119998903
454513795
820059490305314816
875030528109363200
624376674
719433550320295936
2910439038
779744260849561601
1338765866
700523394765205504
4224750852
885204877118513153
3308456234
882081611126321153
130259934
805994375717224448
103678590
424087650
838502229275475968
797125353986781184
764491600399593472
789845185249185792
884272261724864513
855440650027839488
707646062
2886841583
4761064634
879548970082721792
18305815
2904728243
705902960967094272
4086003312
1831466064
882642577358540802
2357142594
41767885
874000387166134272
585925900
761056492833210368
2468243844
824450808083275776
828748540545425408
881467653012979712
46921684
172156699
829876772023914496
2904113821
870616154565337094
1620788148
3953715859
1385433524
833718924118155264
764263487946096640
832779092378341376
765191508572110848
802055286701912064
875444211939758081
861718436
1564016946
94818581
858152433540902913
4809885072
17289494
277398779
734506895856312320
306881138
3319177978
795387712064864256
846908817002708992
233589176
3373143201
4761044955
823899195295801345
4041846647
1632243612
101939486
863542418288902148
864604715761500161
867445919792472064
242706679
2174682439
2341388087
830993372403740672
4735782168
791506828446138368
853601550983450625
783822349980225537
788488602170699777
3452957836
771301331743051776
348725381
409354503
255830920
810315939455508480
4229855655
823542873899548672
2548561039
796880947060867073
858291268086059008
48555424
797225826626453504
789162313911668736
796516127320973313
57012308
257336116
1297874544
703286544854097921
828215733184233472
825900570837934081
847848953496432640
3267757346
890497890
807420083429658625
730094104466620416
837386106228342784
294965479
4878945347
817516778494590978
4102376488
816390793137160193
379962842
17327882
3290756686
789998025653547009
448706322
