63514682
922966424187961344
15903455
97630280
988086727628677120
244782827
602432914
1430558094
18701688
18053253
767933773
850452031093559297
960182509073043456
757118699212009472
1321851942
356315193
1002949721424584704
17933431
1076442812
446707952
163954887
2252069544
1003659063706742784
719736988140756992
18491038
712604355514527745
968638928965251072
341752833
351871209
1003386302631309313
40196662
285440781
137145238
33585235
2435540122
880181115818057728
2859353730
983084144711294982
1028302788
821140318192013312
2436426057
2160089862
16794800
721682514444738560
301438061
1001983387853316100
26235935
224759921
44358989
4363552240
54240253
125320583
1727240214
2819349707
55721640
917824668416876544
957689836453945344
997348530619432960
1034866585
136389814
390452567
29966185
275106728
228489923
21769802
930127287298678795
981612077281366016
306503091
167990138
8449542
772763245
80489744
2944336837
754033745628426240
2816436947
32671625
999278419232940032
998101327354851328
18471661
999041362346565633
443215812
20405415
4716882492
2285821126
995445291124903936
527907641
993305997149069312
36197846
321774180
998696467886899200
996126720808902658
30322754
3028685531
20124335
884201370760478720
806116622
24900504
997933968291921921
789494016161165312
883027311922221058
994754456326623232
995309194239795200
108034898
17427513
2849102111
3407148339
372238937
796261013674926081
919299767716298752
995643212181180416
989139984396451840
739973665631047680
973419112658452480
940506016734515200
3484351456
32458870
911117548204281857
312882744
994808784211054592
357816995
272544947
996711098912051200
843517396526751744
26365915
996487314200244225
933107468628086784
906113425
995627902736650240
994146579815784448
1672601
275028114
1180344336
1441762770
459269265
1051256029
922303640483835904
15946605
29997517
159608323
885515316402499584
361459792
78925453
1487390060
994466935604699136
24989429
2616721549
36866951
881636389552631808
22239212
200298146
795325226200469505
958394181466148865
972698368962043904
952730586128551936
3314072022
993249471868874752
864525403335127041
2370676950
1176637728
78182054
860044189446184961
19058788
1410842359
15405494
213150918
476309296
377108716
539309760
987229410574131200
84326578
22946669
192223789
119716049
394598109
404142872
1581292164
991772420238401541
991154669308215301
175161093
3060209076
462919402
469577028
879540256990691328
14847651
954095706205114368
991156996106833920
23966894
76708850
864985837997506560
19865053
164424481
298612708
15115280
421163209
625632227
990300834041946114
21428933
290351242
21612186
19616219
976481040343687168
161270855
890391348880318465
245507911
14663137
380614677
1587384966
983080760792903682
609198639
962931505604460544
1541473064
15469000
178895425
373524575
1918513699
985988508438401025
360396804
3400911495
982311149969596416
1723705093
28367078
760983343605223424
38757501
220546278
966023794535092224
13028602
1032290077
2468592307
986469070232080384
80590765
238295271
1720011902
161594344
960305589908856834
38062453
1306169532
14789723
803584520519876609
985446436077756416
985313736947916800
913908286042394624
51596177
918798355211407360
980880606006571009
2434560308
10353772
193828096
982225949226819584
984028384178200576
983815746475077632
18558191
967550773595922433
913795501732110336
785187129189994496
133874013
974791314264018944
983426460223492098
26250653
29744919
974797457728200704
835178168294256642
14924697
83620016
982655938711568384
444474431
1512193483
28636087
982057745355550723
2330226200
969174974048108549
444907854
79011447
3001892157
775066171963912192
2209229040
975655103301525504
312248392
781255682188308481
968131221132926977
280812350
769971
701367061
43114247
771128071357239296
981216641399783424
974813189148995585
718940787
981175648147398656
766396590
39603710
491457297
304565945
980034892120633344
48075643
308760621
100366667
96551901
980545132700274691
171567397
479091019
979740799566000128
979778928993849345
800109657406590976
116609669
15690771
25813708
339993764
917207488197357569
3419141
219339178
457970038
1138348476
33773209
2159846864
186631937
949681034857127936
178105230
965289079016484865
229568548
26720462
406529436
20350385
978720210877321216
3269163060
61896617
77728876
170465355
252938975
974131700220473344
28700501
1321172618
313468446
951886085881323521
577235600
977300233662095360
977208714355728389
363726366
966781214819569664
806902626822524930
904408568291581953
819357905187024897
25239197
34316115
714265353577082880
82429324
15377704
279613753
972145792927567872
14316314
22075828
916711145968463873
140099104
962868520131485696
610277060
975828736498196480
975769133232152576
975752983433560065
1330025779
754547099539218433
824374455262601216
5998812
870655698
496096906
21112073
135593432
974276433970425856
246144035
36965862
2774119927
200934229
174454199
167440043
430731894
974555080136450049
954250293696450566
65560382
20479020
971856084766949376
1011721292
973890286849085443
2671012741
98461269
973006933623033857
973670147151007744
37253635
2899883733
1661365688
348090687
294391848
1046440188
144982769
234421018
406048946
15960793
26992518
972860968610009089
49688201
819626300
73491754
521806931
197606667
14163393
917161714440949762
1105245680
968870297607770112
373760772
245389258
972157843636998144
3096307068
796353306796953601
844032729335382017
115332233
30364100
971837624984985600
950404777
14139671
1653963710
971494083498774528
52938517
2414570124
498143506
3327922697
971531948538630144
2779904651
951790406697734144
1390365914
734531504106315776
2784594544
263390225
951872666444558336
33913156
970275273433378816
885111772348391424
968681464220012545
963651881271742465
1891677396
969560698576621568
45010968
949292264446218240
16113773
590461160
966487482337517568
24458970
818906529164382209
1336653415
14378378
969314039166918656
542514491
274128977
946761525435518981
184934005
969224986945703936
965029069271306241
908701154162462722
2841807024
960942739935432708
263320948
968573172021972993
968917252849524737
231051167
777240905799655424
3017062733
3311995836
967031217437716480
968000145567531008
919602816276205568
24178697
967715223003156480
963993716083118080
887881940
808063388135866368
42709768
962012230647713792
703805532
840312812626935808
950643416467230720
928519728
4832258689
966792761172217856
1937061888
2759777830
3034952265
212675682
963485264021741568
963132041784066048
1912987260
948681117128970240
3370068263
965375210068348935
965981401718849536
965715960396120075
818526509652725761
2280037440
964902297200463873
145009323
470934306
964275150274273281
62177990
18013014
2833434084
171767917
1147276932
562890306
960093042135871488
2650557751
963228590128078850
956951169766772736
622288969
940351847163944961
39715507
921862968
362163710
81374146
955468390545743873
14266588
800068819322421248
14730219
2795780877
110234914
3417454336
1603865636
930197819918618624
16215965
962116027176890368
962033198237597699
177864823
352008004
45761310
900885483932090368
917830262226010112
194731935
121721636
774301955552182272
110786174
234960804
1480029330
95584220
41956453
950478910466113536
897846330214764544
378737638
382954852
843813791166996480
1470722396
369322392
292919956
853263119300386819
956910240175341569
3171025791
954045283469549568
987701809
1855246753
2400830101
560004330
960292026246942721
931050367529504768
959876734945497089
65586142
58451914
743313956958146560
2961519038
724145241067012096
2154834542
953857563040378880
17079653
2492476940
18775404
953793402004439041
97246468
721875597719420928
838987987304185856
112652948
18465507
77464632
118486986
42066076
245931249
958179989765042176
863601428
21662072
874635917939662849
14260167
6896522
14778417
9427012
2826695338
42822376
2738251130
14028662
799742396049293312
262415429
29237201
1486307814
61089828
179314658
2469729234
731188429329989632
47452656
957475615845834752
21381248
767623548
51654515
956897596185997312
42447494
389183556
696378607028060160
26324190
2434173782
705079844661436416
76521377
74508350
934110284293255168
470397490
2593672992
19951688
824292756352888833
3168912331
955529359967825926
54535863
1228702064
1951876598
90358652
926223851452817409
256661739
955171556006690818
942141573973889024
2526428304
954842057855598593
4819091753
779565536
848922588650905600
6091392
804407398072889344
885344990246916096
1345069562
2500324922
2759221006
2919933597
449054126
3316255007
722717330980126720
715219943755800577
775156880230318080
1544512914
57365592
1159011596
951798102784176128
940256934237794304
701279967099752448
880111604582555650
952912398129692672
950791513361059840
898953594736717824
771022077864411136
943109685342851073
69525697
824177614357196800
788118688562024448
951606927573831682
820893460546789377
951329471566524416
31475839
951178893448417280
93127598
97261723
924096030077005825
950772447078420481
5480402
338548535
310951862
15024671
949665832161902594
474478562
1668245311
776613364118282240
866264816264126465
2190926508
444120026
948058591600181248
52462599
86829399
505282383
3013640368
286858264
115263327
62829052
711992052825858048
335444174
212418808
949334326335889408
893888531000676354
27571022
226384904
582320053
17344350
83028188
1654083924
1442599268
783436452520599552
1072601550
1364321497
50184470
3288349349
3060220190
614413951
948513179788894208
1169482332
948743186100490240
1064023638
76101406
42661527
260946148
941549123479642112
389858061
947922110873243648
919944473982971905
15889364
912403280449458177
946050948467748864
748208087849406464
27149455
946759822023778306
943938724345217024
19084347
82904551
411756211
79083365
894712025435303937
1299985477
713749555725078529
26439359
945769210084458497
945729209669967872
3080947115
520029915
2772506401
2881606112
2945553579
456401484
68778043
4821906545
941863382520545281
1529719519
20931540
451143848
943242516735889408
844332044217995264
21345700
3313869778
30074584
37571150
3069917250
254667538
555700959
1881351008
942545585210646528
942547618735017984
888068827946381313
941204706050785280
766122792903380992
2589923221
523870634
28016888
941901378800181249
236181897
276480976
19752319
179732982
2615974156
718799630
937137765690384386
915208374882635777
14438295
595270929
941025125800984577
908303840906285061
904696660495884289
885790375587176449
937368716551053313
941382042620592128
938577423226081280
26827426
46300722
2246231790
748264796
3230872537
14494527
941021446154854400
80430547
940779369521405952
29772196
701834265655271424
481580097
2148870424
233404016
331496216
520909870
98879621
2891098459
29580609
26138581
2197079017
2572261366
282279155
1056041
1064581098
797146949447192581
20247235
913456028888510464
1925338352
804889
318942382
938661282395410432
268085909
2820784397
15099509
3281098886
399469043
938425080081723392
930810675500331009
82434765
769262384103952384
428317398
903368916457705472
178128927
50471950
5249321
914051434118811648
15338924
934807650243629056
904846932346109953
373130631
990228086
935035261833977856
268852028
2446330711
834558900879896576
937037936104685568
899742286094979072
20641934
936703664193986565
16329747
936613333016502272
880814683476942849
20387623
272227803
42936585
2348921833
777801414
31112005
2191657914
22394900
1877179862
903048692520898562
931522677826883584
2363095344
837150990839185408
42292737
59019777
910919958678339584
77861549
935504311987163136
832021977217003521
67688722
2149538547
1072323366
284578001
278315777
822884052906737665
925866957194149888
144627813
932847554366263296
794250176378458112
933987610044850178
427954477
932256767030976512
932644788461101057
921073476043198466
925005585627729920
933149440701009921
931397962898472960
388594123
932636101860319232
759533926843092992
330481843
93400774
3054577271
116857617
15213579
932000773998874624
119493903
395105270
769990339960643585
930591816352747520
2924449446
13602872
929359883568340992
2988293243
821217461097762816
3137175624
2491714152
3201526013
288309556
14753052
19154780
930896148264611840
812546026951286784
2825296522
78437242
613846613
19622952
251714506
2329097816
40117168
894722676723417088
921454716126670849
930426822679977984
918159982671130625
22446950
40581722
1278665802
606220542
929924503655686150
68019785
834158746205040641
913878183958634496
151616463
248953213
174143137
731993804
772663554621091844
311703671
898358876038418432
57556211
928632235032539136
926329851824369664
960312103
856886638642946048
103386880
21905853
394988283
30558979
2911810528
3207663593
522731294
2348836874
1028857212
2977341609
714562647635705856
117502970
297485487
55607339
863039534870781953
424729536
201977878
119772660
926199386589327361
23545682
29249834
899680517725057024
895764487461937153
808124277962801156
788913351791349760
705818211262959616
21339173
33394634
726618866
125711649
766553882923196416
896519205360726016
926947384793485312
19086371
15434935
39304327
23500015
2862494769
797808639738314752
925857026969923584
1895660815
361649920
3040487860
840161360868593665
1167735445
313879788
1885057400
3020621309
816537997172678656
297011731
19159726
18001228
820443343918338048
883058069210574849
492546377
569616413
46275397
2528057774
368545981
1446853159
923941349858205696
914691359549874176
1068542114
851874159303024640
212429392
27920556
923340306895994881
1053221
2679539288
922829187257372672
915991264943886336
900833743371464710
320980278
706041282
335064692
2376995923
783291116288286720
825001538808602625
348640472
748246866698055680
46041969
24343409
906163523264413696
818506704287633408
3184963000
879394327121756160
907737663532408833
2303720629
920631076359491586
917471959264448512
914591453061484544
416692329
3028347113
904793770658603009
920699773564440576
896703906968895488
909560444284817409
890677567744880640
920612195825799168
705244506610774018
1567057638
52309611
918120506871730176
377626072
331968095
908644086546083841
249793253
917964585914785792
850081088093474817
918409283309637632
736735159739912192
17001531
117880338
918617014830292992
918455784081645569
603073542
23040280
267507274
3240616823
2330906462
1455910752
16800509
917450928
19942759
901532744093749249
917382235694751744
3072987243
842190202001063936
1566030295
193395375
866811411317628928
4532567855
916436737525678080
281259381
752021222691602432
901109209
1625659482
133232797
70332634
988681236
294676179
228907616
50696815
137230375
231023430
810263305382232069
308997977
244619289
265429602
915146751170027520
191558909
914932988357603328
914857514885410816
914623807008251904
901563900176379904
4222267036
867964621759631360
811792770121666560
389121601
17442048
499363892
901955862578724864
413126787
756370229069045760
798275510916841473
461521424
751912119948308481
912689835437166594
24835020
35124121
908912763665358848
496487291
911676345721204738
3381568606
1950139388
1621899174
864954720061976577
911295667045314560
743186754367275009
908110065894412288
551964788
2760876527
587962536
65455370
55930294
909578835766632450
909099200570421249
544642235
908796951881224192
3390254459
751505786761773056
2512678104
118270644
80715648
2988880525
2348927541
1177646562
2176821673
18056007
334178844
2289160027
906234348059414528
904825692612943872
903640602268639232
86978896
114520453
4438055664
121171288
21258872
821087332522598401
893329084318699520
19534347
305156813
465215076
18874555
3981157703
606954817
1901877080
896992439587753984
894672064975486976
1650738756
941748199
19130591
901127445318819840
398430789
220930466
871055335133515777
902965245089652741
884968780421627908
1403411172
900799155894968321
891224050860564481
889903134314770432
2802507884
2600206980
14541364
2192544330
901996682887516160
842427937190236160
769916619548160000
896259349928136705
618394847
1059166466
7792302
107244227
900143114144370688
300945092
27603449
4559035834
1381088924
899767009965219840
883482684718284800
64908034
899057893516955649
12309582
898622758887632896
18620708
756980398350069760
283679833
39989821
741696135060803584
380402037
703744614
897480938053144576
897895340094832640
897668403833356288
895860195758194692
14777494
871507189818683392
892892261519962114
837946285982384128
891255717516193792
263862742
885293504674529280
1137459114
2235581298
332766754
807288448117800962
896927894232059904
883141851561156608
814961897040646145
209693660
885303789573611520
703117812991025152
892164604649799684
1496645496
18950729
142952562
895379514427142148
1544467736
524977171
58696803
895038358795243526
28430828
3893855903
24578794
2427541590
885164549426565120
254709507
893779902608146436
893765457823617026
893892255454572544
884106490725924865
266729104
893488379580612609
778374128
2917985626
893170758481960961
3634891
2881725445
176572420
1081147171
836032888571232258
30264304
873534147586920448
826756673884798980
834159689361285120
891888354446290944
4922192681
15977222
883637403730268160
3223925629
891786420821667840
64519939
891661030278955008
456835914
100276047
825413846
737000647795609600
2882216806
274610515
24785730
22302155
68241203
1485828464
3658683077
21681939
329933902
2817128725
475306547
2510837444
870187679287316480
117883020
32776883
25383
2205471333
182952055
161239125
4872729485
22311164
887113324957138945
2410429326
887292903202189318
758820294714757126
16959269
67383192
874194147846086656
6210882
882407621600227333
877326102263349248
885860428135284736
868490821825421312
888141217665384448
2477431508
877631216220078081
882745015814029312
4581138802
879117960148856832
887621274381549568
103114273
886203981105577984
15258985
833742707776327680
884815735838650370
84098772
625223716
133938408
93639531
886196667900448769
21174265
842539862146334720
733351953175089152
40076551
885518943460483072
885451074911567872
15463128
149367465
885207898841726976
2991999626
17911208
4896298073
2573512099
229294664
1327987884
833039264237625344
36263775
977353952
1393363717
1240420591
3219880941
882414193978167296
25026762
884425618833772544
2352507360
29137586
249326493
458929914
4136657655
518986376
28738067
42817169
781143302540320768
542044052
882953220758417409
19710391
882718518650843136
108049560
406083208
854429892204785665
2993319334
353982695
289342771
3167653661
48749288
29882984
772958490356617216
881053891357528065
926151248
312222960
875377915369852928
16868936
876863370128891905
880342589194604544
758704917569638400
745259016142622720
1702997276
245077233
866492672432685057
880064003447201793
20262739
879977974031761408
860545614869921797
708906675114283009
2484977524
828350770504404992
185374153
874820634982928384
40955489
1393177088
60999414
449429343
875790675815608320
877961924918554624
19242861
873760663956574208
3247249698
314149263
876961209504768000
840207913272651777
877236339099529217
61311055
3300535451
313326172
316705747
876135338380537857
614485520
1962441631
22054368
819011100037550080
866304580589584385
1410463910
619177188
26671597
14404994
22685582
3424416761
874962540526276608
431036022
4864299453
22149502
1428862062
16117007
874396477665288192
798701824584908801
862003544504897537
4452068597
723347570014195716
3133005544
379663983
853457692249038848
1439447526
704410741235965957
872582697968914433
857077113123418116
37442040
958408946
840618296147824640
269379651
1240693195
289156568
871575469442953217
871503343750926336
4860399813
132339474
854403020364427264
822861269657153536
1316185682
869904506947076096
35345370
852855807645560832
3146200166
850420348382302208
142315243
23836984
713229346501181440
824347783650013185
858918832366374912
870025036987383808
812031040609021953
312969473
39921893
902652433
150438736
384959189
824998427352297476
243312181
21621749
40067418
3126717893
25659188
2742014294
1886531798
122148995
162186574
246853144
868374101282500608
868310212847030272
197599643
867868295197847552
865151675169996801
27456515
102595595
867412480426954756
2191254272
203090327
867132837694230528
492701883
1434281509
11880882
29118967
746645017
4047897297
45928061
757689764887793665
259698276
1418290944
857660255332913153
21757364
3290707515
186982983
13839472
758860979945951232
600477412
14289197
1171084592
463503886
837329889627885568
2602189162
27628334
861014450257747968
840721076338511874
759387437638492160
713198562
278154117
1102090338
864520656418897923
730072921826156544
1157031427
864301134306881536
11395432
30915816
852231997439311873
861582622694268928
856703218251960320
853544392816242693
852722554477391872
2217893450
854815142265139200
136419981
30175137
3284191482
3243738976
2830808092
98581051
862370372401889281
2335328114
861847634297970688
2664556746
190512932
2295483284
265144318
837314689189081088
7331352
26654939
1243057506
829097013258055684
853995213689409536
3100683555
332422330
880563392
348254697
28057860
848002320243855361
23900946
24370820
1349523186
860673711908810752
1524328232
6213192
858429776649965568
2746531566
24049302
847165382339252224
68712136
3834408077
859592560385245184
842204459811901440
858793579371778049
1402475646
857787879111766016
858855864052142080
2228450682
49656159
3330569603
841013178213511169
17828465
17471395
233448386
1090980644
857279378039951364
857253166890442753
857067389632081920
828312889366867973
2957741635
985147106
2593087322
157672967
2260626753
855082855864598529
701951020394553346
3253502721
760226892096167942
847857120632504320
854930244138094592
240146942
2437714760
783705113151938561
19378947
81943573
18527994
912632875
2548472648
853845439539433472
3222702775
25206525
3257236574
2777025958
853793844093214720
2680184928
853661408248176641
22595931
205018113
392443835
852531092112408576
3135015934
524024759
1656244670
852263873356808192
259831874
224633867
778389514158997508
304270306
851613602733674496
781833451636797440
56143775
840910585982263297
190088482
193511174
58835982
284655603
3834921443
49183020
831202835844919296
843375558528516096
1431712008
738981549161512960
849944915224051716
334307295
17397880
413646711
703319773954875392
2947172755
20602302
821582652776054784
26239879
262198381
15772074
385729924
268411484
848929474091638785
3420561560
848672327504199680
3384501508
360951293
2577611850
754135515998191616
843835921111957504
823014443923730432
760666535497199616
4139439640
556724747
58939141
2914324398
14746140
527665173
335414156
16181068
847292001871470595
22138864
846208378804293633
4165207827
55197975
50800093
2268607778
28717852
29907120
130172771
838797825513238529
1276576100
846162979108392961
364021909
36012375
845178533726990339
22732662
3300833685
37203986
53680336
16329466
812863400199847936
2923493590
1530879163
843686496897064961
843683589547937792
773552416394444800
289956609
16783084
788306309573709824
843210452733706242
98941244
344895810
842815278195064834
2179048062
977732292
754787599181549569
842215403342315521
40530978
291996989
3236057154
217571977
837555647705075712
825815574089445378
220435708
4865709437
806888110587920385
20868875
3414559738
704332082768695296
840565313288708099
18382184
481466797
713531611
2939904280
4897948105
1109362010
717872406157664257
2506040580
1290097296
723210322392182784
386179183
142781727
22445747
553819514
1332353240
452726191
45609122
829008795946868736
838524956908494848
76922933
244809129
726972046782128129
4710521681
838745653228539904
817117906467221509
793198066534912001
838089599129894913
28713040
253304437
838241592058261504
22810177
571796080
838842411816144897
2533177157
715744632
251813884
160233686
792325674
213806532
130238862
104268166
276504111
38048826
3177179436
71013279
27422448
3167714991
226791560
744062216
849876122
2806326173
838356886542028800
2369482627
479613117
20337809
194110156
409714200
837151309967020034
830456249737154561
716291551
828595078860009473
16579941
716806110410190848
2247200393
12959442
14678689
836015087668379648
293338829
835822110601842689
730580948178239488
2912014588
835279014424154112
2275883743
29340754
808874124093378566
834750285532758018
25773779
280859063
47055221
65153874
283824663
2296241185
283762184
731577726
39924204
919277209
2248221920
111622405
28214090
2671002735
834240282161995776
34317336
122526318
834177698175987712
762886321681555457
3325808877
746007463846154241
741249536
545235190
755495440951435268
15389848
2535774289
605576511
177433069
833491546288771072
2783755554
833028740628217857
3303757471
55287048
819227489797029888
14080869
758659819
832320733099520001
2902226062
6042782
3845377935
831730482165465089
1035036468
827238853719293952
831330835513110530
550361196
831347783990861824
970896631
826068302451634176
829160876062171136
773752970995462144
156132647
830484303058341889
2833265742
713408683649081344
830300184873562113
43900937
2470598542
527027906
34103349
826708076355018752
212704723
3283695175
805175883422171137
829184816113401856
829458997543464961
25646699
808561
126686543
14327128
268103037
829068305596035074
829059994016481282
824756692164435969
187323376
3152247678
79747095
1967249774
3404510061
72354063
288343071
1209026366
343096066
2886121860
826959047194652676
372050829
827963651478929409
1107227556
824087965873881088
61382786
819737791370240000
827704064955731972
827606010382594050
59203357
994400870
1367189724
213336030
824811103058329600
601021702
33980273
30225458
902742758
21878362
3559643475
21657576
177328693
378630947
21341785
123378767
201724237
60904411
59805320
3306235581
825134499411300352
818321936161775618
760140128861970432
56828602
798018156266655745
825955662278574080
714470378320433156
826116926980055040
825980330922430464
15885598
68752979
821474473291481089
825917418933465088
825895763850956800
803959173641883648
41679987
825743760789106688
712042510915395584
1276170768
825371566821224449
43350173
779786075623428096
823542452548145153
273526925
261933137
3221288120
26940466
631559606
216451797
2777232836
282699244
726804936298655744
1257537540
178451175
823812168747388930
4705987343
1318939272
824451666355294208
326586607
178174164
800799195204448256
824309820639457280
824221549112786945
824218636420190208
2762875951
1258312002
15581964
260379554
41835955
70537767
423356172
823823226220314624
823502544215437313
784311071599230977
474404111
823739455752335360
23876219
823691456636391425
2585671879
83065846
2404821038
3906135440
787807579514691584
823454698644631552
818284959148412930
823330723667079170
823317777507184640
41979517
2846871491
3299709531
823235125773299712
2250490571
2861531118
374021162
822798130395549696
28891557
36593592
19536171
795179724
33923443
958969364
383557869
2702035328
21411057
822527653718716417
34341129
319444606
198020520
788112748567724033
821873334652731393
297191567
114135302
2515100861
21345758
318457209
26266500
138580290
351286779
821659987239960576
189126174
93602596
813561240194793472
820679349380718594
178345955
818297439404888064
44957214
15636823
816419178
820833469878177792
818188591234883584
557019025
83807044
114820953
820449374358511618
2948960950
2790724487
820357118272405512
33306829
22641061
772285641946046464
106642393
16673779
484211849
791342923807858688
20605617
820009764482646017
43762365
24162977
224388213
398571114
819378498305462272
1959560546
389612160
4460642298
813823765348028420
2220574226
819171515170246656
3979114762
789581833839210496
1470295116
2938907002
818790303935197184
818686691020075009
575549211
818597431671746560
818632793316085763
3298084933
3125807281
783664167396007936
16424080
426402460
53801491
2614712887
739163810267693056
817857935955132423
327739972
106313387
793663926252601344
234865212
817618471173373952
817607255457611778
817506643382595584
2182873250
789693499092250628
259917502
769261533281026048
2851119824
238854474
1934736961
817352299311931392
229680337
817239533762641921
814549231084142592
338767731
464871521
816540070106824704
752955079179763712
816374811186167809
808054471494422533
267549691
26512439
181364295
4840106649
599671703
815732628443820032
724697749682155520
15506836
720207042
1008014587
815372716182159360
713735122277675010
815096131046801408
815000767325237249
24147411
294003351
1619151054
814635287343222784
2267765762
621330499
149820096
255363209
2798706564
1898227914
814521755255578625
458817922
167997886
379920458
723543836505563137
4860102221
22336390
807264223147544576
814019357072244736
41644963
3274764020
1075604922
1676610834
442443032
132523791
813193666386923520
813109345059827712
20388990
773429674408042496
535800191
375872562
812810905817849856
812762427347660800
781164596
1546696602
812671277890760707
812513999673638912
778062336254816256
237851331
811832692740386816
811780075460980736
248354710
811681674807414784
125344847
794940177047322624
397404199
235735966
756106292
72167067
806339434602004484
811252844909199360
862383672
21978899
370822225
61371461
99883553
768835538098860032
755708007023915009
1144037922
34556109
15098005
15129433
30437699
917279550
972952266
19296148
806845006036144128
799073371
794981591395303426
132191007
809435633861226496
809195826933276672
747651334120312832
809128875607412737
809064955999723520
1115848226
808899037051158528
801172238867177472
28890430
808713039776284676
47229373
573401943
805343052462247936
808047472710807553
151648422
14310013
269104932
807633265729437696
523371599
76129608
720622244850900992
15592068
800164760591298560
805857766476828672
131237185
67069157
805471657422819328
98467098
119074896
806548516940169216
754662492413030400
312032723
806817171426910209
806754380678504448
847967946
806728700888686593
806571607946887174
806500306183917568
806335689621209088
805634493377703936
804402952014352385
805873003439460353
2204052720
805839618713198592
2254041462
805640590159286272
805616276173365248
805564310927904768
516800139
111626726
1319153347
2530098718
175505385
805426397439291392
804690524951220224
742790167245651970
267278864
1164185443
800880888338927616
16410516
3252952111
804138760740945920
2579625277
804396324393250816
713123591844413440
3038779325
1321205107
768553327982292992
720343487699296259
803987942410743809
27528096
124538275
25193468
29872449
112746837
248837967
775414334306422785
192684315
2493678044
763184639661998080
14713133
420479711
20654515
2535832608
384616842
802868348971352064
1562311242
802929081780158465
783256958237282304
802563513482874881
787387754489470976
2940916212
229674504
747871274
164468541
801360340260884480
127130348
18748465
800566751490519040
800506033391038465
801155359180288001
282403248
4134993329
743813161334222848
709511997
797097447025676288
801051363870461952
3140835315
796225877382168577
777900779097108480
49246905
800787550944169984
800778042830254080
244683369
800708867956969472
390246908
800399044229009408
228098931
800413717636661248
800179222463426560
798557260175863808
800054806463156224
799924615615115264
33417810
2293111124
799732972433838080
51276988
457464371
22255242
1341121933
1499996995
1613080579
799400649003847680
3128389918
799339683541041152
1005313796
769358806564208640
798997684153499648
22162771
791514499320778752
2536133570
787972225475481600
49417993
1109270784
2552682996
97594585
785325471332392960
797259333960601601
148651688
2418545696
717749114453291009
235680970
328058032
798264770281541632
23283910
1739219954
36589823
70908965
174919692
797945508236931072
1337192766
797854935656361984
797777978545553412
3048093500
248832710
4838929488
193645247
755088389641297921
55313850
1304713128
1881340542
744731820693069824
133074417
14995420
14745026
30973292
2780312660
300604267
459534627
276300371
794502418579025920
796471218153148417
796468910606417922
57710109
3121769263
8030212
105441512
172108610
755581554
404532091
704109334918275072
6838592
3143956126
81865592
22128410
2470161991
791338465896042498
2824450848
2268919058
704256605605376000
4563143696
711973654251356160
4288036156
707208796377104386
794942782100082688
793583034851266560
155930603
16390220
26589445
788918004289449984
196220593
23204841
1723670635
755125713443762176
43670449
793872710866722817
308750887
28387668
793453606980595712
750553231
342854818
2378466524
739182978
2865840377
14092013
24738604
775854809605898241
297556535
783424452759543812
2457603804
106892286
787341800478498817
500429134
24549953
104425168
787897919592624128
2164340842
58246372
790266936042979328
109346592
790496677622865920
743548798052401152
786696707937603585
739522871202963456
785284531548987392
188175919
2401513087
777682112086441984
1489539223
789192063065600000
788294391492476928
770844270425206785
780589917487308800
1352136858
16459122
789107658246717440
27221778
431607151
17614983
609357289
429844582
2227102947
1445128314
46509083
788953702891556864
865193730
753965861321465856
47243814
1008525158
182979337
380995073
24902699
16005484
6767362
1275768356
32478272
182317946
4914208779
1222097155
16404092
2923231285
777020211610263553
64509584
503747698
2509094153
222374801
24298232
351809399
14338205
2275397198
28223437
395122368
32878296
889478720
168896569
61130763
220232769
94910504
274060422
67133919
283516689
156738763
1621101422
2854992380
15615794
499601703
773382479289942016
597475329
38558651
188994590
111512634
1541423468
1164311652
700115690389430272
184033939
3072890825
3121348307
4514000914
307457413
3023181712
62190200
781474307172143104
786591476440371201
106949445
3379825312
534802811
27112604
1357500937
388000477
1699580960
55693415
49485763
818079210
751759416
1038223537
214307274
388059511
235188196
2995186660
2691046795
571949285
2318599531
785598103457902592
114299518
2579725028
448214525
427635149
104130247
2317785193
311051631
262529555
741302591766728705
393088653
4876329664
186469308
3364664451
83880850
40874811
16688806
6399122
382898007
376971564
788002722280865792
46476526
212614375
231867167
332294959
364555261
3725454796
17571636
780450807825178624
3337601315
1338041977
22889195
25700535
785225981489405952
230888922
1411060159
18507875
21534980
261255074
722210815110041600
786036801521582080
723548756625346561
734757246811410433
782187590740873218
2184824004
785757579561439232
1457998754
92132113
703432075718717444
756445636258590720
897867834
1889318030
785286906682675203
4809975929
1221471
7532872
772710990794326016
418297893
463079723
784912611955515392
744494240
782873770142773248
776834214855479298
195092201
126439764
555412120
231466522
20414217
162489683
3018812896
2352394262
706317900873756672
379135474
780573898051956736
521851269
271162242
413076752
252385117
1710572388
19307862
231538555
34237399
3108127783
286762432
911515682
752540921170890752
267436195
346035685
78504040
21398837
53533774
430077122
438066579
45852133
170935251
2994900854
900178076
2231844901
2899513488
38610013
621327287
780551137761955841
780937379175510016
2398889563
19057254
173681033
749742872816132096
1279160527
775264567681163264
390941937
766437414416056320
227436632
1479900900
2178054148
49827007
87619638
3257110190
2798983691
714949600642117632
43902360
78929754
4844971961
530013450
756821766983471108
778725403410083841
158538527
2797345631
760909952957358080
137463790
113224510
729832882966036485
253578381
775380731220623360
2205495873
777910793769746432
3062383428
776269323044204545
776951341453369348
3173383304
18436121
27869369
148623089
35391132
1884644694
137096072
2326425948
178223567
3008750084
346231617
4924671167
43768024
53740182
341949550
4868683941
35381253
752702177336893440
2775012915
775160689400897536
767919538730102784
249317524
703509110298439680
19740672
269633127
52961107
766742871424770048
2295724036
3397231925
966906804
754215713947123712
22804928
3079238235
66744826
2260558020
3084046871
2434503921
773934744946012162
335450786
119807084
3119523111
4867392857
27284367
749258670630895616
18036746
51241418
580130603
234691721
823389584
2493202815
23851446
2849480733
131929655
20447903
413152363
738804903582130176
3931055674
47229863
27565002
777306582
19894417
34141429
2748356461
3083107842
733347917352730624
89091997
3192656470
481380704
17735875
112518964
104334159
768808277253632000
95140763
260337712
54063241
36148291
709098202905980928
286164799
2309442145
109423432
2714875470
4124933305
3182486325
1422505249
742169909648592897
27436057
768230960202588160
16383762
1602084408
740293196136095744
73831828
768518290402578432
36964033
768216938975592448
102817193
49366668
727079058098536448
62941422
727692612866551808
3487290437
29135957
767085398443065344
158086026
471282944
276771883
632558052
141440130
764450454856163328
767296720182968320
566862237
27261566
766794104072273920
26660626
23085141
4840680004
222217845
56315890
1262106175
757420680
4669507826
3328364643
95877342
92184584
238177825
108869149
26090170
707630544864018437
18302779
751500558595461120
764602793025949697
37558888
18067321
30203483
51068533
747604464
14736355
1575673441
372799563
64288091
108756352
294545900
390377465
27707249
2335315795
3292288355
763805843477270529
1114820706
160489949
10630152
757240014434545664
1151438412
23346417
763206375195435009
757383109952282624
20417251
1246611020
763003150072737793
760940373652959232
4727015294
758268965000839168
2271084384
1446707334
157010395
50875111
2851594308
354366160
14286557
761407036437491712
368448364
731559959847141378
286760522
223553399
759103431428612096
96885392
253686461
196319421
3088041165
21425869
717794851136401408
18947023
759770632452276224
1956324680
1567021766
4700422152
755813683725340672
760461946768547840
760291580477452289
51895512
306561722
37004040
3643597215
759806048635019265
515671380
4859565389
272173788
758027280044199937
386117995
3592871597
33688757
2188547652
719604800971743232
65857912
3312922188
25770863
230512931
758333614442569729
20832454
748058703715241985
980887291
22674568
267952386
356930579
444750289
719617744757518337
739589661740302336
891873133
757728949291982848
419060673
1020653268
22771499
757654776536498176
129092953
711548951137095680
10443892
25360629
757399516484083713
728995821220470790
414246434
2212174309
19004500
2173451714
756251059241103360
753627450882523137
2434103358
32449886
340987756
755944625857261568
4745951850
130433255
3256656022
24996956
2906764318
22806096
755203663857983488
2992091851
755250146489823232
1355962513
385039939
755045633166184448
2513271938
281383298
4811138196
188561011
41847914
2332465485
1593856368
3166913975
533987914
423720089
90263643
126216062
703335335237816320
1078103886
2982992817
733177155635412992
361557763
753586054263869440
732441765672669184
751493908132077570
17220145
4108868299
24108134
745201716166004736
714609739766874112
2769973052
2479845637
295935243
752668886290427908
1959602478
550939178
3311986260
751429288994287618
62887301
749819885727821824
746388444314669056
27541194
67524592
751428515548033024
3607763774
751177212850675712
746897113364127744
2490904690
1635425605
174746279
3091382640
260360607
723259937074212864
749920575498452992
1106627268
100893193
749432498866622465
558880054
2875311761
742022959854981120
2159846154
16356632
210262984
1084565490
31332292
355695997
2951430333
709080476917637124
163488956
746394667449729024
13023482
2563981765
1362641874
357712108
141038394
3093187233
746410498103476225
50673508
1108113619
33804370
34141509
333637514
447656478
222713485
298900053
735607784323043332
22014973
747800230511312896
204213118
2993008634
182853740
14659577
730586655019667457
750072895
391826709
2179983071
749480334
598796492
326925733
348929089
42687306
3151900089
728973673869234176
32909028
154616663
720528258421428225
993209635
737058365302550528
41874934
221843134
718473126695165953
24753079
205457864
3258183686
1049261024
3610123038
271592422
17035169
175486716
745289841252900864
48305457
3229430540
25203893
740651616873807872
3158539375
46926870
277201001
38709735
69606045
160529169
1615853286
743855375317884928
743824931666857985
19730294
738597035981430785
716858603685019649
735341863117414400
2697975339
742389273840615424
394885170
250693469
3333849873
714688441733287937
715568744920129536
125529410
742163411224518656
36080610
1915336519
22197217
741772633453142016
378239940
534240647
2986691601
735983819166253056
4284040513
2806203928
705499976487542784
38465227
20622869
741086995665944576
87247669
735500488226004992
701488129903951872
523596747
1548792258
21908201
723029547176878080
183073923
1636504729
170444444
4708882822
16152043
825641995
253097135
550553567
755503753
291823233
2788789370
19956378
740012065037922304
21564651
738110312222760960
739982796723261440
142120212
737007162828939265
1409584760
14154023
4816521029
25020922
3291020348
278770142
4541417474
2760460103
196861970
733643139727151104
32443566
483851073
28067608
10521002
823580581
2177503939
22370075
3027210346
48060752
23905138
31200220
7885462
4682211817
23968556
316917166
388079841
1020560106
50857502
738032796107702272
1664698885
2834743201
429045885
737642437271793664
452782528
3225902221
19855001
223687916
16879795
2883322833
2361705062
31478045
146197797
23305304
2343134653
18783859
20578527
374149064
737267529836417024
17448915
710849710592884737
4341972675
17667742
377630449
109970620
22447192
496252988
456275399
3229160898
1929034430
19578443
342501678
555087932
123437452
1110430788
45760179
1493148092
735251322220355584
241564966
26173223
4047534521
24595303
1957388779
121456490
56325851
378930659
53090850
242503650
2359789064
100684781
434535207
729695757977169920
546077841
262704901
702669020085002240
734539124166643712
22454663
4311306977
720305532997754882
280610832
17469417
564732850
72449062
7234052
14320997
17837051
413271494
4735277354
718956210402246657
733844806447685633
106703948
274724896
21969884
61014911
481539264
49435330
4020698471
733348274128703488
731143281250275328
2980775187
707409965019996160
268582569
725469120544657408
186277398
3354919054
732610443299164162
24046499
278310417
184703109
14238807
2911432520
139415832
298133688
16622795
32547094
700842522789031936
731913725989490688
265568934
160009672
1479696115
88712949
252565954
3327397788
3702525795
3228367211
189248926
122027893
391757941
21681153
726805348888268800
857802552
31213162
730042532437086209
726494899172945921
612456655
729152590701858816
726947932646166528
4034066933
264412787
418360714
720734286
24698019
359977886
270728353
15161336
727863872170938368
321738572
1358303342
24816117
12886202
28740785
4057461855
590671968
200225575
241365868
15704617
712121032098893825
278583191
726136523796664320
1009982696
726047522490183681
121630796
723687476288692225
341191272
710573728426491905
725133274889080832
702469719790645248
179111865
720048541708787713
574020783
18252171
724929371346243586
4280943795
612991396
27813778
436690848
392816959
39118603
22635994
150253141
253892322
327799363
1289663316
549594993
6547992
816329971
723716517263613952
753097802
1169070846
743029778
308019790
233603908
281678085
272279631
1129816309
76365691
2562416251
5876252
722450483797966848
2870752071
722359709437526016
302246629
93625130
3223317500
250707980
721519781673701376
259417018
310989077
92186515
230211603
1546707254
721320944833314816
721271715788152832
14189454
608407896
2914945043
3389193339
33251793
2998882836
2364681402
720415537520443392
3951750677
73986605
796497216
544123229
15787919
3302396770
712257601996722176
207762600
4219910067
4790593882
1631867221
139601009
62233095
84229235
43909715
38933355
4207987519
379411613
185490113
3126124764
4056758421
87407492
168580030
709376859193139200
717742257093361664
150744996
40516497
444138832
55963258
23276978
2899941171
711919098465271818
706840804178792449
716798348242591744
380738653
3906971
3680708775
127119385
4606679113
2464124618
3438207821
14858727
56889305
99998777
3295829621
807204540
713179439316643840
745713541
714439303129133056
709374273346015232
3218671935
64429737
11078222
3280892208
872249648
940647968
24232574
3196109758
2151729349
29867936
14668269
3392682256
2909801776
400478214
713578521881403393
714119424295436288
179723671
110458512
713901188308144128
193913048
3193010109
3526552216
2914152519
226779967
40333943
169121388
701896796465979395
620523638
4750305041
3310834092
39164147
708020301943201792
3416581763
42134611
43394038
17563466
39676237
181798655
430435068
198212704
2886067594
3225767953
3105498824
482025518
18262326
711719895231275008
3910156432
130390425
2212385891
139260157
710905303361916928
710975217024237569
2784111845
3376085991
1599066002
619587590
830890728
1433397342
55837155
813787194
338367625
25695060
2919032508
136497111
3699851601
2504862842
76818548
3029384529
4878587277
2564263380
709826413856210944
618456822
1317477001
453872626
3164917951
113312652
74603772
757302829
1444634550
553726780
31180749
4852189032
181452408
2478367790
2826840888
3125171553
25357050
54390651
155391864
137146343
4553269943
1292000102
3302929502
329771356
15523316
1880001342
439655335
368432193
3139039205
2447300377
49887739
1912590438
357768135
412618294
16296908
347853431
709574050524233728
709346597872779264
55137267
8360062
4874512272
3016498672
35696466
102745512
704127566186020865
708578133381914625
2236576662
25688906
192901593
17123129
596229660
4729449475
395987938
4928356978
3329006124
2395176049
23774506
2542005426
707957522481733632
3319196948
56428576
705418178852208642
707308558421860353
20849190
489376769
278078831
26548315
101091313
30283046
2943144841
3234309937
145416652
148069486
438077075
705214290505154560
3824235388
3386735943
160351711
240796537
4650386849
3001689958
704854437806800896
316619594
18140810
1061697224
20298724
83686914
44755945
4365625515
704345347179548676
73962687
33930938
3397261792
4826088346
2884211603
703558536693940224
329455530
1469772468
494295560
4806446714
703077788069326848
703052010757591040
3214987102
420690806
36509923
2345193666
20949301
1658482214
702819313326145536
2221132627
77663934
801520688
1978752804
3311821999
1670600484
702127834488291328
2561400314
2618127280
701039118139191296
446769491
4913004039
2570490729
62274054
701177022580662272
118571044
421977419
1181663040
35343644
3227105328
14940257
700863836811714560
228624464
733606105
4561627643
3912142947
338721058
16933422
15538616
17275886
23196481
17948647
68601478
259394532
128307439
700531780466507777
389250085
532575537
700426501569847297
622326951
1345128481
4870666563
220248995
4921669311
18903955
4806026423
276658790
223140260
16504768
22128237
150393881
240036127
21380227
29301305
22726913
3019029002
694966080683515904
951591662
30936234
2747151640
16059332
4906225667
20685299
456981055
302281762
2375933616
819988950
405586876
25061836
2409502130
4692592460
1027614282
20279682
4889432467
241198406
85777561
380935174
4895086066
300820261
769864111
40155129
23270401
2322902906
29550648
4885156683
4807156036
4874339484
2968289003
4872677593
4883024843
90497341
482146110
21330961
247060283
4241991263
695325196740198400
220476313
237631854
14180326
1320501444
28863
381175240
56122104
130516838
4860621907
2951022687
15559466
65957957
4874320757
6327242
2739933559
4875619439
16409210
4874828241
4874328351
1401500491
370308968
4477976073
174806848
3277911648
3398897901
218270462
2656135920
116841530
305085539
113156848
4828283796
3333741852
41479697
3917691195
3613096162
169047815
395861954
2486545711
256286369
912823189
2942387091
82992977
1120169665
507867503
274150433
139271670
3122170071
40814512
4803972110
29260171
4803624253
22591426
4822498325
2428533100
15204150
80149018
19099705
274179392
4799253438
4799454313
4834354865
105894343
106284381
4826224066
120374926
3163430559
3611389935
259976360
4828378521
398099462
4830043990
20578232
604143114
61206583
4529359641
4827998795
30732365
4757103431
4579120485
4746181368
4776486742
3196169498
64112367
22451551
4820588595
4397990308
2623742455
39333648
19424527
241334710
325378142
18317447
1262612352
2614243704
3234351888
4769412750
113121510
160748034
45853357
2208165635
4756536906
1499560333
112764405
573959656
4756748420
2966834027
48609044
211262210
26869678
2583071568
33465358
4777311633
4618406119
709338638
2976798083
371956496
129665498
560822789
20477935
4332606257
908327545
3767509217
4793287893
130614298
33809007
4151869091
74753517
525849556
410273117
33401920
2828723942
3911668595
38315435
851484715
16764915
53991720
25939719
278182211
37955533
492978661
4783737502
17332962
232076329
4711553316
2971256353
36949304
4736906367
3255250106
2963146775
15864420
2149000360
194669075
15555306
3316293913
7017692
541647061
14611587
29024522
2723499574
11787762
20693514
565024490
26367363
340018376
128395342
1624456418
1628284068
4761119255
34851244
314719017
36938651
308810491
595987828
302918223
92394080
2570170873
921893377
26099406
15310316
15391330
43695038
184848631
2560188077
2511805839
3442818556
220908089
90810416
30799939
14355445
21078334
261960661
28899394
116824736
28429530
1347921217
2538280224
570748390
15162928
259335007
30586355
38838710
52403071
2180688853
15360681
34330943
316522948
3563004375
4737258892
2185269696
20485314
151964469
18695035
225595040
409384944
21230425
838301545
1768494524
30720115
166302586
3383915054
18363508
17757461
236355664
4695015876
983227638
30597520
138263102
4542628761
42994822
4139552265
4651160423
86241022
47690566
2485780195
87010311
378125303
414656385
21899578
339142587
3038696738
130166824
15343635
1652745738
140286364
3292593244
1450313971
17449244
4647934159
2763648539
3155058016
2746845475
2811831883
2678012438
3659846956
28561605
2564078720
14644964
50479155
25232333
359684929
4538763148
4605128360
54259230
4514774248
270410629
2336494505
97249987
18952476
527819581
249410511
16639438
4498679675
3247044354
339150545
1270503193
2763926415
389805944
743334409
223015975
4562135900
2548288339
841903070
17793891
15141230
133568179
3165323200
4448309715
2467018422
4441613476
4268083607
456743034
208267169
4108335867
4482939252
4445075054
606441611
21239740
115132132
165486991
282204291
136220221
636850478
2240848920
3265372914
114915076
77077486
4320956915
389718783
46937603
3342625083
2203788005
3145097221
2648136233
68573112
868656228
4425943939
30468591
21165910
4204293734
542729893
2617389776
18705533
38779513
387263350
3095295863
15993325
2526845827
69475887
18995147
39698534
1084724340
526710278
4299350536
2739490805
152397964
2967597688
1126069369
531573997
1446619476
21746348
248815543
1923078324
4109726773
18970536
4261676836
150821535
258636479
2168142694
2837761543
3775426695
199450901
52390476
1186187323
226014994
25596769
2318162160
26595381
764463630
46543317
74052776
2329544456
32192889
2870878545
100860715
21765784
3326931
14057067
1909288111
14795713
291671721
275809002
1231936753
4226834692
1333613016
2882724293
6300882
102807848
28158085
328041742
631576336
381164218
269856463
20324929
3405862156
82907336
220569474
567507802
22812365
70833101
1131447210
18216212
979165164
2614338586
2932880971
3653151681
346338089
885116348
14096920
634213869
30463793
83223285
89729411
89940111
1213516674
290911613
2564362740
464451690
13833982
318642543
1013430900
1642116302
382234960
368793355
4179656091
205354264
4219873392
3150509683
3403594131
397890089
148330162
426822245
1336824516
20172346
4165109964
3372610017
2992541910
352635429
1682190110
4141043534
3682428552
3034200542
605911111
1387832401
78429057
46933759
4106246121
2365901360
4083267700
20745115
2165110892
958201063
422813992
3257074117
2861421969
892198958
22582603
4051340354
18741061
16150087
2320491125
59694256
262457336
442251747
2623165563
6507692
21680696
445681245
429277650
26368018
15518855
1117589204
362839271
4054110375
4021525559
162242299
2224508252
3372071451
253370948
168348904
191709598
259562181
2373444158
83308367
19751884
92761090
17564493
3015977412
2237054982
2931319445
35309239
25506097
1910108239
2939866098
4034123776
896126702
103318651
19137535
2351906882
4020579994
162693028
1851912756
533475209
4018135929
3316025540
3912130512
3973926806
3812612833
16101242
2370723473
3501874699
3965675598
84668217
3807090738
2343970428
3318683208
53800105
3961896981
299868739
3346283353
74503512
3931674794
3462158832
3166979486
1112964193
1061593189
415920294
314602718
3757748777
73486984
3000051848
3949282517
2963299847
3881293824
357478055
333455756
3564778640
2230743078
114335452
424640841
3835987753
3658580303
326342294
543698144
81218916
152118494
846421250
70065648
3333857711
516192489
15819054
14269172
20482110
3825345934
3876319941
516659493
3676560012
76637358
453400791
920442636
3854338996
3666869356
488174672
619265197
19202211
43895551
73333278
95297661
3538233257
384552479
720127764
3734329403
3816219502
3428621098
3825949763
3118733812
3716645969
3722882898
16861940
3667272794
24341823
21141036
501787109
3704834241
115583269
96271114
3688853725
177961681
3008602060
441343827
3763975229
191049965
2859518150
177822836
2281360998
3487852632
3313490864
151558216
322243325
242390368
33288758
555520934
3300638747
2808952900
52227189
2170764895
2991513310
375154398
2811093685
3585779652
241591923
3581757612
3335342963
3342198916
3488977273
3507366974
3385113793
193607139
19326013
3089727632
3552343214
502147484
142747761
3424649637
407167863
206940084
164743704
1965768096
1205944501
3494481379
3447545352
3329863930
26245838
29216673
2218507172
26555885
3540580215
64326427
26684206
3559741455
305735144
3197681623
1741105440
3391700955
751438506
3234229364
254429345
2428121473
3530512276
334336130
7250402
3325772228
14630230
284643153
164462228
2992423190
100601772
531281980
2786504702
409736518
59677370
3498285503
318795451
3331519679
22980482
3201842565
352413908
3315235040
14329114
1443908539
2482899452
17838510
3329335993
168681140
26164495
3439139019
180523443
2875842953
35847107
25904927
401559149
3362805083
3435834622
630463662
3315790608
406131095
3018632424
2384323591
3017403435
385564991
14562295
90693149
3346959009
491242760
803737026
79209761
235866500
3396396011
3301984074
633841783
3422002899
3314744594
82824405
3015999158
16630039
3313055395
3312052657
856984334
3311240102
1099209817
724440054
2531148493
3411332457
571126608
330558034
96361939
346738372
882429072
2372489875
3390213292
22310280
340387182
2364898897
3407116643
3279901843
3060652246
3390707655
940157282
19633809
26071027
22620047
3299438871
48050591
1899057433
15831040
27735352
72473698
3392105741
3402874005
18588822
18548136
3305608117
22336412
3339917397
2801228495
1330244220
124050122
3302758212
2792038642
3030337457
24222059
3367070051
2881402344
2749616714
1571311998
3298804453
240402174
3395463687
886992224
1158324636
3394126582
2788940066
3264733111
3096929491
33225455
279589967
375263542
17800848
3287102046
552778613
65070725
3285203605
323080137
10035502
3221474667
2550808920
2855561001
3353251245
3377499532
626706007
3289570386
2358399010
3315393285
3008095438
2281046413
536033328
242000739
3386604525
67701244
3285336312
2835240622
3285954960
3385269129
272551280
3379466158
37105885
1377574675
3285546590
46099781
1453040066
3376765355
2769176035
2359706540
3276848083
3234548197
222133759
3376329689
3280827548
44548610
2828254294
1865592246
26019197
15247433
284151155
3372295583
378014094
3197530603
3280921579
3120151457
853736671
26331561
1105523132
288309667
3376100656
1898287026
3325640735
24929619
1729258812
2902162716
2969828375
474719744
220626050
31542118
34754620
240770642
3350149823
196248424
3296704277
24942757
3363518715
2975086767
3363077789
703561088
20545751
20215465
3295443969
3261850376
3239474920
2977640235
34522803
981968034
23021607
26519471
3331851622
3223566306
3310791833
2218706876
22899683
3239390759
79848384
3344251655
121444458
3231542082
3342925834
40737927
3253143313
3304167473
2967144155
2279800538
18459947
233850944
3239324659
417564812
604332730
946359318
238712494
3294293199
1573433965
2979138521
3023837391
130018397
364443830
19168732
630236629
330541050
197755124
3229226606
487671795
1683571350
1148530158
423066967
2918495576
199499648
3331854472
1320427045
500204392
1166464406
43526775
729010364
3331862260
402148317
223975621
371799355
124334259
37751962
540726629
26156058
21042256
2258422328
3024403404
3293341389
2591929398
1620623359
171645599
330371593
21534261
19123985
3238785556
18843506
3190437644
45618261
37332302
89842107
19665097
94169550
2962773958
3031581033
21873969
389553684
1426259492
3326172525
1607140765
55043433
623588734
25112529
36108345
3244354904
49148945
965255322
3233789457
236628279
22957618
64378709
473734028
312550145
408348769
15160425
371593971
20656436
2726261718
25404380
368576308
37722199
35630948
94380251
44507168
15755649
41868525
15026237
91449323
32783
426426846
403048219
29715656
389892584
42974617
550718930
408923937
3317319465
233750023
18659663
545558060
14916724
1167427578
40239124
26360291
41289743
263297188
2447960931
151252667
520696795
149161717
85348411
2757461393
564326388
2375715668
19751434
25561755
2901981
297659834
273696633
1240671062
64923137
755630396
19924302
1055688607
357311641
15393941
383911356
20472646
17596340
48475867
34058247
64721979
27535386
114004116
186519719
3241747067
364476372
95559664
121633397
46505946
252258830
2874468347
88171005
274780425
168322733
39848987
81669222
1031149652
18886581
188449160
40128600
842165888
15380559
12298182
21746796
551353690
547806570
16333677
250188128
423673270
190373855
45558423
636425467
2282185321
385771776
21481431
3128741421
23800516
209086315
790812216
1212969012
611438425
201751784
2548508294
603871253
583105044
1426645165
18772571
91854611
41826395
18180193
199006042
2318256582
1105791548
421042251
467341581
3120494958
16897779
2567120312
3078209775
3161423228
614868908
47868362
142800533
3239439469
3307251233
3237667087
3238290858
388670270
723101677
25831398
230952167
494349916
1248414078
45051644
20366199
280755196
3096699990
1051377199
23329076
507847799
186428518
411779703
2451372969
18759603
3103493073
2562515223
19568034
1069719234
33021440
3100843611
321565463
411512549
1009104894
26368324
1433313145
2848093104
3213905017
2266150769
3292064483
3187238880
839274188
112944431
60009866
128840992
376613938
434673960
3254797041
2355402423
24934979
380892359
2232117228
152570227
970612417
90655613
3183682719
3290162705
2994996642
2465173206
3145744138
3063301549
3047838940
263473804
21173121
1471597352
2521415610
1360978369
2441123089
29939200
15778203
19871747
19314058
2157529519
16621300
14187927
2827470364
331021814
293767648
19485243
2214289626
2547630854
15377455
15532447
346252152
33263686
55583940
1375423884
170897911
288532740
3128811166
2964623427
498520394
484484789
15927295
47346981
18443734
571911315
60934649
107899963
22333048
138988003
27908189
15143785
3242125090
862332890
3189087877
1110694344
66247137
2495486328
2808865158
141347594
22870209
1319264845
3186088849
2344277766
120790687
2923556105
23492772
994023692
2691421
14531474
14471241
17714621
153635905
24493
33623154
2802826090
2982307084
2825590049
18910948
2519005693
1015781852
2990431232
198391052
1493816065
2905866664
140283544
782981858
22746775
144259211
3143022416
36608557
380746855
24863857
152032059
42615129
321322363
33806874
258652663
2148981
16568232
15814350
746143148
21172927
1413778783
2933060672
125735622
140161914
2151994188
2874179920
297560156
14730487
14244608
257216599
1155254864
2606415048
1209932113
2626545685
558856855
308603645
1626529250
2376388526
1625732341
349686114
443774717
979197925
2376704738
2428162344
18237313
76454445
53410930
24056566
221126660
166003776
6368762
1444308919
16471973
2830263701
234837526
448249112
2735157535
281605034
756223
1399029192
143946005
277040040
8545792
131182671
14850823
2542561427
140662837
191678703
777286717
19572511
334237628
318566998
2480684516
297724533
132728591
20243003
1688060161
88231925
204430089
16731275
3226621977
287894748
21940266
54370980
134967741
236604362
121751376
994103491
2842728438
233997604
1670993491
2459396881
258928741
21067730
25395469
27263026
2460343705
53419592
2478263083
25882663
47812550
24211652
1156166346
71276796
33754134
15997952
23845431
67377461
37142197
534725181
472173548
787245248
1473523435
89974716
464309210
7519272
16585131
2525724328
48271647
906911238
2834714341
110492714
19234016
295439380
234530202
41734822
20556771
757785199
401124998
23449011
571952781
50167905
199394501
2598122749
117168921
18531766
52240266
3044212092
194706674
14545251
2253845096
18885810
814199839
68605484
210535462
545889491
2461261163
105552126
15819763
2805915756
493337623
3067054616
3043652552
1442484528
2931308022
3145002406
2838540952
14404972
3208739097
548600591
3154121244
3178986511
3188757837
905849636
119439671
2999666087
633441641
386056280
171526636
3180029941
410093961
18123209
17418478
149731610
35918992
3214342966
3209838711
611375656
2188673046
3168986454
3123902747
2734430610
31613125
316516593
1128537608
2737514229
74656620
196798369
2514671892
3185458990
16305330
290454066
3123993823
3118963016
193568688
1511485088
3065281675
3168456154
3154781942
21625347
151505880
23393212
232934987
2208867493
3166212400
2852277048
101600359
2981823303
3157860921
2188876903
541926047
2888574804
3001977904
2337256346
2916751245
3016173552
2983164049
3092580761
1043011572
2990951116
993678546
2192069886
3139751690
3134904119
24226216
104615043
201059110
3107938812
343023701
82862433
1353228187
2918206757
143488759
2420033371
288890759
74513308
2958824322
3056166248
14453857
22778627
3054804249
575848100
3024608180
70869216
3130815179
123893252
3114729392
195511207
3107703946
371719446
3124943151
2651770698
867285812
2889726122
233215123
3043888594
287876090
2639355442
757799226
3098247805
216269149
3118745626
3105394019
3118797285
2829553250
1387170660
24224451
312428373
2231677002
2964257067
2875408432
2255612396
3108939549
762639602
198229195
544613883
3106015107
33683579
59241594
24281668
18048719
609492482
80420256
3085134624
93877761
3005697435
2491331782
2264443227
2196450896
3097658867
2238216222
2172847865
18782748
2831237098
74354759
423783814
3035390927
23282864
3063987585
3091374899
3045156043
166685353
618688658
3015613677
2159587015
80337259
3080631971
2327842754
1978770660
3073178795
34930116
1485720686
16492436
2841959746
36769923
814237051
3060999800
19252601
775296582
2287006191
322764884
1297001544
198181998
46106276
145879995
2517499103
2999653365
3054791520
331020068
2179032974
3010643779
1066933380
326644869
37805619
362310685
2931335729
2602243146
2898259433
605650526
27956792
1240228038
320383686
2722140169
228234468
577434137
31351230
2457789487
3013034744
260439155
3057028401
26413257
2678702056
1198564848
479263797
21731370
1410791396
3029758477
29640512
2888687654
980702820
3020436430
33577529
2956907164
26370645
46786960
88586671
3039516831
1901015798
867145704
2970307733
42030262
3017548290
3018449844
2905416798
307515743
3016938876
3027460443
3021829024
2992817894
147844559
424900540
2591956878
271126763
24597937
172900553
2300758682
1186324849
3022572321
164072622
293264722
2723431465
807320480
28402833
2841228316
3017881961
2988050017
2584842516
3016058061
3006892608
2977307290
1151827393
28936680
2993434583
21902745
989270906
2817283439
362783010
15861726
2976260034
931226659
235703758
268063304
2955302844
15021338
2741296781
297882633
3308031
3000185591
2996414906
181638729
984952034
2727784680
18932751
2976996032
159206653
2992302719
601274647
61534348
2971315567
163941667
2743096549
2990584309
429595864
19908422
92689246
2512974931
20324912
22325883
330120300
2732995277
2982801203
2944391087
2180630410
591937116
2342091205
2281558358
2984431946
2965528388
2229095814
2881754223
2976802193
2366003497
2484153402
15234435
21613166
566690506
2415615622
2771862099
2975437454
2576294400
2899565956
25375836
26677160
32822382
1120988377
2973006185
21126382
2956848004
2972385574
68726244
2562253033
2970610187
141850042
2875169828
47408753
424388535
2963965542
2965332429
22540152
2963187819
2948223904
2382841010
114019716
30500021
2951914612
17387997
1606457047
2955350409
1381072736
2953577565
1107540698
528991608
2742337780
1609717638
2951375154
2940536825
53272526
202381507
2950842103
40162556
60666162
2946151864
1063174788
2366875610
2919336530
2904578371
2935623865
2938582078
1534112276
200764302
2937670901
2905960144
300563053
99943864
1201739354
2925731535
124635871
439232124
2935089140
2929365037
2909192050
522796739
499440325
208676866
343631751
320461253
2921780627
10961882
2919704765
216836872
2730862815
2526146227
15666271
2915224629
258667586
16469186
73256190
2909594458
15940523
2834309284
2909848755
2586372313
185556540
1852190114
604625208
30546472
1323094561
53772819
2496280488
2813662604
2915976590
1350307824
2904269435
24977153
2794668733
99779723
2901196199
332965015
2250600746
2911303849
88554870
322627696
2875858424
1510604053
2617202484
49299232
1962852902
487635873
23013350
2857569682
2873677217
2894347595
2708325457
2909997942
1880902507
704356892
2828829808
583067490
2231910888
2149798573
1205497615
38057597
875753036
291937051
2882971575
139184044
28139146
99847289
132314123
345644888
2446007208
2832522067
59567152
2561968898
531770245
242813412
36187996
399510670
2724306319
29457448
80994823
141719638
2872064908
398163765
235362301
66250743
2843617750
2869505337
152961362
113151879
2269584870
18006802
319130697
41070633
176966327
24816436
1617928110
2864005853
2881438507
25063527
94127971
21370749
2888989470
2756651527
2822051561
2836088000
2255420576
2830459232
316042041
2848366665
2586648804
52153951
15647184
456765125
2777100026
1697681460
797227722
75135522
2806860836
2539633568
3763911
2836254586
1210376840
516611403
150681479
2759307737
2879992536
2298519100
2846434385
254765292
2165784113
2459123976
138809867
132188294
20186881
16844035
2275512517
207310691
590058490
1949361644
148824897
26020837
2586078739
612739340
2872738722
460486299
2819417391
2752354351
97578401
1549259359
18820399
2513725538
135540876
95502495
15950184
243408343
1976275808
1483203662
20157504
94675561
82679904
1554447240
347384577
752121648
768183782
2834174278
15493092
172240451
134346709
739782200
256033234
2828754529
23215824
2444335140
2798790531
2841724825
2559600290
2840699095
863799044
16494079
32887963
2834361198
468956176
460716961
322168005
42926892
577757491
27367144
256956355
12862802
27474773
2843784690
2532642666
2840647418
2149534136
33735270
221753082
466214115
2435040403
2789356171
1467512514
196540524
959508582
19188318
2835522102
2788371017
531508759
38338382
1426328100
1579206115
1929268975
2825965609
2743243933
78585192
18967927
2313626342
1210615471
2782014375
26265894
2824163863
18359423
1380845648
23028094
321661225
1708742737
19885498
32327208
2280289207
323491950
40969480
2724207170
27319137
341337360
803120622
388901927
2717197872
2767708987
61873967
228522965
276598184
1325619668
462264760
2616502573
550348109
2774310457
1066414933
581984236
1013305902
104365858
279697958
155031564
2807595398
374595931
265161774
2790545268
2792912828
1413820170
2803596847
2583024672
2676068472
2458563246
378680786
325459976
2321401844
2402050526
2529404959
2638387160
534976203
29515329
2795731424
2607591976
2791002397
2785483999
63902500
2733523174
14652207
2535783350
1166103164
2788802360
747516764
1553515574
95151632
2762769048
2777990641
2755883601
2377480703
28463546
2738157528
377280618
98414683
2777082403
36770923
5796352
19211406
2412792654
66923340
2723544154
128073773
607217014
2613917390
2751499473
247395870
563285983
63166549
587513174
2675134952
2607608641
2605968174
28048416
2374710396
2149539551
23995285
20459516
584029780
2453869765
2744943999
1906944619
2701223087
36431184
357928217
23214790
21590430
15606165
24322177
163545172
375945749
964598894
2453763340
2744872029
2719318897
2737995733
1918575348
19916228
2707402813
2704550412
84964975
2741959150
143460773
374090936
2708117845
2727781377
2690254910
760470542
2533092614
372544524
2375612306
380928742
2712985159
93263825
142036027
2396479262
44260320
33211096
2712828020
209197591
2711131735
2734775253
2651634722
398323499
2612262912
21884158
31494861
15432354
2696374393
210667042
2701661539
2233247071
2729733855
1621231284
181267503
49273894
155451383
2234907660
49169929
2329350642
2666321154
15406170
2595800352
2654590087
2559679448
2666243612
277806896
1569624336
32133954
175728630
573152101
581368701
23853435
258022191
113441161
418338935
1470572862
1195944236
2722148409
173358566
2548474579
2257890711
36583694
2673634147
193469551
39263584
926578046
2586666932
2599895215
218355028
15625829
126641445
31041835
1688949702
335642710
1312341739
2250864589
43050160
2715167494
1196206754
36436256
1344855559
130956351
2584431684
106560142
32062945
2646379484
1534866685
1252760161
2362297591
165519617
2439296174
89821398
36092166
2625683623
601839043
473140128
1633578300
2610435511
1144678405
32194605
184903079
2368094421
2472621101
912837872
53760920
757645790
73176010
2579153712
2671766439
453231643
214637103
909250638
23024333
2508579673
236540572
598914428
47344672
481904611
17736472
248414308
193370265
15312645
1588692216
2597501365
2639473043
481349766
21427953
35653482
518277006
43441261
29837362
31609714
907233763
2594314357
2584531040
449720519
318013957
315407331
2591872303
449555019
450279715
805956096
520244733
2180279360
400893987
45505134
1340614963
80956608
1115192450
1260152124
2583738354
2582925716
24820142
2627210518
575454744
314392420
369684457
308466317
2577264720
269930349
18828551
49269603
23601569
19001036
9632192
80708618
14529618
1587237758
592895074
1381009572
19353274
1452175435
632955928
15537962
85972500
7801902
186719658
1330064576
101632443
21897627
15719910
88826456
811681051
24881388
14835754
1411447100
211295532
2573138414
2554684770
752045262
855461316
53509211
2612857354
2592010229
637353258
30551780
259557555
561350633
1132801776
419943168
15962369
222213820
281246133
55622899
1167434527
764878112
741161876
925741574
1627746422
2554873626
2362431544
270833254
2551391636
414073607
2517786368
2548194338
246834533
519573045
2456954365
1081153782
1881432936
328111906
32497491
27917443
2423840654
43274266
1441795549
82946620
607574608
392843766
25913142
26072995
53926580
2555753799
45736129
177272450
2494251246
342558403
427620400
978705032
2526000252
18798315
2521796684
16444291
529597077
19368305
365581025
2515828524
15497529
2517399984
1281882330
1291885945
2515486046
37824894
2513040296
2467924279
2512804645
256842758
1654508574
2194758907
105016089
40945610
6107592
17683536
48032168
787370587
110310139
2483427996
19892569
1633432207
1653840781
28792947
88226110
55113283
2490034274
28813937
2341270153
726811326
285813560
46626390
93734550
273503033
95775404
112933187
2369649848
436639096
29378851
2534066973
39825297
27523188
872353062
2274828788
2416587529
11407432
236301765
95234092
2476215445
233648614
1133129990
37836873
38971058
1482657643
561450510
2253300459
776863260
2521146447
2469811490
2471592482
146305776
2163366504
213176916
17741738
241359228
2468602981
63538127
2467526743
2463803202
124513952
2460630200
902189941
2237982649
2273585802
2458221523
1385253374
1378171848
177671369
199517284
11849112
2408759803
25772949
2417327202
426693773
2241407300
455300931
1112801011
15715075
14457122
221627115
245534374
2448340376
2405584304
1619078893
2319232573
1072431848
240802366
43240062
2421052747
18700737
22524908
2381392616
157750460
478087878
1270630578
2435607109
2470471840
2251239066
2412053822
2429425687
2431740498
2466258669
2216911278
2429075599
2425610936
2427700926
93523715
121857793
17415970
2424349309
30911222
1395682800
76747822
1956826945
18659832
29298187
2306649329
364001320
1533425197
2154232168
141539412
2371966785
350971318
2443078797
327518341
334311513
160675913
100854021
1283729682
561638114
50524523
16968493
758402256
1377719425
2332616798
2305740422
1040625908
62329294
2409553819
19580890
35752232
210593246
537511768
31995201
2401837592
2374380427
15739722
14928516
1703009785
2400029856
2364759307
269985276
87528487
573322093
943051315
21970561
28172284
16028268
2387373254
2179857070
2293740176
2409302003
947500676
1250281478
197171429
2387341466
1278984116
35902058
2386058108
2328723566
2337134820
2385245972
2384836554
221489534
2384290562
1692232621
356436889
128909002
68288673
2393934891
1615207825
93901498
2382133033
471526448
123272969
2379318404
24403810
17542570
36596856
524659763
104240808
32546521
25462558
2371278505
2163079530
352802137
35128272
39924373
612812474
1916689838
952469478
15419757
1119647989
187246868
471064264
2330515056
2362517602
2251375472
247069291
2369174933
1602471212
16614372
2363394745
70721656
930834440
337377786
289613833
2360038502
2360079014
16109688
2358069235
28076021
68917429
2241385542
2355208957
63841866
526712194
132579604
2349017142
17529135
239598749
2331473137
17197299
477064357
26003016
529055780
1587123344
79634438
25433606
2202174408
954373428
77108417
2338411075
130938984
38510765
292820827
11054222
744678356
626049826
338173115
2342217397
2343726116
223339645
89724344
235005804
45052944
19204254
2338851260
2342335130
15896591
2339571801
2340742913
959658523
2340946506
184646992
2337668204
1626992150
2256975522
2337368119
636545761
2293569427
970863066
242529814
626206257
19675743
2337188758
2247619458
2337323317
145071472
902056272
256051894
25436372
18693160
1475585778
2248427501
575677307
372992197
22800341
2333132185
21158097
565107363
256117322
2242561890
2322668436
832225934
1055690317
229528943
112241012
498542364
1693828148
2226099793
522550789
213359545
1161556831
2267483634
22275556
400740236
345496694
2208281710
2303553912
619267395
81540256
278301242
2150933722
618329196
158540249
802372399
19658590
17039821
8410102
1085017940
1276505240
20210162
2282861443
145890580
1083670225
569459877
785531778
153024417
381706155
465161308
25029877
991525675
41038901
2270741267
1264751317
418238801
49620765
30754682
231125987
2301849924
1859320940
165132708
180808097
257656442
2282833363
25967598
29547552
2297060760
614347940
2296558314
2296601377
1033449090
2220039947
2295638612
39370448
1077302916
29722760
1191263220
42928902
2227961994
2290739556
26747658
2290447513
80855993
2214923507
453833882
2272156317
1479985693
21893959
449062812
159187984
1713015732
2187769635
1966121238
2278605000
60641134
264033882
2285446705
2248873351
17263926
16092926
2282006281
2279861299
258261678
71129572
2276125298
2263007385
2273243911
443405091
223652717
106947556
2274944935
2263260302
1436608728
2259185727
2227487827
592987743
70849764
47796727
1957804328
168178018
2258337428
1343146999
622688451
292077009
254293643
536489435
2267794352
15836929
43045648
121103371
221779232
117903567
2263746055
1618377614
2261195976
2236390009
1948471159
5515152
18996664
2259626971
1139773062
39446937
43843294
586032653
27509906
22557670
913197170
148593548
43245886
29901858
23149114
119285223
29803
2233850141
43287143
36827798
18396175
188998430
334739729
990857599
2230112253
15660491
18414350
247972572
1081176312
209045338
7906922
316004274
2246202740
16406602
50880449
339464235
610232237
271777731
101139293
431265337
1087333986
1629011101
2237885952
57951602
341705826
484268946
27123101
2216801489
265705962
242234291
1675408070
628389559
2236537039
2235019663
1073744084
1245271447
1259771304
18779277
2231604372
302203005
1151699862
182902471
237795280
90252830
138409408
2225168442
168516256
188426125
414416922
23626120
1833874790
972552590
768437580
2166034063
235219390
17349706
136273089
2169911894
324523576
29774686
111726191
293102272
2214820987
2198568494
1416346471
2194427872
637260445
17839005
91969015
116837129
322053213
1442293212
1705820852
26805319
197722193
16160036
1262425952
1560822205
135731648
396102776
144524008
2182557309
22271936
1553911770
566806041
78231207
91620105
301025985
230884262
2184346502
183756527
1938055747
1776246242
24044209
16989599
56268141
28662953
15617805
542969435
498880577
2172883004
2183605842
809725224
2183420204
139792662
2182751839
2180841344
15008458
1419829147
1547672114
249361485
18993552
88783348
179189797
1392369750
2172780667
16155483
2169284856
981330960
30019504
1967035146
46020578
1918671313
80461357
245544344
2166654745
396073956
82693379
19812077
607248190
39526741
1858857938
435461510
278236778
609568106
39279136
115172198
131253015
15068860
118931003
16565064
62459974
1714314200
1964894216
20923614
323083587
1914432085
1421354881
15365632
1952887994
1975895648
1948230913
973643688
270970557
31288591
874719764
19183756
1912649617
581178286
1959701592
1560380149
448701855
499933503
733820058
139510761
1689821791
328695608
1927583238
1957868996
1915794234
703216059
1673309569
128644486
1880144798
1499364445
1952919355
1506234187
624499518
96035972
801177900
23418481
216398727
1382726264
581422243
544912959
326398339
1920295772
1710651247
702177543
560624177
37843735
714389292
1927753153
102402292
101772756
27085026
1704288373
1924285826
1923308180
1921897946
1877082937
1898932016
14874529
39426262
64420065
1877568782
287333780
87087039
1132671612
83895074
22175127
35406643
1876073792
1136105389
480208711
1434431622
1691888630
188983724
65341245
1887484278
77892977
93660374
1198477082
14155387
146043177
63136518
24005627
18350619
1876651801
22837156
1865100391
1481926010
116181141
1270776132
1699715959
1397916822
1855060434
338239703
311167509
1398201528
1730806495
395384154
289382752
173173317
14696560
785778427
401580113
130572227
8504762
1715788483
1716312673
811574540
326931928
17278722
24100116
354027332
1608394519
236423530
16915437
1693800690
185257622
272388053
427744540
192578942
1734285144
1718973271
1731876678
1644416430
91851994
231710642
1112374123
300681781
1700916463
1657654495
1394950680
246120052
15957970
1012370706
1710989718
1710980677
130078982
15245477
1669545534
1628338093
24755293
945890814
923258486
277151697
13576742
1691944716
1213841551
28888235
362210978
77263220
41394772
22675235
1588497710
264631735
16716951
1405266397
32412483
24857428
290230502
864758407
317991381
183356396
59450735
1564913174
37095287
1652433032
157173116
37045017
360895960
65753871
449484705
1657685292
1655366126
15941245
251328752
803637073
94007362
1658703679
1637492316
1327819772
44672528
442518247
1442446386
774675
142101546
1656521918
1247000880
1642351434
19569648
1667743044
211412036
27791516
1665396854
1581243380
186484144
1665180618
1616579816
384117711
1486067910
1642051170
1655816226
1053891871
1198635620
1308174140
368718149
43271076
16614746
44002212
17817315
607779622
588270025
1606406028
26328171
98876852
1297266050
17525171
146418557
1581115898
120157896
529562831
1190650242
30140725
14070736
382799251
21714399
703095595
1114826371
133371163
78280211
168732002
14414518
1628911849
236944093
1100711768
1339437679
50448127
1351861164
1622214613
117780621
96883995
179845266
90774385
464163488
63126241
266631833
113948817
1620087954
627502800
83764261
382661252
634697435
1613667692
33746386
24888437
328006393
330751003
1598740748
71089600
1431977246
372582176
502060378
1581593852
582223637
1450584115
1468041025
1598368693
246971004
14119862
193888353
38930846
31166865
139081460
416767400
22941404
16825289
257348540
1452473114
24303274
27957358
619666612
40680205
523644974
1337859217
781618304
1118188974
1482533892
1574165179
1435784088
17457867
229936188
1571958732
1105393741
1308576529
259040232
1199480929
1567934826
1563261018
1565803730
281208676
120308386
1524898154
809079362
540177458
1559341976
634248367
84561377
14191647
254304449
1472852455
51099639
425799256
1547115540
127901550
322539019
1265340596
1551653701
44145969
14323147
110772878
16047386
27555164
909563311
1534766256
1436287057
34170712
52058132
475610765
181662160
1544668638
320918986
40305645
1542647839
140875019
151642757
1095828018
1534720382
114183107
832301298
227884991
241342050
572948121
32668095
68958770
1313314764
188815022
115563859
1308851304
19714037
1304774256
36602488
276450561
85399171
119067181
161843908
1332045836
1375123855
326381450
19669536
1514755976
222292791
21434714
447606318
1367089758
77630385
531291518
1499483964
1058136788
121572253
613333144
629634939
1375098793
1495153831
1376722278
942825914
636415570
753061147
294399630
1488965504
1080470388
1485638366
1484279311
16264969
19014899
197353470
811607906
275805228
18366589
18743073
1186977896
255738240
16498738
217294690
1164046352
71061736
126346375
6354552
1469824848
20605464
1203224570
237829055
1287776407
477382110
1395647156
48177951
1455469764
29321926
1447598012
1077574068
376842086
1413666302
9666062
1246479788
27136439
1050387260
596856929
30413245
1378311301
1421408551
820351028
1202362734
1416183018
844846724
752080010
135008435
254159547
1439972726
531650142
1271180694
1437380893
14666285
1003225806
46213876
96877736
1246688527
392090671
739426536
948357120
24233521
1426503691
28852834
308054292
170897591
1336271113
1427900208
188546114
114335578
1020866736
466004293
604120400
559151418
521454403
851429150
1318152415
1182960330
159969384
1418900652
1377809522
747688843
192062985
267967445
1414576434
840464072
31275067
365259666
24618182
533093147
987216738
22663261
167391879
312264746
62812050
55009534
1403602604
20557778
561038383
751597220
20993026
10108382
1185316658
28903008
323567565
1338299912
1233181598
205235280
23137705
289634415
434541213
268112087
961607455
1384760526
85073321
175462552
1289596472
272603441
347869534
1041633476
118398385
312975008
178124881
1380562488
522429235
487316540
294842000
1140235184
195509566
146218381
34452096
735046934
1371738498
1132300110
275790285
34980231
46696817
31331856
1293429764
1372948188
1167982225
27872530
285420168
25850043
38167383
1358349457
928817226
19010696
33572600
27372554
525538976
1323283488
7741432
869267575
1340591424
18994967
369774608
24730798
15800855
353043922
81886250
439157359
30058195
476689109
18518961
236717906
1333536757
339885121
163879699
15602652
1329163158
1325385434
874657261
24315334
27947099
1319221111
1284108324
275631885
478319215
23375422
1320660872
16727623
1273220503
22079872
55398550
21130168
1074630504
1312066495
436680447
1306420656
340919464
293905026
170073161
549051777
138514102
1278314725
1205799392
14279757
33793204
753862746
322926987
1267773583
355085432
635182861
1110711012
1113220946
63190404
545724630
129891789
139187346
500193690
432134884
779154121
50814556
78643
1265275322
38173674
256152692
163537877
844239078
107953324
486707799
91193624
938657858
1209553898
154736972
1107350684
270093624
1257851262
1080138319
554796679
768954182
46017016
22260344
257580374
611440676
1061325486
456875250
343475667
227372262
1243282657
535233440
19056829
102777060
460407117
28502056
1236457285
50230766
147286112
73781768
17160747
18122474
30777095
16499129
1229463438
28012911
866789364
247388766
17641292
28950309
1223299440
749500189
14579415
1209440454
1206079922
271003925
170399093
1205324724
273107076
1201454370
1198699189
124237661
304226323
768573733
15983191
194358218
400863698
20638102
15901419
38015558
326378349
129859214
1176425294
114543428
1173808736
53503202
66859072
254671939
1025220186
1073461
35313013
540833064
258745537
111707266
694543
267580804
441558918
558236978
398118986
25468836
716575422
15895594
360849131
379306444
24971644
14804216
126062547
250681965
243800816
425978015
172653770
16890974
101528896
168742252
70597026
16660781
1066890804
818495227
59948378
1123689229
1124121066
905657617
858650886
1120082791
453298755
1116829772
33549858
119179565
17392931
14334746
1028057822
273647603
263791615
432562447
18664398
14474596
28551413
753009150
117991218
72919913
21251057
88779896
605770161
226576663
44614132
1019152008
99807702
1024508276
26091822
32416942
233250012
69897908
18561672
12759
330952307
268888367
405926813
35001498
228554424
244571945
104867347
951530796
235633551
156682392
65261652
59438291
445773852
28640280
50470679
1063246392
219110275
363437024
91312169
32679851
384509466
534380911
623798974
958334666
1056983108
225967260
19155853
26315439
237546139
475105904
471304078
30226199
44371139
987016832
1039893019
244604270
610289224
362306499
1038020720
569229945
43711382
432104219
115883210
314848244
705893082
25922347
18216279
575430585
148055862
153630160
91166860
715460461
457962854
120990461
41873357
805970108
27019993
1015303093
121923873
6068152
242114597
942191630
630595959
307719878
40482282
745169978
14619796
312766187
1006908710
834007267
522852790
35210888
791782717
153134943
455185989
922081069
254746697
966353442
993742584
22396371
18434868
995624209
848234377
833905488
17847973
44737978
214086471
19323267
23762446
11380502
115149239
977104849
472485937
55451888
313656975
591582276
18103198
920380063
592848383
877659134
793367516
57395000
707101160
171199909
24980369
347427989
718483122
17594705
14307450
609500103
22185670
546512131
20643543
19387798
46430462
187828973
74595522
945121086
238037980
51660292
34048333
913754694
563446082
25102383
19939261
772554642
19224652
937154299
366081248
151206317
427100116
272965408
45491326
586753252
381116464
19560767
259947566
21728645
29252541
20111545
223097165
67355545
26012598
41744447
140169382
387168138
847897544
7203992
401693224
890425441
24569645
18052866
843733958
85575455
14148579
909142670
199998139
464871570
56130213
718851037
27535843
17727146
898792040
48413956
816190524
135401261
743965400
516846525
33249013
898101324
116289979
896478830
16874068
473293639
890808272
890344860
92985427
16486724
426592167
201771575
721311433
144313658
44970920
747937832
286901222
16912386
787370510
166612080
18978270
237886272
28176133
472538819
788699809
864063890
41137743
816140665
36014200
861983054
292031307
860196330
820149630
788072442
9755452
44415890
25704465
837668076
14562233
395514500
87956740
847475954
256677376
27295998
37872035
842145384
537428239
579646059
820505244
16921460
24572535
33551260
832358948
46946391
505087725
14994651
424320890
621098321
28586315
20065936
24129665
820811492
18526520
456116709
20383493
76191767
803148212
493544915
115445612
801193435
788678898
23138278
811860732
244003094
632946030
335725797
17502285
524651627
64812475
110597237
806061260
87995189
440463789
738845119
93537377
31547739
137570879
476165697
613994775
754789100
59855087
323321493
16521367
47338560
394754086
792317948
522324460
7347952
17542254
791663574
15881632
408057080
457638970
23205044
603955955
77113718
365958615
30901648
720712867
33280192
308830621
364319570
782274919
193961334
777365413
588788264
17951792
46725415
38247027
720391400
436263622
22280304
281338619
16623646
25728193
280230203
97569565
72869091
23655072
15978232
266201824
22437126
286697620
48438566
605525306
754408398
10348382
46574729
473670095
16656711
750709890
30281218
364500390
52570927
759432120
744965881
280729473
81487437
35889714
128566090
106612260
600497581
87357524
28550924
24891210
34284434
216064164
15751127
259400496
20092391
74490880
51325631
28020720
357615054
742690806
331168845
628898875
35092465
320028392
564319580
734747910
242797534
104524954
718554187
147756861
302967450
123002150
82422662
437151448
17233201
24944081
475510693
301646936
18574678
17342515
205582315
20681628
27710746
56805778
74962545
706492992
364096402
63851785
3390731
595511937
277798660
456707847
23629103
629753190
14126702
20660489
19343233
633428094
18575345
85813816
47459573
41664352
15811158
26685812
176866077
515067135
14562301
626005887
569294200
620911205
369778033
371266051
447472567
24350370
623139520
263190687
614835048
14135070
244275889
407493456
607758528
100290414
37547069
618565910
615751329
7035392
571371771
606568679
19511341
617228881
145410678
139617012
615558841
612442968
36658921
14428909
200595032
564090488
29334456
610444200
30683804
613064525
158531102
613210128
122085859
14415143
239946180
491099285
577729793
21130076
258980520
19694319
550764311
542486031
279031031
41357213
46538681
606968538
285992745
225576664
15753143
510869246
50700312
14571468
603037642
531919882
43233025
36939441
143855680
265713515
28414302
299777261
314037817
18251669
404161588
187798033
16841782
596942437
104997997
176246302
395650154
20297876
82710637
105880956
38475693
215035193
183884303
90742486
206867055
539331655
474060231
587051094
361264871
18345265
193425222
19368851
549697591
563659999
391572494
564705812
67222321
37154792
15597709
18650824
17393950
570209883
49841308
570924620
30706550
278023667
390549636
520407837
125817831
303936447
21787182
196248349
154745042
569603288
22074601
27965206
280920658
55846083
567587986
432809372
204585587
100041152
372598148
264411702
564193452
14075389
21756340
204427244
562098847
77920466
346675339
35042619
383380234
21503288
34668028
34738846
264985782
36801079
94109058
18285954
553685530
24312293
176321339
304678402
476933246
15808873
19576400
17044562
23101335
8085842
269861739
93779945
157681893
19949152
70403614
418766452
275786089
19225133
16322680
543782090
24240315
164722426
479081937
325979734
505400097
424577199
15518973
218944999
506135573
20702115
90767831
521502094
506869559
241988500
25549516
15051510
527149779
515883536
522763400
83323002
496056717
430551379
417488185
474142298
523554168
455152000
73520126
281184820
347267044
413736721
20060120
20931933
394483610
24433
37013600
26047164
40342799
13181902
509079087
501998599
388307463
348589208
19280376
22153348
37834173
172768103
406128156
503299036
27942809
500273723
25171988
331663051
16162021
206837276
162814269
499150924
82177296
21496323
400274521
130431562
408875821
14733674
493793708
494012333
253118044
482643368
175955227
69113890
33313481
476591796
480388573
225847275
21023575
26502718
22320257
114592811
27095541
119446073
405474720
293320768
83118202
113560683
26880307
27167289
69510542
14071464
178698588
249203600
67653164
423327217
27087844
243847575
249438383
479300029
242844334
218971481
398136527
18921818
477198272
93780893
57187725
454981496
15257386
24338281
339990292
15852407
18590705
23364677
56097139
405132366
69357656
455511323
380458138
56804099
471687185
129353626
243278564
85569543
221244914
71834949
93708875
14924298
415767172
463167811
36604194
465848318
157092056
45934747
451640789
19751411
60187809
82818840
5686252
138738801
156032173
43493405
41764723
181761061
33956235
16799663
252803279
48405186
820585
1357541
18609537
402511665
19044632
461518399
461436167
14135449
461032069
431076753
64288197
41816517
314462454
105266191
24619441
274856403
15192229
271518230
21839532
18334400
25514415
4177631
82387260
15851948
243072953
276707144
12076422
44256490
425277803
18859479
451608850
28904686
47205438
371859799
310317152
15014764
73486023
33612850
293673482
62894873
289271008
30060051
114505286
388103138
448494365
364967948
381602012
42128081
309815485
29603597
17910212
159853241
372661393
382463183
444798785
443017877
34949213
428432275
24576271
14238789
15631822
417883439
329620288
201160171
17912168
347083513
154607739
91142641
372586144
113163271
436203205
27642852
18873480
432706159
435008224
157747372
431421636
8206902
29550464
89596911
107506733
25455092
405216047
22266923
45085863
40384903
21322778
425931707
393664246
17556848
273714041
25595010
419663844
420336920
399376294
384783747
420294193
383085620
166784440
117828606
20944153
308431551
384557147
14426222
793599
66763015
155476541
244285364
414093687
16318391
145517249
82129403
388080465
47152387
32789224
19821969
411885106
189967466
158415765
387917832
239060796
360215331
30613873
8602492
338212879
264388764
278908039
284900033
23230123
19274385
50718754
30315446
403255935
9759662
265508666
262768987
24093022
16490454
399000585
22006676
376817647
398563521
16409018
360704041
30796320
325767909
102262320
141019494
294468351
135279527
319470626
395018868
353602169
392422414
15343000
391634400
15016579
391282524
327166756
390397194
390017772
381562822
389234603
381793127
37176822
22941208
18234271
90805346
202326111
386069507
311164216
44784189
36891891
275658336
32707240
111874398
170949624
241228609
262655719
33960357
223707033
369346144
26032051
146487268
28768954
60060351
183275129
158249108
241220025
194074106
240398788
49107133
24893859
346030920
272929689
378820860
371457891
15158674
350660385
360591649
63577122
27875822
45928666
39767751
22242669
14851532
40173871
28276769
216030645
2354451
273618104
188786116
266058486
360901470
21575175
95680042
306209829
16192019
21888906
334932461
21327271
369974274
18281360
20675360
333939880
326823373
273973023
44156122
366829431
17825018
16335186
14600390
364855311
34630318
364324819
44973044
173360891
287940481
358923943
73179495
31135007
19892603
82791524
361666510
58685329
283190319
193553272
150695069
33237969
359733168
34651011
281231167
295960479
45774242
64612592
142202481
339745157
122429429
20553374
47337184
44234200
24138661
199871185
226827900
74543498
49541027
88948677
27835698
350419793
351483465
306040442
123649956
344991549
249771843
112569730
277198856
15727369
59800199
39817648
158843427
51687690
30803366
327561444
203996358
16599302
325906027
186551995
15377229
103011825
26915961
152249521
170931143
302765767
16581208
14363255
307899687
18042375
61081076
333297813
21814662
335321342
326416737
168542631
15518671
267165180
331144731
317919996
31076350
326695535
271634282
326304777
21250640
302684601
322289255
229672669
256879986
19091813
22585294
166248551
319825048
34739962
250908930
250887312
31032928
190397962
23841181
312956764
285887833
304253133
22369403
311478193
23103305
30386874
26668603
267856525
309184135
33808378
154339030
84776687
216197530
95084805
100106113
21667064
20443787
166331103
244687478
57570629
40502234
186935853
281437084
54445261
303438219
158264742
17629991
183408801
22673679
17201217
33938651
299955043
87576567
145277138
225461053
16474038
223383522
204121226
21624327
295826965
16033370
36080594
250885346
34354513
294131513
294058435
289588701
224778221
289310959
67747928
14403044
17485328
20602711
117016411
33123407
17582270
234556740
68259285
20685433
277075696
18451692
25862888
14084476
285885493
20701991
96361607
21438750
19245435
20072877
27864543
14126402
19684613
96880851
283166887
13447202
284771634
82132964
8562072
44819492
184078726
19516774
279139400
254159865
156111535
43971261
276702505
252151794
25526911
13855522
18001798
245864237
274795238
271217366
35750406
104887167
2967831
24272129
44405500
29244684
116874325
273786236
25418696
29081711
38189586
237372542
14822282
36561279
56423659
75472158
170117585
200020808
16744167
222133020
94922594
174807160
184342616
112251088
26371349
267395885
270334595
8892822
95213289
269994465
30490986
130711935
147641682
15733330
250499255
39287040
227761759
95811530
13856072
32420721
37274206
60941705
72908422
96562446
125852265
259768785
229286772
137841627
161425299
20086676
17524326
250951240
252900891
55311794
79322486
254689432
237833142
168475918
37863826
221128153
233753029
24344555
25693244
251466489
249822088
249464059
109038522
249437057
28066827
53246049
136847070
67668364
41262432
16975868
18981504
183355477
166252271
244253722
25145923
239414347
24305848
29993833
241963396
107115217
34690921
241382759
29498151
239597302
15773935
238918404
15354054
214226070
238216627
18818362
25106320
219920342
19599897
172244796
51428461
49645615
21995382
130723672
233177285
15088254
67698905
232281871
32333623
65704469
52796826
76219242
27781232
22051783
176934831
229184391
33556863
52737770
207328501
228584430
79570587
110789378
115988729
11679342
43993280
225664247
222576593
90750388
17576946
223564978
216173792
222547656
55707420
17932696
36023918
17994199
9798962
219847792
18027499
97558419
21022543
18337743
189462932
144076906
19733785
23047117
208341453
121963786
7652422
17158189
122152875
51144371
212747297
15294967
22783657
19421015
6676852
15194242
36442484
16187851
12049512
196360268
77121129
14532355
22402031
197502582
57021724
197878946
14825011
97368160
67787402
21096968
11757522
45439810
43828621
106002366
138580620
16335488
77040915
39318234
184093214
64419695
16379872
21735425
41064314
153404313
56493501
34063500
184820633
43326179
25215302
170788631
121300169
55393105
24292204
24254650
113688117
47488068
36478723
16146755
55914766
63313046
22972951
15062353
8344592
172903267
39507674
16406600
169032604
91890639
21595798
24513245
40885516
14326245
114005403
168066326
18822966
20643592
16889257
40090107
69630128
14283004
17749901
96076991
105890276
15342732
165461087
19803873
98178255
25520772
32168210
155194074
66297415
156872857
27161272
132529546
141686320
50094843
24902472
155570605
91041519
18818795
5839762
95976125
10156702
23556853
21705722
70111948
16603061
38996517
11661382
774813
29094159
18026159
52208938
14787189
3556151
26848019
142353694
20835845
29653602
