980638378512277504
23093721
913267952694317056
468646961
875843046
169686021
2283019473
2463768298
885565146
1367531
759251
17995040
1667945736
1296899090
52231893
2392987718
852048559
910258914884816896
103620256
443215941
489804332
20322929
758345297479081984
812831771951845377
476321960
1158683504
636682527
956526878
336543557
512707981
1322563207
2311017543
523879888
725394066746269697
1867368517
2441162101
778763097209057280
783500426268250112
554797245
1544461640
883116882
413498141
2312801238
59765287
1218710234
1120849627
718463916
2751926001
1338765866
908737820
750873005060943872
902635357
3254749761
744133236935299073
2968606115
4086759075
2432319981
701370813660921857
1689487536
3149592634
2214599704
3428240044
854147498
163214587
717841605965783040
4402146447
82653721
2886412817
1880035567
2713290239
717030495779889152
2196965944
846544357
822215679726100480
1536791610
2214939466
25073877
2639740721
3067066234
2730804881
1455600385
4852230955
4809519822
4840131370
3105560708
719910809
4526591627
565163049
3154861480
2804042561
1902342529
1191644473
17076218
2321437394
723476352
996084632
3751476132
1115622301
1978490034
630678466
2302134816
2450884406
593230938
137163671
3741506493
3150262085
2519765656
3344993434
225414629
465177757
3475661126
19727507
3412877355
977495766
1099859701
2783406695
3379526225
3264647297
633735433
2767641700
2500681715
298611485
333843433
353342180
1317183464
383565725
3364222571
61566807
874794157
2377283386
2655215976
333000168
267990806
874247275
538547125
2398498584
1301885720
2286880014
2361670733
2170866854
486210986
2927931931
2372472136
1914087289
1890290352
1558496948
304772573
3210231879
1370366256
536022703
361945845
2413295489
605898733
414976723
134125555
848442835
3140218163
2669196635
444176141
495226327
2350716597
378366458
731262084
98162466
2824744141
419499075
1689694824
518998336
2258616219
394969390
394905583
883282746
3078756171
2421057596
465893610
2264493713
512756769
2179071348
2889662884
444979725
812065537
2758723863
2563755196
1683507698
760796809
2179108920
2562088033
424650329
1463952727
719260740
2351625610
3037555755
1062120823
2507389985
2255738593
1347978270
2173818735
2980160739
1548923840
811845888
2220274853
2733768189
378295932
2592725633
2205462328
383416542
395088404
1613128495
1056488772
545437903
170561940
2916736167
2914508799
1589027916
618612575
1505727846
1692697482
2894208279
2229432815
444354053
2561588768
1327867392
832335470
415138666
2382707286
2877135892
2419137557
446724226
1379661026
2580772574
1325581428
2730922461
1726527313
636496923
1444958486
1891302230
555607924
356488781
2262820492
1628817092
615352885
2523731630
472480825
494314152
2194936467
1184467753
2864988943
249654932
2859469555
1865891838
2241036461
2195346799
2504817725
565405574
449501567
2244886312
473234999
136105689
1486619874
260038466
2761102190
473279356
349426706
469691356
1004911020
708735335
325614433
478095758
902957288
1973014854
1691631229
1373302572
388008216
451186275
2160987268
316149718
497332640
2196130268
1917566336
2161105461
2645363173
2721370989
1716360013
2355501800
573936185
2269569294
837005221
2189325134
1038552188
1852735634
814264406
1319165461
324695475
1684871022
1023111283
439350032
1880808362
1078289612
846564060
1213091256
1513738230
609638017
853973570
420806012
866855365
1559006838
463278125
406682826
770704782
417975336
393328761
410442033
573184867
624841109
825751495
825746215
1038802627
406626866
1281908600
400733906
759883166
892372034
1007155742
446012509
472418196
622453788
778891764
375227312
