14927794
323829862
27529216
381667858
45855845
6655612
1139867370
783118242524954624
3296999050
3324153034
772807006549925889
3825830533
26069176
1257745806
16362566
16153923
71414799
44070232
2899996234
983056158155051008
92354480
1135036159
28265949
208778660
29442920
25505156
73994564
117970043
29481392
27850554
2155114790
11253262
26601151
707208587
227334930
1415732492
48078195
179741908
16577545
2869663966
142339174
700784500658208768
22406410
47114494
404422077
2359816994
451127308
246939630
705159347215720448
773869508
358464377
26928106
2811899132
3385982687
19948174
412611748
223671790
266887233
890385788
183346738
396293228
826809450212233216
74234734
702883280274780160
388901662
72270156
263638079
4351160421
954176968290918401
770621372183748608
2925878687
326821147
1915033663
16195182
23021251
127812525
15666773
16278789
16547325
789539664352911360
71137632
626872044
738128158831042560
2458283886
34743251
84956872
311156970
281694680
5514192
891337755359412224
4474297222
1557992204
118733648
295491919
223722180
4863187106
4886114183
1928468941
56413858
624113526
24967868
2292836184
14717311
931602480772739072
21982720
41652566
821015962573008898
622073561
161515539
3142524106
351658495
2557564489
732363306606993408
23278775
1301535528
14844867
2802946462
30035205
3428933729
297102985
2377492441
930855458
897166002974273536
2872571512
3433633221
4970411
861390829
136337303
15568621
480843442
937696388
357563992
779102069890351105
221575539
832274382462525442
111113061
1410887604
12436432
37114611
120315637
815790823925108736
2174492972
18403310
382685028
4635975621
217286887
24578794
559176980
236541422
346603302
9635062
16304083
19600444
153140346
976532502
29387819
4052613553
24189159
39588192
32431082
326119501
54938044
3686787793
860491385501347843
879788354627358720
3184054019
396704627
196830588
1536488724
52554200
3306573460
14601243
1146728538
527693261
21719944
399447498
3139486897
80115916
2233083140
712002793486360576
719564382917660672
32754780
491350825
2873212902
2869278892
17722397
74020279
428441232
2263807022
288232527
45048690
28426321
7212562
25622848
749084223462633472
866674112042868738
3688772302
2856064023
236678581
311208419
25988482
1584539480
4639656854
41419199
26270971
297205815
90079704
238818194
281842547
1533955808
867135949360308224
140008638
18423808
758016370516766720
3124879097
844860506284277760
558606074
76868004
785464296121724928
94390846
935680262
129903093
8357192
67239103
1320794574
1170496164
1547508074
32780218
1219315939
16844157
3354463876
120097635
28112902
36752640
1020058453
3799802902
2532806658
15954943
39759525
19947114
15355936
14855279
502113913
800707492346925056
19057893
835243154831990786
221865069
609988112
616770317
4429709805
216853140
1275906859
175134068
57176026
3300407530
20390160
834901399850921985
2303936694
374149907
29612646
61192926
831120743832358912
15898569
2544129078
1426182990
4875496608
16600574
3065874959
618577460
220751819
199451056
265702493
28225535
21970942
872179266
38365659
243781069
534222686
399646790
2293315159
3078942992
3294504016
603200159
2515571359
380983795
100517217
35149392
33923443
345276717
162237835
3633739813
19676997
2810780889
376364316
26678641
2910322004
502207192
1556821752
63614947
564111558
3075883083
159982297
3233541071
1591917751
15307727
3207603827
577403888
801784884729614336
2984872862
15867069
3142634807
38542443
29030168
2780765288
1198180410
4485050595
42672897
15660796
14253084
2903856684
27641444
3423051628
122213961
2209422638
220257674
1975833816
19713521
774212812860223488
760498039010320384
23729077
549493868
2877491051
14236327
28971401
748937804856463360
30426433
31175054
3149259687
20481499
115307575
568675187
112350701
1515292765
7449842
59325073
2507802414
53103786
1836131006
874374392
495242542
19080774
1614688694
2858434608
18924669
769557430623666176
1717335199
3007118850
1008134036
3045664535
15706633
149667265
388273208
2809284941
168775217
19679250
25423508
394489640
742412535077310464
40895124
10454572
3283307475
22180796
65450409
77607770
26548315
386263630
705446497257656320
9078772
2704801147
185453931
266166985
19073569
16037326
59241059
105814154
135028200
21979830
741859207
751102420948779008
15081182
514513113
2987866990
2492811448
561820041
355891830
2430804422
437102694
1260200102
41791031
22289075
759056231256367108
277528920
1140341359
14641392
115158058
300242761
301394898
17243913
357630697
1887131491
1721977393
25769587
17832628
3177238306
376318187
11768922
25508986
493248676
38614674
583259655
36576822
108950394
22499102
134208076
946399615
51097413
16559649
755110353688752128
222676440
135633475
175954697
142012799
973711004
62848722
73647608
30733555
211055887
58970349
3327139400
20413996
35782332
16667912
4694012360
709092927494983680
538147752
3256840248
210894468
2344026444
259666947
858983125
460783098
1730392513
1297100576
4518485961
4825159955
40710664
4826179073
2395224468
15640698
3350168320
22840959
86997237
20567743
1010497975
1588970858
1093949743
19506790
3061734398
915909036
377362946
9184682
450197799
701933387800559616
142006521
28219278
245423483
2486549631
291897415
66718545
27912440
7518342
3342786754
16425942
2701907004
426732139
397369015
185898176
140885356
4220731697
335589671
114607094
160777266
28631981
29086068
3320699046
35928501
14245443
19795404
16247029
2835140428
279585613
58558364
339374021
39568304
724688970827857921
728299046490804224
3298855441
16373878
20792745
3434325791
131543835
1191051170
546197083
3022130069
5548212
4850670905
159592570
18018355
24583792
71627462
14887957
360763372
19878055
30864583
381919729
10113582
292976797
39865363
233029169
723344641790226432
1307011
47250900
255836999
3028737825
37314579
27920996
744322322
718819951524622336
22932217
79562777
3380919274
21661810
174131448
23717390
865486177
3341654823
929913415
400399928
382330575
719295724769267712
2794429276
116299414
15637553
26694546
14483068
1961287532
3169209138
718252239400386560
2571363684
4239284297
3158057973
1958986382
39667015
26398470
208693559
79365337
1927446103
24594278
72846254
10442882
4388761
92298969
112028887
16058485
2220611798
50276735
4902422219
706511098661498880
26274219
376448253
222543253
16631904
137796364
27923301
15326271
89510343
5402612
28140646
107557629
38047702
2148021418
148461618
4423049653
2850716999
573898495
93773341
445063387
3473298509
3327596089
446747467
15731309
1395527916
68403785
570908849
49154986
164536190
20435797
3039472829
66518899
3153315158
2949094898
755742469
991498226
801607832
15612015
15684019
218168124
370137018
29800338
15874356
19167050
403509416
2530819178
4744370657
24338352
37359462
260440165
3310067741
17175630
567059880
2930630698
9282382
4892289735
267168149
117796735
195441023
19910395
2832367790
547834142
3865260677
40580641
23331132
700406325524754432
32698959
185206779
276020580
519818027
250556430
2482685490
109146282
3087530495
26609111
3044472165
2813612226
275495025
233034880
838311930
1262644668
22285568
14957147
346716511
3307105844
87327779
2590886480
75876935
2300431976
382508590
101878699
1026082555
525713285
2976950421
3174115607
3238692041
2936435412
3033315430
362876959
12722182
2571101384
1452683574
452579980
33289053
948003734
36241355
16712473
351097492
10861222
28689319
1863866822
460564003
20228233
1872686198
4730897837
39930469
564870157
12397052
111382135
2425860834
18783579
494595911
16572109
468835774
3112351923
95691357
16553000
46659377
337306809
23790534
86969832
360273490
1951
19001302
216461558
38231370
41269799
69352934
2959265693
26246096
2891391575
258881859
32522323
2666365909
20925925
3892577895
2602188084
1650368761
19426806
182564982
29336037
2856968787
1635703381
3207524457
44269435
512079169
1957099819
57742502
602151902
3003923936
250289285
31020979
2241631370
3867005723
4012572898
636950346
2411715860
4153100956
312723929
21416023
15546192
18478125
2765652889
386899874
183308157
16223917
2721822830
311184490
113413323
80385764
20483656
3205810511
474314063
14203640
14216951
14763734
79309221
108698830
3222046509
25894917
18699864
31552423
78673563
2399025927
211926434
18206161
25940364
141414572
1688724576
3885709156
41348941
3318357122
2193511159
2882565719
811664756
1166676607
29447358
111377916
58514626
2945770833
1606894477
1629244514
34459101
436721105
4225096219
138574660
277803855
394949294
1633767739
190292949
2457081517
3248114452
1120304731
2857872749
21404061
770215369
2909621997
3192406346
16159321
479856992
911780719
2996421989
254289064
402422661
5175421
2396048112
1194947442
28386584
633075839
210684204
231051167
11673662
178851214
2986130603
474052193
17516995
15934076
1703091608
1210254524
571202103
299364430
2300709218
15369949
3201989213
378379932
722679770
2738637790
2292879956
842760488
76966092
3238219443
2461859930
52793398
170618342
18446787
39528861
31344142
216998174
1089476491
3323120818
575489550
1421422290
2824210848
2482964936
21677707
1591400760
3285172894
22401433
53263202
261559265
1145833394
343072227
60349138
50199850
1246567549
355065231
13642602
40103458
3311778439
41263525
2464974152
123935343
22968666
23673173
242822343
25387843
381152398
439380975
28935680
87989672
30442570
116497290
35855029
543396098
3153865401
26845686
159315527
29795768
2439000163
3020692661
281830858
23902777
3223232838
243670067
7721172
58340998
2426369309
60732668
12008602
2449879908
27469409
35664565
262717531
161883135
2610280434
2667834210
144400453
40145547
2694431833
225637618
14159257
22854026
69072737
588331322
80868991
1723651424
18040878
436223551
85792789
3115753179
15386834
1213948057
271744215
555320032
3096590594
1856980754
2551055478
3144537213
1963284438
481647429
18351076
1465173126
63569548
4466581
113914074
2666356328
1180379185
258891583
47483502
258217469
586
16522553
3068847201
217584516
28596349
76684509
70461418
614322634
15205909
29807924
25840137
180506171
26350255
78976775
19294636
12049792
17356731
78108911
109193789
2265661259
89454943
22186127
48481791
387316711
327066955
1703062142
30793240
17543438
40787074
1236929316
1507285778
120186213
42542836
38026874
384038195
28610770
112880396
2340366223
23062924
377164327
1708081152
2749273207
31532599
2752794810
2542188871
9098632
320473603
1902312428
587639950
2177695344
16515179
15475837
68119671
81947660
459557733
34282709
17723643
96564060
135590102
347352123
26253465
288471030
604627146
781979418
201369584
24631970
58033181
258818409
42701342
33057154
240527238
1179922189
422604838
2787327379
865421078
28734233
69279588
138881258
236224892
33451841
91668669
36271773
70180872
5338802
18700916
19455117
2345198082
2713222112
357895797
21879831
868637460
33516942
65363434
1151203926
60453038
15277415
146087224
167429767
65073911
52757349
17992979
17429564
14849356
33999317
29823515
97971666
16932358
52499221
75968161
467919612
1209273421
122208388
18087220
724978662
122453279
342458847
508168927
16311335
25805501
33647887
706070226
24912459
49736166
872548536
373467672
1470666247
290362744
399522893
36978119
16051739
18133423
44206575
27841516
185908446
59840147
60642052
83236323
414977064
1542096570
983633204
5660312
29130296
20592179
41044925
20414217
91942071
1705885393
8596022
16392208
51321492
15662446
6323932
15039436
15250836
608473
23135992
278142183
23876625
43193492
22959589
223697092
84479508
487354689
15569949
265753487
1247900288
2272068187
23895252
183901929
261271776
23229520
14132689
57842498
342958561
27794774
100842024
29972678
182161200
1575043267
22649925
1623888356
94574762
16066655
17531145
738132763
2348044788
575705670
863701794
26877267
2177201143
1470546726
24843921
71165327
2317099230
1257388802
29319372
2367297498
582346233
997285801
273541694
162611402
323423987
69096864
43159856
818455052
245233980
14398864
2168793373
19470688
297247574
18972492
16003300
113593801
177392650
34099627
138118047
80850377
49698134
2279907356
170818593
2309021534
422683352
33284128
107829317
49760128
1583926536
214865933
288322764
634279890
2256310656
34963344
109448475
84979263
1588436400
14796585
26391721
2212550510
763289996
256759213
23269009
16199790
313354119
25451671
331226506
2260913252
248038876
2253020347
356372821
139890294
970078196
45906667
1880406440
10170982
546440036
480819245
28473072
1030943912
480944306
144990821
93653788
259800426
18539631
41915225
1279491325
104862477
224304656
138469811
1615928630
531291518
58473068
432578840
747258126
309978842
25581439
14410280
53310677
353008601
515741500
291629412
1055090526
1729033891
19515084
14415108
1281324618
222173941
280967899
72903500
20541959
398915399
64248742
51264686
22441119
76125821
248923423
1502765257
1696668403
116203114
14948202
17316879
402190453
115497691
18768017
586805206
22074866
154953218
70173991
1581439873
16174912
237494215
84147823
898331125
393732771
1336364215
83671419
146875185
28909787
584239638
197193121
15283734
123789941
306025835
16254381
81176170
248462774
15142081
1083700970
565468351
131835301
397059308
161551295
211870839
21159398
267386915
66933315
14337206
16568197
33961329
294044586
535932595
397731932
27151743
950068250
19400611
978440791
16275559
181649202
48029965
242400655
8450742
465113929
15764781
23055971
127910139
15433037
57064074
498054078
15358410
14286848
15945061
29273897
25770408
24287196
118369820
44892389
78460302
540859151
605773881
14608893
35745598
748678728
598491132
326790376
19148727
859478658
96973902
321583618
16101479
23912153
21223021
3840
34131865
19053307
566895690
769354902
275758385
154788786
33585006
457099121
24716475
25429427
16654951
238398350
194379232
532484556
41183131
121495002
17657729
20944159
25007929
99372563
75944553
21874986
502609327
22518487
17147478
8824902
23825161
559911240
487850388
424728300
51446354
292150731
28385208
199005714
47161351
43424553
18359321
294314705
769216086
27677895
228777698
273574936
25553844
24848307
634861069
260810689
45177227
96137094
462487731
43059249
15862440
607500543
39414795
22603614
49567046
267477085
22851407
15261041
325178297
267453049
248882121
46970901
618856728
375826110
279308775
18369183
261399737
190063904
16632172
263234033
337140022
267301103
460138110
19755235
228373973
65114379
17565514
242090120
172644668
26329577
82736613
57233570
28609576
353814694
212984071
36744722
16746127
264330746
55779523
39008044
374717113
42330033
245852523
256881576
564854101
261951646
484689070
86902990
15931304
264924050
45385844
467087536
79578232
237566362
267361949
33560950
13824412
307969991
120709026
381696970
46232538
59226310
454420724
208387688
338798019
40893953
1775731
43216942
12759102
23850782
23314049
435140978
29232363
105544200
185525060
18553324
267912413
30577497
96044767
320930930
475211779
387163474
254701991
40103073
431905623
19195845
97474887
346455283
402552143
74613109
51314355
44682276
316670188
103734468
511207992
252624747
33422622
226424433
29774575
135983248
306594951
29451727
56809039
81467550
17455536
21046270
412422676
320023480
244173104
57767848
21991598
20642650
13793552
47475621
141644736
406413346
319684001
433141514
15015289
1221471
3530201
28739265
429966692
134953223
151536205
482279381
461506335
400998666
27899926
108838948
31321870
424697797
25255462
208817615
131710247
224445851
35757323
75025395
16138216
334036628
24150063
42111240
275572511
424485409
20165670
159181959
198134620
250081935
310739091
23378430
23825035
779830
23064254
48860058
432004271
60756045
24165761
118817820
17816143
234470660
41395061
72981077
16553544
226765016
294161256
298431835
280571949
239482366
279212479
352529419
18641695
138658524
27026371
442959739
62551664
19919828
18470958
22638097
51513254
399112678
89472021
22411875
435109672
8900402
409486555
15143396
352407130
23131279
67642589
14940354
317886447
181076663
326855823
252699596
407756960
27138652
14992591
297748251
18294521
435061257
110945573
38101841
28211852
39602776
17626836
18637642
31163130
214141038
128990079
124810502
50475407
116994466
286006888
25915690
229872272
62637497
61286352
24753139
7392512
241035998
132186126
225473981
80762734
39524002
54972525
298156274
19776160
15938707
303971354
20068679
108999587
15057921
293278481
15238825
39182784
15282497
13415532
406703177
21149327
94057038
15768116
15657196
372397238
350917999
71903176
176257789
346711949
49772022
17446621
278963683
90432930
177330882
280716675
179507275
55334133
171485965
15947897
18129073
238311908
256075720
374077536
15771273
85355199
18278629
388555493
7667502
36169080
270548301
25312243
23377291
389604837
20696190
292364737
24280970
13521702
104576097
19036235
18125335
813286
22805215
153768469
223909008
21308928
48890812
331912299
157162448
255275298
198918110
225061858
18584875
14253808
134891070
342981480
17136795
21728303
157675033
289576062
254224750
14652250
279093933
25533929
68772233
22596600
40127397
25470710
379823752
263746491
82907052
16707175
264222504
338793215
20242134
24719760
289065044
24319482
21635911
181585719
17202240
38739252
18742360
316505736
23565200
374142860
153532510
64839238
37117408
284666187
36414930
362358903
47519990
51802313
51241574
17056433
14975341
134961999
73716850
19079524
59157393
338084918
56871360
338789626
188096545
130524853
35598591
289488282
17986014
87933745
92314066
285198536
31992855
19271781
18605649
30407783
32738894
337695265
26095655
181812355
32714653
98499713
16279527
15065316
123510771
199047717
19541025
138850833
19739874
257159281
114370118
348147478
61890266
262915147
15754281
15995806
254117355
21384333
25327287
52918118
18197668
18737768
241339670
16249523
24756095
21969745
199324861
126840012
65484958
298164892
18516352
136386762
48018118
50101465
262340074
87940250
112921487
121271186
211205818
16051957
98768914
305256658
203725981
243328891
82951845
21371968
37763059
17946886
14134204
204251071
19658871
26634353
47632904
11278912
16261564
81781393
69409314
5739512
125593928
55736459
36972997
246329917
34161902
278064417
30255203
19804128
110308947
257673205
34110976
268117179
156069905
310320098
14480727
18725415
307743013
116427988
142309757
113218035
58811931
59541948
26097227
9279652
121879129
274665547
27707845
185549562
31417700
16992462
223072498
250055435
208826773
126540724
23746241
11395432
274143251
226503399
18513696
50346788
15829373
82418793
41238441
117273307
74648004
23832022
27147528
261108926
64242735
294442813
198987130
24773190
17351666
250831586
154059373
195910889
69513559
235042850
128472974
161035583
80361794
143591073
65893260
50337486
89563994
28215110
12804422
153411531
22051752
30244233
23585395
23995748
296919390
168454762
65444043
263683555
27810485
11206432
38855669
177386087
113784930
24794805
19760382
27374977
151969930
42585582
113143287
87295814
291715552
221021744
20911036
31507972
36726201
210944595
95695432
50786145
154544264
130650358
92574127
102122980
18605965
51338666
23841181
14158395
26915230
69316412
211064280
112921153
34713140
36719281
34111781
52526819
19989714
173909652
16461397
19471181
94406645
22142237
17543268
60972923
28919963
38540936
167129069
15509433
15693172
15087826
11640472
19983050
16043887
282449430
29414279
208417485
88523476
53049136
245914197
82507743
21776397
14433814
41147620
201879771
18227839
115080162
11319582
18815245
188453968
37281592
73190286
14585289
31007559
19305328
236571183
160054856
277157850
20601606
8320242
37869449
18357033
77270421
16445899
14522546
128257321
40366842
33781711
140546779
50683078
23261542
39295914
29538931
15676363
18691124
9763482
21789117
91017365
222140591
1025521
243000634
198600596
267968734
256512831
30205586
248900032
47381607
28193931
232237738
27902805
216058845
180509381
81985414
24595458
107151274
128232102
241210808
26803955
22059385
186504021
25073877
73129083
14205258
140968936
82386695
10268302
16129800
783705
180031684
22385062
18036274
36412963
189221220
19791490
96561171
110792003
26516402
97007916
45026993
72686224
198783298
85840997
26794885
6487292
72915113
37576629
236496936
111062175
60466632
75045217
36226076
15502891
10202
31240434
18363030
24890551
11489
14276643
30278532
31176167
16143971
41603348
84614825
233783568
98942778
144737333
17172429
25439533
133872807
20685061
20118540
248875753
143119140
109192083
86844681
108954456
215512621
21290401
50317463
28587919
20772763
22109106
94720411
163998707
46676750
109622067
18732606
18001786
244183930
27227615
28439474
226299107
27015729
23835270
34092929
30293332
63940347
119446521
17469289
32588641
33989630
94378996
19971705
17510991
19413449
265298024
20479813
135969449
27793335
9604192
89639762
73473531
59031230
24925027
172357935
15162193
36963273
3382
32408419
13071012
89778754
14856665
39575028
234858162
33358287
115772421
14982804
22813250
120967044
14112296
74730104
148868920
120265682
66435090
166666099
52876204
70886216
20371921
86545089
24012274
187308032
178446358
11856892
129209080
59500657
84140762
43984202
44159763
162104360
81913437
23621827
37963855
60919240
14980820
15391102
54891614
50416568
227392869
102521192
193397970
22586564
111087415
56789587
68706449
18018782
17906632
14246001
48037533
43947944
123272874
133819524
15302560
38228095
36726595
17143313
39282461
31855526
36461863
195955191
34369632
179297823
117793973
51229210
151060117
23279919
26839016
85361264
17064956
86854266
16688471
26758762
100689327
25335171
70557242
24818935
35225694
89037285
131214907
245494691
153515886
249472077
56491306
78427241
138516405
15791288
189972029
123100479
49667342
226995027
29093251
139808736
17571962
18954299
22507902
130616183
49723553
21789369
227478007
20545055
22063870
14204133
17872773
16269666
145380739
62389424
38568078
15810195
12439502
165966219
132596580
62507017
68744769
65284467
60970661
138764685
43165080
53426708
183734502
24569636
17475920
55369810
15936951
215472850
170498028
195488976
250366437
81015364
173996093
139930250
246481013
83467261
21209750
46243232
43250812
85772748
142810283
18549385
16385353
32469566
130995956
139573140
41385535
147746645
36224254
113648246
19071426
2521881
21210823
21366664
72714643
196223441
192963402
62551555
13657662
9300262
19266799
24885092
205898995
208720479
43448738
146496587
205310984
33990291
58864379
21328726
39839316
18076097
60724209
245389508
245571881
31140464
21485095
33972882
16753660
163502555
157959441
14345759
14848798
24554901
49793110
17530226
136702517
16140593
19152977
110473412
162241821
73807622
2730791
16228398
1081
16025926
41207301
38684237
19783532
23997170
14294103
14677998
35165052
16688718
17232000
24047612
14460964
18598585
77913107
80697460
16726281
15023529
54021284
71126472
38982293
30559094
25693447
245096722
14437161
71352734
18084100
15414807
33649006
24557932
16347551
88189772
126736326
20214495
53122573
48814741
155357780
80605129
65233735
69027950
45229032
18725891
19028615
72950235
50680206
58462957
126863742
17696167
22536055
44257559
18948541
23410776
241062064
66885655
44131286
2507851
112312210
35773039
159265877
36679267
179650052
4278201
15945641
17444858
17013621
15219854
44059592
16145763
20015401
19212433
17212113
16672403
112831782
115908039
18313617
6670372
135579990
44133183
22214087
17543976
19621110
17899109
17539739
15010370
14761795
78389730
158865339
12101862
211891109
1319181
18682756
14800270
38621682
62414342
38802447
67792139
17849463
80367297
17388955
65733755
41476705
41427641
70441888
115465858
15492359
89802469
12096202
1046791
3021291
45541157
64211753
1754641
57949239
9717472
25068332
16955991
14339698
124245139
57356394
15114927
90651008
116522203
17204680
196773858
14888230
44177383
39859365
26618680
131659999
23335967
36098990
26583801
143633494
49460011
148749559
66926922
113640392
31347601
33983479
44217530
84353161
84358766
92717138
156132825
79293791
21619519
59525321
50311369
80087574
81436631
16071315
70761591
34175452
191090310
15481063
16157175
24122117
62920179
21111896
191504048
12134692
173544524
50826280
116033147
22140118
96846955
35995728
95327111
62922183
44117894
79324037
44133838
31206600
20030478
62632399
25972757
43935910
24493831
15224867
44359898
33549858
15169907
14230524
22284074
48358776
25541565
41666986
43054319
24932646
15295015
28604147
52811788
27985612
16396588
15705161
55366278
46430894
81178533
17468670
14718087
16302242
47794752
54682125
19920201
25110374
37890764
28041478
18791852
33685151
20652786
35289761
23767290
75591284
18197232
28136504
56349688
73209774
33535438
71879493
69165787
18150223
16812787
17560096
17056189
15111532
57005142
15655449
49504970
16111612
17941156
17967741
28368261
17889970
21556071
37827770
15925385
15906933
16289860
15833470
5490392
8841372
22981918
18640980
24382536
16458665
35822604
21112185
37709555
14055704
32959253
9313022
19963172
39270199
27677483
13557972
10335262
17888589
17929859
14268957
34313450
29546945
19397785
16186995
16185189
12636032
60273
15580026
17169320
26589987
23591303
16356322
18472960
36700711
17108567
23754278
26217409
23605450
657863
18498684
14896557
30922623
19295622
33424992
33605104
19028727
16683941
22190585
24606439
22745133
19139193
15485441
14514804
27968414
16116288
16472692
23778247
16214605
28394007
15633027
23259606
10416722
18509293
17725140
17446936
1397291
22418439
18416271
16412744
14063540
18399071
14804281
15273747
14238142
14713235
14377875
14499513
13165162
12480582
16976531
14976726
21924949
15989282
17980345
15504585
16150075
19273972
17873172
16014055
15446126
15454315
15525364
5417132
16150899
16346602
14494598
15356711
17012942
15930882
18312906
22053260
17203389
15617631
10886522
17393115
15130471
14193620
14939981
18202444
17525171
15049979
18201801
804455
17413141
17184065
9023932
874
17623957
17518626
15915105
14435332
19006934
15057943
11178782
16336998
17349537
14358966
2735591
16661296
16896485
14098332
14652452
17801805
19912362
20016214
19093640
21492997
20334860
14796421
2109361
30973
15831817
14074102
19784831
15131310
291
807095
780457
15636955
14692160
15279429
16857380
6899192
19732920
21228708
19935181
17266725
19713312
13082862
14389031
712423
14267591
16908873
5378272
20713061
19472585
18227519
14368074
16012783
16451013
15190016
15388795
6708952
14144487
14091360
3108351
14730859
14293310
2569261
21804545
18220175
7540482
12
20
21668813
21462669
14083590
19316223
