16779600
843414095386857472
4703069094
1262776610
1546520995
42447494
971267735698239489
1002133456342700034
995786126496620545
1001936264520716288
18058545
839599581004345344
996719209844494336
993195503188930562
995069360539652097
966295272526671875
114761840
848701849410711552
985918427079593984
2210106102
987457528333258753
978743392229314560
10340482
1365302184
986757568642117632
964297190440099840
119886310
15115280
892481240246484992
841910365
981295562963279872
19570960
951515252188962817
109854452
2786282417
974380360678158336
968857067791425536
957660194204475392
966219063369363456
516823255
84704680
610021318
580224794
950522621254303746
732261979352670208
12397052
226890990
221969181
958763035543425025
20297872
955836013133393920
56038149
934424112482701313
939628500117524481
947243754028699653
917256650293239808
37047399
23636912
60091288
844958585071243264
3119951104
22337002
916781392473808896
929394175178629120
61947536
1140597810
900071203729178624
156650515
2670830970
426578718
949993477
923963605774753792
587823070
839669254215491587
928601261116739584
766547376
2770985783
789919087686213632
922828588755251200
904069969150861316
871498923642417159
2343793734
917565047546765314
826780993356836866
899022246995513344
909432479551016960
908714630364643328
825518870421180416
836917628933394432
388149064
864667356836114432
3329031779
88702470
3309146108
350509998
587714983
895767103051116552
880042163786199040
246052443
865133501212839936
806619515077492737
239496179
870034854301192193
223261463
2295050172
767817516546600960
601615203
834544500395667458
817787756281790464
33067988
88621782
83014184
61149653
74181714
824257386021933056
305517960
778932125613584384
4885365872
30243170
82180639
71861333
312068518
1039011794
113077333
838187407417753601
2746940134
3402909411
707345644004966401
826074135906308097
343480193
824747821324709889
2774645452
133938408
4174527256
795008616206045184
388149058
111700234
2440130370
534560891
829800018534088707
823486635815927808
141267532
1395082716
236969106
797320080417619968
321029781
3456647655
260187382
822690403514101761
4675033692
809144789459353600
17804823
695730757403332609
4880749334
780259719298428928
16842538
1323798134
3305810951
778021645885792258
253743317
3082506125
793364471586525185
2937729053
799985837999984640
2513770272
797860699175325696
793207448433668096
531497078
4592125517
509113202
774189572578172928
1033205971
702630930595250176
2898353735
32883057
3248013822
5286532
4604922019
3841862414
3061495400
761011767015247872
753276906041184257
746554626690813953
2282392674
4755049051
4575835034
2218362828
153928740
117657207
620955813
1116473222
299448143
102148991
2367956967
19289989
5661792
708235692997005312
4886076866
704869378802626561
702226855244513280
3300788164
300488003
2735018024
4923275090
140676200
4645316474
3006144193
4312958193
78004825
4053916517
4462867637
2890138069
3187114208
1511378100
461122420
2282490602
1117920403
3578713993
3893588602
424924563
316132577
3330332961
1058380874
3068102708
30084514
298143457
2381803498
22001340
3167214896
101577085
380733929
89539440
453971131
286992566
169118881
86341049
2184920520
460340252
991374954
114649410
181694983
501057311
224466127
135149806
3103664058
17833372
1036103305
2801127703
92952806
3011417912
2851143676
2769062974
2950732942
17430047
1870101229
2811455407
599388545
2928065988
2884147036
2893861846
10160042
34282709
301125366
2812012964
591155187
17470495
171974849
410288889
30285425
32606955
1388616697
427775978
2779099777
57625403
51313431
30215661
355507338
29220452
2345497688
96883377
990412176
525627833
99808927
30224722
59159771
2442214958
289355088
475018435
459617681
907030026
42269775
373961066
2425273455
998720401
626562258
25210559
21163080
1294658400
72110521
36973087
38516217
51156133
1172270618
389780228
42790254
2198926320
85364838
2302515477
113217972
347424398
92831138
2275346846
197237293
