38497094
910492003359760384
84379342
253813094
15126599
824320219866923018
24296591
776198324747575297
39345493
722537417077436416
3863606953
115505144
2916305152
1161493932
105001940
1959556592
1924364738
475548397
2743113943
360894881
500704345
158095776
2605027879
50016578
617412306
36000408
421944319
16736535
19114743
44949890
143380136
258896042
15803225
382880044
263292498
23529233
19359778
153605262
637338906
98552561
80273245
616353890
862483279
701267743
204832963
10810102
238319766
15473958
37710752
320134516
259892619
279390084
364488011
90202078
292599839
30282704
143988282
180887271
95449578
48725171
487412249
20479813
1715051
80702644
75974281
436296747
391891226
282392576
15588657
17389318
315493672
126881128
14079041
16897676
15234407
17296792
34386708
310687757
14823150
17552077
346569284
304089779
244173104
52551600
43633246
17017636
16244721
15368615
36490075
67046335
29743384
15575251
131351549
19515424
275215221
39689218
618593
22935112
22461427
15666380
19697415
75641903
15667291
79110193
20609518
17881732
43170475
33608041
15177163
130962408
24447643
80468100
157907849
171676161
5802762
18114391
15919934
215394871
