394457601
15753498
2979341271
966797234766532608
15210670
20506286
4777913320
24367427
932183335224320005
120535696
735781201496023042
987469581978689536
723990998657826816
942159857137811458
2472775119
915747311673896960
249922815
29248444
23808059
41500236
21218780
55424193
300015650
802368506
814378561
113108232
3013763467
238688671
96681553
15128019
261600839
24103451
79566580
2196201139
79071587
106828140
48235991
16503045
33074906
1320890072
325314839
399710986
584666441
114644919
1210738028
22593381
251420328
339966969
62523105
137073119
973537531
972021782
769912814
930942338
112781013
41496720
19916057
865420188
74091885
32789527
23248098
218539565
77115813
39998366
23456613
14176676
415253943
33082513
42166883
14915466
575883327
130696301
99541647
225885898
222630845
32673237
18427310
24461707
238430202
63314413
128092687
27060562
27448169
94911888
418846631
48919351
381413556
92107707
140703872
35345465
62039102
145071980
351271543
176227601
234942468
150845045
21903064
210696297
324576470
260790808
41893888
36838521
22763757
269604924
137926259
218780262
127145411
15855700
16408593
234622012
23730530
48574196
110895195
203121301
66790672
15589169
40116206
111518997
27258611
76357785
171743667
126890977
42316489
80610566
160000494
57529763
77264470
110611567
33337474
47060291
66477660
81988781
29883473
102259717
32647763
52200767
83986433
15440787
107530591
16521468
21389999
61881857
19794490
58795096
63380467
33376383
45751480
82399935
44225590
70785202
60683526
35660702
14218511
25948725
61357114
47757991
57942791
48858703
33085032
49014364
49698740
55307413
48863385
32621676
48870578
34183329
16050852
