40981798
237033445
252679436
58107740
720787668884463616
4573035928
2371526682
2319286154
942878337806032901
2358984561
3219761100
19721402
1319528558
991411975845396480
844083367607963648
2157497975
888854062220922880
1976143068
852921973277642752
4407557715
3471360926
874968097345728512
2546134596
787020024099766272
250408897
70681150
365365351
13298072
2916305152
1282121312
3320724247
727258083236286464
61033129
19923638
846313141
1578913718
96277499
821652331603357696
971502924865171456
3411765495
1915033663
2463848636
965266179836252161
1787201851
551933920
497370467
172102320
887782837402783744
35652393
367479370
832445914845413378
730968777035124736
75095326
393134427
155117983
2204288023
3063306348
15537936
714559892426592256
835257686782529536
42345999
1444853348
15066118
3123311292
237074534
2209184108
402594268
252365061
17970094
835666160
169586297
278234011
262458205
820705814906339328
4923811
284305003
21242241
239278426
2859544973
254974773
280797233
306324927
13393052
1694040764
2395748873
456621246
881164554344030209
3433530838
336717668
215822383
522627077
38747193
69367470
21404171
797315311
34743251
44196397
5988062
3108351
1652541
87818409
915465450
125304737
18732790
729468343
237845487
2467791
18708466
611941828
32671625
5392522
27187343
108617810
2303751216
14529929
16017475
22771961
16129920
15012486
50325797
28785486
759251
15224867
1333467482
361289499
707471022
357312062
574032254
2997324590
714758552
3232765964
18646108
813286
3592082542
270564844
457606947
798255407391248384
3328058051
781351589411827712
776871525999865856
755211844822900736
76791634
860694888
1308670897
18031852
742453163098296320
95578086
710682575870795776
143104075
307000889
365258775
19936982
25694156
98992586
19500493
281264473
393588826
183403584
14957147
23865382
429227921
64643056
26443701
37710752
822215679726100480
1536791610
158414847
970207298
3400829291
3005468946
384649587
16582578
136674424
37093178
23027648
552308742
196277177
31093615
256542586
351062478
18988304
23499568
18825961
19520983
1344911575
863135216
331034829
15458694
1917731
227852474
300982287
43833516
779567372
47191293
24469580
48753944
45193645
42110262
41784974
216776631
35934245
339773244
1536844544
132007181
29442313
3215145941
2356004061
504890998
91610572
1388605717
5402612
397355066
1643584184
204985220
387440350
227752987
2963450891
2748312761
319755419
404194211
2433297039
617777020
617825073
617854798
1250115360
2842896075
563245414
42744294
2824436444
51241574
428333
14293310
807095
2097571
742143
455288410
444782846
112369392
1643145572
14505245
1626294277
1630896181
97327765
20007097
27000730
2721777926
14090948
15210284
195504210
125114076
20349777
2317351705
316389142
106556840
174381739
2346158455
2595355578
2570210544
1066379744
18653078
9624742
66369181
11348282
9237072
19562228
19879313
248771666
134234000
612009655
1130052427
68879167
149202659
2490810707
51638904
963558768
417244845
22894742
498177610
22685200
18948541
36743910
20479813
19725644
235796764
286432706
378212972
286703523
237770636
139241987
2359101612
1480946340
1167449568
268031172
2342392352
624378516
443450465
23218693
15970050
22412376
294636267
22147137
39597481
69964783
251304535
57156528
221969181
415943176
316510140
443215941
178911514
34299188
1320419802
97986010
2279718039
113567363
239842365
228466243
230227730
107528421
23255247
413451015
31206614
32370924
284162348
379556316
256311533
49785556
34732354
75821456
68852166
1859348893
119068103
91478624
84624805
505122724
1478037949
96506535
22557311
228554424
371449783
51977151
251697309
225141843
256327232
68082352
16784555
377563848
18341430
231569896
1081344674
212719755
213873459
378585971
1653671924
334822472
44070107
300032435
613105181
35912291
1422335292
618947663
294404771
23088176
27702107
1679661290
259118218
262050686
23561980
393575595
446616408
17986973
115711911
610897502
590392223
36994785
132348358
206770232
26814834
387902421
325864720
101867245
1590652417
25980771
292777349
987552979
16229735
15808765
216299334
297047872
31346031
155705264
23818581
379537152
64333669
327117872
283173307
27754737
16589206
291485680
17220934
234996123
284089166
245022729
139162440
27749999
822215673812119553
30313925
1287706244
1321572428
1096795700
48724141
610915534
385371333
373157754
824604415
425364853
28245852
80103369
317783801
408810119
1317623640
1303089283
1292910950
97348361
935295133
57707507
29856819
521781869
216881337
487071815
15143478
350992582
565659558
287371625
26662293
120934849
251724820
16302242
351922631
452457322
21506437
313396886
279390084
16581795
297066172
501303192
1007599998
1069447848
237147973
157700172
45248571
9300262
1020710238
204832963
17722477
20776837
22940200
366232999
195856294
775264357
413142251
895942424
168019413
54672169
275204601
287950438
950730733
547200984
507854759
558588023
197289047
224853121
373560357
95713333
38870805
141863649
48748998
124973163
36504197
258977267
222997964
256795438
20819776
18839892
430261186
24733117
394699304
870891590
841219573
832341720
372983282
574890288
309200444
596334676
411246048
434594244
378901527
36835532
829710146
587739547
284137372
366153859
358283285
31540323
51480894
804355644
426234245
88502121
423530991
767985818
435399757
511323879
162208670
275861249
413591332
786899382
132021599
383471220
753853723
362648948
384589392
587134373
405579282
553929116
241141897
383195612
66925205
592257770
410261281
173258078
308685583
543899373
25395234
624258955
624112363
245950392
79184073
175494210
554670262
459648991
239568876
78382995
377624799
602295177
368668520
156057871
89366403
432109606
581571999
564679839
360669017
37210316
94652430
361394715
384576587
270935763
386869182
336389975
344818454
271895546
24527027
481869528
163882803
330122006
17883546
548639782
520023519
497137598
378899910
395070855
533786523
435496185
70419954
19618527
395416759
490452669
504791723
324302634
315506799
386850003
491494941
459602372
316198927
348768885
494659519
380059892
374156941
43655612
26304309
359976180
394416890
116514985
16668573
465906370
175607642
355244858
457997633
228492024
448951098
440228267
270646722
448386950
81756964
366057087
394691707
442166632
422609294
380543342
306321100
434522917
165160363
426053326
367019164
67350254
40401515
288019405
242564574
14480405
385597577
410408349
330556413
381321110
399106516
46951572
22146282
268886224
150271954
26257166
375425082
394727644
384099791
369601377
395317348
158975856
35107772
50898209
156078343
291228550
279241764
58567634
389679874
220038817
277173231
331391383
384526867
380510994
388317655
385961604
387855380
277747424
236263918
242991167
386664045
372545470
263942371
265029924
275883053
271092392
273547615
246625892
382888922
382969513
48049016
374485245
326618867
380863668
256192929
360529747
360152043
379495261
378314093
240286385
378343735
377121681
244945703
377464896
281863728
33312296
377041116
65608026
256328335
237461867
286440212
256788437
294981397
372215032
355655864
361039760
2557521
373489536
366347619
324237872
350998040
368431055
344815333
283893955
364169950
354961568
287413569
365708193
235789154
304185486
344717862
37326896
273691020
359735369
362655140
352338983
238626852
307072516
279549778
66897578
291047327
240984023
351069735
359154579
352076545
345706908
287434101
295443822
327707979
18571643
336436078
337437987
325584553
335489543
324665788
103455480
68344214
279636454
326209552
213446781
308669490
315306589
275326574
319057106
246100983
101177156
317171817
143184824
92139784
281201625
283922163
303349326
239216357
267904905
89366493
275752115
27353418
25403689
285926571
247393762
255301557
18078357
223016975
115485051
262464584
297195834
275545364
243353855
35112547
182431214
239160988
192558641
249153717
15437723
62144274
28213666
239460447
33642424
263136959
246073037
52257064
64524457
246956522
31657255
259878792
263649062
184040064
35895932
285895351
256294318
50897482
247015422
256349466
283728347
165266042
255204918
246578123
253217936
25521487
199014512
44988677
248465573
251903317
275112901
266399369
245500266
260891116
100673865
257933937
258563146
275092528
101005009
285852307
291182415
260497203
299420951
271703072
245551524
30763343
247472313
242147428
258565857
157080313
59368391
238412732
266858930
259843154
175241444
35061329
278784908
120864188
50004938
14075928
19697415
