984228676454596609
196640692
714173810623123456
1381088924
779368915625316352
2241790543
2891477268
786215645071278080
23094875
4886114183
800375946775707653
15212700
282864250
1707526134
43879159
2651595991
162096815
3068750599
53158947
18554720
2886575594
34383891
23823183
184645020
304179492
3306356200
1002200499066621953
774752374183243777
101568369
957644069966172161
58615970
1165934089
26136170
1001498767525335040
943821117294292993
950866168738349056
46786678
797089954367238144
17816504
714720425801084930
456182675
851711263
587676806
710256240287289345
942418911777185792
14811452
26286483
602360250
849187092
743074548665311232
1392416581
886999759948574720
25926296
81332552
38929493
900587053066444800
361902109
113099633
308501672
742695104
617465225
260604820
34472215
2564149767
341976448
396351163
167545251
3095341545
3013712736
2922039541
779203152637669376
1450977566
889306663446093824
890977722683576321
898554879022514177
2595571764
795705200778428416
19943886
1320029719
708872800052719617
21973900
1548408811
890286145682239493
281833910
935887501281103872
2523594596
91942071
2380853546
985932810329509889
865178073603465216
231687419
2496271447
2777052188
342295911
1244968026
62145334
942052787059351555
830946630819991552
1154238810
278661432
931582006617616384
195870839
996973497778716673
113982788
997222333617078272
426119276
300686726
3164497243
995868356241690624
526424852
19038147
995661048748347392
43537384
2344205304
856166926468251648
980175005064495104
1597496460
220504153
878842414819135488
896772603788054530
1210227475
877564314756009987
756597292585590785
969104464073318400
46919079
15857447
288716170
801833366177910784
935599607131836416
17965014
334178844
1924071992
703339441
828452915224272897
314241054
321774180
2747371538
989622076829978624
707009799716622336
994359195880312837
22346527
18080052
18149800
35439300
835319567278727168
855100318253694976
957786302598012930
754940143295991809
39611817
254189414
176225738
4910106339
16771060
2496335227
827246630873100288
3479311
2263272968
290028823
2910302545
898940573285052417
4157006055
749727280428158977
20939549
4161584123
400454957
883077761127956480
4764922104
990529528752758785
2969239357
851112891491078144
15937762
973031542598569985
18609812
758050879354175488
41741487
3513956295
22962349
603835660
919667724535648262
949630932084056064
18730596
28621789
14538268
4184334562
95672893
312428384
7362602
961387138259435520
436968221
239497261
973388194178879489
15982764
804521058
714219239809241089
27070806
748905282151936004
972563385870032896
823260757722660864
24775935
791078192635191297
726872852968931328
2151666188
20773702
795451319930814464
204028731
844588740089593856
711007881
626515184
833369552335601664
838744263059886081
761163587263922176
171337448
440688620
984515381216899072
358464377
754699472618135553
2361437767
17172091
29180302
985392444949876736
936684271707627520
935708525535170566
837080785
1229159916
23746411
724037074110783492
822567864259510272
1045255634
503548941
879821271873212416
4843940806
441154386
1345580348
15545122
387171740
3124664090
1670974896
801549353227841536
825718199853400064
551393995
960568117373165568
891719336892653568
2766601253
1182277687
1120879074
199052177
420784051
54311303
33596934
557438892
2181378840
818984645563912196
149372504
269798459
191167764
965599619945295872
835215973447839750
765255197488742400
100150576
2363126492
25203361
484129326
954023369749532672
883052959424290816
2869618630
3129154179
16019039
824526829222518785
976631889774727168
320236074
2686408494
840280422210756608
780554887973056512
370130931
25262325
321777232
173687625
865350444960415744
990193227436384257
901654699010650113
901651051404812288
824461502048534529
135677506
446760776
77329593
27451197
871990688870805509
939963705978249217
700889108131004418
987769710044483585
1074775441
34736991
881174262983254016
934632554723934209
978376837079248896
960576840988577794
888565679309369344
970832842673541122
929839586863435778
959278750784307201
973562324014567426
987094945231237120
2387273971
25552286
842802644
50822824
860249422403428352
938975388562280450
97699126
784450774759673856
2196252566
758130655222005760
870412311361540096
882709230838534144
759648481
1671431898
4589247915
985951548634099712
16719435
806288677995507712
2687431995
28619924
900406288055758849
945803584087588864
15521905
16430089
43467353
512756649
551993269
967136868
3387586653
866567204
31338715
59215512
66305216
717932099
1697620177
15469000
827237152836685826
3004152569
2990111655
1720881115
1522581132
40028863
531190709
2256710300
25691775
127363719
1634302975
96636106
90736711
826803049356226562
190757511
3145314806
4821515421
399178595
21705181
978776569916284928
46197784
978375184167161858
294991606
106221282
801215898455392257
91025286
1513936188
15115280
800111181058838528
982786048164950017
835717853114429441
597121996
875379972302667777
929529393302654976
886599840133677058
3058713120
209905236
19769070
159929801
227470580
770816099046875136
19247639
714816751133810689
1666006693
3433028235
1141219506
31535818
735262285434785794
739844197935644672
44902864
862637771185426432
2836733540
1717330770
3017686590
308711173
2560474842
757688347502350336
26035408
37280126
948728874950709248
46802806
4220538749
857387768065818624
850175777899511809
949809988100395008
3493563087
236928181
926235677871804417
2421083246
858846275831312384
3197972357
4725161468
31636134
3786393313
3611013914
759093223314722816
182508322
65468860
2232063625
948950097030623232
1226420179
824395857625808896
754779897252421632
2713163442
935916118870552577
833777334528331776
873913174646550528
2855792708
826982179204915200
830171903985905664
793902637733146624
2779738852
914279468927041539
1387605979
227362755
33108674
261494209
752561132200554496
952649185056186369
790272717744381953
391570460
2820911056
735382638278672384
376919628
945391409137364992
937867041460981761
21539403
807592712765456385
3233920893
51259456
26412616
972346911427612672
286563807
21329959
931607321175838720
254366994
117949463
33590010
844792538
906206083
2724508139
773607351798603776
901667341
740736783126790144
818162497265930241
3272252778
477454382
2236439455
4135867673
19953609
57419364
123046134
902293174525329408
864487498935787520
886351829889687553
261157191
817496892384759808
4431639255
3313125333
48246434
578157919
827714966278909953
2249874298
860189500731011073
1295633268
1969346438
1449478590
928341936074784768
262455200
1971156998
51424346
35295211
711031364
291883586
48768879
22208812
258127708
32513311
435491527
834529854339088390
33913156
864454614929645569
531865561
906637583102484480
168918386
125033736
719624962504581120
912307916337590272
4423308612
246386962
1886521922
837235081
222002799
2950806408
2705264191
24004887
16225955
729468011652874240
109415762
758717927680016385
4735827454
44436320
954548319518412800
973233721464647681
64637107
1286798574
34438002
773145516
824901212667392001
732515283902943232
958072897477758977
31181402
24548578
943869776354594816
41939318
890216312840081413
366163310
1344450697
483330559
791265455692517376
3435645009
715317475689238529
822474308110970880
20846121
893900539083313152
1963649881
786208334605062145
910357251751383040
124778548
767484720724647936
1380737298
818957363260424192
844935564897878016
2713080925
813279496296013824
29352883
4026644393
820421715192782848
974270313893539840
971633801871835136
920681872211951616
822702438532530176
413722926
2488855237
824579638265581568
18348159
2460749166
21906070
956400432355643393
52612163
24038579
2556793152
879924583985537024
15328937
3138454448
802956754313216000
105616248
2247424050
20351331
881336677138128897
845465022046232576
58487646
862882482387025921
4722204972
70555033
27345380
1173602827
822213976796733442
954706325308624896
970881553420161024
3055990143
415185453
1710543456
824390656491720705
3020231127
442880382
898739108
820000511403249664
20352497
623658877
23230387
799321819165691904
747692324
87445520
452706566
938648802931695621
2664332899
828302764371542016
38975319
838613046293630976
164778869
757720039961145344
966469425447784449
179823503
841309644756799491
1093709436
164166414
2776684783
849844156654637056
967784697844580352
1206659508
926863126317948933
574573813
875868998474375169
35591912
830191554509811716
24031559
1976164837
793138975661821952
32671625
706666581741318144
786350701
822124776026214400
3381907619
856969981388390400
473842563
911314518667653120
946524674627956741
154077635
880452181396045824
235766068
245402406
407362710
123087976
265449792
32443514
846877529650544641
827856654951538689
41401254
4860642025
703575516280987652
42447494
785209740
954668424109551617
792382820727398400
4600892127
872437143699951616
825518870421180416
392212735
614797247
4482329417
861616584351260677
40411640
928269303761158145
811578338120712192
59269354
402320568
28225322
757755996337016832
704778428
867634876899393537
74052199
781482833554632704
314257139
907663719513055237
911826568019894272
862084184805912578
1411998181
892419005784272896
2562852312
2983983273
913989447510892544
865172970788052992
14397988
203056990
38210453
35263282
913983698013274112
3535835608
889585550717538310
49068640
1229007625
829712720542830592
841413794429460480
802649176299466752
2904802272
285944146
1262962086
896044435041136644
754827018403971077
20464191
432734907
951349253628203009
2935342215
47613523
4653017114
3316388106
319777415
923242090661740544
729806935453794306
1273796113
14098909
3097390120
956218930430971911
2460063848
120995738
874914151096778753
3232014475
723637214136164354
2992003356
468902802
2149976635
788904231021387776
228083151
903804683126542336
921376671319474176
891082202875924480
210658819
896158368120877056
334445588
2342790655
953947234667724800
77933310
898633270602211328
229320385
2192341766
804554843851370496
2801229139
893120242825789440
926893166162214913
4646358135
1388303107
490916933
824768114550247424
2998864022
923237688
1045074384
26406958
884851844761169920
834398388355473408
4591711108
20886598
1952510090
580312540
97097009
411446545
799681284670791681
4030513874
17717593
431871482
1585983950
520029915
426578718
825405072502902784
820865392889298944
928704751100768256
971064535
360324099
800377702641324032
104016988
759088783539081216
885127083147624448
38987167
728930346109181952
119166897
146160591
862065354159394816
560547477
2343729157
57033285
3288598806
799997149576622080
797252095518842880
817825066993860608
1942789135
2935435501
847942138545422336
914657644358463488
2648347002
2173054549
874520083225354240
46477493
1201545739
301817738
746056999109074947
534941255
28224662
580224794
430031199
19570960
745737728633933824
1387056674
183356752
3219780194
4704434553
95112489
863259504795930624
741327395295244290
4848038221
2208836900
929538139730964480
24641346
872195582340759553
218396108
3017732286
381575459
2820811717
280201896
2718554942
825414269248303104
21429902
74451845
327712657
836686270898171904
538452386
2404580623
3949720273
489975747
2788288235
817543800251883520
766878593007792128
885755911
206214281
37965973
172940201
195553045
911400588
306905511
135195583
199389921
234636474
884090847029059584
1345863054
32498153
850765289641963522
439415348
3326783706
514743161
561959489
37504523
481338397
2919230268
895311319792054274
17487771
2310662821
991677750
2567268222
154311445
18698555
27649069
612057704
732372760605921280
147622355
2244015096
798186529269030914
814130011343093764
19162838
19044299
768652068609339392
263515257
744521862282096640
15730901
2332308560
21482506
878758657453772804
971355548
24066929
422820766
723148184013279234
