714123468833480707
404794945
876969807551352832
895423000060674049
309804899
350414680
897977803144142849
803017539903029248
365426439
847849408414851072
876544627771363329
2733846597
3300718742
279234400
964638855939969025
37853711
964946007007129601
781686939090980864
2546137618
709821204132143104
954105880634519552
177309292
34367582
92267344
1004045554400231424
107439136
143308437
940365956383215616
726430582675111936
758431118571876352
865744621694930944
61325310
3874532953
53762268
787425432350195712
256169746
960326981224161280
4083165995
1635593876
967515507145441280
247268878
529575018
704844310462631936
105926308
883523437465096192
991260752538406912
764565157301202944
789609680339427329
23683237
268589772
19095633
899648533510316032
961349627344601088
61851477
989981508567003137
1077784891
3035041457
3043920216
797873440296464384
905214959948312577
4017365134
2463789685
517021475
824900464491704321
3300832521
832595604
988566398929645573
403889433
40763571
3345803241
30904101
940816257179406336
879377981579415553
912477470875635716
27250894
71095237
871574155744821248
997990649856131072
3016233550
1737851893
193085180
918727990984392707
2419766311
719633677391654912
1069646324
973617249830367232
3292501164
329345563
995775377275478016
954384603388829698
49176574
583297563
758473250380849152
3083905395
950450810684665856
41392327
975488199819780096
916876797823696896
934131601771986944
933139404843085825
2835604479
938090069872832513
788482463458820096
89329594
5644772
826210308263903233
352532987
947294264806989824
836232032980185090
160223181
797965760647798784
954239889050128384
796444309671161856
914987851124584448
805552999
704711498694828032
23891573
979086802484019200
19621464
216280837
969013537816371201
755697679234105344
921096170251931648
2266158824
716346908348813312
965603336081719297
965591612607799297
798635056868642816
2312678198
881152831176155136
17841727
1722845456
742851683978350592
1514780328
63852360
2986412740
969667503361175552
580429692
1535807275
347013006
961303011862626304
745717336334807040
958892508825649153
726587320195899392
96616094
815916290560835584
3806135535
716146833030930433
1442132262
751400910710988800
3186849668
1099302192
933656540581679104
3244370856
955810898081280000
1429199480
824391991937167360
967793318573649920
700717089548439552
3244715876
2575014439
982673455878356992
817079364751917057
984039147320041473
2580947641
1731221024
372574191
3415287255
3130126629
279294502
42939708
46170741
944497829636116481
1000796513478426624
1616099815
892133369965944833
406483952
261226885
802566158952108033
17651152
979766683459088384
3225760870
920027058310221824
961027137183592448
733400841843970048
3566477775
25650836
797415238928830464
975340802208681985
366089440
84860555
925485698634747904
945624649790115846
3231384780
1952636125
240272522
4853615919
4802984436
3307875003
237940612
755828843609337856
1454186268
2658842593
731085220355686400
1440658580
966290418655727616
1037554748
716677320229175296
2803927521
3572201837
843542154530164736
3085949310
2864506139
988113486990528512
994594094079971328
995268298165178369
139737780
32882204
973596820608880640
939141124823879681
52203280
1011664597
3883733953
1198876170
3056590451
845110780303495168
897468523789922304
552895143
1950590634
194160226
232879394
397465217
2616496033
473532482
966251017879814144
3334841585
796364315758567424
833743092872261632
405195083
17871760
384408332
2813812456
33272139
978082586437144576
1303805886
982535913879240704
1432331317
899437524103254017
731264289579798528
3545688979
842742109
574038392
83143192
890415323517767681
389682960
912867267758772224
989914449632026625
740358125392408576
2833257757
55878910
814461304064921600
2273656190
1713955530
823214998663077890
309357007
195878415
923395031007817728
823262922881306626
2979828743
903483174742777857
2730264319
35425777
974422605930422273
981379986
801599281421488128
986327804441710593
706160561470439424
2255306193
49315774
67657700
794564688
63282745
769912121413033984
954855612185219072
3238205102
936832062660710400
998912053803999233
831698691270537217
303740643
877212108479492096
802693762266832896
799111347111751680
985704732189712384
782743639881424896
702292809588580352
4904210669
562084612
968913555797020672
222723430
704699651371315200
806910224863006721
601193068
787880760627695616
770967419884040192
2212111887
2355810897
711789436
4693075279
937697708969746432
119029167
999404628201693184
769018433082195969
3772561752
972860184451338240
3228619557
1260838123
823010547553763329
977622418146709506
795247386549514240
762960798
2364896664
390430596
2585937846
722455109779779584
1008695929
744359248100917248
727929526081171456
450059289
391775695
560848308
967004209467088896
44448410
3337744786
910942781463564288
2369413105
995751369054277632
268563528
927379783092195328
951304811558920197
870650368123969536
820451026104975360
781176232054493184
898663784537096192
995309346157293570
717693354520260608
881184633173442560
898247427525836801
1155620580
765547943915089920
69407113
845891439426859008
1143615414
449843676
1468661162
2715481674
928677914220130304
1923505015
2752265052
825777533799034882
4218706702
630673071
898528813880979457
908777099074375682
948391038242164737
391784578
759124177253240832
1424625582
3885814212
789600135231762432
1553809286
173289098
713606252647985152
748193776322023424
2908129260
934032358218649600
958936736133984257
1437303385
438449199
997297928975798272
758729592672653312
3121381586
61299475
844235667743821824
996116857030574080
811384796576264192
823380074762145792
946406725074157569
65626618
41919896
817867906969112578
863511920
234099676
1441234915
108474627
269904676
214291865
819168536820088837
948232962524565505
2421287688
2347362847
786571020475834368
2754147565
819692056356524032
898017849012125698
885512012561870849
348732291
868570375268913153
157741362
104275768
760378250
1170668851
949441057997164544
775432673439338497
968498226012803074
1918736928
2949370421
35261177
2998550915
2203153698
799828977368104960
58839378
2711032092
965201932364247040
25590335
884922010274582528
2330420924
17853330
1050057278
4242617675
705889585587421184
818748429769654272
972081381219192832
886438170031566853
273780728
940756712440578048
474547059
2952977411
761075928319406080
818643893025550336
919757746228137984
828304313122320384
818262924934295552
753733787712909313
833019939015385089
800852231893360640
547969112
21655561
3185297814
911937165017452544
258632037
3232977036
742580394575286272
3317852642
2734066113
999294162213244928
920661773262475264
247880931
4343820581
115604864
944719413860696064
202952121
4884814474
314600608
46195585
186278633
977400397
1009518132
3454027281
968271242984869890
802623208704741376
871183884788150272
3248410062
28273116
781669651902296064
758464471920541696
20467227
820696307337547776
962056696204963841
132623826
903313767596822528
928377838608060416
4291166837
804672966
722590183573430272
1566572072
425206555
3394053112
2977965461
2918587456
4765364386
983483059428261889
1909356980
58608103
71857191
210200314
706313463098806272
936968472898125824
26742939
728617212152455168
997460305935585280
4812976387
15136857
1071280824
822462665910063105
398159103
999833649078976512
4266408369
269235211
2950103415
740483180
395530298
3124361109
24578794
14437333
937376646218289152
956575941991587841
994962553645170688
3518486666
997609170663862273
44417425
277834766
232108392
980692946168242176
59274499
2845812077
3724908496
58869220
1129885076
1063430168
891191762689150976
177757104
780737536385699841
2857313947
779507422738067456
863081980333838338
968502400851103744
17563391
1135938254
153268863
25320639
704387159885799424
4214596455
427514441
903321187329220609
826124051869528065
294842875
465290310
817661098988019712
968296902931468289
976854054042251265
857843317769478145
394796986
3073381675
1428707605
455566628
1852558106
397878488
1059439951
1546606536
847845464489824256
220033286
22533298
974991414894497794
24430976
241776425
965695721159749633
26493904
1364411220
1691781967
86225597
964201592483434496
1206671856
981322999855857664
997092533489500168
876422725883002880
26444955
3284112337
874296868272046081
899115298997055491
2771503019
4915981217
788330420807012352
2966024513
848308515110342657
131551379
728629238161547264
819648266128199684
32678450
3087177750
16725026
995380135720378369
102855741
809532486728486912
373668532
560321956
962374930179375104
881030459307819008
965288685284614146
833041413340139520
51522651
31069687
531788041
2858886167
21885405
514485691
979693600912101376
27762161
2159779477
456179788
29338944
430422479
231648996
720920519269179392
2187248892
818758468538683392
921430383891279874
2922360215
65120930
385745715
549642880
1142465479
165904582
276452562
2908213771
1324067964
2207333564
752687908730105856
54017596
1297874544
958010304746618880
4410462742
451491354
935689052568899586
275264594
764529791168950272
23268382
54481917
3084743627
2990632949
885955028
857346445
114017424
885206966334873600
920621902988791810
307877719
23199382
965641046339325952
3280830229
1189926044
704093446060040195
833109996183384066
18198348
993123473319976961
842831542271451136
989068014850101248
763189777482911745
63104833
903277435986206720
793500184386887680
1596384240
790707147436920832
2235764146
463384438
25072349
931587075413102593
28438028
624610355
970197418980642816
155336615
733646189078450179
922170782213697536
4853493263
784880539605999616
842211794005430272
2218437631
785624941437804544
21237646
957409899838955520
1259514080
3073937430
557468072
957736036003602432
1681255195
816029134589689857
45971460
994330927521087493
787412570831331328
16185983
991490139623907328
1078050246
18004170
1062796752
2378818687
2321698520
3580248555
945109395058421760
954182009236070400
1609564021
1726028011
1356578629
158876370
739641369573101568
84214727
966716807452258304
869002885543153664
809955908
870908840
2676764275
889947284
822916627104731136
2398047932
2511302358
893437514
1860991694
594990097
19492233
713817057062682625
215071268
876234286076133377
885628187451019266
1944898027
572139833
143539322
743612380475711493
3248715393
39382447
402854241
480500298
904386467996237824
2284338600
990386863004422144
774407190660591616
755985907
898002231630458880
43911855
990402971887337472
2429410915
756335027538038784
270708840
4100525847
715529949440909313
788738939939090432
937523295968223232
2873973494
22409500
2506645070
789238828473081856
753633546292436992
4850531673
768587359797383168
535317716
984666990894657537
1931092784
854092525430345728
877747105
820432978392338440
823089994961186816
803727493404459009
926907495167094785
4856105655
2806676274
850703656756408321
17189082
931618999149895680
791459710947954688
281290352
802723373331738624
815577854780076032
277830075
967042969466474496
52733631
4156488166
966820792871763968
776871960852783104
886749077819535360
36231007
833424171057176581
98851120
1180978608
777140964234293248
3492524835
390872553
133613443
88196900
752812407320354816
202409015
963261049460883456
873192795334352896
3131208287
954780384012648449
883311224540344320
1243871126
813792864484343808
696887588083249152
2395485632
839637180758683648
863885336392470528
38500383
526631672
984974369821687808
2563797115
14532980
955142482798366720
893320018775097345
732693333860962304
16155881
708163691
899079080
488060497
853060001199517697
16043205
2948453912
951213943103672321
4918775000
848167648395489280
934298773328728064
3654152234
816735686711803904
4082163374
26160074
34980279
19295547
67700346
267372601
62829146
1014322812
461522834
951240503713869825
709238193162289152
2241666690
21851024
823177637795393537
885945262040068096
271012721
1609603213
2925017463
784901494059442180
803015939407147008
248630752
761665641019432960
836018584560275458
877617055503134721
849087560890634241
31853495
993898005278445568
966207069966790657
944078682292879361
972091738914516992
3886626733
926104567867199488
1602636956
41723079
820009377780420608
832329338230038532
270181271
726128809104146432
768980142819569664
914832347203276801
979602798076510208
975771907466448898
4837181872
965272784036343808
47796987
341986345
915165657112698882
810491987715452928
874702735
4248599474
951618360021729280
106911238
4876366659
4404348794
850715185170042880
990975253328334849
124787479
1480918146
898274209784266752
903300283530338304
22761123
436215417
885721369
3348399252
812816408966996032
757776865180483584
302004290
789838755767132164
713235209706086401
783404381337157632
873725359715385345
55586501
958064770019741696
953442187450179584
874757366
4203824716
211583388
838008873801895936
901972470307069952
743521179558809600
879416319652790276
3435940588
2295015708
281790164
444994317
2749874465
4197139332
864585230308569089
820330943890288641
957884020578164736
829230743155007488
62554460
772891119424331776
838114538868342787
23787311
822790693169090560
2745998886
1475953650
877409586210328576
947512253674385408
438643637
251458911
983839772031496192
4318444874
991099795203919872
3307871031
21789755
824163956768075776
772071755103936517
855620439749533696
3288093800
41483772
4674191472
957348007661490176
3820556896
78661568
770467340567900161
1161817849
941517649128968192
702545696763879425
508077335
884820891317784576
2934690785
889877870209884160
33575622
4897039492
879389595972120577
4040155154
821727250857033729
822521443757932544
2898486298
63162574
1199461189
40908010
124743935
2967979453
798390046575493120
32513763
3356837416
40797142
27849370
800173620626526208
990818816056799232
3116533351
17758458
139719874
864223389296152577
705829910779006976
39661074
953613718411202560
137817412
2549039971
4501155257
961184629742014464
976541616398880770
783482499099918337
840346316433739777
800479405638225920
703971353351696384
2854245509
935687960124641281
3145106639
531554601
853856892
765651460008714243
805862640782217217
2873346346
2812250968
416526331
1080845412
821154555094126592
16857503
974807944155090944
875480347441594369
17927830
723940934287646721
858926086817808385
979392556470501377
2600315432
95755990
29792625
26697297
924236569577271296
721715690856550401
86891526
862726521559101443
221956423
410995743
1300826814
3505273155
4171684919
955611559979491328
4870992551
836636215801757696
34295196
974018476758024192
2528165413
981529184471322625
1588875338
80413587
1137725071
828631407312457729
933118765214191616
822451031590191105
937067029516963840
885902045089288192
781508481237016576
60438558
36655222
4749198854
11782232
63996778
24904416
817858160195235840
823865132719730688
944970156287057921
907076917353951232
249960313
357891603
4732268730
829221684683104256
869176992
842865254069690368
831095267797647360
968257606119755776
4499581109
865155386558566400
41677388
887619487431872512
985603014223331328
717631339571322880
455353933
102404415
1944744252
571460226
2509156808
4850511256
831199450752249859
590375230
887775072500555777
577768293
790618236123394048
2438858671
3022919947
277355403
814159584030052354
24222640
194125482
43398105
971288099685838848
3312124672
801927108608061440
915992974038847489
2866022840
801806997884702721
980470930034999297
905088362670956544
937276356269879298
158165155
946577155692961793
3949851501
804886579927842816
985608126396289024
776197271134154752
810522605077860353
977540657807060992
702969228912160769
3023691432
16672662
906458856976400384
3040181828
876903025700425730
983570205438828544
1534035715
61079268
166455908
824142768603807745
313273802
722207654
2855840411
519207758
101395252
826603301969989632
889543058366267393
129308833
707674630916415488
798001798497738752
2336020488
2715228391
2177035698
962071883309985794
37315796
734116403339493380
609901685
982290174427021313
112746155
53284800
934962310443126784
2327400218
320917731
1659267216
870238088525737984
884897456181334018
2566490573
910252780698456064
922902842540724224
3331973619
869027407
742558704801718273
985903064317091840
2605774730
2808234303
29446296
954047408488448000
4883801255
52576622
65891114
977624116890144768
903324907613937670
931574981384986624
91776801
185713842
823018028371677185
939227171289272321
832737314455506946
3210489785
864628611579564032
77910622
1039992620
2934162140
979718710364704769
2807010077
427190975
924710696318849025
823242305582878721
926729971858595841
4161793753
966846349789380608
26122639
904309675360968704
914104931761745920
92458697
1633755872
816130981472194560
4405815912
878026865465741312
265493957
369238671
918844878871818240
4426275675
838471757111705604
956889533760638977
2573567150
823881317943222272
802688617957171200
756506573334257665
968000621667409921
3988724416
756159482573447168
76187124
89776438
921153615305244672
2352381781
506884215
957232707251130368
927998963613040640
733815024368525312
2368112494
3050986295
4716376879
956394361146826752
326210627
794658564967202816
4774760127
954096794241204224
756479162131427329
24081461
976979165235810304
36875924
71231010
45994923
451272899
937733732261228544
20709117
842747593872625668
74806059
564216690
872449712506322945
3207589853
806890895140392961
924811068404314113
939694365525540864
822667212167188481
902214078
715766251549761537
935193601130356736
363713851
758121612814057472
938208517495971840
409236573
4837441020
880804109695242240
838578641936220164
175800480
275221156
476644075
707190520183988227
2244531320
789634562
985914909505572864
889854928444944384
859877575979667460
126085358
26848626
4453564713
976242429908193280
842504500124487680
4197034157
873413885977559040
1370971824
240676756
778060447740067840
455403624
189287622
750364590404472832
103066878
3951060802
552821881
3247084837
971849184738344960
17760630
980924994698887168
485373368
759108911513427968
941329811544461317
228376946
987220009
294927054
842584871436517376
826594598998798337
803935161696063489
328648736
14072631
4054923796
395363811
2969904375
269585454
2575765581
1968588246
208042930
844351884110581760
970364914920513536
198512092
439141551
973302870874324992
974605410035478528
613272756
463519847
913412403383099392
870355173222137856
43249283
857690055221104640
838903555
968850179037253636
958737683005747201
2437904618
3059253901
915736884
811546879
4310204417
973590238063939585
949622760854228992
838518786433019905
798873485011394560
760639552491024384
736398298739843073
1252301214
193751366
966759826188636161
33877540
867581221316046849
941482577843638272
84492453
839627124050841601
51464621
930498573451460608
956290382605770752
2919944264
915550605271293952
1000394480
2175089487
904974207871832064
54756727
2465019278
854340952865071106
2357147057
4890021436
713127503351713793
61814644
3435387347
2788274877
2162028518
19725105
816422039451996160
812683693768769537
725668591559802881
804154229959041024
939702457009082368
3190067616
950362682053615616
1432029667
966184651936223232
749980663
816377601795076096
262493461
788040416008474624
132416162
166751745
838051773881413632
899282490862354432
1965933740
973698495965253633
899105467389026304
709409918038597632
922585377038151680
76662445
251851613
39598134
64559689
4671191282
966727360593743872
946454355032576001
2440514042
263358545
379962842
885365156951318530
922994637756809216
2897913085
944641070
2578057640
36046325
952936871352553473
591323225
556398120
795627456015323138
952475521773920256
823193744568619008
758101519891914761
923352232757784576
933772349945597953
853999794888593408
919056284003065856
226325141
169585473
818225777158356992
974219090989428736
2282974549
134582061
86378821
1717324226
26033610
953011285070925825
16740433
282646825
3950586455
911975643134545920
484118489
934861540301398017
777052420010409984
25529758
2786772165
4871863612
830701948303077376
818571375107514375
902511471405432832
3416691374
817712156787490816
856209858424700929
967750359019147265
823036710363676672
2790644468
904790793617108993
933872019451543552
3065326404
1586490487
934160454867472384
380181422
1081566852
437658863
462546692
989981990
20545300
4244457140
48105920
3281910150
874046648288247808
356688284
975106641002745856
1164177691
4279970259
452047490
920004980546838528
3062451515
759486297593352192
922608616015843334
200637566
2972951428
29648122
893454352232448000
4885756754
963568131636678658
3372773119
928926722958995456
852331474539958272
971530466443620353
937785844697567233
292193647
34999849
771835397584384000
23277531
157876270
577387565
456714411
202663084
2834620568
248755135
3097065607
84489844
826431259282927616
585373512
950284870332239872
920408587561816064
15121461
3837314963
823657547982835712
883907781673332736
2820912915
834451693685395459
963510682598690817
882814880981676033
153537164
932974240583712768
23480929
922585743498858496
882085725872771072
901630334499991553
2606190247
1689331526
86328645
27750971
944145019
2327873912
54761626
3313606382
303145438
937435956583415808
820078082786611201
23334019
706717176980492288
812734040352624641
30989204
16703058
364246609
82616432
926832058646781952
959885279820730368
806362036858974208
836757182737678340
754496634705305600
816658314134167556
975544990112894976
947623153773240321
941832717817253888
922923587471888384
726586581012738048
4640736685
869151060551774208
940653222141632518
709086771548704769
814463355490627588
27384709
458909659
2271361868
964822483
58804472
845923910
827944764062445570
859545368870100992
738426943742312448
328731996
15700729
1173135816
4862761480
55767731
144705238
767003938717564928
821801167
3911139081
3231045092
847934541964693505
38442614
29467706
2361606032
903280411605741568
40706897
632448453
15170286
993934674
801456656143896577
926061342049652736
810325364434030592
964852167080374278
920420268740399104
2529547072
709786874798182400
1202205522
842395701178847234
839495755203162112
938222398591074304
831158096831471618
20084570
731361834
3675577337
1584013562
761579091539726336
980110090983292929
19217797
3220418570
24385859
824334765516058628
713843863778172928
325290392
935325840144965634
811962261745127424
952639647963844608
4824179093
4922868578
871547402452430849
788653445783887872
396572282
893156467007729664
2614302493
13901282
830264457955782657
782955112503373824
73158681
921054727198126081
898037213354758146
957296940156424192
3318186731
385751638
18892099
4894936756
946442993208299522
939539963246411778
211480917
4437905721
875807737665531907
818616169493991424
3451267953
790428432421138432
722481256512901120
789766544012091392
99329655
1573585807
801409947191775232
792047825899008001
756353997716332544
315142269
973894732106686467
832774306287398912
950863186609160192
2653265068
2244629215
877505943973580801
729856752737378304
1292452904
306924364
973376867876196353
176830279
2770925885
2317865498
842725171597336576
835992163502723072
851108726807212032
886193514081550337
1400943320
2592632611
752158411
919992568557031425
866342715868446720
943318456971210752
41883859
1345070202
901665751202799616
814940970655551493
2972957083
331348327
711768753344675841
3415185341
2634815692
36130764
264933553
803783087452655616
503815949
30121560
2939825956
21656178
967393810673229825
20846517
567309251
805163616370651136
803736800
958327029530791936
822224197384441856
2460208056
969280284721020928
774002421064425472
15281435
710224163093483521
1014606680
3421386939
945631651425533952
631566878
575636686
1575668190
727478189753143297
1135597356
874678015
968320038615871489
191989799
172431472
275201260
2801663660
3588945314
25172565
837826093
700523394765205504
817765780406161410
2188423838
2897972317
1038912013
966307998980300800
951121065291501568
903211979283865600
282208555
28663283
2367940466
804006911494406145
822444348977463296
552019190
349267837
919487059395563520
957872395787821057
50204890
50836292
33907607
958590597836754944
308544567
938912293722529794
4691005178
767324680596426752
883063103809781760
350265072
2898941840
4045854618
191131564
758286369617809408
808404671941529600
961010978078019584
18087450
326639353
918805269735284737
921784787030786048
760210372888563712
967543166198059009
1013455002
226743798
828815540982579200
914131694273298432
950550992726216704
881178127631888385
951564288442949632
790864456465149952
2753238146
880419041604665344
909241700954058752
955964683651026945
1676841872
1892352300
930137560332034049
823902918172622850
964854197014466560
967162513447153664
923153102244544512
801555575687495681
2937613910
950992647287726080
3416153772
952341316154912768
81305054
971768832997064704
971889470873088002
949346176406573056
731107862
295576375
943960299971010560
737289682573103104
431953609
794560230805950464
784195632177090560
304123273
944408006774550529
2975432630
1629035310
3314153391
27901877
718889417310609408
223588321
967280153607974915
145732922
956235703398158336
3276538915
814503101138948096
2154566337
3105663561
316781372
889888266920402944
2902585625
378327094
431071870
340244399
110585225
898021932188057601
927387599416766464
1390726304
823677081422688256
372811012
822793113735266311
16573724
944278748680957952
901810728
811072608733167616
561890079
824332681328652288
3980772021
3199192864
897886308877688832
962232129454329856
2874308470
967708222734962690
24033978
781615656592703493
1289937878
919296308820578304
187782838
2903166449
963412433254670337
884464288076791808
895475724055830529
58526819
3006015921
845808831502270465
792214751002714112
40860503
818917558061367297
3985438453
791167615758639104
24645354
824657733412651008
956605151594377216
730678050
864972020576120833
961770727543328769
922096505435164673
32162511
365112822
32517507
778136741882503168
822927813347069953
193406552
2981931988
3170453703
59718336
964599284627746816
4859713744
773688607869632512
3133599926
820883159889940480
237140311
835272326962941952
964574522513829888
885197367003295748
91272139
32539720
959243270973947904
861026825216159744
954566207654498304
547155842
2270509970
549100206
18757886
380018447
871392391684653060
847987212486672384
935500562803675136
49317402
2241850407
404472897
854770181221920773
854724300942659588
785830202
784619774189920256
804518437708005381
816787911265943552
839317937441800192
803461642667356160
3408782411
817815096076464133
302630139
214647427
901664428617195521
365011029
934898321004560385
934940559612968960
949616489123995648
862062378
2344067725
803769030
960556064906317824
958369506547716096
957723603021238272
917026622565441536
858644187121688576
956851765739073536
3489121220
814598390344548352
309956944
1630963890
937682806016233473
949645388969140224
457289069
928380340812513280
428194887
703322919926177792
924717082951999488
15379902
823148468889939968
465061419
872076896573333505
710272880622354432
921036392523845632
4429195462
787756443730481152
766322096
955916461884788737
856525367632384001
885247154931081216
47006271
3006600919
804701961991884801
804905441306128384
381319309
1585580743
831831740591251457
909423908687933440
482030273
824006994570919940
822836823973953539
908447200056942592
810629004998963201
69610985
847974482820157445
4079849895
198532056
33532099
345981200
368984859
930777623344631810
411079287
867862926543257602
937385632434982915
912670903749812224
751496347073671168
897607805334544388
40131091
344846608
898027067421470721
942524598544977925
901582961526665216
900838129489199104
808095543582949376
1672457455
952261264297914369
26643629
239248669
935670264225964034
772828868679987200
733131828
4197818238
953326808648253440
957142849149022208
788525470736261120
37353755
780887802720292864
105838821
2837478708
930183559
797767042753499137
525757716
292045956
79633747
945784353321340930
107595129
934954517757595649
846652726159249409
890285996591509504
818644307959775232
3308305849
3300194365
919382843570003968
114150911
1402495238
4828389530
374426962
1411933393
938574988533100544
3993830234
825545456239464448
806886197444440069
4031492717
876278854519836672
764860336667320320
717346188945670145
18552038
341495624
3057954007
66598468
930814866583162881
1902594594
4705938091
965433431139147777
755225547219795968
759257609434202112
19790638
430883587
3179535914
18415205
965278530501337089
738567336853020673
24399379
3294347183
27001391
150630855
953495107906523136
906559010186428417
779526027957731328
791825360908197888
830450888082935808
834839217423409152
712282144307974145
960285302899298304
4890757095
88186734
450235955
184907477
867682297046327296
841421638109413376
817758728443359232
936050304436637696
797574662989447168
46566402
16012822
958361836839194626
753774780759826433
1855907474
4902369955
4847121672
2567146231
82391199
783548518476705792
2793120334
27379401
30738569
421772747
58505197
929472238822346758
31578981
936655651287203840
914544200301002752
812646062611697665
795415153474932736
954277847262150656
152333246
955118355022663680
394262821
735904029406941184
903128029915840514
814574674906644480
941163760252866562
825409923349614594
1871434562
946367344158285834
741392019730223104
927604639389880321
118217951
26909699
953386300522094598
944020869319311360
943136472823226375
723646664943128576
1869664320
349419581
21415115
126665405
2464756524
2323149134
235791649
961454351876202496
19408986
962805816461053954
474552165
923198160352268289
97011274
1361017309
840149328
49195705
2367347610
4547890469
484389329
1606463996
862076632353447938
877252532510142468
882247709293514753
71982127
910900402979209218
893619475374886914
292571677
709412284335005696
835221033930133504
4164286468
826236463364919296
705549135831801856
3418411972
927493428962824193
891821264788217861
842788574974136322
3931799969
559181286
28403571
895136237098369025
825850178926235649
951226008123920385
2920031580
888405350239653888
2278261956
783514198437400576
860627183156514816
818199208872308741
939183506214739968
3380982328
845907418282246144
36319779
609092348
15297452
947639331526725632
882125588856754176
717803408518938625
2591826998
719399195854180352
3586652594
2329396765
1455286956
3651026791
2329458438
23258472
1537114890
2205261256
1191779618
1947900744
883334230968684544
839867862013603840
710088641243123712
4917714133
3354292601
386028702
30221032
904782144324722691
888720709228396544
2312902755
1361076439
821166216677064704
1928409378
929148247054147591
716004987818622976
912222665867481088
932379419980779523
733315234820063232
901986453844103169
773342482465755136
785052974208823296
4745923423
817613839533490176
1724056231
735294675163054080
2605445976
3750347244
3167437949
1566816938
959131511390863361
955591744631947264
799117798295371776
3145379514
893881482959175681
35069054
899623220730572800
805811994049789953
1615925803
789613490403237888
817158216731820032
850739811023499264
775361216294359040
2278047080
841942470703370241
247591270
3130948762
46750398
761000373339328512
729482190078251009
889566942402453504
609084203
250417775
804001345690894336
94207009
743830005390532608
702649250027536385
852303583554838528
166216613
2204153940
540245338
407719994
950172420547035136
2387729526
872181979852263425
896542752326000640
4739229736
17044189
741567239019761664
897899982342295552
797298083914608640
3066937520
3382567000
2944640126
834018591766933507
723889888098017281
120572657
956419955876028416
891438431888445441
915601671740411905
3398077894
903145105434873860
913158890228940801
912464294071107584
799017823439712257
827897937216823298
1129582208
945360017053581316
930273306502139904
3290923698
931501535267352576
797964037048991744
919373973476999169
4592708595
4335820574
28683585
249483485
342840818
1573813928
865211622322778114
456587371
2896613723
141749215
895026270500790272
935151995152826372
800634698
49530277
537619292
745460419
769302909511163904
898005837117042688
3340846769
870761847422541824
601364205
791785297696612352
963095156646805505
708328496574038016
860619331
943953446067154944
127248799
880257073795272706
217419469
890319316327047168
24790611
742712986427498496
861537582
761358089991839744
37133541
3951188487
783858438329790465
1439905116
1961669096
2767320832
945746679071985665
910242129389215744
516554849
885599540111433728
4822865883
3057728463
517098987
737116508564926464
81122942
825878789007765505
806997938048270336
934424666395041793
91224692
245601473
876558726769123329
137925469
880479163701878784
2192297074
461479285
483840011
947170093829705729
2759489472
817383871893409792
952253047530446848
1365107749
787871388099018752
81502166
3265567290
808814459997290497
3478172294
756419374089515008
58800329
873166871721377792
939720318800875520
321632766
898242271
2751089602
114643019
929624754193084417
170616865
723560870102495233
824783261079576576
793520659007758336
2361297186
382338284
902576220000354308
824467604064514048
954510600884899840
788570161800294406
806715686055739392
952430438357725184
194563663
2365616101
65206948
16960880
897319419898101760
713032252251308033
18924223
780584129591062528
800925905136877569
2485683093
262912979
935594909586817024
3958175914
3333075614
2383721304
760349774776111104
1473623431
440953413
1116011700
124754538
739465392641429504
95926972
22158886
856408498208260096
788131075318910976
3319254798
374274991
239911261
244487615
863865127753457664
1366894494
802659122
617066564
1368236850
72970811
1225233181
606466725
878961408137990146
761762149492482053
812320033946927105
870451222532304896
829737112136212481
947682742627692544
794048540691472384
952559344423284736
294484059
825766318217453569
886762665464483840
1330999782
260837279
920715038998097920
109351574
789465499147132928
2216238379
797128329723834368
77674557
759046543307440130
1668265830
80152195
776880238802243585
785274153595199488
2153702305
816299977219731456
2922237746
3310873058
3300720066
3346735799
3436173213
617223173
1102507878
876040219
23691853
2208095516
4832280332
50523105
745115840547164160
2328368795
2244103856
3731547316
744497357325164546
26876136
83234491
292590965
3268414934
4043071874
4886558600
2287098936
2382757172
2892800704
879417712811945984
2865078826
60317232
23769223
375434404
611052628
4881753118
172554247
887530293623652353
3421233099
2219039905
823159437997314049
25677350
22977615
4145868135
3001575177
902603250955935744
95794501
636293767
902679902767292416
333695474
775065461985726465
857422176349302785
959016970652995584
756920953263624194
84219973
60352080
736627642502393856
621138030
170471798
711310585716154369
4119897201
1424613612
3643472174
830288209112334338
322175308
813146444685340672
3733650734
822510151642923009
880504496455008256
907038365551398912
429556198
328325681
836613991984205831
805576221648007169
305979692
822837002869600256
825880042601279488
1265243402
331314788
802189361345335296
852661931383115776
706902535
34057982
803814001054392324
36052928
268834370
1090618807
520080465
459020755
951047225668497409
573692319
267537090
131129676
896119431176134656
2775218044
214317165
55172681
631291063
958757511829471232
36985886
757274353889341440
958900705594630146
958585360359018496
743181738801762308
627712209
35592547
535797040
809185852547072003
740928906
3787809673
800057162303033344
2851732560
260463951
2365129116
714964443948449792
959829091087192065
303486465
959815066253123584
750011154
2900775860
818889177018355713
757193863031234561
938850937
2298150175
784888707845197824
841739202945466369
825767467750395905
105544710
28298924
4855787511
2765979345
828596297707958273
23110601
629963553
17404887
47986036
898577623885819904
822527661373358080
336820875
1376222504
551192137
823227625795649537
470401954
879253688904294400
787827546784018432
866022726120636416
503608157
805109403703590912
70432011
2194887440
894573924998053891
782310330114473985
821905468079611904
4876405220
1975726368
375089325
928285588565893121
879530088655601664
3063750503
909547042837471232
43663989
970700216
44357820
915606788355043329
808071043248111616
127339025
873588152618725376
727312014792658945
2989281194
548357566
713685253533995008
739295963529912320
805782144232493056
212249026
953352276055228416
818175268896604160
795054505180004352
59319365
2509028211
4761564793
942562343623450624
857352882718466049
2612834000
529550146
814238899660845060
932406391188443137
3178522736
394136720
533821164
954155659334946816
952821407171346432
952881275534299138
1586848891
918052540998135809
876621584
708835082417471488
3397401585
362638708
3181489461
783456124829896704
842487797915111424
903356563569516544
2881903133
2898201135
20791408
4325993474
4783143674
1012538726
759709242
2400173262
764925179956912128
3372278975
801810222872281089
29188590
777457335388233728
963060510240358401
709485595014221825
4299954755
3253946096
38351186
2449913803
2256965582
190589983
794645850
598074270
92997908
1073909671
868810314
444606293
200067642
2821142984
880237465
2315583427
49217766
397153645
3248141375
1128075277
24935003
460848476
636279801
232352841
2505217933
893856362
3571808356
717354453490249730
272918023
3130363229
582414063
50934748
1024109838
4609839138
4258239203
4799843636
2555461543
723175349530456066
3334746869
711942406682370048
715245408461721601
707716959165616128
716283392883572736
709401879906816000
709789413941841922
707267858158452737
1356606072
188803735
32861990
226526577
198320129
849862741
1041079664
2294762225
4687587470
437895198
17109615
1275386664
634429167
787981196
3379125117
165783048
3159920865
387151655
2281297118
38644197
4593518204
4853224563
3171817168
703614521693315072
4822094443
25960025
3265850268
719252405007687680
3826785916
3293018744
965604173793423362
3511023913
70156027
2804071044
919392186709495808
2533930673
708947848688234496
329340709
957625976032256000
932180845388906496
946592033451511808
2545635357
1478430702
116028243
933480574685270017
850056838666211328
3087745689
965421000157532160
941354604008177666
217208491
792425445929078788
919074083559452672
919327669656997888
936370324962205696
809600243255967744
899081073145122816
1564023469
826591676047069184
808707213443403778
885651283
586308135
2910092858
133139592
575918541
830110952410320896
893225730959581184
810916733292871680
867022698
1402660826
900739794912903168
73960262
912445059102134273
62090142
805052617969827840
3182288394
534694489
924280805903486976
922254932408963072
917197643243192320
916353507657179137
930100970863955969
937871026511319040
843851357065039873
713117896533118976
712438608943157248
233933230
951164699856527361
457117559
833376260076236800
758868867900768256
2733526931
1599141961
959029194490396672
4219368701
763844670422126592
826872823000002560
882714227248680961
819976465496346625
794334744301273088
703724985215356928
751889702
2614531412
786983694485553153
715033592045379586
1484114822
4247374520
36666008
2273687712
777649270971363329
607751643
32526677
793990867979640833
805431320448860160
266250605
808434483116511236
807116682896490496
811292226118647808
1418329327
797530471366356992
420001484
3301052704
18710344
786469328
920120112614707206
408923032
3226837903
839527233823903748
829018756441632771
860772457
786213115788656641
707938453
2363263760
842032075976847360
17715384
37351017
742377702305370113
28764575
48239847
4453420215
3675580457
820799865013882881
945077049051332608
894198151409696768
822844424640233473
193100541
24232665
3289838898
919578100119293952
857241615123050497
1429245848
777627627116834817
3309088272
918537022469533696
746898365758246912
1244763499
349856791
868533711368667136
872564290477314048
956682911524143105
860785302
965062552794222592
827696241530204161
822518736636825604
1484823236
703637561957339136
801828515637297152
256615738
705908642483077120
705809022021009408
812420226142892037
258459621
800301300244090880
817028531238699009
822140413960130560
3306434286
4185510494
3315464599
2720432066
224732878
248390271
2246040793
2696042526
702396709297635329
4437595465
43426669
70752394
72898476
932041973216829440
4415119574
38201526
3408232162
704353017106206721
882653001369956362
575624426
938779596660641793
899047578997862400
829907020987895809
1180323601
791773970034888704
2717301877
265245636
934141798485843968
778743512
816364078851493888
69887867
798242442034155520
272270639
925834222824075264
814977867251589120
821790931741507594
188457578
3298448013
267260555
853086344737902594
45422282
4064093608
28759135
2177395602
137101022
629428289
162926657
84747213
80470400
930493124
106545763
4842646876
30736021
144612867
271710717
1007064734
1345704325
1693894483
2288707378
3161598228
741680976
875795312039927808
2934785467
951400394688778240
786743996257361924
172506829
911793178851905536
524176313
837546539547426816
624941075
723187723180363776
790205613322211328
846416322791702529
769366097124429824
356434482
302877784
373703200
2214847005
1372786812
1049681827
22099720
522757263
90408018
27228928
16492765
953810936279719936
827830128474415104
783875414569529344
816368589414563840
839093404453720065
821767467391451137
3223025919
3053291705
884623491726585856
839457417792466944
831349752499421184
706848612727328768
766399162757840896
1258191000
752570644265447425
322061908
2750941608
1359810020
788875430195499008
759895540054319104
954400627739713536
42936725
4550821409
2317581632
949416395506356225
1852702196
51533607
279744953
784107004423970816
950887920423993344
761378288740610048
738837671477280768
260965391
865528429822713857
838039538173886465
750395408782921728
946722213683752960
38895345
33884147
37075973
2977048870
947505327863402496
817514363225411584
940259662804463617
60319615
437246144
915252364545789953
933211491699908608
751552860303683584
815947473566900225
1491745206
309017569
898426148194926592
2990269766
258009431
939064247765667840
3029156717
925075583138193408
2288796403
36577395
896093449455366144
497747503
3309854312
820120011268231168
27424700
3407807596
905215701153181696
34116217
805217002419851265
797935955063767044
781296670768332804
35077065
822959134014197760
890060309813239808
783730421125095424
850180821445218305
823173431646687232
800550249240477696
17243408
812127525887496198
852706619645460480
872918896118038531
898557515914334209
906015800867266561
867057581314854912
794932856459907073
2910284314
407507285
837084094588727299
854881153635020801
904174470172033025
882700939928403968
1135414069
932423095675211778
38977584
4656012693
4068969256
787470026412400641
237103627
913416571548205057
834090739512418304
240527570
390186861
822536626308005888
1707634986
892201010416013314
2986089359
933380744705167362
800488640149221376
914922635821187072
900538237365743616
915652882342535171
936310512400334855
930968127223066624
3178297649
629122061
888071044124344320
1197695820
795712834969759744
22183443
857332459360452608
702168623402455040
883474605003821056
704143152
1965826896
80677551
2845681325
727247622193352705
3036014784
56864112
933894988148215809
841636377468981248
3196157570
822992921637113860
27897429
822668876785782789
892880061266673664
4847424813
829833949711052805
954510659697479680
43091803
430259273
3392590456
803694054127104000
830424165236822016
228096419
942567088543223809
918459142645452800
887645776545021954
869262350603497476
19799026
901942169660907520
275060482
398103750
3304499628
3318238316
30001272
4071602655
710659733233905664
914154046382051328
15918088
2755643359
2502210610
104297073
740874799
911855050925985792
933349219
36819511
713953073736126465
939970186660126720
718176826586038273
3063132080
876287619197526016
816383212293214218
943638457641062401
821206447627390979
38962940
951328844253769728
27063389
947513142829092865
222147712
888438565289435136
941753102767620101
957831434206629890
871187042213912576
396046166
783830263885238272
808175304
738105524118552576
1839504895
799650938613010433
554532173
19381675
329839187
37016742
198615011
1655392543
1322916290
3233623436
4873283560
29085985
712107981144461313
805559731
21939082
190878483
3911057572
585264569
23195603
17879692
25395727
773300679494348800
2521119734
2360543557
256225219
2984647226
838132337950875648
857027030386266112
780577173325221888
4879146023
84430166
39186860
84846698
3192613796
203256264
4628073860
4852643463
891243528046735360
463455531
529554812
30217688
1287792877
826560570476285952
885278676857892864
497292296
782834569179312129
873208049040850946
881705115190743044
815891575859462144
365606579
834451915878510592
743425316
825892758246268928
2875559157
812176014935588864
911086212
954186918572388352
44294700
337391608
865397624525815809
82277883
4503313280
3906860543
881913045278130176
713317430253264896
954079268383920128
924680762972045312
2426632392
1485816493
826867021086343169
112346731
930707827710136320
63847477
889535953878036480
873984331
942546158358016000
904838025598738434
817509862875787265
18785821
296867794
760210171578548224
772517261999505409
741229497744293888
3167767101
939184368471433217
939707644712976384
879117403
943366594004123649
84695407
899785696940052480
908759317511311360
4261157231
705770005636321280
53648074
925963844106588161
812154722106953728
879158243150278656
2859702526
1395839550
2332264339
790264567
854165237859328001
883946452338196480
3030641004
47808024
823368303259226112
925368969774751744
133371829
121217779
3257146604
4914539795
466144416
4756017559
704017048792268800
787989258
763935668284239872
1278447967
722994185171816448
827443309131898880
838932232505028608
51827471
950077800
1071244068
549223039
511970204
88861467
737810892
412776430
167621823
212302405
260920107
2999324461
2384166193
437993291
897147885720141824
1300395847
48186989
760148838719991808
826215680974401540
823218895045722112
774091826215157760
233194541
931167329584545792
772612530283814912
3712301962
803999911213678592
555491076
885668079702880257
825451101684002816
942468625981673472
716360897757716480
899043134889492480
40504902
923368757803847680
823691969041821697
1932204139
756257489520173056
705576608854319104
2875700829
764956573009534978
3372178235
409735484
59204121
791062131512709120
2169830941
760850851460096005
1508019841
481466658
2688487832
3342965307
2664944520
710112579113324545
711369647598141440
837855982155878400
757766838671380480
333823882
1411272246
2386894920
713874298876796928
3033669203
103316756
23120241
34434801
3031051239
713436772399718400
112287707
4753634666
29530235
415836996
1911916754
1904550620
47044094
758685294145245184
4909226006
4921624971
730246307663618048
797531084091076608
705935908608937984
1559327683
449691778
530923847
3327646711
4917311502
283549956
31276933
195738913
779005083497398272
733041844024709124
973690849
2355613906
832949477728190465
1004686760
726448412829323264
858741562305421312
942928710688112641
926480537891504128
407490621
2480537832
42028691
910253957443878912
816467748184276992
3008363923
48230753
929111392980033536
3295235697
728329545548337152
709779601
727529483532558337
3958670721
900848995702120448
3091889286
845302711109136386
913984184980557824
883829054855671809
3030153851
381700129
785611822304866304
922230562135379968
940778344014143488
939588576999698432
945956532566585345
2273342246
946009506739343360
223197801
828456610813050880
2696284201
844377483927433217
2961811544
749700931478958080
3283788992
2321771472
39753444
822232050
554385500
900670338
18235613
55217832
49372625
184383206
1552125739
817351745374482434
2927284436
952519067520380928
2206062288
807704188566327296
27763903
956462998729707520
68975981
4204765978
2896439073
4388881763
18296251
3467522060
793455137507467264
843930239147229185
828807991864463361
1504748078
813179647999508480
262844705
906362972
4751733378
885978805260701696
902613679039971328
813067564175753216
729676998914662400
748990700763709441
801140980653166592
2931336147
2269405431
490419059
789092819466149888
834088797985964032
848320609746657281
790217011171328000
810788174368804864
541650923
233376656
799000800924045312
788184689576071169
817245753340899328
422051973
3219330344
814248844154109952
899048989835706368
4721433450
879908214766264321
745810160896081920
903408099993759746
2851206027
2361314137
751596676888997888
906655260973953025
2261816410
775916767679963137
1952485933
2693029355
726243724724850688
755544035469758465
226263418
2251402658
806206348236984320
887277855721312256
803361475742068737
24626122
908313583448182784
3472961720
780592147183472640
800044851500879873
796924210736222208
780569548931989504
3416789172
509493213
789240455141613568
1053507146
4716301599
815567700747382784
892674043127648258
899393791085432832
867631986554228736
2710798162
3763880053
736041992677822465
521567769
454584403
474531313
747544919485603844
21862268
863073550835625984
856177462060961792
849784877562068993
386210209
754775223740665856
42602924
4739845481
112562263
14737491
933684936459956224
880357652340981760
1179779472
945130603149709313
18292048
3064007549
582354489
705741276663033856
717373508582510592
1107529549
4508471321
816155624249511936
26151998
829855370021576704
15290947
870330099232538625
927387061497106432
939910047907315712
898217992496058370
901885623946010625
827787615709523968
913753775344635904
882176343127052290
177279871
940976269017145344
926023689929293824
946487228666019840
924859395506298880
3568458683
884083985181102080
947469183230599169
841358785998282752
952516903494397952
2192757012
792583421449076736
957191946317058048
913623647188848640
917722535613132801
939380085081047043
715474256889384960
3028493620
704003885850095616
32058824
2678336388
715646184015011841
928353833679491073
823198452582645761
451748416
799029133724422144
367361136
823679880277569536
924141362286542848
60462488
827525641817956352
825747937527357440
727609177032564739
41511066
2933896350
510152045
821186316708757505
193314240
84894878
898906062
21028285
505192786
826046633561436161
1717219453
66828583
838109916938260481
844439698550460416
818439582
846832811260743680
34306543
1592453774
781223415256461312
955763349127614464
50462805
896024789776814081
934526329650909184
936277542335528960
4240441
427153052
1086952340
22966253
158060289
379767285
41843185
268616742
3261827681
946261009
884863719469178882
799788786804727808
820252099535511552
827808384
2861697138
806347865073315844
731533639691964416
69739698
4552716375
301857046
436594025
4116576980
3161619246
715232933548679168
2773303505
624306656
843970951683305472
2317943064
435958880
3176004357
3140861567
820024873661636609
950723379241410561
38306311
82273837
892507292419194880
3487913054
38803142
945446465379422215
356286051
462534226
30669698
761303416782020608
482591047
922568445731930112
873354467281821696
816736590412337158
3845916029
23039411
62692433
577434930
50174923
50057841
379498878
3065496601
2485285513
1356992605
3438633123
927850291969642496
898207814463569920
3931847237
928040392494407682
828409144814235649
911449313804472320
921472729471053824
719662077934243840
3346124981
783471651962761216
837200388902223872
876404594338799616
2366707681
112506363
836915180
74634789
414857304
3138135354
403129764
2921820397
887889686374383616
729344966
771512996526956546
1268242182
49793847
909080125047586821
868804019606740992
193166437
3317808374
21622754
3324131991
724633727599562752
798257716955332610
3035315280
821476751523971072
886385764153602048
3795114614
816850451744387072
1904708809
163831652
447200783
786059588571455488
326462385
24923270
742434019166420992
894450550032519170
712752235860484096
4130538973
887939905
3848466194
21866032
3356933235
4536078405
30618849
2175434899
948198491876143104
874606098
545377339
942929008420782085
929005856250671104
542962969
48076581
46934022
897623110563885056
17790116
782620709977661440
857403003808227328
4152518164
830996244801613824
846248226
872210966456352768
107980048
353730821
3540252020
3464860760
1125919046
33410754
68207839
891114542
4875977234
709136798946107393
1726761056
878773692242767872
934465005294059520
266237495
714322670993686528
868653017259704321
2318872662
2597410285
890647212937687044
904900523404304384
903463451690803200
904015197987209216
901244962913869824
904026377455890433
821814299157000192
903019321236099077
921159982514446336
526964734
922672479755165696
284887266
917952475050795013
917087774469214214
250822316
367529999
931296693567533058
1029486110
388413509
1255621518
28332149
367021773
229291732
51738464
26652733
52141764
254690767
1849938847
4851276082
837828938135003136
261207256
885113688654589953
255630820
1499413717
399756937
785844610404904960
1570456826
2240142625
2460286268
850065940305895424
2564224441
1387798632
1694600448
898979284630503424
710461491934306305
960240478682673152
582135529
742749379623165955
828365802424373253
885463404605042689
874971327253360641
161846252
822694394666983424
817749675033772032
260816657
776046917478289408
835232759714992128
2823178165
785084495019978753
538417987
4040982387
954672102724046848
3067567178
18653708
900101796974264320
910576818121474048
899602752019542016
908844917379751936
883734673498812416
40887192
876813322808573960
748335547974713344
30604083
816744194266034177
2703457185
536612829
3169088047
867924475366395904
911390941998665729
3951417321
958737494601854977
734168909553766405
953274204421435392
779125868622860288
2298722492
706015003770429441
733823422900404225
255845888
881125873
783711985812766720
786762371347996672
69205059
350522296
912316033989562368
905498159056646145
814447214
887151548
135719123
883205652838928384
752664767295258624
3711533786
136122152
40988269
928432608626774017
934166998673698816
576508504
29618206
4374116661
897311237901492224
915304526944468992
904329284747014145
921499467336912897
2342300126
903964219925716992
170516097
896504311156424705
2263344216
4857963897
537742645
884604112750489600
750769732987400193
807389387038330880
786346433486131201
923620715487641600
918275664784052224
830538315036229632
837713562609061889
764990872542777344
870099025885790210
882073549950898176
1061797044
2585885783
3358751806
837124790313889792
877028522560167936
3612102678
2305481636
783829221806313473
822537843818065922
792727705741627397
1118188309
806652036515328001
753727482176692224
2345186340
802155878564630528
1862733978
749359023225446400
385210538
782269112160444416
369868369
2878445002
823911630211686401
821896354553331716
885417771282124800
715611956984545285
882056719228182528
741546248
2242930268
881530911090778112
272144633
2305511762
889520683306405889
716448762042970112
2979597394
868190645990678528
253693018
811706730652409856
833218608
823200760997539841
773506684417343488
862580103078752256
830907235937169409
246444994
793956888983572480
2867253812
881679922913304576
949093099
774341437995438080
285793483
932103350
878742963014299648
770967221350694914
781214193924046848
923960256
2179461092
262713455
2631156490
750091701734236161
747311943501807616
2625544698
878417361879130116
711874169495887872
800122234886967296
754998244606898176
4800492861
4222775595
22342196
774315058172223488
480445838
1679672113
702174406739685377
272885104
1206613706
2832071262
54773913
60893069
3376781080
18993272
49709066
3440693962
3836008983
399745111
2279856378
3296504462
706189400829513728
3481965513
3009077657
361242657
3117176860
3881238198
22283739
4687507512
338181930
3383852069
21449066
823611783336382466
714073533270401024
514025207
4862342390
750859751534264320
832047050422251521
819056605048225792
1078441448
797107608842883072
727329826684698624
1691831382
1262023898
48163750
377750559
716344623501811712
2244845930
826073214744936448
785153115339173889
844526042622689280
831651493329580032
787869317081759744
818132719045582849
830820547936321540
830600523430629376
823286185116061696
4567491501
704089422237597696
832326255047483393
822720204375465984
829978640716816384
336967214
812084472984109056
31506167
785957480249565184
1077028063
798677572875878400
796829576710209536
69368179
760621746462531585
4611138739
735554101602193408
1075666621
831194158400368640
1598681910
757693544362487808
850499575789928448
2743749486
2804208510
4221079785
835603125209808896
880703835999744000
911647143449968640
44907764
838157954
32140066
23512407
399702823
23722910
885741648
20410334
84831981
747055923206688768
14758434
107462027
4921372709
3892584794
346068647
28625375
22594372
1101685902
24368748
254312139
1668756914
788620878
30552607
537904539
23256613
205883446
43037025
263801289
1368500900
518663218
560751692
1020857448
159705363
1512460285
2417844248
1830452112
836498466
1663975998
708471306702823424
206395751
785959633240350720
1424105654
2449650492
1520883330
49136127
83312898
18305815
2530039118
779688318703284224
940424988
1523186666
2524394555
799830152939208704
3031461639
888935128092864512
198988123
932061915106377728
925072203267432448
358962116
907588285299654656
370182558
4851525589
94262477
408023195
1720571414
878403261522472960
916603001451589638
255701055
2924952258
828817372958056448
875456582468947968
887826590738006016
951519675262914560
2656926641
224889671
700382114
785836889974644737
89258328
875189851565502468
949502887830478848
582501111
937698234994167809
804575008844632070
942460699640508419
73205897
702933958913175553
890412427472273410
380121440
190928730
141534505
120935923
880846980695576577
28944830
815000268089819136
804781185054507012
823352053779038215
830057392029175809
294012129
823092686643167232
797846195343425536
345385271
815407065250181120
782992350993911808
737133745
815229236093009921
24023839
136613416
745362360202723329
3324009111
43032567
772763701736792064
3245192452
389747515
297024305
2764736578
87683734
3233067955
746955905032302592
197862420
742408457421197312
384939701
885715033375744000
789106472558796800
701978627479621633
2910491329
227100417
61473986
1674142795
217639183
473403160
890277153807499271
134564198
1904739704
828046835348549633
920580514318348288
1835255983
901399120866357248
732976058266464256
808668738543382529
838748354112811009
2273683867
243464401
879928798052982784
797912624310546432
757703840669904896
832763991487164416
1053958502
23360808
338439184
33142966
224699725
15902845
881675624401833984
705204981645725698
459714719
226261507
865023517200228352
797114246945505280
742007817364602880
1507326536
4553683767
825142486762786816
2778648042
375096676
757642475523698688
816862986317025280
2954349753
927130750067073024
4562193613
919302803234918401
3321657198
623767536
2202411006
202623684
808078641670148096
407172652
32890854
893707961457049601
918957102034546688
27317534
345180365
124045362
33339021
926163797890555904
932764592698216448
836398980066119680
802846422978609153
744283841162944515
2699405072
917501529480765441
883327861779820545
806237014425272321
1872841297
808747645082763268
827713095074148352
783469655591620609
854121167405371392
275065176
28357417
735716328040865792
2271066080
4860451825
755231628964704256
823873267865894913
849991615620014080
2220418404
253182943
3430297912
3260399730
2875823141
739165277070327809
830950389231001600
427674597
869584484416446464
562311384
549679040
500300203
27433174
110162490
149315713
800821702603186176
720320967180877825
96021946
863072726092836867
406631898
2857403669
876808883330727937
753158012
782623376548306944
3022561892
1957816716
790717720908017664
4928573711
726063894310051841
2463566250
315259229
831680424141266944
2584333725
379027111
3255213497
4455228859
44139498
832972496395784192
74749000
616311396
2853443310
28534205
304061756
1689378834
115679629
176336596
21651982
343772856
254732884
4829147098
864927037
3155025981
142331406
836786722637770752
372546987
1881253033
2932668827
1331104922
2367729500
30719558
964720946
347976255
361859989
1029560786
884304968
26748994
25974930
2632757957
930566035
909448512
842378744
2471135371
26900055
1065869268
951948410617294853
955155203413569536
826403367341682688
783344248909422592
2963828765
784180036668620803
772899092842307584
802356223966375936
823238304183283712
784985165009448960
44673422
503777276
214953484
411919337
741371012
866311214770528257
881925932398895104
2334295476
827504035225882624
817904345324879872
774631928745951232
1860783619
454513795
1146349951
1415594922
591161523
317246039
414003816
53997854
864078074
88222637
1343351467
789588391448940544
478367964
2800199597
2502650963
289304489
817930108732342274
827678762061828096
964242992
19029388
823201042670108672
3633680544
4693651052
839221449210626052
903017076192940048
902018340994076672
899824688309862401
864614802475319297
826133935096737792
15350736
727212431504711681
810971117644967937
799983662263627777
818452914834288640
2327428716
761799487186735105
1024519177
956249272936255488
955628749
294852352
933477319615877120
2996469091
790629208275976192
782720001455325184
913053261304709120
586181078
28264799
329939178
718823260725645314
702641876294209536
4735616514
4500337213
114275521
435509701
936148682
2753220014
3270559782
704034081898668032
1575689569
2577234667
460245074
2946730163
847640861177294849
839506915403038720
2560989923
720692363539165184
856934070630187008
1955132936
939848741833469952
936114059199488000
4443297312
846416484394024965
862750829945782272
752841330120941568
735148471376830464
705510278067261441
22936237
127499705
3411140663
4196754560
78194344
34756550
167778891
820808196956655616
27682852
817100349139980288
709451112739262465
844716665866780673
810270931767689217
798746237294018560
4585351826
2790274672
2904911144
1413188648
2500085196
518018345
929030658
295433189
749647617806569472
431644331
2812168862
335854169
735647131877380096
4828273992
27956554
184670371
760250455922511872
864338503022198784
882713221244833795
716465282500444160
808875471266082816
710639913952219136
830081284143726592
1917632858
825524240174739456
162623616
825151313960898561
466635252
835676806455832576
4158758146
2477776868
61309849
822963605540900864
2633058587
871359290237493248
1909049731
17148456
3945784187
752121791947169792
953764154480918528
954193022358519808
782838547376144384
936214688387407872
247138663
850760671348371457
278228939
430775674
2736592965
109441206
725064846056640512
927927498700218368
812498553423745024
2934414126
533712421
895002281288093696
709533350889795584
90114840
1247936395
2366429623
138225977
6321192
3100846987
892806467249623042
922800501233799169
19073020
862298481339322368
2573729642
2877123289
819369344752816128
866110653941108736
811717240030711813
832114407262060544
718332223
890706962362634240
857028763837661184
805779798601695232
178015932
823696950490959874
836361828494094336
921895963647791104
897638606189113345
858780773914161152
820786129138053124
2993773987
3951789633
595863762
715897825888903169
794614993413087232
757031613565763584
792808845919879168
772618228124221440
22863927
974908663
760074090719879168
748711844286726145
60455217
2152956020
23213621
3404611078
4889379645
912770520688594945
753935178968489984
14429823
1209684721
887319779488518144
891435303961067520
848152823338553345
772040821751373824
1435736168
955438657577603072
955252314515927040
954866263007879169
951385440401080320
816692173462786048
1609546459
105355215
364844072
1219144500
956815969
561654065
562372370
254193327
25713562
4597801212
903377622
1216651544
196871565
456300007
782974131893575681
3307618601
17075338
767424168669229057
231023430
3317287716
1119926929
27075946
4140818604
4746444355
723987935947792384
3304455363
43834885
185425059
54159671
3383049855
705446574328057856
706558548537270272
3417755386
3676940660
3677112861
3424711689
4786138371
3306240758
109960811
2952719616
4881074567
3756112462
709524373363924992
424652521
23047147
1000682874
708769555326181377
754017231974068225
3866498956
4791277720
4624500980
1138721281
709085574
3374464498
2683938841
2482961406
2955091368
4235632753
2639302925
4751570748
403903630
4708379511
3707671576
3310185230
4065725475
3990358228
3372916931
3139898299
3387188439
3939294374
72426152
68698563
3394924354
3277884470
3354392603
3274774916
4510849520
4182380774
317916069
107122961
825569492671541249
2355488882
4443440593
869979464851103744
50862498
797645451260469249
330637191
1051376118
873965062448349184
634873873
582754107
869945016407293952
728711333546430466
802954256202563584
773172956277174273
4195481594
4703317886
3433778997
745681473416605696
351976618
821863733664350208
1352292624
17677016
825125197955080192
465170464
2863774500
3530476579
384291112
4197484935
802963915726434305
797596428403175424
634386286
758116173154230272
3317251472
840472115195211777
3699496906
32518263
756581980469202944
781284825965756417
4833141138
881983732634308608
804107117967851521
796236623251808257
1585980037
1355514109
870789016173654016
1217274925
16364317
815677025012842496
258564630
491549535
2234171998
746925237271298048
783665694256660480
757935061266149376
49077522
824836197528764416
703004933428105216
775832426568228864
243082212
757364653014016000
3828340992
809941058909970432
164719280
743910468650172416
104667778
948613519
872940441372684288
884828832
713033614406115328
3130150779
819925637389373440
823233074250907648
3023387471
705926625930514432
838537411793682434
793757282
844126753
531668391
3067190079
3409451914
601557849
730849609178882048
747566041363025925
2270517973
1307712600
765962124837486592
4125064225
854406078901211137
55385462
796880947060867073
746019811499487232
469795401
266049211
67514697
750362410494472193
2178125658
726784186217062400
31239072
542061403
89751947
791350179844788224
730200158676389889
838798224622235648
835194047115341824
886359006746423296
2941870487
827977828570370053
4836729039
822897057002360836
1129167188
15051691
878813079290740736
308997977
800086706678419456
942868836
779041364684238848
480232483
4901951156
3621556037
3122217677
2612041296
875366031140769794
836304883473080324
1199122891
540284609
285086912
20593946
826990247196110850
1691072881
786297772903235585
762273708023046144
3327380102
765061116263211012
838111094237499392
2996908511
2625740073
196234641
817011728923971584
361003801
810207862639116288
813985621903609856
780788839220518912
30657353
867268854
822921337446375424
821157370340392962
3635023273
744665461934129153
3461087537
3303945622
871182081992392705
785867439275905025
2291979392
823731993577803778
388122292
1674315427
3167970557
799183301252526080
709175213439627264
809048271440281600
2292492709
758029297865068545
771706258567168000
1431036109
22706613
1423636093
31867827
709821426937692160
515563643
871434435648004098
824692472798384128
792904291
828286721741701120
1325601434
493162350
826069766041374720
617361371
885648023384186883
806176396334796800
887081839357243392
283711079
733162054027235328
633299317
4480906040
916321278
4718047119
823238195508719617
37146068
4278053548
758972178641526785
175484213
761238040656306177
796899745889402880
1113478698
4520459661
703294077375221760
2197348691
4851826737
785882142731403265
796411782772510720
1610810670
843617356920344576
4340433312
537543828
750229670
698562318351863809
4875427757
4149372213
3170577155
4164838644
4282440614
2958201126
3407189277
4780854029
3429163175
3640140194
3279548570
4235554638
2812638431
4765473140
4721621234
696783601199931393
496486557
792451140654886912
23558547
527047159
822580297795571712
4810875497
904557168451518464
855982180979400704
2821984949
826515659039313920
916382668224204800
3252291385
896216453526896640
3260626747
783469361856188416
480876388
756300303423504384
822782424488742912
883386387193516033
874692650728861696
837717336111083521
3714444195
285445441
866469157637959680
712665171697799170
822518273547837441
783507200018755584
785277097447006208
3436230790
776556558469697536
773844088848285700
812026450614321153
2490186745
36552440
531487443
823589731443191808
822875569931124736
754749470
764276028135002112
814299660
803698004548980736
469999217
823272803566813184
291481777
3370014575
2431306084
857232270704480256
3389896283
3278931906
3387878543
3311160710
3447636315
3309846734
3896298147
3279457484
3711366682
781202517401014272
2864717416
477727954
703014623067308032
314616501
821407147745562629
727497780072050688
764991253884919808
4563974475
808131576559177728
820363149073416193
196441822
877879587493085184
162468283
717070921689927680
817069258907799555
887166045588398081
3033064996
62657563
3318078050
805635385296494593
3482043801
20333692
709258585
321925296
792887564847943682
22314049
3331609092
801065074639114240
798669045537079296
763127590932602880
787798245229592577
4891884334
826886673103470593
3434763483
4817792593
22777526
2575608192
754316904358182912
818247001762660352
837811665060122625
3808785683
713782529216614400
177577679
4893752842
2243216152
2285426730
3286993956
3161660191
790019230389248000
738420304997961728
927601063833821186
4247980034
951251158609391617
949251162397536256
873814193807511553
3294258552
324299458
38012558
789906923332116481
4186710677
45980764
783716748675514368
834489915845001216
34238686
714290778646818816
3419294291
729132587462070273
785549741421568001
3946915763
3493863496
596591919
4865498327
806709214190206981
47204170
25549634
2931498373
743869197273292800
3837403517
4893792232
550395262
783157660807860225
2220380616
764845383319158786
4542527896
4562265737
825701993247342594
1561122720
2186536273
805626068212338688
787032341138944000
700630947
4645598232
822668168493576192
796859730320834560
828032228332548098
806122520202055681
4785281413
825804900441415680
816503505322209281
831083505325010944
3297022953
375864094
3744122597
44382195
702733529965326336
4813891528
176326102
4033736025
705506254500790278
705435996876312576
273287404
372436704
4775336477
701154837841494018
31228313
867947619661881344
3352802865
274891222
856288002435420160
703051515095678978
705557193773457410
752129231975542785
743465689176911872
389131962
4130968888
731194331189612544
58691526
922442124
881055920851214336
824273834836684800
818429288307363840
587788594
380227478
1357036244
733514206926897152
787814972697022465
784638158415785984
779091455814012928
763463361405353984
755792328762257409
759215795083837440
2171469827
339820844
739060610852343808
868005990221750272
867546259812487168
2532127677
808466311110017024
867143654044966913
800036483893723136
284628567
820397578151809024
539409269
169864743
3425187802
82251970
3128705581
455841613
15474839
404341852
825706233457938432
716322408496365569
808467142970634240
1902930638
327641229
812367193044373504
853654222323073024
830555080059404288
2474279864
4444870637
43105114
795245115061235712
557770240
814108961544740864
751173600997244932
42627068
372449148
1260024733
796483691035828224
955962758
4822904303
185635130
34991028
1939110636
1621868402
708039673684295680
3106534151
786298499235192832
817203546126852096
754845211176554496
1092686540
835198479408451584
893376000905687040
709450131276304385
264268489
16710420
1618641848
36715753
940368062
486907980
895411770105491457
220065540
25539759
2887465954
571212190
3959740032
3449429727
3701618555
3592503441
250895796
100299265
27157593
52422878
82137211
55635041
3809379317
4102376488
1342861195
310463188
25073877
2829635030
