996711527972470784
892863771294793728
197121642
46513715
914676751984361473
4878610324
895118556504797185
939125813814980609
882004758264991745
2704577472
290143983
934104997779902464
952110307
992061997515755520
868780384695222273
890437578
1000637455622647808
2905988871
999843737210703872
127254873
975739156239470592
797547199928422401
995655525470752768
965286115103080449
926636597973606400
842022428716982273
17086594
987794328042049536
891532531
872695783
2640352499
1084882290
829122284027678720
797955979820175360
29620023
2535085840
43192340
168959288
21883255
984859330095800320
3058713120
978025321483177987
2694867763
16249938
973523699713396736
967952035130822656
803718815334957056
407290914
2918161040
272396530
1452861104
23094875
845465022046232576
845788208503795712
827856654951538689
308501672
2478705061
891719336892653568
958556564297744384
867634876899393537
861927176
223671790
386997820
805231095591485440
29309901
42070873
2556793152
800663185
154311445
960449908707905539
1355064620
430705859
959486387522342914
890914245759651840
3315826286
818956561863348225
38101627
18082945
898599572108267520
748946826972332034
951080305133281280
748600628801212416
826308790366597120
915899780160737280
27032207
2524732519
2910020616
848724674934714368
2718762098
3147834467
944654805485703169
3069250789
520029915
821420676766662656
799241560520998912
862015323175698432
850699730346573825
196415460
387181116
71074656
784409391697190912
784818328116264961
758597687860076544
938566040220520448
31548286
813620370695536642
312051744
8071902
104016988
286399465
2792814350
937471173830627330
3283236710
1165991017
3150988728
2875052947
892529239
2586981318
880032690023538690
3278260933
765424247455879168
2912028792
2764598168
2718639853
350835343
3328379173
2529508861
714079870649634816
905610001774854148
2682120156
2904931027
277648471
1418068783
722740458758225920
557640281
50525671
4654699512
35767916
1860281588
758720026237018116
899171838798041088
15210670
2496335227
924134690788986880
887975435648339968
776763142093148160
278315859
32671625
176329677
342957470
722842233712418817
893329084318699520
2350451402
29275869
2997290738
2160526777
33923443
779728846316642304
782524377388683268
868856461
19088288
17060507
250940553
21705181
469371578
44959505
303567190
43433353
910280969835438080
3321869212
426578718
19558732
294207022
358464377
42447494
416871524
904604368724533249
18758061
21558596
899356441492025350
18006752
997682274
11104872
75472505
2191790107
3634793833
3389247339
809769590435758080
899195966305308672
3065807166
903937974492155904
903348647236165634
832316005162573827
729797054017503233
902579407226884096
22582564
893586598989897729
901997083997110272
22259843
3107509399
54938044
897970866490941440
897585580430827520
32774989
2202380756
740829540340092929
122481454
798772003
889635071468154880
50332490
272341212
93637779
46197784
2869056617
886228858395140096
798182763631251456
3279945986
86434896
877112205187141632
2767680652
1697896411
867865214913355776
440392082
868372951002906624
739008880492052480
1286440290
133938408
889879278
707860068700712960
746936927287291904
857064526956511232
82425179
1963620018
319777415
61149653
983116428
2290453579
1007409421
2855864495
23603092
4379939474
229724396
2778608971
154879881
1130446914
62928920
334937812
4702944436
2421067430
818538936645681152
809209560149983232
782333276165959680
2167674121
353030696
2286189025
756885934512087044
62876792
2531859438
760113874590769153
780722634
16121116
4685083651
406975565
226350647
148291529
57579677
763648291221274625
18858027
991119145
4202121622
2490165774
4885527671
4779707360
791318204
743856512
3388890243
4222766147
629788894
719994022
1190536032
3251272746
2879015840
2256466668
282685004
365613635
1942303202
3034155541
2689597970
2856029335
382304101
469012618
298015898
2602088604
69948337
2797361780
2740693729
42790254
408854891
23109598
2501027900
1627116260
2421047521
347511981
1360247252
2717275498
1189447122
1376742360
1376737807
2280009636
1323115285
899802900
1269694831
891705858
348894418
893704453
927456386
927490230
25314010
431257347
407320243
234690438
