7702542
991470575846658048
853639441520263169
18166778
721809101664165888
10615232
896258742
47739450
54412900
1899519440
2937613910
1955038620
4639413136
2510362008
2908170952
861246117689925633
169686021
47293791
2393323908
17800215
43919633
113758100
292929271
931286316
1876660194
3836008983
732980827
278682576
631310817
878247600096509952
2801177472
594886554
781374236
21829541
15986949
36529101
817661098988019712
38495835
462104542
818948638890217473
247981000
343041182
15416505
39334221
4175166177
202952121
4510755552
857001662
18247062
18266688
818927131883356161
37666984
27995424
232901331
27915028
359403242
20459404
118845216
18643437
347627434
2417586104
17980523
818910970567344128
29458079
16163639
822215679726100480
14669951
3911294003
16589206
22203756
26487169
10005212
58561993
17061263
3022045469
37760670
1426388838
14063426
2926128044
19291441
270412323
122455671
464682020
2921084698
469194846
1656413190
850036892
90651198
89642986
21150492
11348282
34743251
17564591
348113898
38976390
21707592
206257572
1135843783
19553409
130600206
2430947436
20713061
128393253
237348797
78523300
940368062
16989178
2167674121
2361224263
409062401
2339238427
2336823235
109441206
22509548
216881337
37764422
792155928
1613693713
457984599
186646579
34916539
31214807
14730894
25073877
91882544
158769098
107125748
16366471
25298932
18089606
17879692
52789108
455306401
418991627
28587919
15513604
237403203
23970102
214620546
16032925
56413858
3108351
1367531
15110357
91478624
27702749
50769180
10168082
15976697
41634520
