21926404
16314021
796389672771534848
591920938
439732044
209699254
893130323847823364
915243514325331968
309912891
182299649
745792044
2288611836
809887021
2431419187
3687721995
6889982
107773189
125171167
26008338
780104972
14140714
846137120209190912
267856525
2013741
46822887
66010092
948358354052747265
61802282
1953612884
20994006
531561605
3185257806
292737255
14939981
17116809
24810051
27978241
2319062221
24047138
369160625
250316894
1382744990
22534863
1435074373
21221064
69671834
16504257
2161859617
83649051
491928940
704881118000971777
106477833
22846853
468625550
189658688
10328012
52108225
2185519721
239796596
3477523040
16347112
2439032786
409743535
21380227
14232963
30944769
40041432
488550606
3097043639
443350004
104293216
46769303
36383533
249260289
1228516999
757473249756192768
735237423924383745
18003583
14790966
809420163711909888
939570735059783682
2890277070
2385285175
54617733
802646542779813889
914588454
78535980
4850266394
57473192
872992562637709312
21934122
26034441
36169080
593131686
3068745199
21463886
356164854
104250509
21208413
16008890
73206956
16379018
2329252147
3701125272
755504
16961203
34487135
3046607149
60082284
866426699193491459
18103148
16409683
545630206
232869373
4625687418
359518650
248747209
15898172
4099171
16549571
101798589
26053643
63242060
20109973
19739420
18018355
18020246
4620451
18396070
45055696
217183011
92717138
61592079
1416622795
181370678
20772763
876866195152130049
1645711686
2847821220
478824911
2493431251
29995782
130636009
2424178550
4861855175
4823705386
104299103
41444712
79293791
66409312
259591690
1238259895
433439383
1850083927
15624805
3331401311
808285115931652096
891691766788878336
100133142
24751263
2294733114
17264476
2990633947
14386730
16113639
116994659
937499232
797869498757955589
1376608884
18924291
111490230
18000189
2236640820
3063032281
1604495562
20196258
24490456
483521999
2999987369
18052474
26490474
168146206
261795908
15907183
22159841
19978536
18058936
1909219404
190534701
331854460
859142548811546626
2822012692
89898430
188061519
14982315
16900536
37099282
15769931
39804874
1660468830
1735442838
15766357
780596193004883968
55309280
487320847
14154231
112990433
166950772
100136358
63262233
581558394
1648161966
217326533
14235543
389032360
164536190
15853073
36686040
76160765
19185441
138161660
129662828
75227523
2497484103
32652567
21059255
1167735445
2758345674
275215221
377761671
4669412971
312285274
144996894
54730258
244086046
1206035390
1306312784
262444535
476079033
410089108
14264732
32238490
4207961
100866814
35990109
2151271448
148469993
24665054
243863
14276679
143192279
3240707753
28644174
30354991
45881767
27187343
828705567699062788
306541147
757303975
331120729
3179977818
829056194698285056
21701757
320154349
939091
77764733
303251195
817269572998860800
1964991720
411958406
57653510
75797367
97040343
47475039
24578837
382295700
824190260338954240
1707321486
1482866496
2369335940
14973204
39668527
30602016
21316253
502135911
65698096
863792935
409486555
74087670
3226351612
39364684
35472060
15808765
738080573365702657
15566406
539128451
810219551954702336
774337933893636096
21522338
15485441
2167097881
61636488
27692165
139162440
298187081
432134884
239509917
65260792
33773592
46335511
373143817
31685653
5392522
126672013
228794007
78525538
310235408
2583289399
257591704
19568591
741368951112880129
86564866
23807759
26044686
181069292
3420477195
61734492
131497030
875944148
16024323
49560239
409055353
27869564
20110424
16228398
296630223
80982944
2269093894
37831966
2828854611
762320331872886785
17579312
54218903
343694145
183133891
2233154425
15934076
304679484
225539878
2996844899
17471979
65477401
279319647
3154252605
297011376
27022632
492399548
22520148
1520876749
391115175
260525895
36252186
342988581
470679185
24083901
26589987
751991406877483009
81483163
27553611
17350250
44039298
47216804
1183041
1078680727
3165817215
313454492
145907006
54404911
160941691
52617468
3101394805
1291770157
389881023
2169572467
17565514
480819245
334321077
14162415
411182266
238782335
21406834
43963249
2293131060
1058520120
29450962
115113945
703284374779895810
4468968509
16002085
30699754
2429644279
1911810146
16023029
54039988
4786273653
177733879
413550262
103075451
14681605
3070340797
23465125
813929797
82562828
2821147448
2893511188
326283701
18395177
35369214
827715487
357606935
970207298
49493111
29442313
24447948
24245466
4102125639
101858228
4319406620
35670930
20643592
26259576
2892397306
3048164181
149249831
2748525155
813286
1093090866
1339835893
14982804
3266848870
1710480168
2180407754
853098836
110326494
148945945
29417304
238319766
480538809
251686253
289008448
187725315
30364057
2753494578
64535911
131945389
45588943
33281026
25247183
75716079
4136166153
412043841
47812430
42982250
3321671932
269543530
3376066540
30979405
302194142
1536791610
965206652
1581526086
2904402173
2557462872
40362652
518136390
305298202
190371305
75641903
63112528
200286117
3752377995
341541316
15846407
17043428
216776631
801311472
1375736322
780416875
213478296
96792326
50826280
214622133
34942595
26149716
256659889
6974622
103686030
476907667
93121635
210275245
1583154979
237845487
336445332
175098387
968377092
31353077
732823598
62606201
163724029
146627634
3305777452
2850139211
314621873
59151069
2189503302
1460004931
1131217278
763979040
22518487
17169320
128990079
69312543
71531992
48800456
18804383
52500933
21340672
618396499
44391902
266394144
17900647
18364573
16831972
55324073
329720607
2321676146
33655083
2236828442
2814581123
242341665
64574449
1055796936
38684845
266204803
30751042
2810631456
1076964834
17396810
16929282
2709152000
24963961
331887205
2600336263
31239408
2285753090
49700935
85335636
121316090
33639564
241650760
2602006592
856491032
384685037
2464561766
2760508806
3183424710
48685276
16408653
334781536
2436818317
182227884
121626258
562381032
121832664
1919853660
100857630
65289126
69394398
2468124720
406699483
12266442
481647908
3043922689
1468828628
2654484923
859221607
1830000061
1388034182
1078443955
1041346340
264627323
2538131125
113439399
1090399280
243905905
505079765
1066843490
48613218
26070005
469706697
18393773
14230524
18023868
95431448
247432586
2569847041
2715115656
386056280
17844280
235441535
198161674
31126587
353990363
829673054
31451408
272250951
144548198
339317307
241382835
580097412
712812508
18269124
805004966
437838366
22557159
47285504
574168493
342770193
48145368
59440435
64119853
460693003
2224947382
345942316
30013027
2507602308
425572723
25893353
76348185
135249573
47786101
345522684
38440946
1137161258
2898329865
2705083145
36648511
498009341
21024838
28061932
395421586
2687674730
23464695
289548431
30450430
219150235
305275926
461521888
2599803331
40918816
261971536
268586749
1510975070
2743113943
24814564
39458003
1120755697
2407782252
308349554
31928507
43974815
2423086633
115577595
121341102
191303781
17217540
2482756239
2415918252
2293538004
434711926
60968333
24606148
329247980
298212605
1665663169
156771293
161286620
240786835
334189488
17056177
151642187
561637608
1004110129
2318014682
177944467
518574037
271385772
80594812
465680140
26303602
2395525639
129400817
2379744083
16008484
42226812
79923701
45285833
2282564056
2299174874
28706024
311663105
25382170
25465356
7861312
356314667
105024042
119539407
90631811
102841975
250831586
422212031
150334831
374312811
74219562
478523962
700903452
219703427
1558946240
16987571
310687757
39689218
329306050
635821707
87888977
574945517
18510860
364943056
70412647
236087191
35764757
15650816
117795579
57143529
380119083
539132636
1583451445
1589994307
1648440877
324586425
962253756
77917938
62513246
15687962
391037985
403037303
83611619
56931165
104969057
110365072
352371716
752133528
69052905
373537393
250939037
32488258
448265008
187645121
14668055
39501980
61595709
27115071
139823781
405056781
29706642
30412891
367359904
38259087
805075746
900886814
76365809
708930096
23639343
16303203
19185333
184843155
190401342
1318901965
101165730
1004749728
1023492229
50515656
59949396
602317143
53230983
591416071
26056708
912833582
971040025
63543833
1109917964
425427612
32238918
37395827
66604944
1096678340
98552561
186129806
126669241
233350673
118805793
965223925
168374159
15353981
15112070
1440641
19936078
327202980
391062524
234496423
81273727
500704345
76212026
41522450
14810696
434461620
10398152
384507734
14824849
67418441
57867987
952725378
385789338
385115846
28153561
405780276
27042513
94215989
213599299
346621894
68008376
320347383
478260867
49560082
842831828
842489624
462428148
414116197
308295203
363139617
31458023
185249422
372891057
237566213
589738774
508030222
594880109
535475081
166739404
31641658
583268702
257796122
521365060
278271236
164867085
21087564
148857281
586167941
546521960
420402309
282080107
575762689
24065682
509195083
164755056
76115018
335019755
466871736
560874705
106837463
410769588
321042638
392938608
30767393
529655424
476092940
408153193
494266498
156839421
261556195
22256645
376526010
30341594
237670274
279135014
307881010
168764497
304052443
224013922
474155489
428642168
239268131
294149214
126679187
384953260
33899386
15126599
338422849
379378651
315283092
366704054
243025997
286416718
419094809
273632794
363753635
413361869
401083532
403896264
403055448
403065819
398300345
119482563
50107301
358334805
28592561
385471567
59929595
229627202
94688308
180874444
81764357
182431713
238070844
368980533
48930903
367831694
15934926
131351549
363777080
176706021
21432620
33307742
228513437
30939922
21278673
18939388
258680178
62581962
336143745
36314303
22822407
85451048
21323698
23708694
195479181
17791428
153483203
66561957
17738772
117828301
31139726
320950790
163512134
224044276
90420314
178593111
21068953
45772082
72931866
314070067
18177091
15495801
40078013
304604908
276756169
266906940
291332091
6211972
18228898
58528137
150861328
78436113
46027640
267576226
219539388
22179303
25113677
31044097
80155287
62408397
138197961
41237381
18780567
22499907
18732025
67636095
39643375
67470633
27161695
68755485
50376387
42043239
20603845
