19570960
724012560534507521
1911185905
862105645
2850728839
828084526408536065
27032207
827237152836685826
358432869
2247966660
63514682
2258996838
31475330
1945272390
14746731
999026995886424066
42447494
991582508784521216
754947881040285697
3813235755
344747525
888871246737395713
789993053444411392
973211788849315841
2801229139
923810350775992320
738205633355255809
3513956295
815708250217840640
733057227288780800
1002306648818536449
900826280081358848
15425093
2732944034
800077220349739008
934940672
15212700
1011987883
997167730028498944
315987372
976396547205353472
920023898154065921
468902802
37530795
816406404684652544
623391837
17142944
21463449
952088322037317632
2553841724
24742001
824056293161766912
829818941698670594
3102142934
999413403885043712
35101710
807824724185194496
19558732
855114059544498177
761770148386574340
799101702
591964833
884441011853905920
482529659
797547199928422401
624327180
788052189818134529
278862143
791744773707235328
2983250529
234144914
532314467
4002396939
3134964746
25921981
3361744060
1201535478
34383891
1302095498
3493563087
22648912
997136838870618112
990557377689804802
357262809
881336677138128897
2466427922
3278030604
24733117
992882845784784896
11395432
963621968166694914
24897739
972583830384099328
972020316359876608
993629681491554304
1064932981
851898901925773313
20998405
836277460417171456
1666993754
305243657
944339793495937024
989932739255308294
993995264729014272
45642025
49061518
973564341667713024
340554906
15827996
79784897
593229210
986732777016930304
889218314177658881
522026970
962740071999864838
274267467
28377973
203383764
270068926
986802066478772224
972905102607609857
961741639277469696
805636147649138689
803223649952157697
51563321
800040229566611456
985881827348025344
897584426997104640
930941848205611008
813958101032439808
983801561053790208
849372179535990784
755057897583804416
984434834088001536
978376837079248896
2522970546
362306058
744405155513147394
3078942992
113669819
29270341
375241873
3334843313
1222659984
847913375539572736
852617884702359552
21609050
826043339837472768
921347407278993408
203765012
731307966113189888
736221584742961153
834843206609227776
617477780
143959195
1012510872
804479746201489408
17672202
33596934
937134054
872313771548700672
490692916
854168474972676097
309705905
929823128259387392
2719754203
844958585071243264
125505919
890498522050473986
1946911766
721030679333638144
982393939566190592
21704309
2186610200
19732699
379384927
2683973970
632279524
936692585854201856
15469000
940584876364967936
167964184
18187253
955964112042782720
9502862
4346211195
537816874
411446545
962415675548553218
879146782005108741
93309874
910540007584129024
66909707
783100843969028097
799010005655633922
973640362869837824
933200931155595265
26493075
946701618598367233
22075159
18798286
759205132391313408
913971546829361152
2402229505
957571186518560768
810302458895286273
913983698013274112
827934520112472065
4883976963
298602588
974921930913538049
588815112
19415952
742724669028114432
839119142355599362
578107625
860573971
960686166902222848
850464729311182848
975804228793917441
939848755989409792
1317309962
740955302787420160
2925449099
948538319838765061
899641669234110464
945108140122693632
857194442
973918855058817026
793257137866768384
619965012
4376835677
579508077
141977378
809769590435758080
797899198645538816
867186567835561984
963153391206719488
272396530
965603405744963585
294412292
827800662771691521
340613382
3449793312
991824054
838613046293630976
258134278
264924050
21997661
36510295
833616248
958041033429929985
968430086729945089
199810766
956427953767944192
967109486874853382
4526739573
950104636949540864
1730223295
430031199
898267580137439233
822506213137088516
948845338361716736
829712720542830592
845463216515928064
2265048648
2684222240
893308458652631041
863526421800644608
535563233
54256247
887665628823265280
837561853
854694082387386368
21929250
226011190
921514242028789760
2811485305
1518309308
907818288536731648
943505107987189760
825497648471883778
4904725573
918249445292158976
17495447
16810054
860833064
385139013
849230860746461184
942992680732196864
931311528191590400
1138709041
133167836
2791094238
953867069958828032
897902225632219136
1924161086
15554072
862525293449424896
23230387
955252440869359622
962867659472740353
955487309675335681
37990581
745621061190975488
3565028294
771717031754334208
896491728609398784
919194614858383360
870361650393628672
518937190
241400800
831972659609104384
961206109246717954
834812037322649604
1924071992
32189132
3273848036
710810649060741120
755405970252107776
2319308480
843556423548067840
886659234775142402
47779064
951160315982487552
53577731
809022534461124608
17505203
949408409547243520
342789658
833849424
835676573638529024
772958490356617216
857676128030310400
888180459225698305
828239607431098369
371483512
33112039
788915615503413248
873265780556795904
520086262
45673524
57186602
450370683
787347229476388864
902141150
19038210
734735805902508032
848207684365111298
23373933
951696729857933312
765169721033494529
814128958602027008
845357907080351745
117293062
319954656
37683113
1876847449
576303584
959979410727276544
14263247
874457221014466562
796883398249906176
4269633862
27493883
22344506
893548172
21048391
2831364034
26329254
1251664723
2459993437
223545007
934934273559289857
22427864
31259532
884890093303066625
23722706
56038149
1034544104
489975747
2981143626
48497926
2168755961
898948176580935682
831111050632232960
456178697
294991606
191064662
1279355047
760072145992978432
844365737254903808
827311090384121856
916392882315026432
824702076009615360
242996615
14968867
800700777991839744
4292519659
4650885269
2869858477
2155563823
801468882754019328
978787610
723273966693949440
250433326
787758255959216128
15227830
14709516
796817946832175104
850955642592309248
2761592377
1104267180
906325044602830848
955802206128746496
489023231
825829081866436608
2346158455
1451377339
24193334
403663140
758050879354175488
950360039998525441
832340953524432896
1195450939
845465022046232576
262159661
16490277
940449629652611073
945242119601520641
2418808274
826678762263674881
809558204413779970
1915988653
947972972412915713
921607710147338250
38451562
2163597692
1935035425
808093340365418498
2857355637
1520946674
3312840571
948964386441330688
3309139560
1538839230
934494196177817600
949700111092903937
810253482
805557614704787457
865952780032323586
927029969003405314
1688
950834264387522560
25749940
937689794200719360
16654577
934500442364559360
936568106658430979
389867648
902742876509097987
46504365
88471724
2203649485
2918161040
947120083884703745
46582298
540426306
824317845324656640
18293600
812384135746621440
2933700645
225283361
868817529585774592
936834537820172288
931644396642099200
811699909095202816
484839240
852767135705161728
111105617
21589970
3219780194
842194252218155008
446707932
861927176
100838706
752532893587558400
225137098
23746411
4584282501
924173854758658048
142827675
794009563045494784
938729392729219072
885833246147305473
852112767268139008
1334434248
823045140612861953
1952510090
3243006365
21562957
520029915
435564722
1372512036
832419062038802432
942544139970891776
751664087965151232
748946826972332034
3189417570
876894308309147650
881636389552631808
3291447454
839854634
825754138487160832
824758468393345024
78258229
939004384448364545
16644733
525925642
22117767
2358587114
896868358573916161
1300794678
940269344977707008
4741665042
216199952
938531186372239360
713204581132607489
2562852312
845749829401821184
920161381
573173793
839300788702875649
808753156960161792
868856461
18006752
896347734768312320
769692162254446592
939230091699281922
827982513901621250
4822694644
822828672801353728
834410869874384896
375392482
159684706
330721266
22066415
202350625
918733847579283456
254721832
2797460163
3076660949
1716477876
47469018
893832596769189893
776903357390688257
195553045
857457629592989697
940534627269271553
89586490
912116177484345345
18456577
775380594293411841
815662470060720128
2168492325
17924994
1585983950
2701693059
897815114887438336
33788890
525595860
218396108
259729478
1140341359
1455506612
861701414627807232
4878610324
32517594
42436889
4870478255
803748705849450496
43987148
937360274486710273
4822119385
862496382
91942071
803759565930106880
26214873
15348479
17687436
708646188174548992
818003287773302784
184492450
835318075868184577
933347881444167680
707209121855086593
300365822
867923413272338432
3418875471
3306273092
321774180
2893774247
11448
817825066993860608
934874304482893824
244328801
2587888290
23218268
2575929534
2786421609
22374174
1382837526
860962856719798272
2902340755
838862630957776898
103593224
864629611249979392
807565147665551360
31179693
30838263
796528769154580480
19516513
942815238
868935945281609730
918302785011093504
844175836941029377
1328206963
243360075
878748623516971008
2975652699
810145062
798936281954668548
827597082
3424876918
750481571363164160
884308663
894563731711176704
809411802962477056
33537161
1355218452
832377671300558848
35514031
3262635932
779164977739468800
747837410
2369239850
20764031
731855934675255297
929925519499497473
926268633189363713
931146953525784576
4206011292
18698555
749820055144263680
804343686310088705
156758009
3187848737
130271192
826476069201010689
911890239546826752
734670490279632896
914521993051025410
802184729235554304
824460816
4591711108
783975358110588928
24457210
326208666
868827562805428225
270982769
175832159
707035567675072514
825776310790266883
540912385
3352466116
91223252
822124776026214400
860956987995156480
3441024682
766878593007792128
381814208
223755685
877350542552334341
920201925945110529
853699622795067392
897322467592687620
923936345290104832
3115929245
838559901362302976
865784070466359296
4186888346
916635463116406784
21917063
156519920
76802121
827165468351819778
912973905450717185
705245553001517056
880727923
125413510
178362634
1292570862
131365482
805566304245731328
826467066937016320
905902001195696128
855522284689403904
2807969126
41731349
75472136
2549153545
190809029
786618887773171712
879924583985537024
734649816848961536
725448716782432256
22741110
916919930259431424
801991204946620416
3533130805
884851844761169920
912426986689228801
4175550795
904179138017329153
78161129
525678474
200962656
275864378
905260624141107200
765169682
876448112138694658
378296816
1422620647
4653017114
949821883
785680058
4847157879
821901681231298560
3011786412
109667331
168726018
45259327
4173811888
849816664036315138
3464320936
27649069
3316330337
48444893
539607231
24399189
829773167250010112
865054489241415680
907646113561411584
163706419
57062378
904787246175272961
787141837286875137
349803020
414223947
729763356
827993499802992648
3394143436
16315143
1972283172
183036721
401090263
3291865705
4847363365
869200390126006272
269393959
20271044
827861035092566016
847627361566695424
213107720
24287541
900766600034471939
3313749558
23719408
63513267
73883504
788498844
967776494
749337494173261824
40432977
1541086118
806513068754735104
829576036622835712
871489254253150208
1292688236
892821418265772032
1948469496
1281015355
819226918746816523
809299807303073793
1967671962
16351005
251625760
831630185451524097
898473061741203456
817848609731317760
1250049600
712345202971643906
761733384565616640
850765289641963522
802685230389673985
846194073702674432
1049212730
108552921
762258423446704129
53503202
294966279
831675086818119680
2880001311
877254240833425408
110254781
785257535385116672
724077790492913664
2743901041
3137373237
847942138545422336
2960463075
27789237
855109542639751169
53469840
1636096532
469721484
799610905604620294
896259349928136705
760676457681154048
817979601653735424
29216260
826283663658737666
163299688
4799397552
3439164489
705299120
824791178453381120
2181281378
2979749464
783795738677383168
143159404
835398026894024704
115563859
2637957706
897535036429414401
177786362
1799457534
12874852
437251603
825518870421180416
2192236919
733360368
574062668
1301920976
360299777
3306164498
34422094
774002925320404992
4501434974
51879018
892307281
825414269248303104
826826928590057476
758439544559591424
35934245
1937840844
859421362749919233
3055722811
21425343
3268673270
104016988
261330050
82424357
35048027
3258234763
842025891093991425
64670367
324704551
146404350
1549917763
3030906321
17854462
147622355
30485679
26655063
885498626931294210
2853378714
254687044
32824173
46786678
1924574754
1258266398
893691050409250816
25219971
326889155
212887912
396244951
847515800323964929
3423377704
723298666904190977
3448984879
42790254
2861407204
28116075
285923968
572785131
829658641921740801
3383770029
15072797
26346508
835604548530110464
839310063282053120
5940642
775001102433394689
27576748
848739490554298369
823399293511835648
3381330413
888491301565607936
801159713035612160
887671540430647296
764573320658296832
803072238928936961
319701555
24421600
225189494
145738997
826981458946424833
18082945
4850268548
888152595256164352
4659660988
17793283
2811795667
2564128819
42466321
64012365
2814717487
177974542
545517487
881542363570552837
825784022731210752
82713557
346781643
90732175
776841772227899392
2191130738
44355101
65398079
886275370969817088
853581585802829824
1909309741
3279945986
4920733721
268468736
786536157387563012
105907933
824772736153169920
43866447
760565880241598464
825926488985788416
880041108897714176
793476312715386881
384109987
875141800184467456
2359843529
65455370
828301557636571136
3433481186
16135336
785859313139154944
2887995893
19174497
883100677190430720
808912046
23545882
60699572
21914659
806186936834457600
4077724469
799997149576622080
1040771412
2185575218
871811267769626624
3412562559
760234705618870273
21786425
582023607
372364542
32671625
283366530
2939983348
799773099667226624
4121325857
269443890
872601162
887039353
825483051782242304
19607639
775439642107731968
785536667562029056
292590344
146160591
858312763235553280
821068016322539522
729116045886275589
840024889746628609
22694866
87102437
806794262004150273
811604563291553795
498843659
869219486246748160
825143318891917313
3930403937
767029620
830611608086904832
2987823817
856167014880227328
3491788163
2189446542
542947234
1305818593
827768705073324032
718375439367028737
874397960489975808
393073343
2979538748
797617218511060992
2347323266
350478896
4705542278
20480549
22271936
372050829
798964170054057984
997682274
814946718013755392
360285166
754994619079921664
50332490
2460131568
60157486
109669150
16082911
27265576
352669763
785334526457282560
160205240
21251289
821751290590035968
716371621380890624
3216800375
22253617
1842701690
14425872
219254174
3120373352
821424291862499328
546144754
2988785197
306190407
27202261
2207836758
867404168134369280
3290712922
4704039667
244610701
851491276000251904
100832012
32522055
136839173
26925172
524024759
2377897985
810123569925619712
815691017202659329
1193469660
1857320455
174069619
47912804
780220386260557824
21421710
1056179778
3048657984
211443571
3393547569
16790005
846877529650544641
743228830060412929
129247241
826249933376409600
842157848670924801
938380152
19028450
709401736742625280
832737665434865667
862504510744350720
1141290944
18913419
1115854710
856902089108148224
856874146701201409
857169431016984577
64090063
387278632
4925188717
860253858471268353
819226134625865728
825351248362737665
17456135
151621776
856688218837622784
822834252341542912
847173071425355776
383719352
802826134027046912
856673197185478656
482385007
852310393422729216
16592558
46197784
1951728966
762718542991020032
17243913
699510633977487360
414488432
26673789
855295748027502594
2891880548
806606461971247104
462580372
1446504932
824369683352604673
179732982
1589520518
340009347
556970371
1613641327
35568270
53929663
780709748198903808
1640929196
2223001286
817787756281790464
729961784
2298629192
825081885281878016
801241407419781120
839318256603164672
172469352
829879227566669824
732515283902943232
822577409434222592
15053754
800002703229382660
2220651660
829310340131340288
816491869517545472
837403887778725888
825469388656480256
813240190361710592
825289409083740160
18418394
820349906854510592
48135584
836023764936699904
32490996
3938214077
821487733608685569
291494026
755808822506041344
586038433
2943845715
731186817857429505
19088288
2492811448
4227346179
129714109
750024484753584128
811398634025656320
788053863798546432
825502347451326464
1506668748
825025157811040257
334660170
1147195908
3947239223
2169254929
716827299551662080
177331028
1484245165
805769988988686336
774698847821893632
799748204963065856
4854332050
841867329482981376
755914989668409345
607622157
797889664388571136
321029781
3308417186
822651711349260290
823725086184075264
706413864124940289
816789247688581120
549127075
721176266414489601
241561541
801874268476833792
2731894097
919754095
799651521537441793
87183181
822462171779137536
827600497854943233
2883502781
805231095591485440
534318169
353672532
3037232182
2496335227
14247236
736935466604363776
25203361
792442371963293697
4580321239
22758554
55867524
531351424
814450981798866945
23754278
878523816
800812601730940928
459269265
17272615
194181815
824326418477654016
2809410428
750416928708132864
4174527256
49497068
3687202517
181140029
824558530988482560
829507904508141568
298593172
822102838897733633
818494245342420993
51763979
851717202
16288997
814893953954758656
3311951538
757931937541611521
4615594696
828771397425967104
832239649296936960
1155144446
64598808
819120785906368512
2393510000
22446832
801459313961267200
394199036
18624160
484848354
49707692
832587967923384320
113949650
815755729676156928
302346454
16585645
260910555
863933592
4474124001
821531432619229184
334937812
769878574052548608
712359176362713088
782414494953713664
162419546
829614364055347200
737710065436622852
16672644
814674994378592256
2421067430
827591414745858048
737090258328752128
325220064
799038561811103744
1710560160
825072501172510721
820684582479626240
132339474
709477319543431170
4187917673
37329097
44968793
2173054549
3288084386
783445779923013632
799708102543056896
17899472
582816516
579188949
156725911
18890804
15115280
823463522474430464
559245943
32895694
19148447
772911413702434816
822934515211530240
821757181716402177
18382184
341190477
800155178057932801
38113222
133938408
3173758122
796997322580303873
809638310041657344
3072436178
766640333190934528
4085923131
4197305289
2352154039
786717463572545536
4327242015
