869883184879738880
1345580348
926468918063058945
831722171923730432
1510654326
904970791330164736
1913235571
3253923108
2893567210
17490707
893405045508763648
280826651
33533566
902314092
91942071
740736783126790144
2998864022
1002552095894134784
63514682
3396386859
368760126
1000754108079529985
18689581
25077848
3589010426
917372864180965376
128429068
44399827
865172970788052992
79784897
107321622
824772604787572736
3380503114
731159200743612417
1001024316195196930
838946864019963904
51998556
919667724535648262
365181207
819420492104773632
77608224
865365986119008257
19832821
3188485221
874553040
719944642402324480
48247768
168700374
2779738852
27324507
4459642286
42780235
997167730028498944
944019739348754433
998497348304056322
193178033
66211398
724954296605917184
4760843473
28032172
822789858099871748
6769572
998340022301614081
824501132793880576
1335636697
963260575290716161
16072199
758360346998386690
934443516998160384
43472027
46506136
28635200
2149742083
776830741984444416
448891258
996286057946607616
875059120918933504
93462621
119495864
15983306
796836384598331392
874106117886005249
802607028
4208976113
824796324524498944
1295959370
190149987
827897801854042113
917284339
66286198
860654500431880192
809926355747905540
2181378840
357262809
31513556
2302176421
2832096234
3334843313
879792670901751808
2713080925
15212700
3017888000
991153942523535360
34472215
758751618175074304
799010005655633922
219279796
926514022668750848
881616210655313927
778550398093135872
736643047287459840
715862731220451329
726872852968931328
32917190
478407982
738927476437622784
752472211
979396545987731456
32189132
389532043
26089729
825829081866436608
25470319
765384381217267712
3256697005
776581958675464193
1283138528
832759503212851200
63144098
421612603
1612067526
898357955824939008
828823127052398592
889310307075719169
271219601
16801580
1940327480
302751140
844202244
212336449
927346985744474112
3762035714
462179420
961387138259435520
2595693330
17692273
799250105572491264
11104872
798296697952735233
722890560
47801895
15115280
27032207
48497926
825776310790266883
3187848737
625939904
597121996
326202977
814474521533095940
894484815700869120
55405359
64895755
594808486
2322774483
15545122
2531131915
716432228
829354431812628480
1658663401
841066116277522432
963733916677963776
750391135
718464769540403201
803055174537347072
786400336554713092
721213150964674560
14910570
1415530688
1712855245
2324697685
65568644
3646234694
955227917054656512
17427513
7544762
525678474
19679818
3154176678
2168755961
828343688183050240
2317484126
857457629592989697
936072536
888091668288876544
2355475598
760264260312117248
33596934
23458597
2848802507
64525839
19134557
14175886
774230086937489409
399178595
824457525948919808
20733757
2932942216
344247978
36267711
20481165
817151577622454273
908149255654854656
834529854339088390
940013991027453954
760502335
536646582
551393081
941385542255677442
728840052
435016553
596297037
2991978347
24038579
47730523
300398814
1518714716
16074930
825568497434497025
1370104879
140282453
508006873
117158296
956325314157826049
2758397685
16858001
732515283902943232
1894103203
1050708078
864848809863426048
824055142135791617
766318102577577985
4101397285
4376835677
84337958
705474684402270208
854050146228862980
128928345
896086736811569153
4876296974
808705702403317760
831481628
796530448969113601
2896573098
783470735960313856
15679351
2871273557
969138694308421632
808430604001964032
800121497884901376
748905282151936004
780806537644093440
38210784
926847848188203013
965634801607704576
931607321175838720
883013723429974017
170188491
593959216
470543884
967810871480279040
961414951184158721
832384754
25773567
201202646
825127507032670208
168771859
1737509420
3165232408
796731152962908161
2543676984
1611230635
30395567
857491875967762432
825169343243653120
233905612
29112439
34795605
1496282988
823985725913841664
50903233
757755996337016832
829068804483272705
886730561015959553
817898244466503680
386957126
262455200
966968536366309377
760849363228733441
3327376941
745315422686355456
56310925
59948457
347271473
762479876431425540
724698129128259585
20374432
439394840
22209247
944033078787403776
36937675
825798505608388608
7752092
880488376595558402
947391627882041344
23174935
231084608
888774225267273728
49518858
886037059244371968
706875409179275265
366370704
30651957
24594997
531519405
3085944656
821741531212058624
168884888
138535693
851314563861446656
583220780
826910727600345088
34487657
725874205
3387518013
864454614929645569
19570960
747304571307909124
531865561
23313210
921391617314996224
783503004590673920
1084524458
390499293
351153307
24548578
15573838
134296707
168918386
125033736
719624962504581120
975419679987519488
704300806355492864
1886521922
16225955
949222505985789953
262506490
962054623006670850
34858992
3243189006
260444335
4799581347
178820773
912307916337590272
468875350
963223371759710208
928099522777100289
862882482387025921
865857627913207809
857087732153286660
839624139560390658
838613046293630976
924779782822178817
29902623
1158269520
915015425330761735
818112703218778112
29951609
65222047
265773064
1315254872
790402495487049728
2869082432
2844291427
923148591782334464
1209360558
42790254
166392869
190757511
27864404
911748369286037504
961527493
948792503850979328
220935584
967585843513769984
798577750445592576
162452290
896778379143327746
923083490182262785
451560385
1976247560
17450061
32443514
272775167
44118051
15937762
1049040548
19865053
960568117373165568
2370525344
77329593
1173602827
720723694780334080
837790396335915013
2279320164
3910760593
863983953631481858
807705776387067904
743628395523809280
796918378564820992
828302764371542016
811578338120712192
833941902173097984
929576547811561472
743074548665311232
3072732406
1293687300
788106950160609280
1309125224
3305590707
340523273
838449151
17823866
833777334528331776
566700073
958072897477758977
321774180
3784601953
178362634
930633384837165056
215891347
865597484940181504
386058412
1849130522
953006410140303360
778112372586274816
110070119
762024661429415936
381829318
759531894820048896
811740481193267200
827205615789494272
862227848
767484720724647936
755923618861690880
31535818
906229531257839617
32539990
835224839929675776
195589587
2712875472
118118419
20946458
738155991154315265
2347246371
153539850
173120614
31463572
333729397
308501672
468134455
930269690001346560
881070264728993792
790412845
932396895825219587
401586839
1357496893
1366329613
70965575
732981985854038016
564631594
797495191041167361
722590718842269696
967448700875431936
921451880672301058
1018552855
821355319284604928
781266319018696704
945814887950946304
827323185058033665
827237152836685826
801215898455392257
894239185338609664
374684129
831201905049214978
1381088924
826101886390525952
139956991
212703958
900038696438611968
4750353794
53314121
19018447
966173875749949442
830228931085205506
220712406
186472574
23770380
2381525424
955425266
957480986349944832
827333887
736711599340150784
2241314639
819521908513370112
28911707
851711263
709829744708218880
864265968142483456
124559624
19827221
589177606
30369460
18090873
1466986621
18182718
2161726026
56481865
875018877368979457
816045345201209344
579508077
958936664201728000
822901124847931394
27778816
838462054340182016
815420148626714625
942176918832664582
1949726502
757949401323233281
45231570
714852899453607936
770759270
795296383242829825
859556673798651904
854908276512702464
912114209089114112
24744802
4032464440
222002799
883590418700554241
25345839
938318718
1571540390
28434285
961006664454373376
2739958019
1483245182
241979376
3343598465
953868635294044160
1508031492
26742293
44048443
958737752853569536
156765413
260604820
958722133743554561
14611061
339285243
927566168851976199
1651208408
958710156082204673
909209605514891264
938374479033626624
954464504288628736
798278445218181120
16031640
940667705459437569
948217516140171266
828671206631018496
825478696144297985
3321869212
961038721050140672
755057897583804416
939670537504215040
464815693
929524328428949504
2694222156
4900611422
4442529193
3130801983
835268468693843968
857324815601909760
23894377
2182208461
2869858477
218396108
378778682
287243900
14098909
1952510090
1963497451
953774053927501824
958649145819983872
1034544104
785630439713153024
23230387
831532143989776384
897304031978151938
708124405
4446656189
778847899274784774
887759410126245888
569496652
3986835197
758050879354175488
218787717
956496912647118849
761927104829198336
2226615308
776049318796996608
49543563
377796715
3232014475
241586096
4222394447
18902177
824318788644569089
1372512036
796883398249906176
2898042593
2258996838
709828998147284992
900115400
817196945055723521
2352549152
1538839230
30119391
1394909232
67500206
823651149823688705
1488822319
853218722244415488
759088783539081216
2968389392
817775872577077249
932085767131758592
2855588622
930571352
17130878
346922993
22225128
2774104062
169183368
844289280805613572
831981042395406338
824281845139472384
901309327188910081
785209740
869678899726237697
828182168224403456
278455486
752480388
889585550717538310
31509831
115292123
807288448117800962
250303220
825827434536656896
871344003710681088
25283400
845465022046232576
828025043913371649
705299120
14062467
827658471000600576
726102570826010624
823328889535680512
2609947378
828616294408744961
2964128496
704031125728051204
22791034
803322732280741888
861927176
357139945
1024541209
216324078
824526829222518785
78193434
22788049
902329672628805632
754698636496347136
921142987828203527
169958838
799321819165691904
3188694442
26346508
2517897416
706666581741318144
880874908003258369
878747000
4594487838
17282210
17245005
819681590393602048
33237200
817695114122461184
944372286827778048
825774300594597888
890825837641175040
323399151
62439819
1248759402
826308790366597120
896364666993209345
830182457039286272
909974907865391104
3316388106
413722926
3369278890
474971480
819456265029980161
3160594331
883003734099345408
1607306418
24198971
729845288450596864
955781132
36410074
13122792
817491053754380297
739844197935644672
496985240
2817407245
938684448555405314
952314738
18082945
125107466
736935466604363776
924334000927371265
579783091
743936431
838525493368483841
442296361
23132135
2797460163
9840392
2367796346
134832442
1120879074
2433475436
845833560611340293
140183736
1004426490
824395857625808896
376472551
1970006040
2717106752
275131335
35139186
824298857207046147
247378337
3535205415
467727548
930082488742969344
2844364176
441154386
807824724185194496
946681481077850112
880643575943356416
571953394
946486039865991168
3391405013
26168555
16600574
17717593
849681119213760517
921461880027254786
758716568851230721
261672087
2556771077
347785608
877702138905976832
884224110414381056
888160578539319297
874250892555563008
798936281954668548
357008470
28225322
2323308414
2723043564
912864259259777025
829520965902163969
13033562
2363126492
66616282
35101375
295285502
3076444642
806625064993116161
886774289738874880
936236963698442241
2656614540
2471632388
459269265
22804889
16177486
16601001
783679042918555648
931278145679847424
859577182166949888
251437822
20023919
852992935972945920
916109891395293186
838351435595149312
18698555
210954755
2197167217
775372198903025665
847942138545422336
3384903430
23726559
20665235
71331579
2984337697
2353789531
827856654951538689
2384527201
1367655709
385215384
533968111
2866385391
312676137
24129281
2909355958
720711668087529472
777002090862227456
4867987870
196415460
32671625
743211191787368448
18398582
720826394
808082454317821953
233127875
822695555675684865
916378368194564097
3017732286
887853767533711360
841480037517910022
20802179
843556423548067840
159225195
830269626206580736
804436586691559424
4235379015
49744024
52197012
1302428840
896843684003622912
772463180509540353
18635769
897896661866893312
780974295916785664
86868062
799042915314044928
923548163239055360
861624579978125313
63841760
868106895361527809
36652443
2769088101
172524141
35098906
805169924494807040
4556555772
847081094621118465
2597500387
924642018034192384
1613838523
830159625093783552
842763645855645696
2854865919
862031502
25606671
2897659697
4531076896
721651267920003072
212344773
867634876899393537
242653054
2567268222
21415395
802649176299466752
3535835608
829035894413918210
273500775
798182763631251456
913485110858665984
751885872417562625
37270422
906315371195514880
886042863997337600
832751112507662336
825369161668759552
931858255839617024
804581396962508800
840016784266788864
42447494
163299688
708370476368863232
929654851004334080
4766959164
462297803
927929221237891074
902009464043081728
16701083
89713182
2729700907
29275869
915859852403945472
61149653
788486432495108096
16220527
407246797
232650394
378379630
2519697560
823197041824296960
774621609479049216
2809365197
147622355
32522055
804648577335169024
16942658
872800970408841216
895357627106025472
725880574095724544
882364809307709440
589624941
778933753150251008
870873497442058244
469107911
778726099656114176
901122101561753601
2286885614
2927740740
833724848912420865
859421362749919233
236928181
156311151
30485679
828409263827582980
893046146280673280
893170221867044864
850559969384517633
867166741864042498
20852175
1965679052
515008453
1393486296
887114914346749952
15730901
406723394
117535296
708236539353030656
884976230994411521
853528810804924416
132339474
133938408
524024759
228597356
18293600
855613304621875200
