975806115911958528
990304059222642688
886702913745289216
845809746108174336
1961141418
18087450
910446177790787584
1012344390
28698668
3435192275
766411449119932416
916274395
37781634
476309296
887030672
346015198
923104765265043457
796807918121259010
294991606
2496335227
978773805769351168
543077003
889222072001597440
2499230154
952745082
842488549903613952
3957945927
822561911682297857
199575413
844231091489849345
998245633629679616
754573039912660993
56135526
357589333
459269265
752264539748589569
985290381574246401
992799568382386176
1327673738
771701183346008064
924515652517347328
52288011
1604537418
827934520112472065
189246211
984885823429664773
884201370760478720
826545760753823744
829746367425699840
19939369
93692734
749217316953468928
34477216
15115280
838050914703269888
48872289
942840417237852161
38830101
83106454
3361178921
24578794
813261126104252416
824336617280311299
926443087571931136
305003097
4032464440
889310307075719169
78112022
212022364
223671790
151614865
955964112042782720
49068640
888091668288876544
1040497620
1510654326
741963895020064773
23746411
973486439068561408
105140723
781999720684105729
756882739413090304
918733847579283456
755509064935743488
29309901
763054550362324992
924794205528043520
891357971799789568
765317678043049984
936236963698442241
109394930
827011405165559808
2916646212
3057762283
3214728040
926863126317948933
21258460
60050271
902697031420055554
3239982072
51728851
3309058868
56722736
711775063742279681
361921518
46090656
21971612
390779926
796918378564820992
16801580
3024088539
973381435003490304
40127387
948391823923449856
924290773570465792
829712720542830592
839663649136455680
967448700875431936
173223066
48391014
757755996337016832
571851182
788106950160609280
832094441796087809
4917480564
2166639265
1613359068
829520965902163969
20627427
718167550274592768
904351926636077056
75576664
901878649795874817
3360315484
29632225
1249128541
3664084214
817923454456373249
760259557440360448
908169906687967232
2983250529
2915680584
332999634
180596658
30841587
381829318
841413794429460480
76501911
828400393705058306
349496228
890670559364775937
2836710789
22640877
15328937
915015425330761735
4872522345
293090459
814538502339698689
29385824
824366109373644808
843443562
383552361
800111181058838528
23255247
2918161040
868130508
14435027
42447494
132301449
713266727434326016
796482539942621184
891903291273207810
817450594973597698
475165013
4474124001
713453071637090308
817812539744653313
754740848693088257
808429384407261185
58792543
139956991
918542149846818817
796883398249906176
4890882437
742695104
1862511834
37332624
4855577966
3004038184
957030944959016960
779221338598805512
831111050632232960
784771562595573760
82482044
837201003317506048
461447655
218396108
372536444
710257906747179008
46630283
811578338120712192
1180884396
756932926571446272
851882108058558464
947563542135193600
1329296904
940723428989927424
736789224720998401
931219207470985217
42208548
3018109789
4376835677
852596071796797444
927360381898645504
924379250681147392
934500442364559360
2293759616
943241204711546881
384075177
748720059011313664
3334843313
815011123502153729
2960463075
36012111
35591912
1004426490
787193401288429569
133397127
16711026
192072700
112532110
940798328215916544
941405111888334848
884913549369372674
837686224030732289
759088783539081216
934677365019492352
890692436
20846121
939004384448364545
873191426573651969
23094875
2478705061
30972240
2381232182
947062997846917121
742855314
911617101651116033
429487834
818184347450753024
2422894309
816687431688847360
107216890
3058713120
580224794
2772390916
2784714819
893428159013695489
2342790655
940807622499995648
202932058
55430898
923720439595020288
944775787693137920
828954655967281156
17060507
871521882826264576
10251782
4821440349
862435303881023488
520029915
291524456
887073393089970177
4789822643
48756862
58290199
786380343872000000
3138212784
3076633479
743211191787368448
467727548
829390100639387648
921417114396667904
871866539825401857
2892324196
788608403455217665
387831112
573173793
3076660949
377601385
3127106002
1349535121
921182063935606785
825724977894789120
3066992568
922082306474631168
796731344562909184
349372439
820378769412210692
106554795
716689065517662212
928761190393585664
743828447298879488
174980242
218993498
823068295314034688
923964859
824980762713870336
88960710
942360097174491136
837711040859230208
2420953106
3179593117
1531250054
50698579
2149805262
791712550110973952
884542426957975552
755435693686530048
824211759602905088
825785112394559488
988060225
110790607
328380846
3058704012
2282208920
212752648
2486311429
710810649060741120
22045568
796729146848251904
729086825172766720
827555032551845888
15545122
767083086714503168
2205839286
25606671
903600135204208640
777503424464187392
1252528010
4311157347
742444581887741952
503716055
855557205042614275
38291999
795880680727216129
755224939712700416
877353129494274049
1884695887
2669024060
169762444
818686949561077764
380703556
3072761019
368948564
253530342
785570415896776708
784496896870014976
825532624475090945
349325829
227842302
163300674
4765471392
155916383
109328050
228144288
820073677177966592
1494609860
3565028294
819176997037473792
360766927
3195797544
172559402
1405213399
751122719698071553
2810639647
900955190
460779732
735563072362795008
893832596769189893
710146599704502272
24932455
188977049
824006355010850816
825121284426174464
3295641141
900647142
892525275703123969
152635334
782828760
818162497265930241
844688107173789703
19120619
36962195
762622133105078274
824425272095154176
531656845
1692042397
531797078
820777162378772484
824877094236680192
805435658907058177
486203015
1293687300
14456422
772463180509540353
82357673
3451271121
17823866
814316767665418248
237104507
48123735
2810067902
4720620588
922562727016521728
3168061434
16943524
22082576
3222641663
842596116
551727207
1107919292
857457629592989697
880792907489333249
2864214549
941110538490302464
846449379817000960
849463518361473024
25526748
934632554723934209
479354963
861927176
896969492370038786
829041039721758720
30758016
268854656
827004526712479744
932357048020344832
2157836512
2592410190
441432276
784531634376802304
994130395
733860271840591873
897241571900391425
839231450901807104
920071017011335168
876173226682052608
3579039794
25413103
2526574528
829847315812855809
845755148756504577
461619791
311754622
788560120598917120
906972205787082752
886371706335625216
738867250619289600
822701029649215488
802685613422080001
2911750984
1347965988
383557020
21027387
321774180
190149987
28341156
834398388355473408
919392001837162496
862320147821973504
540472551
22693704
934046907856556033
935907448350588934
936232421359366144
870396788288741376
2586915536
860952227023917056
174786533
824469842153664512
2357499609
104556790
726161607034818560
3288598806
4706460988
828046661280755716
837747719414374402
617550829
931858255839617024
3264274576
4591711108
777498810775986176
890977722683576321
755808822506041344
2998864022
924197775067119616
4086200860
891375182719238145
3479325072
747388927653326848
758772487060676608
837169613527928832
898362356039909376
918199537725997056
410594518
3116321051
4076223385
3345035954
881711874827595777
825160077682364416
799321819165691904
29104019
19558732
3329874167
825810813772525568
1895317778
835937559767310336
745039403391672320
474076398
2569322384
779358438660931584
1079688841
829512693233152004
889589208846827521
752686172430794752
24579517
728110634743697408
839026325968965633
756176468388950017
24057071
2333566868
721651267920003072
905811834397048832
140183736
3244310880
2687970596
899808009475510276
4431639255
245317425
760053765210800128
126676393
1315355821
950425081
2661842046
747091204672651264
17015583
898283712550498304
22806783
28225322
912864259259777025
825906584366804998
212344773
336176278
295285502
1248759402
18698555
713159737324544000
857636499466092544
627869198
875688640055259136
32168059
763516802433486854
594829243
704122031932108803
908671860627341312
902731622243602436
2814256422
368563097
910374141634768896
906588897500467200
908956438269186048
4183535129
33923443
787042140291420160
53403438
397697560
341190477
874360425533456385
27468066
259434986
3190218486
832461698
881746816823431168
853699622795067392
34422094
1483961083
4799397552
24341617
7140602
33341092
12874852
28352795
877254240833425408
104016988
711534067909574656
29327643
758854928458657792
3311630965
16062482
184903239
1390353643
2834219592
757735684471861248
797215904085975040
889491819280687104
20529532
871157699907653634
781270689491800064
827980268065665024
1228897513
4894095909
42790254
2513712122
19607639
88227424
554327696
3153281736
832605545001517059
19209647
743088198994276354
828271666342019073
427670244
2583114757
826777602601926658
843658492917530625
874002148211777538
875102174824542208
146160591
372364542
756813285308018689
23758754
755057897583804416
1653582822
1146843098
147622355
816389569406898177
1288580204
876427695005065216
54872422
766547376
876062215073300480
36032320
24613002
87239305
825518870421180416
847545582
21705181
386058412
827165816110080000
61149653
874010777577041920
2418759412
21833728
736968639044165632
390812124
838455835579793409
17194107
805587682369949697
770834951000432641
837423016879468544
801159713035612160
837043591830609920
46477493
568604112
32839217
813174916401025026
2752042093
859122500701220864
802145597604106240
870259138030432256
54472408
1842701690
830207440062930944
866965944459046912
842911472992772096
18382184
16790005
4828013916
831542175561310210
728638115598852097
861279599048761345
21914960
127317203
780572633628745728
4925188717
283335371
863079249539772417
755946560794558464
819294551743623168
836410027816603649
832737665434865667
2193135944
373607124
822124776026214400
724473675211104256
861970116413718528
829740747951898624
32522055
859388355972222977
4751882834
319777415
2685850658
427707249
849988398513356800
830341937005617152
806486292041203712
853621704
4633235559
39054975
1238556926
185768634
4854332050
855324304757608449
25496696
66360919
525678474
797142613744877568
848281449061109762
2281243921
823162726327447552
536817992
132339474
19088288
32671625
2681526103
825419484328402945
827901149776863234
808138256873361409
44968793
263528349
820349906854510592
830020370669436928
2421067430
820457003080355840
133938408
