944771214
821420676766662656
1006316023929294848
1005048276733845505
1002160049714708481
1004850319401148417
993818719985045504
967462540820164608
1003569993492107264
435980297
827237152836685826
136102085
942052787059351555
26214873
67845225
21883255
1075195237
899960887959670785
704125665881141248
993282419452207110
79784897
17403718
481592408
316449565
2991255007
163639637
2557104007
920071017011335168
195185266
141250577
2402093886
898798165775622144
151829432
1541624844
377601385
2764292912
40329215
887434842
889714183763251200
2549369478
3025052073
1002306648818536449
968756459419914240
797547199928422401
799775658058596352
838351435595149312
426578718
980371738231017473
17171142
913485110858665984
982705060827320321
1312820220
43192340
17060507
964530493701087232
213831700
916395979678433280
45895231
863509270096228352
1637475781
626515184
1597496460
928556315043160064
4376835677
28621789
18857388
758772487060676608
752472211
46655895
902046708854640640
5548212
2227483216
985290381574246401
755057897583804416
187798202
938415713378807808
972155596265967618
707628064734388224
982962660441575424
358464377
946524674627956741
978375184167161858
39603710
457029141
713510816251707392
19186057
1262776610
884007439229734912
977621215723520000
3347237649
958677453106491398
947978020760858624
37376499
3124664090
295285502
799237747
34436190
2605668121
757118699212009472
2869858477
16801580
3750699197
785209740
923092838665080833
19865053
930377246992470017
479236107
961964470041022464
1446853159
4878610324
844224970918117381
823729085318885376
2921649730
85901479
154311445
4548865817
16249938
3321712610
736935466604363776
960539120392134657
16711026
3278496427
951349253628203009
960523955659472903
2825137444
334937812
707209121855086593
955921204698853378
881837291269791745
19570960
580224794
954046439243608070
818956561863348225
2562852312
3790437254
939952528220999686
927157193534607360
1359152094
37914958
949189126175289347
24198971
802649176299466752
18698555
950306131800453121
919000039783063552
829389163745202181
757458233283874816
17427513
353448367
16600574
39289244
179732982
776903357390688257
758597687860076544
937646263096537088
19558732
2505615955
1344486691
829760496333107202
4854332050
939193183271088128
900418562740805632
29275869
843556423548067840
43751809
594116718
507806816
32671625
901405090891825153
525595860
405080058
196415460
933465976871489538
42447494
3201016474
3062975538
861733292525195265
278256555
3208495775
1160336713
928771719141167105
802184729235554304
178362634
51518802
925645537650634752
75311987
1381088924
921859855979372545
760858183048892416
2316955686
3189944347
62820234
3294150207
910705628007542784
2964584867
1245361106
813655189
2278691748
884348767234699266
3439164489
922625499662340097
922044323524464643
885203193034153984
872501639504175104
433901612
28754347
33672294
533391344
1517140274
898862321463951360
920311766545862657
1441961305
151198065
916706245297541123
533968111
866557864780759041
919714230768726017
4899816250
261157191
545235190
493822843
132584323
52102296
902510875621326850
319777415
917006274100813825
341190477
701883319667990528
2364922490
60644777
32774989
909149331692900354
885406042997354496
3193836224
2998864022
3137560986
1393486296
906206688486842369
780873945910120448
2741874197
25458378
42070873
888068019334905856
15210670
888506710201126912
810619093749559296
801001064858349568
476309296
812986204186492929
805524458081554437
15162371
2388591697
885469072066064384
871088907990974464
14565566
1629244514
23132135
1004876916
12151932
786290087663312897
606412878
1148097121
447625812
451219564
3299940279
396784819
734843533522313220
580617824
493284183
720856248267083776
731552935621054465
722089741412339712
713818498766618624
708597204857057281
4420774273
1151123832
449414897
4375400899
4375366213
4375341373
4375175365
4256152573
2334188238
3382962372
4345163638
3355889043
973864016
4325336893
4212150041
3322697209
17881816
2456773317
4048817548
2918017584
449421778
2997820167
3843612975
3343868259
3316318080
1496786029
419289485
449425344
3299661596
3551601734
437246659
2451497065
87749789
69685624
3612857837
247554724
1519723458
1169661456
368214771
3423755476
16648414
3314040635
701045743
282403250
2162697578
961203530
3351153614
3325269031
3278352241
49712910
370917257
3376941688
487331604
3318670106
1377547123
2705545464
2913666670
3002412889
2853544342
3221884908
3424117247
3425056199
2949870717
289518674
1040433126
1438316629
604104740
3297508715
188801699
331823923
1615348746
3063700773
3331925890
3250998422
67899097
2378665052
48829629
3238348651
3313729774
3229835611
3316229393
3115754597
2836471440
226774101
3145155430
1935522577
3078243877
2346524744
632445312
3302012464
49179630
2957215830
2459732238
3225870864
3220930087
3223644372
517818308
245919293
3181099248
1183717736
3190657729
2957361176
48636686
30231573
1109842734
3166555651
1349787607
3090860774
3228489424
3222028919
1284956808
3000173593
194715682
3003192897
181665662
2964573197
2833295415
2892402429
2749254289
2586058957
3156659493
194640008
2955561665
267402960
717544904
3133064804
3108354365
2421316934
3118870722
262998922
65978191
2582624347
799236386
945887095
253235437
388454092
2946260655
99377235
2975582782
19077091
2841212987
2361470102
3022527454
2855793801
133283104
338743622
3015654405
2344058706
770900540
2389146775
47065543
2977705979
1394480418
53655192
1459263930
611004548
2917285751
2812061270
399774230
235362301
23957625
2565549779
2959778668
2176610345
75472505
188662989
2369029710
976570982
257837173
1593195907
2753985043
58963908
2382619034
2584328568
2876398450
18777155
50309214
1165777399
43668054
2700738344
170317727
2564069076
1387534734
1939042340
2835672253
2526307873
18787733
2832797326
2350099799
484158909
2859758580
270442873
461503305
1719695058
2842252018
76639716
20956414
1911611862
1310195941
181731262
2556931752
1355218452
238862918
14792049
2446595953
469371578
392047970
2536053943
308929255
950382235
1499361558
143701676
2193271250
94924139
2357061163
311497771
188684410
2206887354
868856461
343327974
226954021
2202445327
863596621
849169945
637316938
20338242
1399991053
2457322544
1460028511
2421544895
2380506595
750012757
26598593
402944504
25380005
48854106
1467337921
23536497
235062161
261431332
427593551
2424098397
2421490668
2296376640
172867574
360285166
404074569
24733117
433647059
63765511
13062342
2252891880
2223758240
2227206656
16385353
296738522
1931716370
136337303
33537967
52553796
447750877
498032662
49478867
483361172
60261918
905215442
1132659216
522626525
620477827
373520493
1027111410
229874260
24578132
431882915
579871412
37515801
839455790
