1651418748
1006278091671523328
1005849472688164865
21360280
1376025516
228163921
153252061
242922283
944234316405575682
2635340887
3433028235
241035998
16793774
1250006162
525595860
3164156647
3240269915
836639851055362048
150920811
3265511473
294393348
752496492108247040
3240318743
61608747
385927544
103526417
365786815
1933042237
2725305810
465951852
50610938
4915253451
973972494
87009335
1954619760
591283840
963625689801834496
945752338010124292
15057693
215402978
16667912
2345253274
2457021408
950910847794032640
950490390267858950
46577885
1323256406
14833766
491748268
3032121298
17506774
2929078309
737761892
2579224892
705260254397771776
771442793399058433
1928914273
3423286033
2494708920
920337414488432640
22127516
3228511033
3092004914
374194026
3298757185
916702672027308032
751792771745263616
61298852
294981165
770626915
887562607
539038143
3020628179
768794281205047296
2275900136
765073720859779072
814852240573890560
134650446
291062420
1590407635
30222263
784124886914625536
63458547
866263809022988288
717515139038253060
1147702358
4907796716
748542176502644737
3423916017
71074656
783040646386974720
603385490
870666196755951616
625724958
798996665382248448
84110391
4337513609
3034626213
74282124
799867016102350848
47332078
2319293683
42290868
2166975728
182220456
1070778926
