234593748
32671625
2918161040
951062029
3367007416
1877374885
871512162853949441
115563859
3147834467
51445790
3123110037
976599918
63514682
2794535639
2608652665
32189132
3287916110
1583986518
15469000
18981377
2786282417
15115280
3078942992
2869033083
2363263958
415773425
828111271178285056
25256518
943088461296422912
221969181
540472551
15049138
21421710
580224794
372050829
520029915
750505052226220033
190870444
2991948728
4229148929
911286722230489088
74741667
147622355
880519540874063872
878618260475977728
492437380
26660626
859421362749919233
271578301
189764627
3299061206
132339474
873979713391349760
18082945
866452712694718464
14305243
133938408
861590198332903428
71315210
855666482138763265
188929163
263525377
228819042
2746940134
820349906854510592
837491070283964416
18382184
177252956
756663138
787232206259453953
3260380736
1601914880
828948842662023168
831034029684187136
770630169384067072
234891856
356346163
821088348844474369
821408820228460545
797867737661906945
635816696
3224389826
755716560
2786069354
1898564203
805839891015811072
2771469709
718066445435809795
278541808
393046380
14866042
70249670
16327858
737817968810164227
784898654729543680
550593719
1484354562
774658707946868736
752520131553660928
768920906651439104
766238923
770723379510927361
56894163
762026730550800384
17688491
4352360195
21495530
2891173099
15784302
269105246
193441812
743170162065453063
570991688
739677581746655232
284645616
31597611
210684204
256298027
1870233306
2729649546
709212054297640960
432832791
858646280
3244056171
4183970120
75514159
4060399752
4389235098
72915673
316149968
154849863
2316563648
43261344
3420158849
24913074
3277968954
2350406370
3242596494
19073043
3186844892
1443350184
1034501412
3130261053
3068630685
365080399
3052983859
484764812
2147833856
16125084
17291550
14283170
2782907771
2786149663
57625403
174332866
402888514
114302910
14540659
1409181391
484251592
221659600
2271109603
48038030
2361767352
1714004761
753718944
65779852
65164635
507825645
298320038
439549785
87500545
14135426
834176040
96559370
959596692
2329589916
1573986336
271030180
2280243312
82146799
25781141
15215075
28589376
14884201
793577262
1576009190
21955325
1015552561
137423095
23685118
1564097664
46427124
1736443236
1884973339
766547376
1693006092
20557526
121860139
57481847
523439793
1688354516
68219213
443421409
573117196
1639024783
1700738821
23983382
1645083626
607622157
64906268
1377719425
180418889
48255881
294111875
191719726
414488432
1073947542
1437267764
78569026
59159771
27754737
179732982
1599518108
796983
96067129
24593552
553079244
11855092
15354059
346161073
83743427
1518307969
30527493
33537967
392881105
775397306
76348185
462273819
715383078
834117582
14292458
33253255
18002141
