1130042420
3001839437
953685574027689984
942325287684997120
2491715414
986238734247985153
2518029780
959577485464743937
2496335227
616737225
2401045405
321774180
73503573
45895231
986697931104415744
990637360625971201
626515184
4208976113
4105570637
961653334489911302
1262690280
2917199309
15115280
704786492246208513
948429241863032832
823870827791785984
18435068
830495114493562880
828024898027155457
12856212
36032320
763798368527065089
38122107
2846827420
216190595
703282738938454016
862835026504949761
32522055
1928290020
3065976831
580224794
951631235624796160
37023787
190906140
784160582211633152
260672188
825813587121885184
86364499
170386150
70962235
9477512
923026919259480071
2794535639
2238248144
1868095856
939193183271088128
936272620374384642
935749227199827971
906667547604471809
840998730719358976
339203001
157501501
931804708209127424
3303770783
22619789
253207647
928662206849396736
922186662234542084
2723821673
824493288279269376
921692464158773248
767534778
426578718
449600949
882408883620265984
809508226215579648
18082945
1049212730
739050003168165888
387181116
754317621877538816
873894877783838720
899228782216716289
24373046
16353251
4192705452
40408531
909914656306794496
197881501
73170178
82171278
2450570743
2976034047
168427822
4822388452
12874852
32774989
216558300
31160337
29918146
866885566507302912
49021031
21070366
100880543
37990581
360285166
16146535
833370913303314432
287300543
48665654
21836409
837561853
1607447725
1621148839
91033380
216169630
266652760
126752407
487256024
23181999
4125740953
2601580629
736773775765557249
111407819
2720184869
888241213735706626
806901343613030400
2705086191
486184548
309734070
2926329235
153966123
857648299968532480
883089488523780097
882704361440391168
848437040031158272
1124332706
881899205861789696
868829595704938496
2231189623
847154043734519808
826851643337629696
879447861875888129
15786845
21833728
52753409
2337923060
825518870421180416
2508393804
908412726
17243913
1005658009
3879147372
40932269
877905624528453637
860770880
132339474
716240318
200962656
210078061
2820574679
1933805492
401439271
751403058492473344
874784530741243906
45815834
4722651735
872949039121223680
869075177740484608
856955449815425024
722711754518749184
846806476358238208
168838692
20474408
510966634
84288053
830982961549832193
22018221
2797711895
748722542777688064
2946297981
32789366
711466992
55622484
874982678407385088
2363661200
331802230
874556063541940224
431087041
833898775336853505
43570256
17891624
2877215733
841520690515845120
153252061
425430261
872803333009833990
824293646342074368
57341314
2663403601
29562033
137367082
30862237
228942497
478567649
179137709
863400467459649536
858256231747641350
1675734866
811793700992864256
28801431
1587091003
2676987961
184477052
2897693669
499043090
1216789842
3064999893
238738242
359869634
868477179113373696
20339841
24335503
795735504075583488
768996900
111144849
2927165685
810123569925619712
740597986846203904
870463178249035776
844756999636082689
498843659
718008282
2400901568
862371138999025664
34047021
2228839956
606412878
869212441258983424
3443167339
868234531291226113
372050829
804124070241370112
87776663
88104240
182164508
46786678
853817599448186880
21705181
34980015
