927655757625077760
4339020973
18306004
139909832
347313041
53086811
57359277
146252766
463227770
4751156820
25365536
124335068
92308708
58510019
987834024889651205
712424898782572544
90888596
775321857843138560
1000739286206107649
623922561
20076659
747203794719612928
944238115962552320
992906397674172417
16980327
999069148872429570
932564756
40498049
119109747
787871388099018752
954649366391861248
962687680525094912
1414030447
2572489779
137517239
24677484
23977238
953799413834530818
2988998907
779476491092434944
713496098413940737
559295481
954045830025154561
825873500120420353
2391345684
952116686819295232
844812998
1690186524
905545375305564160
898227697037565953
3413598225
996449747417337856
22516320
134997883
1538979210
895518511317102592
3947091915
4198222373
49163374
83148068
969569219833683968
879791111975383041
792374882654834689
741075726154235904
377105284
941866898672799746
821376339940876291
710659733233905664
3907420344
790382144275173377
86980340
923254989488877569
534882348
908025129573113856
934141798485843968
847640861177294849
33811812
618172850
273018807
735904029406941184
28156710
146456142
63761348
842788574974136322
548357566
63806251
4798259061
2901011927
847086112547864579
732778069996380161
838922283485888513
4426275675
884981305
822897057002360836
2300230563
3821913255
320936790
202380388
304574502
997297928975798272
760326202380787713
2283960169
989357878506086401
780844440554385408
525984218
969318211
1216957579
603317109
1947900744
541092406
829488827463000064
26570572
979602798076510208
825174266320674816
2762638566
980660478153232384
2376596682
118003642
3018870708
2836009526
838587149142249473
877310563751260160
2334295476
819187246985347073
242646206
979181303894507520
632294767
949477158795145216
869707273
1314509329
976948675741184000
769244237099442176
1924526202
704636381780385792
108062489
2239761030
960648700736385025
74219748
954444386187796480
821033772799954945
119116575
103069650
874482116
24544443
823209948071022593
195003844
957640526521602049
716303597403836416
1971635875
708814531233861633
769615131009486848
4128805720
62991924
703780729038082048
822594626397814785
939897350037925888
3616347075
54885400
792173743
4876366659
881590328167469057
823012591756836864
768075792173588485
238726677
3219416739
899115298997055491
823677081422688256
967042969466474496
394358206
2906473932
1344165835
24295482
3301022112
2559479456
785254686299418626
831095267797647360
819551238
937023721679749120
48503842
2352603978
710967378763354112
410205513
813419749623394304
719581669607378944
80908138
46566402
15700729
2324061404
2718407845
999278090625961984
2207333564
2249717402
23804109
28391425
4185510494
421151092
968182044152025088
273592641
20774353
337478760
122596891
54014477
1206586722
2698352948
48012011
954925640083423234
2830642691
20841921
33916967
561310591
863178481483620353
2295343929
962117559821717504
271160889
339232255
979943891892875264
797961538271318016
888482145496379393
787052520518451200
713392710346866688
358962116
778515525840228352
1094197688
3260399730
451909803
866332135
801463213833547776
717793762118905856
805074778230927360
23443846
985409566459428864
2324438203
884489237424418816
855841743521972224
2207862946
2230535538
357699085
41830267
104914594
24141542
2238044702
536284942
704353869795606528
988846694736547840
3011752470
4732549188
53222655
350379608
282355995
876490591101517824
309306188
16461246
999650963228123136
2853539377
14719199
328556524
234548424
782973869653012484
965049863716114437
406313212
1860665066
815967534449102849
945895862680596480
1475201581
969785496552566784
2991847975
825117504674603008
974103996817379328
4736325581
597046933
882742051883937792
3740873061
713340918443585540
299874769
86374592
754894004328787968
970886290047717376
28723984
3951726322
100332944
883854999444500480
1641614732
981674763100786689
27683390
742377702305370113
870149492603006976
3034574101
4855880189
929126268603379714
834402949853962240
28617653
558716737
821855622136143872
318551071
879827701
958811788895666176
1908173622
1080505615
4618265952
756820197726715904
2551005264
3377803252
4711804664
988838379986014208
815210894242234369
16725276
903703629101760513
16495811
2494936734
102268811
93241358
4489243039
267615864
38571552
993472574137958400
836299025657786373
40348457
84214727
923368757803847680
4830829960
896835132023341061
261256582
998397548
788031625
712781531442520065
983749226692833281
115749048
202157841
1371021372
27831941
1449423386
755468782940717056
996757586312646664
4562633179
944701057556414465
931282321499492352
28696411
4093692741
997168457857855488
17091571
86378821
855890104333860864
3401254649
216506034
912707758746689536
287413569
931342052520087552
196871565
722207654
2723902734
993901390014697472
4350618673
540152825
3245559724
284264215
15243240
19432346
20793819
951913774977601537
727556269113004033
994382209074237443
369249722
950225377124933632
26028938
2227207840
4808402532
314547496
796616393869422592
701016170296537088
269824681
2986086114
954417622849933312
2646321224
18144612
835382959720914944
3075460633
3454726154
19757184
72394136
270630789
565780879
989558346238844929
187225733
535607356
733160213189005312
16667912
412780348
327753054
824836197528764416
1691499066
927335827264425984
2293565713
915231714724712448
932576686675283968
67295413
25275453
15537855
256481089
114974268
923595146729611266
987847314
980191481418977281
573692319
415646327
5496932
931594364010168321
631305710
957475625236815872
375721095
147664734
170763654
927217915413352449
344961136
791272347877515266
56184695
27046785
1172547139
3003665654
787845938
2685199019
4727807677
4784596178
19612969
921044349781200898
942618447443144709
63150856
993700517648924677
50434933
914914251512348673
3193066396
45033456
866311214770528257
28161086
862004455
2897099785
767346205311524864
124054739
11783502
991314202651512832
954325227848134656
735148471376830464
988807767031885824
25842388
60763202
4105765714
996146024027697152
22749718
882043225397186561
514718176
884304968
1458358345
745534938
47806130
281537076
985549319985082368
3415091662
2450637188
776972126133772289
930233510165491712
786714132766687232
898685593869320192
2787387945
312921460
786664946574594048
94635442
766627704196075520
2271221450
2979361895
3154508072
576623689
20850076
3530404094
341588819
997819580058882049
104297073
356199275
457712573
866462569577447424
22802420
2885257698
834406159092162560
269235211
513876919
2198298228
1074529698
2841714842
838174727143317505
98122931
830658083273601024
817892049609330689
720500686769758208
18482836
975476700090978304
984911892597665792
971059755828563968
3372267827
363849449
19662335
3550037417
4871096265
1952622156
3407807596
2770925885
900117285729443840
29829807
958042567907528704
188060964
22193407
43232530
847891100
817193526521892864
932361570558062593
3702234197
2424016218
4787411118
949558298314866688
631310817
706128519198212096
950536725310316544
215762606
974382640332705796
935866113937702917
3995662453
1180785589
893565009791401984
806317388278820864
472132412
154397666
146591896
702540493905907712
20975060
257481762
371393999
983768211341697026
909879719734251521
975002502461616133
76490413
4012479875
822854705328046081
3023505081
524603631
2327428716
823798837219303424
825912779324420096
927651946655371264
1637119434
767424168669229057
4150984635
823961264988618752
740527558454849536
169585473
67503749
960963682586054656
107546283
4854927140
3080953538
876887677
830721351623249920
8775672
933697618873606146
977293806285524992
966317909659103232
2197082592
31457503
3184462388
1415594922
364844072
2332264339
231672203
336702784
9376622
4247419580
727691917
604836816
21410207
535554692
30343237
3773780358
1950478830
849829617762533376
780944986007334912
902018340994076672
2560409962
951955054117888000
4906718786
133545603
832612650173493248
199883469
333631672
2974047566
34219860
16043205
897344846
98993077
60893069
526964734
857232270704480256
924601099482517504
2897018282
3227876108
799764016885329921
1273907060
3278373402
104048309
839867862013603840
466112686
819976465496346625
1651506721
69256645
3808003694
888522257693331457
375686122
26520948
2175434899
70477603
900187770
555348271
907975576127889408
930459372
963095156646805505
1379288282
38022781
928359860164595712
783210577
2359535291
858926086817808385
1632203540
978814014603120640
119466953
430775674
984569551689052161
86209683
824029791628259328
762805216957779968
508335556
2819576381
997701222403661824
966140596673851392
746875591132012544
811635240573825025
700904580603727872
849111344116838400
36059055
1851146966
861537582
826232363457867782
816247071741243392
735554101602193408
993438550799605761
50915886
65382924
987905006945951744
36298888
916353507657179137
787760497848233984
4824408413
51272053
305979692
2465198900
322426082
295824553
823693635564802048
3837875293
4714527554
25360591
789951468371521536
712282144307974145
2930437226
870968728061710336
885794670
60347494
105345807
720920519269179392
16335288
706290087122771968
611052628
2317444732
16331010
813259158061334528
2970216495
922597777439420416
832680461851693058
466228100
393122399
277792122
359783677
856301754769698817
952988077156458496
797892231323615233
826129656856207360
787734841659826176
990664806322659329
1012186134
755064878327599105
612129565
605576332
3102589922
1135993442
40840621
20952160
4597801212
40755803
833007702704025600
731568881131790336
994366216029454336
2750743492
90651198
254690767
892130360888352773
3947278757
992870137240764417
53813160
566406216
307877719
25864669
957660154782199809
2532127677
971493348719538176
713768020284301312
3081921375
749016639287414784
904847262
935971965965406208
16933756
997503485707943937
818382376535519232
305106654
147580943
743311013747920897
2181493660
791243833854070785
764827032979140608
65490861
889980282
1089655104
2836215953
786028745773621248
779066700490682368
970853395404918784
1415550662
746176571606597632
2437661736
870908840
2995033012
985603014223331328
979768312455249920
800466564210229248
810695664799809536
12818342
15717071
747555361184309248
822801785379139585
340414716
700716360590970880
2927276992
1605851814
989985468958892033
953099913335857152
1179779472
2429333618
106711386
4710410915
761425819721871361
231995944
992506588630929408
982673455878356992
799645620860518401
1014322812
34081563
3301847203
3711628096
20794926
533712421
1537114890
823873267865894913
2877123289
797912624310546432
878087280321335298
2196778885
39845363
3261533147
2337155048
31393320
823641783636815872
398849344
882615488894746624
2657057468
40101565
2929308617
982297367037689856
901176328984158208
552419539
488580338
814861862915346432
953442187450179584
42102210
16692057
1646300622
966359724345184257
889116154719072257
821961084634624000
381678556
21874225
963464509934338049
754485269357731840
3344571868
910693423593738240
400360169
452687330
889176059710771204
904896046060498944
4780638770
54104378
82896298
714395530558894081
17965226
803842676407812096
26734130
198776337
44103717
809502710500237312
433851538
55075272
440953413
541250607
4265514193
26146368
34878756
3033735315
23438548
172062059
2405935902
26686687
239005322
827646768691175424
838205994731732992
34175329
2276438838
346652256
1290485240
520727534
1269230888
1419265694
877883121290674177
717759169621721089
38272228
822448392626380801
871183884788150272
451956982
384408332
908016484261048320
15793787
815026387191009285
19829341
23177749
753000445363224576
854699713911808003
61008645
342289303
3007163826
816641287
346860388
486267882
990388809220096000
986050952
990284464092786689
74999429
824397700099559424
23272075
2280615715
916670726584795136
4692484278
41067762
2693465032
933154114082521089
4184432716
2715103010
941421297321603073
828696274983591937
35663413
1626294277
900838129489199104
972089346
53854893
813490940824330240
831291055169368064
402416657
716360042
31145505
863154244811096069
2979828743
897228348669255680
50769180
739668516
245441097
279791503
860496511188180992
836641132603809792
826233333923209216
810630741889576960
227157997
3617789295
3071765029
3377551879
785229607385661440
289548939
989610659913588737
889039588903329792
225774805
2167564928
937704163
582107492
239160808
292358388
443924415
780589974773043200
3581887576
1149329881
788360761819226113
864863946733494273
733828747690811392
60783724
829715112890159104
5644772
2316113425
72579376
813383347808403456
947478706712383490
2567204646
828610686112636928
978802335961964545
249677516
107495715
22070401
6724252
58956054
2756720878
541198983
793933354798182400
18198348
108067156
37630113
826339456223498240
958558192497291264
798729859359014912
2335860865
2424255854
352211941
1908540390
867656603993899008
2335542810
755065053599019008
3598750759
342841139
885721369
4603256001
1265561576
976206931789582344
125375423
18557659
36678726
82391199
315474153
953288658387460096
561654065
797453776932237312
231081349
21365570
386860396
758789247306313729
17124876
1297874544
861607583324524544
861026825216159744
870063639373402112
205866256
1921422931
2414941962
21545041
450492561
85405982
2206062288
797161046150549505
2298268080
198615011
982258231639556098
470820533
4813603957
703614521693315072
3675156676
976387404323049472
711768753344675841
882353329657049089
15487162
878271001523621888
818620558304747521
3225320119
58505197
85796380
18029328
135247359
425924826
67875816
2315698776
23134068
789238828473081856
714445385809399809
738949715224563713
2582736318
4372830988
872782286
3135241
899648533510316032
464751247
1567042250
8415882
829383694976643072
2480268229
10292132
955682312590536709
2436000564
2685174387
2204609910
864118975235579906
490330789
785910091572576256
782743639881424896
1209148250
63996778
4786850497
44309594
944051280732811264
948198491876143104
4915981217
379767285
519699871
701448735117746176
107210947
2331548023
200785205
19222122
860233232431939584
894631261012086784
54054964
160238978
864173609681637377
31506167
894415938
464235324
539436677
705890784319377409
1209417007
979578438506889216
819733810128490496
958815430470025216
860842819
163986729
1891778234
2316144061
875824534858944512
833208041419919361
855894793
989194757120315392
3523012872
761001705467158528
730434773223616512
81179164
93755660
803247504384933888
37535548
4546627221
786507714264440833
724669842586894336
142857815
730510490
2553843564
4923367016
910934033009344514
1631580986
987162352205283328
72717549
823732199321006080
741122468987965440
721364050194485248
2907448807
18919080
884800577607225345
812700556175298560
2980699801
512803038
810028460215336961
831597414263844864
260527870
989634763207065600
825337281405923328
749305632600141824
993126651868233728
972099602659921920
763550948396507137
3265020799
1904362783
2415060564
993520103223328769
826531375129833480
581938804
896074414521036800
2412711704
406483952
832788979393060867
764126523334942720
867586145076428802
538352616
2268564072
993898005278445568
828348622697750528
843284490084667392
833109996183384066
247143930
1328147148
35873420
27355545
528542212
16841073
2845849081
2198099858
822194678
384066250
720083238543323136
3536513957
98835146
74806059
970813708879454209
464315202
1726318543
989149178940002304
21587082
917261440158855168
759883133567197184
561516853
45989687
27368525
56864112
17299162
899624080088989698
24580009
718997255
1449397549
865349624651018241
2263590002
989318348474388480
334447669
823070757232189440
2337490808
3228619837
877395414248378369
23114490
45963596
899393791085432832
4716301599
892674043127648258
760618647035453444
230484807
727137760574857216
486205523
3291793433
826069766041374720
785549741421568001
32765764
2397100808
14945261
179719307
975367244522795010
817839617378488320
740070551516008448
3072050730
989133270087491584
711627609344516096
825938770188857344
917087774469214214
940264760544776192
872817643983519745
97710257
57768641
879417712811945984
705480398537670656
223588321
259261852
2711032092
208218338
801445743454289920
282714350
710288616455606273
2680192368
1290281046
4262263900
134240162
49393611
37981913
214257117
890630951100792832
262192574
954205723004616704
994526624438628353
3680089822
485265056
919907691090210816
2330462004
561538013
19346335
870880611296092160
886081321218568192
984905799897100288
880539026876276736
114803646
703990286381408256
236511574
48955300
852023280
70189800
33339021
926490750438727680
2755930407
1613475175
1429245848
19007728
717628848
970271982561452032
1281533107
1099015518
11203972
23025679
2763007723
3401198391
576827889
19221645
67142652
2434476516
61309849
966783890064101376
846053714813181952
877818491515969539
1496756359
207820751
943940015448457220
773619727612665858
909145164869963776
14828860
2284614762
364810202
865997634372292608
4519910728
798189278350032896
111332093
2312352272
451508512
832642628906790912
3261827681
89297892
990568584870088705
932945984
270420651
765953809
443304640
802524458795802624
3058359926
944778859869822976
525679731
985757521314017280
1269955592
705894774
777930679849934848
3017703114
787656782
226194552
3710750492
951226008123920385
785573922532057088
72898476
2196125948
847974482820157445
946101607359500289
789906923332116481
4765364386
724477412310847488
563239270
714154869624586240
514928516
4235632753
734116403339493380
705506254500790278
4853549680
31603691
3433778997
4195481594
4703317886
389131962
743465689176911872
4865498327
4875427757
3419294291
4182380774
705446574328057856
66923871
29971487
2867253812
881925932398895104
755231628964704256
859917008
880703835999744000
2964664061
1507326536
923636158751559681
221117370
915300942081171457
4553683767
825142486762786816
43105114
877879587493085184
278228939
866110653941108736
21976456
343062801
394392730
719662077934243840
16634544
179345591
772899092842307584
2757636064
3229912764
70928953
974814929034211328
149707496
829840734173982720
98956941
942567088543223809
956286818269282305
757596279866290176
42318346
823638938590085124
786346433486131201
3744922102
841694471293173760
3315006868
868506280419373056
877699334
865196064638476289
803096875729457153
3427589099
993874651016318978
823722854617411585
275367178
724633727599562752
986424495731814400
830255363094114304
1703283860
817758728443359232
591161523
258173948
16890518
1155212191
1499993378
1058345042
254082173
3017752532
240393970
50376557
627850271
59614978
753191434887565312
708984704448335872
714290778646818816
733815024368525312
1162122936
745681473416605696
75081190
702705751664549890
827103661977317381
196341304
883424373713113092
25692368
328440716
102404415
315142269
803061157405802497
57215100
15725659
955964072469594112
531594823
55329156
398129705
812503502039764993
2282942550
2815091070
992224859676598274
728763252256071680
2361229620
2920023271
829500587809075201
2431135376
979392556470501377
630128485
29757205
831651493329580032
60040320
706036914
554835606
305734044
885669168
74841347
167621823
948645737927192576
2278351087
265245636
993671986218979330
714315072273838080
1259278400
340613443
4711406415
26161902
808143254390640640
885545164101619712
907760571461849088
4639413136
3389896283
328572979
32058824
3358084600
3447636315
3308756526
4510849520
3909925639
4813891528
3309846734
3424711689
4875977234
849862741
3911057572
3408232162
2381386813
966712768954097664
914948201022603264
992068530467213312
18402557
985308014046515201
987429425498206208
777600985329987584
2749829462
2496377724
2972957083
1512460285
858819201523494912
872469291798597633
822499180543213568
978970601292476416
1498573814
3109453038
851426978066575360
2595099230
427674597
36417649
60455217
2323913196
838748354112811009
878417361879130116
788578353989099520
821157370340392962
879928798052982784
267289678
1978611301
2836630828
923257180773433344
42632195
723043112
3308029429
704017048792268800
78194344
4756017559
4065725475
708838526121484288
313024334
22734810
978376382437871619
947870150375636994
1849839132
711598819104964608
895406772894265344
802155394583904256
341194704
1219144500
808328509902884868
751281974
19455864
942939395279245312
49402903
18049731
1928814516
962393068694487040
3256178042
443916357
2471135371
1559227633
531806071
247130062
714073533270401024
335455570
794212488568913920
19881465
95704598
993477744104296453
4569259876
585709033
906178217614168064
973900264863338496
4922868578
946969596761960448
914526093297647617
809291172661313537
24040708
797867737913528320
4734689232
814530975350792192
914272133898833920
3154965172
309368540
948266247267012609
4597125434
24333130
991340155108777984
2500906277
507159556
43524250
1146962214
715707996437942272
970713428296810501
141422795
20243128
992734234421944321
918260090422968320
755851153703862272
803399418
4858778547
3393186119
2406095938
70024758
4323735923
3056867539
4899465914
1957918866
183786336
4655360417
33658276
823994624872058880
129834917
4831095244
979428458035077121
720707740578881536
4600705881
95826812
711653083529551873
960689705695285248
70156027
335604120
873172632
715538615376412672
455830743
937357402386632705
3355156865
4202213353
558124219
758877762622894080
769198882504990720
105560657
152145921
989823691151282182
747552781
16101182
68149768
557315773
825083044679782413
240557571
2842146664
890024703729029120
3969457618
1282220160
242585294
1617646099
429556198
908777099074375682
830209862
18592146
124069045
3318543460
745087194415534080
740874799
64998253
902217958251999232
969768526042030082
448323541
852544409686216704
2249848789
3128771203
23269567
632509336
924493235157983232
905138029
973617249830367232
1058515482
37969058
828997388920619008
823982689200041986
967565414812340225
935913550798839809
812755660534386688
90114840
976629398282514432
889543524055691264
421991445
2530039118
823200760997539841
802691224545198080
894966400422432768
38306311
943320398187376640
951997607316021248
840152650431750144
3279142772
838211512477040640
304061756
2847562498
115681686
934834125692899329
25866103
236867188
34663425
701133800718204928
3650253494
978440371192631296
898577623885819904
905374200
789599245
892873918536667137
61153399
3054005336
3410698875
1209236221
20846517
158830865
851232049910263809
968271891772461056
2740284313
573885794
844879189698326529
322577801
109262531
816822333847588864
253034379
54347668
947505327863402496
139438330
1478430702
884474473088507904
315994858
398349799
2913088509
709280891420278785
2456819246
905378180164460544
1890308449
984154248433762304
816375831274528768
869591141582331905
16585101
955096410709528578
705408399840686081
837769784817254400
120025039
64088396
1717219453
794573379768455168
47006271
325910165
3482966654
804500517804064768
991741422381486081
973312370649989120
840918887176773632
1177089950
292677542
56401482
318136173
800114400614957056
704825055423778816
877028943747923969
788793919676911616
2984556109
3060553748
738509183952113664
954788487613550594
258518890
714517994597064704
98261204
526346146
830565178219565056
2771503019
857617891390353408
2281325286
870403491746992128
2781415296
16148677
4624550052
829772982033776643
4821457353
2711867643
765634361815339013
734099168143278080
814245598765273089
975905029587718146
58256171
935033864
172524100
37800781
971020804744994817
915281912700293120
819789229421039616
892550456
737446994109726720
4145868135
390127278
336685278
765306808978202626
890258622365782017
963572163692417025
2946730163
324885531
712819464782225408
1975381490
992214594314682369
743096977
4462856853
897985250504179712
926061342049652736
2820491088
968757782164987904
20900019
97086952
909429633103233024
35904361
37965812
788908412767645696
1692109388
153283018
3075596066
939642339932491777
512549711
336820875
781669651902296064
4145327770
846248226
2934785467
881679922913304576
814205984927285248
274699227
801265893707685888
17574216
759519940919504897
145460073
3032393326
1679811914
148628139
66033904
2632757957
191430606
17677016
3321657198
924674608523038720
623767536
881140690599718912
202623684
4562193613
919302803234918401
2954349753
375096676
2778648042
775432673439338497
758373292889833476
2243216152
826249312531263489
813849597940482048
759782695761248256
843304809050472448
797645451260469249
4197484935
357029197
33714362
198969205
877617055503134721
402699614
570816602
830060318520987648
961486162295775235
754531050
869712439503466496
23240335
75364356
1400943320
805225479229898752
802356223966375936
2723277620
1468180724
2393279642
3040740563
2580947641
407955785
837798409343946752
731160794
58253405
1492105801
18371238
883474605003821056
31867827
825524240174739456
818429288307363840
3714444195
15350736
3331609092
22314049
2490186745
36552440
4140818604
784194284287209472
914951618
2535321252
507943058
90032556
267494959
950206853098692609
947623153773240321
15656004
1131917492
17327882
281373704
817240166511349761
853455910944907264
823030232630362112
260250661
466144416
3309829364
3285975517
118784158
76543481
397545273
18050303
408806531
748319190763855872
984260037395861505
805470719069089792
805479163117244416
937007598750109696
17243646
155336615
3307871031
38680217
3352020591
180990520
841692239562653697
3422474392
826293456838459392
39750025
823297737533767681
3311989105
763120931455860737
2402351540
4835455199
3701618555
375864094
3440895073
72426152
3440693962
3939294374
3337133659
4584443975
3383049855
3314758074
54159671
704034081898668032
4289460455
2558085090
105355215
3436230790
823696950490959874
2191313798
785277097447006208
800821702603186176
757031613565763584
863072726092836867
869945016407293952
819960684444160000
720320967180877825
4568453987
850760671348371457
1860783619
3819446302
120139862
895143198200352768
968502400851103744
974422605930422273
902612614634725377
941329811544461317
875859835757236224
712499353055805440
2654001202
2869644949
2932668827
1881253033
1918263128
2369413105
41351483
2321243580
2225708558
59294920
340988370
1904214012
32627901
19876846
132994627
2608484690
518173036
753736831586430977
15212187
1356123823
944277498514124800
2546186313
706189400829513728
793961507361030144
852057613
316781372
586707638
550560179
126755086
31460146
819992522109894658
221475570
219803781
757776865180483584
34116023
779883039950188544
82251970
539409269
2986748559
804107117967851521
820363149073416193
823731993577803778
878403261522472960
250822316
742434019166420992
880208262393720832
894436309
27404671
147247726
953011285070925825
582697898
751630650
923704863250436096
406254865
876903025700425730
704165704149303296
798690551004590081
4071602655
757159999
701783256031690752
1049159329
45666183
98851120
822881082529947648
781223415256461312
1678941206
2852597261
4863869477
405964775
32936695
874679220
855545600867266562
224700804
34179595
714438498
719258590469431296
18545481
800582840
2244468372
1608340652
700557811168575488
125744394
886886838
941729680381550592
2796474446
4745268758
16973083
950629218
4244457140
22270993
29108589
729417122
736989573201301504
963442454153240577
926548403533877249
958590597836754944
588804759
35127816
411133602
878026865465741312
968188183090524160
716113135
3253946096
823010547553763329
709366453531774976
18004009
1360877330
2344070632
800034845338533888
882085725872771072
287248538
63578758
988826018822705153
236733219
3075562766
827356610347560961
3285819409
787892196716507136
1712386268
1408487016
2365181073
3452957836
979536449396756480
4062490634
1489467950
723646664943128576
266237495
751707540
870769525435674624
21568860
315259229
750395408782921728
857027030386266112
949093099
1078441448
819056605048225792
15051691
544454816
821896354553331716
919373973476999169
912316033989562368
407172652
865023517200228352
901665751202799616
824657733412651008
912329955186479104
892074484529811456
1250590974
66598468
978403874020175872
18033129
881175794009202688
758964734091628544
1098615836
913228118
822079388657319936
1618535292
1176004076
1045853744
928783306182856705
3378018814
14745410
30604083
146244551
822173096220262400
1197695820
547163541
914879246987927552
743291698042703872
144612867
84894878
3196952574
182453941
967450441662582785
982908519790927872
317246039
705152314642821120
3477531563
2358587424
568151409
361082542
245673504
1854125544
42715674
952559344423284736
3085494124
875113002583961604
29706898
837505041317695488
53506915
1102507878
990605281359888384
922442124
996088542
980491117547450369
792096589191852033
4288328778
233376656
194833350
708199243
955879093668495360
860776572
888055635828502530
18757886
948572297136230405
838837214951911424
864934909961523200
786283475871551488
3223144650
3221898763
89083397
4146082816
853955440614326273
895423000060674049
18673125
816089796854616065
965201932364247040
702923178146856960
733421930712162306
2984951805
2376574058
50851420
954558599388315648
2361224263
2875953113
109960811
857028763837661184
617361371
739110628984377344
406290234
738757553169928193
23113181
51913011
988573326376427520
2391645242
823262922881306626
818568920684756992
867890654021431296
938157280712970241
750430579
3798332354
876558726769123329
322909037
4847121672
2910491329
741546248
716344623501811712
1238883301
822782424488742912
874692650728861696
881055920851214336
557770240
814108961544740864
816070851917385728
877986825360609281
921179747899420672
833718924118155264
42930536
18978553
2351934614
923960256
873681054917431297
2572612077
151132778
3196909639
825569492671541249
3091296991
2749465331
503777276
779452897318674432
701978627479621633
827570782083567616
869979464851103744
921895963647791104
2355488882
2857403669
831194158400368640
897638606189113345
2391224585
28657994
886269224481509376
881424157698703360
2731961995
968631008269602816
21024465
61886236
820272552186642432
186562905
1961714528
3081980932
489984289
990755665986502656
15335534
2647420512
43465239
142339174
701765169337262081
2925017463
1549151862
107122961
895386128265732096
3094576717
32304381
2755066809
3283495219
847768599368351745
2742514407
824415676010024960
897523247956275200
2786209473
757417325423308800
24399379
5845492
947846715578621952
890665008559816704
128785061
92814921
50262947
2651234372
2610290468
18956212
31399634
633966700
201066140
821166216677064704
16523905
841704092
312149882
366882534
196555614
1051928820
422033415
2866022840
492600126
146037293
1013374544
3020455940
846832811260743680
59031002
3288093800
965436704445423621
929835770294267911
881483948341243905
974994823001370624
19667921
264933553
104275768
2215048717
529559476
1390318944
1902620107
827391980778819584
536989569
3166178833
858411013
850290752445968385
782302527412801536
4769536303
712874372911001600
993934674
21601542
829775191974801410
18279320
885161611106844673
53409654
3383903883
884879156001034240
3130126629
14437333
38937241
4067892401
1537798038
2935585568
856991644134068224
946610709886046208
3974665634
2703457185
842032075976847360
4890383820
32890854
873881158530027520
881887216615673856
763394245008982016
242527201
4772432184
113364160
2723456510
727472528
978102571465191424
824559481803735040
2271813558
742792681026375680
810537088097677312
807445804512223232
18001922
31310158
897899982342295552
986802868014534657
897687785427140610
953407083386257408
874839936
882947018
967449091969044481
622168806
867924475366395904
990227171368153088
711349816110895104
4503119260
906506053814075392
2236653182
832907852888969216
837472786218119168
193955053
68543202
976925069963231232
2664185197
887707783902224384
983483276198318081
836636215801757696
93108855
774089965458354176
2891397257
822191581172236292
905990047299641344
28521255
238322535
63331210
27716419
246186918
169596346
754310205546954757
35684085
19985444
3825739459
166990045
790785526596939776
3573668117
238708638
2452348848
69666298
1500129642
970706931076816897
2814356056
924673414228529152
20312864
894217820648513537
2913678013
24233368
988509221246390272
584788992
4896101705
820702768600141825
3964410253
982085549161762816
24112747
810580991651749888
34018242
898251222360129536
784107004423970816
297707887
45840174
4817958794
915992974038847489
2351698484
65089460
1623308912
784922728906186752
881964704758775808
4761053054
837813469701341184
3025921727
2471424182
902535966967169024
928587764530065408
816037407015378944
829335365542563840
883855148136763392
1902400610
253092158
94132483
24110260
2171200586
816178589200683008
155323554
590378522
40331982
927319495345131525
25392258
14326768
113513863
26997254
767782848115908608
957110344102526978
954589053097189376
25837289
55709384
820709904281378816
204073619
793910256799711234
3837213803
364703609
784944210092892160
2895142636
838421447462776832
830538315036229632
911303784575520768
429384977
887885733322608641
831256682504265728
764575890416234496
2217194899
555394425
162879791
713555626358661122
950419552206249985
2317865498
451256477
306924364
942221038968082432
1291569776
850732390972522496
22527499
4818277768
806342423865458688
2303716045
21508174
3239410373
861280751115018241
1575138829
557468072
24060607
789177639558713344
34900333
373507944
833673914
33256808
72276309
544417880
14730894
75933728
3231601611
2798574247
971540501089234944
932055545451859968
61362581
923801646789836800
2303580964
254948880
114557610
713810507732418560
784905447979352064
786596449060397056
3145379514
1621868402
948591958364110848
27895304
720710699283046400
15757578
2229044521
329807386
801640934
843253754644353024
363418013
526707382
1027809378
736137199
701825647
1687203612
4774817840
875366031140769794
47293791
326320315
1376252790
584236481
1432029667
133005157
826581743666860037
753318552514551809
1067517138
961184629742014464
897826864693170177
757029661289304064
1447839254
912009557429374976
475174557
3195784112
487325891
4311335067
49632880
3427078965
69181624
3836008983
1358290958
722590183573430272
239760871
964145383021731840
1692698684
335874505
112562263
13918492
926878886608203782
17060573
379392612
930858914341703680
4029747432
247374262
262273380
2381446142
40604613
602226438
820660623679913984
771051495777267712
953673167763099649
26866148
984694981943267329
988102201359953926
1356030014
21627580
920021135231553536
786059588571455488
46705002
278994749
755251850928992256
351311802
864935474539974657
821784052294414336
734845829010358274
30167133
826059922123190272
783530073127317504
891771036445929474
980064384352509952
317555066
2514215935
931251880394743808
9624742
965053300600201220
952653214930829314
173146367
4705788582
1029641726
904220561483685889
825332657605210112
2315583427
31192357
168541923
853086344737902594
4885817839
192300814
709786874798182400
112280016
315436946
2454144307
21525682
928517034
955075994729132034
799058290156175361
17638052
30865717
129949447
881545855035158528
3384716398
778626571791761408
87969610
1339944438
2869581248
949023014347268096
18604137
526960836
1171793868
822826626828406784
818269571023011841
789588266198700036
16073043
2196183115
1194571387
1392949513
952758329301807104
888071044124344320
1902773580
2808451328
34747138
945393274407317510
951904123078639616
730049933718392832
14800131
330540682
999453985
2491898226
49804124
835627637049450497
747544757727952897
54746171
878425577094488064
978773409466277888
2302608836
971117102710120448
1436790152
86986583
110162490
554385500
996073172
459374736
836498466
340880465
1247778625
1061126178
533624547
360086219
634891752
875017115979403264
915591758007894016
720375474581450752
981558205925994501
334675531
805978465765703680
714949505720823808
880046695756816385
535479126
3407966973
3319287287
27086359
4334047641
22891214
31548226
4644373213
803037151290130441
786261379137187840
801927108608061440
821009142626349056
839221449210626052
2584333725
815229236093009921
818512904035205120
879605335559950337
864338503022198784
40131091
268563528
944719413860696064
822668876785782789
2757695505
983136570692722688
861489878
978827539194953728
3374126201
31288110
823722851073138688
3538518262
3380947863
14181258
3274774916
3497865853
3271255423
3124986791
928618363
3914047581
3677112861
3408847582
22936237
127499705
3482577855
979460058651283458
703724985215356928
3057954007
897607805334544388
875795312039927808
279270981
149370427
788072780
19989052
939708743154987008
2284384329
709943695
361474935
771458508730601476
709492573421764608
24212955
252250986
888616450780405761
21736102
891016149319680001
744269116673003520
822510151642923009
14336645
1931585845
881270654
17614200
984104021416964097
916963122488987648
782720001455325184
58551347
987051953208414208
3092504170
805423210795646976
1890848160
3003809282
782712607404851201
33692477
3885993200
14544346
1116011700
766259231431548928
807039567832449024
932090185398984704
908310457663971330
3529564162
703412963214950400
31034563
27500565
2510362008
566608157
977932371315122184
877264432409325568
707771806480924672
2471692340
4561751904
23859377
727381539730919424
22048925
509212441
930071703828549632
2298722492
17626317
22008787
980274994512003072
3817015332
93665586
706207959869579264
16163639
816652616625168388
822501790918832128
823323989292490754
983458275596406785
4311670299
69022849
843934672585474050
3895883337
181572333
922912530980274176
4415355809
841674363275530240
889474596
792887564847943682
805635385296494593
2894111353
827713095074148352
764990872542777344
23213621
74749000
846416322791702529
173596456
898639333
1729458884
282224096
983775305176436736
750365550
888246897852297217
2720054437
946778235378966528
76662445
1368236850
762050459779465216
562817105
3740360061
46520074
137520495
1393297200
792660210
917026622565441536
932406391188443137
300397169
925892059663302657
32767710
216055083
3192947073
884596530577117184
786036040352010240
718904023
3418506028
780131886
14175873
941819980345114624
755584963467018240
3430297912
856408498208260096
221381937
3082144698
872963870
3318238316
2337241560
942982996012830721
865359424109424640
929929040110260224
814639302655275008
19073020
862298481339322368
50862498
784985165009448960
966491835802832896
124175717
2259685998
19563355
3969031119
932809647135879169
325594003
2775218044
15874918
2502895924
618461215
16807199
358545917
955796550604804096
795885534690373632
69368179
809213634
935148134505828353
1702344373
953259369881223168
2604459826
818485442949459970
925155074783039488
189561176
978562264658776066
211901464
4749272904
706289535383015424
30221032
1345629680
952978939764465666
835882182
3960051754
40183366
2465258120
20463917
57174231
28976488
707383117510672384
19821744
4853913459
137817412
30244119
878322668621004800
535662805
984821626062737408
891350677
2500587222
1289323322
842034210726653952
916757223208095745
968589962844270592
801648599784427520
416015631
2853410675
790057338598109184
137760340
747055923206688768
4054001539
2484542702
754178733922193408
849087560890634241
770634308277022720
881491522637713408
24544802
317980134
978780686
2273636460
41957116
972998388697333761
307175159
873529148270161920
710892812192124929
454401155
885610084469833728
172374929
40822112
14047387
40229468
825811777627766786
3471229638
930440821815595008
372837125
945109395058421760
4783143674
2367940466
3580248555
2947772771
28096105
34367582
394415417
3622251449
4051048032
831961929946132480
876953291057491968
849991615620014080
914035754476515328
947472884972359682
346924655
115740566
881948430494556160
823679880277569536
2546478398
752121791947169792
953047521303113728
938139949710405633
788142895249272833
1520637229
3862578854
970463810304729088
930277290033995777
704707055190282240
282747242
904863106203086850
952261264297914369
61325204
898726851878584322
197496309
839583843208294404
801923601230241792
2190989893
538385482
819531482544963584
406631898
2751270952
35510663
959400842959847424
889535953878036480
716277987428044801
741005459029532672
1186596018
799264962
792403830717767680
16177626
86445500
523196680
4214106723
51037080
2169303805
914590137174167552
958430065611522048
538602903
48186989
116440716
4478563273
988180494796783616
54800309
14055301
2429313248
1455872756
839506915403038720
799346923882868736
3712824021
765721399939915776
918534858871377920
819925945465221124
2571168301
2718236783
2953865988
898274209784266752
1589267491
3838614857
871810327674933248
890233919953674240
793697762269339648
258063930
48076581
23691853
1553388452
79745758
830201492774625280
354507097
1105731696
958192618940252160
31127446
837369375128711172
262435406
52733631
798603640613335040
934612987
143169070
119151535
973411532020289536
2167347758
848280544152608769
176292487
29212386
835717947263873026
791964055
5562502
304691522
946434816836284417
905241581195812864
29593475
1078094414
831158096831471618
972246528659247104
175922375
704351162934259712
3298852304
216533743
982326059168235520
294852352
19899606
29899648
421324707
700764546559041536
968969569581793280
703994049
972224148469673984
811634122351345664
7587032
966727360593743872
583448681
2755957251
2589947210
738908828129984512
25722965
1300395847
178888741
893437514
430422479
717934389
705188226827333632
18635250
771148244432719872
871511384634253313
4812976387
18723501
2316246829
27961012
840318725291147264
553107219
4918345812
4170204321
822190547469275137
557402157
943241734179389440
925072203267432448
2312038717
872844616294219776
956989952256086017
2729109958
4870642869
220939963
861951973
3358751806
988419896605331456
974018476758024192
2920090255
1259676631
969294637293756417
847845874751426560
555956369
138141495
921038472
827345270149091328
32001120
2771864213
856978948965769220
836613991984205831
14207809
972625807180029952
334715818
28710642
707421894367006720
619400667
379302033
940430173517811714
1656376928
914104931761745920
3899611695
821098645793734661
800791348253073409
983646854901624832
1928043908
113092693
918035388
2357142594
784064351070064640
959202451986395137
821509629150687233
796876042673786880
21784951
2956748154
4896284576
4656012693
4840456839
927549306
2271361868
190662041
834289247892836354
781178431
808780305460903936
700661366064095232
3189492086
937731682890911750
946969258654879744
381319309
797226210073972736
908506222411882497
17364806
2503104476
519587089
4687547671
866837263
229596604
479144347
830424165236822016
862057084942200837
4126651576
704737694656520194
985327153788084224
790019230389248000
519207758
878467881025105922
754021502375395328
815388229893378048
955760084
943638457641062401
942624882247872513
128620038
54248457
701746808045830145
278900101
769023334994604032
85684661
239554276
953477522662088704
791019449440694272
952951371724218368
987851190909263872
584065197
968360003345309697
345336770
4092210313
26859728
533768734
165153338
986373612956336129
151284118
408931898
3030153851
925403591468339200
169686021
2415660482
413513361
848322680843624448
20889358
3958240768
1090537537
177584156
2894262499
377879184
929050108523679745
943884076691443713
49829736
727562579824902144
893056033081393152
247596099
804546415363919873
827097739632578561
914121334354886661
911969928735019008
838076788194541570
1694359182
765660816641142784
719649555051102208
888104982850842625
2887440653
168760714
18061294
872210966456352768
796881089704902656
945906522458066944
792425731544547328
2173570430
33410754
864256455238668288
947594147166273536
904768582105653250
1191313830
864144652672180224
903408099993759746
940667507349716992
895686481209159680
1259777808
901514556689612800
905392584180326400
4083165995
130913354
3363611189
2818364388
18026638
4714632985
22141405
749647617806569472
972942134742474752
331854460
28229507
3310061541
987829087841411073
4862145824
17468666
947644259552731136
928009628520198144
937276356269879298
829463856741249030
187059363
921575717074325504
50116463
852380528
805038078507290624
922212589794414592
1659267216
926529377801789440
17790116
962211083774779394
41160276
4058005392
961845634889236482
959349781
117161855
953370716648476672
1343400078
722994185171816448
277234593
921054727198126081
783207625324318720
844720148686819330
829230743155007488
825125197955080192
786298499235192832
817203546126852096
2291979392
3836805796
49609508
705674634
816862986317025280
21498894
838132337950875648
545030277
764261361044037632
842462201285890049
741680976
18710344
751552860303683584
901655792084033536
1920681691
3026474129
760268201997508608
69707519
801269741381939200
729709984217337856
256184059
697387702094839808
822974123680952321
610406507
20791408
922691386196893696
801065074639114240
73205897
742055549932445696
2860251984
899437524103254017
277752053
37650763
364080506
899050380
834193045000114176
795647989259927553
18379614
827665911389814784
715227191861182467
3798320963
2288299586
24105930
869592861876117506
43563690
913846775768866817
893644579102052352
758729592672653312
961611837925191680
873955188251308032
2904460977
61078054
325345525
18791763
3545938995
1030783884
388122292
706361399136690178
773301629734952960
21677872
2772429247
90748312
700630947
976885190848073729
788738939939090432
826965624790335488
22984882
2407211198
2688880416
4743923252
48263269
914899735802126337
1090515757
114770420
3190067616
827702557929725952
824390949178576896
819334191624101888
119771879
41490801
16113700
519952562
759081003168112640
2465019278
102201240
724752040057028608
954105880634519552
903483174742777857
954845161309253632
959238773149089792
635047898
924224208
397526755
949089035556982786
883334230968684544
806301347905732608
797409551473590272
835531269396049920
1713571602
822669005227835392
870213623033069568
396716038
23568996
889522107058577408
249872430
3028493620
9427572
3951789633
3155103992
1129661486
806227295795023873
2378818687
232108392
42637329
774091826215157760
713589805
721807999073984521
718412454
854928745571995648
708039673684295680
2740862986
3304499628
43091803
829833949711052805
341200047
1232253476
3566477775
1894067342
51779155
169864743
3481737495
2366429623
138225977
3100846987
799830152939208704
3454027281
854437314315116544
2476178880
3110905846
2218437631
952779212062015489
950091039993417728
26742939
954545148112678912
745032751846301697
217575068
141748572
791062131512709120
897623110563885056
2446162202
905861879825920000
967494104966889472
849566954599796737
816301609126858756
4214596455
2327061237
4330019413
949593007233421312
317916069
951537197911601152
916000810739421184
27278966
106129038
210009710
4510755552
830778411341770756
83932539
832693445697212418
38057837
17802081
1065869268
3904527794
3015405153
785867439275905025
919929824503885824
3320545346
785529636935512066
3290377402
168375266
408299234
621524387
17581393
85892107
853678860
14895030
2327400218
934160454867472384
299878544
961716640013537280
143104075
16912983
752636869796585476
753751576632627200
763534904
363778131
766322096
228448495
969538122576023553
48105920
1656017204
58708159
825777533799034882
760293057929420803
32600706
810979769747550209
537365585
743869197273292800
837200943225589760
431049342
65913290
4592514447
3937914556
920420268740399104
27601201
904385903573028864
25414548
966502986640969728
44041065
2546287580
948193258966003712
719207572306145280
587909086
771696786130042880
221514083
850065940305895424
822791641396289536
565078449
820278083592785921
41304508
3951558381
1077970982
848720207224815617
918274726363004928
887014646703509504
823148468889939968
56516082
833963088
4068337756
14669951
20094138
3370622183
202206694
38351186
975716078495019009
2225947069
2513881490
879530088655601664
23078405
803677403184820224
933772349945597953
1739779963
899829373339152385
60629480
829518442696949760
789512359693938688
178015932
822668168493576192
757642475523698688
3635023273
2324993199
1247936395
790705621142233089
89258328
2887220254
346333096
789613490403237888
2784963250
817147068833824768
16190478
231512815
800552755471347712
75184478
1355803140
917518907744964614
901903482
2208095516
828157237
867245421256749057
965278530501337089
4885405884
709485595014221825
812160161003565056
979348546771193858
879335374857940992
846884680939032576
1244763499
932180845388906496
781686939090980864
69190453
22014084
929218087487803392
1677223735
789969215650422784
23766446
25328165
3215909025
948688862
745443701573423104
950858372496154626
20215316
705989655091544065
748711844286726145
2828705712
1386987253
863736510968770567
728765830226415617
728299868964392960
850411759190106112
2754147565
786656240445161472
896258742
742238569
524832762
911258819451248640
840724492146073601
705792897430503429
44397959
842378744
71706534
913514953520418822
23263297
116776026
57796572
946508533377495040
900355423
964253700075216896
3217278321
15455253
9783422
885147318277869569
776197271134154752
821077762509307910
22286602
758940366154272768
553991829
4788847399
17561562
758101519891914761
1661561491
822988740905861122
973018333527322624
963418436
170716826
956324596441075719
182125474
830285629434978306
971121150574112768
782202723269767168
967794732108800002
1700283360
935177547234422786
18643437
2796960419
14367719
982362427034669056
714509700
3744349762
24311148
241696772
711157050273873920
4429195462
2469732392
805552999
2284038110
307575910
701409297465409536
958408514807967751
123016161
2616233653
1556075358
934962310443126784
821169758015868928
930900002452398080
41919896
755009409185480704
17235172
912078746185879552
562255311
577434930
932927423989125120
823238304183283712
61015562
936568183187759104
714322670993686528
534831016
1140206870
3630185010
16966104
41883859
2767680652
752493806
71545482
923743382010257408
869701229177393152
967111228274479104
930566035
29895278
909448512
950788781111590912
370182558
911950450232086529
582501111
875189851565502468
912770520688594945
4860773571
3404611078
753935178968489984
4842646876
717609056039514112
965371324959924225
982675379319132160
1216651544
542962969
26652733
534903573
49136127
34991028
185635130
2730969312
3744122597
44382195
4839567549
4795359535
702733529965326336
399745111
484477723
85904700
4910168507
4881074567
2937602114
2477028826
3441667696
2947516651
751834539933200384
819617349754093568
171816320
3107961830
14429823
935020062427303936
29116421
1325697936
15379902
22083639
163831652
326462385
816736590412337158
1904708809
447200783
901664428617195521
971305685425246209
705047741911736320
715496304777015296
864614802475319297
803788217778667520
37502757
16409210
831354155449004033
935687960124641281
858442407360184320
529604764
304123273
786736292809760769
768166136106057729
21126758
835416359098073088
915328484406312960
2612041296
116384038
35929206
814238899660845060
32415221
815916290560835584
373932544
848237130404970496
2192383022
1146358172
383418826
953616483912966144
20708260
37076194
2931586062
3060330596
825836173742395392
913416571548205057
1602462715
4848203716
964573331738497024
4899575941
3016071993
953646991199952897
4201535656
719091641051648000
832965832837885955
913225194
768700861
4923298854
3268992600
106204123
3980772021
834138961077362689
291481777
2802824965
822875569931124736
4785281413
469999217
24307642
823883449161383936
209274991
766393840634884097
34428229
722528529716383744
67227970
773688607869632512
1020857448
513438857
866164587875323905
784817806898364416
1432331317
818525225146978306
898700291754926080
714128911823724545
922573234394058753
908740727336660992
3812437692
860619331
586965012
765616871567568896
914701639864455168
32608996
173346422
861331648532680704
96064139
261542075
882714227248680961
456714411
4405414636
832759224283209729
736262356452446208
799258718445649920
980793339573362688
1147086920
818299994683928576
949502887830478848
34035744
64398599
2815612703
827187561667895300
253182943
2806676274
63852360
27366679
17441360
526637732
18222425
841832650671304704
363307821
950556479521660928
784180036668620803
770467340567900161
19822126
761799487186735105
1361076439
2297338710
723187723180363776
795387712064864256
632378545
626461599
624080892
622936640
4291655293
1969399538
52751069
3331851939
1629035310
405941674
930814866583162881
2887465954
758009417111576577
786711568797016064
1955038620
857352882718466049
900101796974264320
28820184
742851683978350592
831320691580497920
710272880622354432
214924517
2242930268
708665434556469248
829018756441632771
1345822466
75844645
841421638109413376
1909349292
70468535
867469549821669376
1609564021
822537843818065922
21893498
3006600919
120935923
93992192
929912597519925248
166035410
938152602935726081
2899568855
3006015921
808152564
3417755386
61049859
701154837841494018
64511469
709524373363924992
926163797890555904
880846980695576577
819369344752816128
480500298
3481965513
291874773
3928095387
1222880455
946203400101941248
331890004
757709612422303744
780096605252751360
321779709
3192962633
795070986399969280
4717892303
928380340812513280
935325840144965634
22183443
998454739
773969827618775040
873367940984324096
799633879032283136
265776670
764478075400654848
795918177955758081
3268675369
829684808
195774578
355581180
873516630822850560
1531974344
953495107906523136
32956032
407223771
16007872
2945681430
528646417
30001272
958582032212340737
720843893441306624
76184375
802650491217997825
873808737743536132
2880197418
915221691881705473
108155987
222494852
800096135217967104
810591421191294976
953938560071208960
860624581
961093494986207232
217758623
2761527358
805665369851564032
899304723580407808
966349734159044610
188133265
1709237856
3415287255
971981598718480384
973955323726835712
920006546829975553
28273116
410076442
4855731869
2903166449
763213028468805632
840334469060001792
81645320
863139830376550400
55868339
4833630597
1202205522
3919971612
983766825610694656
275276082
372372537
4846230078
769183564105707520
806347865073315844
983138779719487489
583456963
981708354417582081
903636248308436992
1835255983
1626823730
861246117689925633
833065154027753472
2944425463
904799223526383617
1392359263
598802590
726936092746743808
861719718956212224
785190905682726912
9508922
718555294574321665
884820891317784576
3772895061
722192639152492545
973616833935888384
27075946
17148456
798250483324317696
832713490213134336
753774780759826433
2798110052
980525913766092800
4828084955
925112059624394752
954196418855612416
36175156
1683907286
234163619
15647676
36760838
871504041271894017
346384148
735824093019246592
974947345598042113
214639199
27001391
198305999
814961933258489856
118190428
202663923
79468315
21612122
960199507735654400
1053958502
837546539547426816
978819724086824961
273542042
613272756
885552248553603072
1344409772
832336297641512960
1873568736
898017849012125698
3080315105
2265133784
216498790
3320712379
956709522898210816
978634180295761920
34715823
890319316327047168
3317799825
299883942
955843374333988866
307460630
4795751938
2200235154
190821375
3438614458
288432289
4853227804
3301052704
16364399
80617430
27234253
129879105
16187637
789977198
599817378
932764592698216448
945077049051332608
924717082951999488
257105141
760963385320026112
183767243
27901877
780543746911776772
3353061012
2937613910
4236806414
119099353
794401550
3908662753
208155240
965901585380454400
2910092858
877221853642842112
804698553578913792
913078721988448256
271438569
374426962
3540252020
4705938091
19204459
20844257
888941363793989633
536612829
2484687302
958197944
272559329
101395252
799284956585455616
37808197
823159765790494720
494109515
2367729500
756269864348639232
964494135842492417
707278892801765377
903678570698039296
34755858
975487332743749632
2175836343
806401995397623808
3352346254
300074405
729132587462070273
126014458
789300582435565570
805541816024047616
110456022
931668199
2864429747
2228130159
302477338
731608385645318144
422894799
958064770019741696
599844433
29371108
713429859012370432
742369903500361732
72882689
3101613139
2299826742
721167931682390016
1876660194
735147297856757765
466183294
98471035
49140008
15986949
262443528
4893988426
837200388902223872
132616197
27682852
3248410062
4214995979
89475542
4624500980
4781576424
16054584
858115032898469888
966886033152344066
3265283960
2699143866
975164620104196096
765905929216921600
20298776
914154046382051328
21059384
367529999
186506052
32980685
2595263312
262713455
395701053
441389311
1546606536
915025437071462400
719276823809540096
25320639
3421233099
872449712506322945
4885703096
1625690348
2775866878
252124100
25029495
858866402266157056
25594161
39501483
789139435036213250
4068969256
833023216302047233
2449913803
824771634988929024
951302891708583936
535643852
372436704
799183301252526080
530923847
167603204
39753444
408023195
783404381337157632
798088749221613568
704391334128394240
822927813347069953
965259182
92752327
1548183698
1544920574
919074083559452672
896529135811612672
953525831963471872
341429759
25526853
589203557
2561754672
713596213564727296
4563974475
16106584
44401911
814423198364147713
2312902755
128393253
164070785
18964092
3266134604
933139523390836736
822087764
2495686176
17879692
531636273
17564591
892188990991876096
698992648275804160
975200486
30579307
118278538
892880061266673664
909429824
49197662
781249885509066753
819949184782630914
95092020
921973026219896832
971097585107783680
708471306702823424
821863733664350208
9636292
18767699
96021946
4710708974
901857120085213184
808131576559177728
3946915763
955962758
823272803566813184
2812638431
2531355613
898759943393816576
239871673
1249982359
2990729241
1973688062
193160214
733751245
1226148162
969280284721020928
829863172349816832
1404269089
891435759349235712
945725809360297985
53606937
109970987
256386408
847112047913586688
894939050255290368
40094447
357564628
817138492614524928
816111677917851649
930552552302792705
271212993
897264687150243846
741348287093964800
2155199132
803129760771637248
966717817184706560
4312282894
1905026599
2480887080
878773692242767872
6321192
761455354278535168
26183714
4686170306
405004997
836724024688410625
823577218748190724
825813135424622594
248113252
557046603
886346911736659968
1041104556
53692717
37826986
7116142
52846066
268503349
50772918
270412323
17685258
2779389582
952670229703766017
956004426015272960
131546062
434634299
368918608
151194749
123899931
28231540
63291287
4902369955
862493306382626818
15741263
563997163
15976697
71900977
25634203
23195603
373703200
45641358
878247600096509952
53745076
3306629815
801276851377143808
841509042023460864
1009520335
15669672
57338175
269199676
862750829945782272
627053327
2567146231
123036487
2966205003
3167970557
3344562192
32626129
3309041036
792425445929078788
27995424
745853715194712064
24493104
948640112929370113
1332568579
695054484083470336
3294258552
82432490
240454812
3672584544
27915028
2891165960
788740033683619841
923588061946155008
133637305
868533711368667136
4310820208
2308954104
2713427480
4821375853
972909709
26278305
113758100
812498553423745024
3260501809
3558102739
158769098
772204864654942208
18704545
102862980
167778891
4496497823
2894032402
802623208704741376
2975468251
3415716123
3896298147
3278931906
2920472945
3709245494
3389073989
1575689569
272114651
734168909553766405
813094291526549508
1256753802
2880418362
231815020
799424569207586817
741977462028926976
903211979283865600
1372786812
1416161688
14798210
56149176
835676806455832576
14559721
390396654
712730920760029187
467810972
928996263957352448
807355490430636032
889582208557731840
799974780766187520
774631928745951232
2735511486
755633279852802048
730770854724943872
893157516900696065
3317000376
712440047807520769
788571666
31611298
913539750149070849
859254355161231360
813850311978811393
118567880
932423095675211778
943369031024762881
1947303967
891621892242714624
849997626
802042941959045120
17148521
757683962114347009
895116028107120641
903019321236099077
596050685
28611453
826406978
34793128
122207745
18983793
78094182
825151313960898561
4847548282
62876780
523248016
51661036
742881584773246976
30389334
3093551696
30238204
558182738
21829541
714234573345931264
324507238
248469208
22508473
2353605901
589128515
785836889974644737
384330450
20378448
16068266
14347972
14989516
38021361
4259148751
248292312
342887079
2256965582
874857829
393190233
817382752731463680
904782144324722691
630673071
709451112739262465
707231479047315456
4158758146
25021862
3551446154
55312746
3434177986
2847221717
2750127259
203226736
1908143071
23970171
1071900114
359403242
818948638890217473
563712850
790341604535967744
787660822302498816
202952121
856942468616650752
902467649665343488
753385398718521344
762389795037294592
888433015927574530
12612432
26701846
23769223
846566528103329792
728617212152455168
2801177472
3106534151
379648875
718332223
3949049181
37666984
314935651
812479795841945600
1249831310
16193222
40116885
149913262
179245596
469194846
750377949065535488
2935489123
101856262
895347487233462272
46808996
166751745
127941629
4102376488
35039490
1546656000
25974930
775625838385569796
252398355
2316003960
4081106480
811717240030711813
375434404
1904739704
821511862881845248
940368062
2164876369
19751420
3273711048
58007320
917501529480765441
43834885
822517413732229120
838798224622235648
58348452
3003765995
23360808
826191066478977024
710212852108230656
34082620
15918088
3241559628
824322536204865537
709265212990291968
799605330200186880
893856362
329323059
475811383
492833134
829735580
966346795981856768
856697157616848897
804701961991884801
3318159007
2319339266
895286614431346688
31228313
162301746
591505507
828754744495702017
3015178005
4911105927
892469822575050754
744070482832596992
42670638
1084375028
259001548
138809881
120295432
879548970082721792
715044396
21149655
119837703
2985335882
21888595
384910109
185425059
264501955
717627639159128064
771529979846766592
73451552
22055226
48117116
1383059977
78403308
2863210809
968650362
1096059529
221162525
13218102
233737858
2964174789
21157904
10615232
880801071052062720
886733671910313984
783471651962761216
854121167405371392
296856936
43328497
894465693755637760
2208055124
870453485984129028
933209168
139499789
832114407262060544
2468708726
4918885219
1668756914
94384054
617692639
825762257434976256
118845216
785491546900684800
917025218735910912
4221892522
3435940588
812135885328236551
920580514318348288
3297022953
976564489
436360631
703990775223169025
3277814538
3422820227
3352802865
3376718313
3837629183
820808196956655616
902281437499363328
82383649
1603400570
50846751
975217231
1045558231
894450550032519170
800918657757020160
3433022621
558294779
2167674121
3405962098
774893842780696577
299239037
880818095786524673
454513795
1564676498
129571843
345562309
3284112337
3995778614
831307291517386753
376453771
1308317708
2369640619
274891222
4761064634
264361128
857001662
478855762
20118767
76438819
835227434681184257
57049338
1074412920
248699486
22055109
1128514404
43919633
21010214
20686232
20791372
171632862
344972339
11134252
14344823
15207668
19739126
54412900
523992763
3267456386
529783017
785649571787444225
3104950051
1561077758
19400611
138182116
3158234814
24578794
5509762
823367015830323201
4175166177
23359769
736959136164806657
39076082
739610364975808513
885873862646345729
1616743322
4700376662
92408522
27285798
1189304569
822901284655210497
823571457649184768
1475843268
867947619661881344
952083659682562048
1674315427
757078971590651904
822462665910063105
601535938
18688829
2460208056
82447359
2845681325
4660013206
832763991487164416
16032925
37764422
15513604
20713061
20733972
35218566
2319186079
129235890
247981000
16589206
388983706
850036892
1209936918
817661098988019712
3293118434
5988062
91478624
3108351
5402612
48223726
119157187
633797941
726414091
29562422
1013672084
2325495378
720293443260456960
729676086632656900
108471631
245963716
475802156
75541946
25429371
818927131883356161
22203756
471672239
4121225056
52136185
620571475
39334221
1494835716
858066056786694144
596552712
821180740343832580
34756550
883130484871573504
877339830
1058807868
763935668284239872
38456605
18918698
850456786234560512
795421640213417984
743155992997691392
920180554120564736
615091434
2235101682
436960611
402874086
3194502006
4739845481
820786129138053124
3250141399
553224712
86815264
800086706678419456
2993773987
826134513646497792
2185360068
38266703
896024789776814081
83234491
14246657
954124423
733315234820063232
22456513
924236569577271296
825710055370653698
19211550
608471241
482418139
738153522277945344
864351682351607813
777243721238654976
53265271
525998738
292429984
829391905402343444
931587075413102593
192640325
478157435
177702195
839099917121511425
796859730320834560
796403983476736000
853311624
3241007092
1114631166
3518486666
3325382900
856288002435420160
782620709977661440
838114538868342787
901399120866357248
42171187
4852163069
20776147
4048852873
15576967
4498577661
3018960919
566553506
1936536769
885733974
26900055
242618658
172511244
879076058762534913
36715753
2596413645
16710420
1931084401
702705429017706497
1370971824
1618641848
261749735
732980827
347627434
282695161
415836996
3309509312
2389453384
379690254
725064846056640512
3507100335
874636442290577410
1075460258
875807737665531907
817158775610179584
45741687
22956220
48459553
7702542
18089606
90480218
38497702
1408003598
18005085
2301990517
19091173
2853461537
313038011
592730371
16031927
65493023
17454769
10774652
39308549
18247062
29216764
118756393
237403203
91882544
4686567074
33529092
898904244
841023932694171648
56413858
594886554
826104850194653186
36529101
3009028587
93059852
1392951560
2417586104
25086658
1180379185
113047940
15745368
15856366
74198348
23022687
1074480192
22509548
17800215
26424123
237348797
37920978
18166778
19417492
130684893
47739450
18646108
48029066
16157855
21536398
25202268
24822993
3229908828
46681100
121574367
3195591187
43277789
590211920
2332354080
18313747
2448135692
334053327
28628850
27311044
25101996
14839147
18380551
56561449
29458079
2922345639
457984599
3406938525
16989178
537709549
15150966
3498448812
818910970567344128
822215679726100480
818876014390603776
822215673812119553
216881337
18071459
23798694
52544275
19725644
41634520
246500501
292929271
963480595
22677397
22703645
17980523
195271137
500704345
44945327
4196983835
18266688
462104542
15416505
39344374
39538010
25073877
2908170952
931286316
39349894
26487169
78523300
468646961
23970102
44166798
38495835
16570573
