2534705808
757105319889604609
862672569677303808
60834553
116994131
1062376603
985769792291332096
205953971
2373978144
2576714551
896026337172914176
365101425
854488226
926000732569944064
83770325
989942830943690752
809128238127710208
19702108
999794545377333248
2482233206
3426268779
997835561854529536
2327547624
2551747426
940080815773380608
623164520
977673310715576320
88170396
2335942867
405515166
900112582027218946
4560411921
255617367
424245902
920747948807516167
994877976792784896
2612900260
884129689
246604118
993548205194346496
801408869931085824
831974575042879489
980534805245956097
263880141
944757904787243008
1411065529
872599927469297666
1393000698
2638379615
2979029939
881699048717266945
971040088942620677
1246703160
980368727446380544
756803750
2310254636
936078056514637826
972611741581443077
47954547
49264967
933729543101304837
840413071
279521193
943698133476958208
3001644795
124806609
866134655908687872
964077947484241920
969989450741829632
853677828595953664
785507196
922544895713316865
816651049125707776
4717847837
1077505381
959158581554745347
964204371092361216
933795479774814208
3026080989
961915104626466816
961664759811772416
961563889191317505
960626540718456832
87962856
2900992783
957484182493523968
866502830986756096
37486925
917569342874644482
3969411627
415861999
3921057615
854448209892188160
594553013
1671430254
838781934536806401
706584685367980032
3221169342
3710055203
4681764860
3141257502
242337192
357349878
194802844
4840073254
1666445574
399382891
2903788388
4230505333
2838145554
4251481092
3325690619
3857480652
277054756
2866257510
3149385483
2316623119
3548362399
590187833
2361214520
3193169670
224313176
806573365
2893888519
3196769053
3389588465
3257824976
2888692945
1725681199
1597566632
2992126922
3109090952
3108466176
2554661539
3077165760
3102894400
2801125602
3066297794
1632756506
2582238314
2939195551
2166760087
308183622
2859908706
2851386728
2561524873
1326808970
1090905271
2658508945
2472497060
2720030272
2475803395
2551608828
981736124
753080300
1661481397
216698406
1355119027
1068599329
1631890616
549239319
2566151556
2563127274
2563163947
2543229151
2507263784
552401665
1376305399
39438193
2532066139
327322341
2260589468
2530980668
67006178
2504288126
2479913191
197806943
2434831928
2489105996
982854014
184437281
2475118148
2474309425
2390161560
445309759
2447231251
2267290710
1913551789
1652162882
2446343292
897773028
899614849
241366603
625465243
1974883046
2427685717
1614867427
2271719678
2423700818
2415876300
254604177
160436714
2422702716
265979489
430817529
570416341
2422357100
2395053667
828583994
404341764
2349677940
2331485905
2356331151
2353690604
2370949688
2311802401
30293488
151874077
2375448085
1956019764
354896186
2358801599
136375250
88281856
1032317544
116031438
19895463
243283163
2196249302
1333698420
200052005
2161863321
387491138
2167617055
2201616828
2298893281
1939816812
861197868
2277399593
1490593790
282046785
1471522832
2215463263
138982400
2269445330
608443136
16028018
1911324132
723362514
1479028688
1481678737
783014456
377782928
865609657
2251131192
1500919976
244081717
2191443898
93637622
594173194
292510105
1538830652
2207895082
2225637548
30441011
1538103602
575708578
24548872
1627687249
309419611
131066722
1615328671
1049516256
1340960365
453075437
1933861334
447756082
520979861
1429030292
1660359726
1921946928
481206115
1972817022
88732386
88755320
245968644
710485268
127347002
388513023
738855300
1935243163
1900221661
1636699662
358493011
1913759875
219952099
112153119
181534641
387076458
65763357
1723205420
241830328
1405107367
1693962384
1609606806
994459880
1672625852
1627827228
1671509588
1666915584
442502945
394966438
1538165845
1658714047
120550326
1656850136
1012990406
77151019
537450339
414584588
1646738804
1645883534
1640775708
1640297084
1242979777
1242203004
1597681945
1321784202
1617257149
1485789378
1108175252
314397916
1425174217
26324395
56038931
1553027138
560909040
111800929
40642789
1263078998
1449904243
241761329
549115068
268165133
754722595
187554771
1466932459
1526773141
1450229856
1500618193
612380876
1346660676
70187539
117725706
1498566540
192840514
1356715142
290494842
604666311
934225681
27651576
367452857
1341239414
1248118074
406914060
287512848
137205447
289890760
130876560
34895180
936432098
154149651
85937709
1291677037
95400999
1019241884
546723830
386396183
155857603
1487032831
39755987
549813334
590759304
511719081
1415284483
1454615701
1437929701
1244265254
79889984
1402855417
1262230610
623313620
47885570
628945660
1045460978
385253413
1327897362
1319837294
1318781041
209390133
991275757
485518505
1284939840
1087919672
1270358257
1259593916
407921483
1253422490
1255448508
447186935
521754469
1177945357
411191270
95988257
1239553080
432720647
48929417
1235525762
354034125
423147930
1211459870
132078084
561519055
133369622
623926024
712170312
1025853668
422070994
407755720
336480020
406455287
1130465604
710448576
1042119703
730695415
299818593
64600916
176286038
1152055022
1042280234
306561301
98896035
297832294
465450735
333389062
213595798
135534635
29161781
864195690
63797050
1022254687
391867687
1118960442
1117962156
930571398
200197973
1009065992
206497027
447828694
969568904
1102872601
189953199
1029817860
576995881
1073084910
225250867
1067744474
956852412
189000649
72824319
255572445
40404687
745457798
1034382930
594116315
291846430
1022573490
1001102401
42980449
184363884
988627836
190784813
229022443
968496871
966853062
926618569
521019341
752903719
926567808
181471137
588603114
57319093
249659685
816149702
848769553
294764995
800452717
791546934
614608169
100836320
735077006
717047455
708915673
539116779
384464596
119110823
63842647
221940349
218258936
61879566
44932319
545110971
512643483
490742087
452022495
302178166
304342053
80775808
