112807276
1130042420
4846634645
910492003359760384
251918778
965266179836252161
967027984426242053
964481775606140928
72198806
905416143313219584
3924002953
80944550
21414576
15224867
16129920
25203361
284602545
19397785
32004130
61149653
89820928
16378486
883364987384864768
16331010
21059255
574023889
32671625
37590426
12354832
224320485
15846407
18227519
21619519
409486555
813286
124003770
39000115
50325797
53114540
437520768
378204367
970207298
14091091
19802879
19877186
552582271
594666501
18948541
90420314
16303106
39822897
17471979
740109097
1023096199
15485441
76348185
12371172
19697415
14089276
29756339
29442313
10424112
65647594
11348282
46220856
23544596
115485051
