285298842
314970940
23989387
4018562056
951151494518198272
849328400
2799149890
928142955923288065
738200641458180096
3438287631
896822661472542720
3388468499
853293998118776833
2426391096
2768178171
2801359998
872543590228078592
776754596
23562900
846053883457818624
2964004565
780412239744471041
47687364
2746128126
822149476840341505
750718782960640000
1011691412
68223086
706954881307955201
23196469
3816050901
3687879375
919654165
2784671359
1008132193
32028250
1265835018
2539425886
781486758
2966334616
378112168
587392320
3130090086
9640472
38082004
2348656812
80994991
162452469
337384285
123970722
506706634
127167391
441490313
139454484
575052189
2272273116
1377660307
490966797
618162545
43065163
413767512
35824740
546347985
331741032
360946707
20629966
124224102
14496916
14634209
183582503
26717030
142192547
97878306
92811867
87992623
68409243
84023576
72380853
16948931
81371138
80489311
79986820
77906656
74675751
65233287
15163710
39222337
2544281
36323283
47726739
47527533
21544190
30390602
30944828
26468731
20791369
31120352
29966788
19624863
