2194531698
918159342884605953
199841160
815113650956423169
283335371
774048941285445632
281531567
945263011706544128
901547239851663361
278098811
587504907
235423195
846751121347678208
22553274
797605108234289152
830708846737829888
43597962
825663630310047744
569683254
129276705
796769120666742785
773211100162691073
772889505670062080
767968450832728066
37599351
3090458169
521096884
2797654746
8698562
4010102482
134249443
39293256
4833087015
47971015
4464055707
857206880
2640348769
3706495995
23654724
3408939496
3369525275
356441340
187779507
2842386917
2916978080
2422517886
267291564
304406292
43375031
94141931
476214711
328230784
152049466
522659371
1089095965
2545096926
47323595
242934254
95432839
2429229510
22667471
2364881065
26786080
19254653
1950667927
17159229
27529505
1641830581
1134484646
1375197234
34985836
23158812
1287084134
505501368
101889900
52428265
632577177
52253803
273945847
266370372
325930672
292342177
244240865
154757726
