824720887991529472
64206076
14195941
1912039406
81305054
916364191476404224
2562852312
870123545191485442
993609428837519361
276014492
789443070530031616
966322859760070656
628442024
1163528460
113049386
77276629
385050708
993535748753248256
944128278037610496
11606332
16188022
958044026485248000
999061340705710080
924336854387658752
2884140716
3226995919
74954965
952610753923645441
7857962
44902864
838351435595149312
107223491
734727559171178496
3318805990
41235911
41628696
950477244
32189132
931287675537121283
703245120188116992
139158404
4709584942
23989387
329743730
253745188
4224322432
750453974474588160
240634718
4234698689
321774180
459269265
755167347229548551
952262531166490630
16424384
39603710
35476723
984037907454418944
41387380
846268513014730752
989503282765795328
115445320
3556942992
980004112916983808
34247411
21453229
205241095
67678687
979022234131095553
815341382
2455695490
2987621966
934222516087869440
3097862962
538101446
21655986
141598993
921154365527863297
814813830
958026584069496832
2827857824
297286429
595884255
914279468927041539
969841459988869121
964191402958688257
1413476486
979896255143972864
753752600
776043015525822464
92584756
816817336997003264
1024072302
3078942992
1128071294
2908948408
4249469542
949140577777418240
832290811
298602588
806131578174930948
872641496935223296
935187606761025537
711245747342041090
2615343449
765618069062422528
327342895
955043336141844480
933189642588889089
2332129459
47336979
960936521875509249
2361707564
966967944201859072
621028657
1451533656
388442516
940953445527367680
23676043
78537593
2163724569
943332941672931333
1685227392
1416671
73627330
64873754
891032413962457088
814531035656491009
36032320
53469840
44940175
3383081003
304852634
2935454690
247211637
127255300
1931510881
17262898
2295814322
230714973
784508396
61279303
18693908
25988328
952968975541002247
928091607131402241
47731354
945965774501539840
1156542380
77933310
854769693051297794
25159331
386385200
935296858510856192
958319830570020867
264684711
24578794
715911790799032320
93406802
3308229562
1497608538
1719427440
71319323
557366938
804761718190645248
212642997
213410522
753326818212581376
925855956533202945
72650178
886949316425908224
3465762317
2172461651
934072448076705792
939520363209396226
318284091
939004384448364545
726759308764020737
20348161
844127888895102980
2433811714
932357048020344832
749383181908975616
2181075367
912304363749638145
3222283443
4385844088
772500548268556288
2980598067
247306840
2432481170
745611048493977601
851567278672015362
248844811
86492546
799997149576622080
803539758710484993
159100359
885862766199885824
749924847753555968
788789678300356614
391654317
839941778576900096
17210585
746417655750373376
291782160
21133512
1699729616
569872967
253941749
913667534863388672
2384314538
168827194
925600346457509891
243206197
337926164
1370579442
790287205
78835016
516476984
852305933271093248
56099359
930807748484198400
872501629223936000
390388543
867795904987877378
231541739
755813764310511617
395317581
892740118049677312
374885157
141808710
886311721241071617
1326439358
3423612425
22934133
228802775
108552921
1924071992
593563494
2301599138
464989762
48225374
922391926678179840
246240656
14342057
4116297057
489377813
1350103262
2474643097
897873902218641408
773475903317938176
909838571569389569
863377035661647877
854597652910149633
2904070193
6387452
917428762052046848
4882743003
115477344
790798475751518208
840419614848892928
712011596323655680
846654457458896896
35413612
523554201
403188273
256048770
3433028235
15081182
3308537229
104016988
270075508
3305356056
780576798320975873
129981099
3189001238
33923443
132339474
4865253027
879079888157847552
143464048
2773257114
353289134
407130574
802499648028024832
350509998
2415159110
818515107265265664
895793446731960320
2370627199
21558596
32332493
14242942
3032971323
799000837141843969
910481713
615050360
47756582
133938408
845345119964467200
817787756281790464
1726076226
1700738821
841469580635754496
800479081816936450
817167019934105604
818462780915187713
813622363883446272
812310090434822144
1344657830
741040964060491776
24589835
1187353411
101897322
92345478
802732569737445376
8515342
798924276992655360
421377354
721334739957776384
760439922062950400
