715623260533231617
1879978364
1934657816
3066019663
21885199
742050517778599936
313644703
19847765
874545518977982464
964032914626359296
212038869
826822657425469440
1517267136
887369929841811456
22063600
16642749
7429102
1947301
38271276
340613443
4449898185
19333719
488620840
1183282267
954353275561705472
265428582
1179613418
816171336
825518870421180416
18196873
31017672
41476692
32576141
153149305
216527173
1163618839
536879624
57029492
2773390269
76837768
812361923304034304
423113414
26775504
20759034
15198507
18382184
53503202
2305281787
46424263
3148736402
6539592
26642006
27493883
40145940
755677202
331281795
126118634
26441991
1017637447
246939630
337453078
976584200215199744
25702314
278175882
957645662216101889
285218396
17899893
32478637
352548417
54208274
38696089
955532781970448384
810123569925619712
17695016
274205573
499073990
70500452
117748615
2960830911
950477666125262850
2639408437
84119348
14695985
268476335
21005767
951532196116008960
533321911
634245388
45573874
10069612
333258056
20540348
2382106993
251627765
313545488
83668232
3011349201
218975278
15115280
449600949
42697488
16006592
5513002
14811485
820705814906339328
29454907
2336559612
21965684
17965273
804514651
46747249
159147860
19367849
47652227
34628030
23617498
71075102
2155397910
804661399
105677153
3167508269
23659017
26676275
1383272101
24402568
308501672
1058256326
252819323
2750127259
2962813893
797201048490430465
18622869
133028836
155784594
2922928743
130496027
20811534
320788019
846898737586683904
797689217107247104
16562479
863523032
117394756
130497128
1097014962
1068473420
57068978
18989002
26996798
17448662
24905968
297026919
286355573
1599619580
492662193
822299862
20738298
27939459
40081719
273481584
1180291452
29442775
1111671840
806924764958760960
44382598
74472485
95472962
1115387942
1670878968
2424099061
1924071992
25892900
36081979
36137512
22627877
22250448
62605706
85490306
86742950
18053253
127646305
90680566
39279014
33047398
77206463
33090103
21348851
108700164
20096144
107209672
17630125
41587427
9802132
41619175
394724132
227700499
2897773175
783687354628313092
765657298207399936
812306054944030720
919806946282278912
910492003359760384
2903933126
864110644404125696
150871679
3818160140
599630152
402824931
923242090661740544
24613002
888094638
248495200
98475222
188041740
120259412
742382687550328836
3278394199
416110193
166638507
175711277
37282688
800663185
3306657653
2852378032
21551058
393095898
333019399
822820035626467329
2424329748
16479943
834081571493785600
907204954582024192
3621068843
437652884
184252144
1617978464
407787297
304623188
253189737
500704345
860623776
2800581040
288363743
1173029647
171588704
703546842
20064655
363487997
829876272901656576
427713958
860777012
112323469
2323116129
498335666
19638304
425439286
324376022
431972507
277536981
515629706
502364021
469706697
33574418
19290654
531243722
850891464028463104
38579659
2203686877
701685615562248192
748600628801212416
23890246
53060164
914897682803695616
343967237
915592692096258049
80370806
10107502
22491690
897205272267149312
288332784
27323367
62598329
728264597933854721
795756630956773376
715092313
804035268919496704
4828272875
47806130
23227681
771555
781358680356761600
45111170
190364329
153556979
14640793
3424380165
726510266486280192
33211747
340721222
85100136
1736363546
22012091
68401135
15031037
133951022
228794007
983533117
828719562027835393
915344404826787840
915558576323743749
2204131711
875369280518410242
15049138
260051749
40151990
443052837
3371434043
3232125828
24009579
150078976
322688820
1286312880
731132367058968576
738080573365702657
281713116
3688150816
59610474
285578853
502281810
15809130
16370091
2810623552
821535816
17088530
829507222946402305
772074153423826944
3030863582
535998231
16788509
2829747214
17921211
715380854
19657975
21833815
818283177630429185
17681763
804685465798451201
58046619
838581021633314816
288937630
2861899293
22835967
909468011714744320
15119906
25341983
795991531660439553
3938173949
234882430
1017853820
242566949
4520495776
1267372453
44596336
25347141
810619093749559296
755832430377000960
259334154
827682769304166400
304730835
765195192697757698
800386126322089984
19197739
124835518
861668839637082117
243678535
213749909
2835326016
16071614
1606305782
876460012343881728
971862793
786818602875838464
156656964
16696633
823863770464317440
70624832
2200534459
309599064
834219236830633986
216553407
931192518
718375439367028737
17349105
816036458335236096
133132341
706583253205909504
739561391930155010
706257864
14247236
871930167429656576
46402219
44853317
314179150
511998332
175939051
569273308
300444656
836067926121803777
772026937
16711026
836727988582563840
29501253
62404027
2794601925
19604805
557360968
904873158263570432
2881331573
830443359235866624
116497034
825102657073315840
787329495908880384
843887127024877568
20082874
24733117
114258691
13393052
861349385350893568
733441116905824256
902116716947365888
875029068223315968
17792585
4381902072
36079222
2573315323
4451085412
480949729
1365447642
743189224573177858
42546261
183876837
829530923381227520
868827562805428225
4751330773
14377605
14676022
945782642
829061809135030272
897614645086875648
836827700
88378060
2166405741
113450837
276984604
852614940909293568
494305477
739269242
369798013
26054138
797835097135165441
540826745
24385890
827002069500432384
16801308
19608273
233004665
54986462
893163224035713024
322352431
1408411483
18476076
178491919
619410681
891182956173250560
41722221
15083763
763416082304606209
84655621
482400720
596603078
17499936
465877072
815708250217840640
743856512
28210533
132340866
3374540505
2174590622
456983927
891360478844375040
2737695384
234247492
4340824360
485805200
21482845
2319282349
158426909
1660862130
64190413
1520831802
812392803925753857
795871428
777580841744625665
31751473
56173717
864165407489486848
22162854
2541988069
49035017
836727989886943232
52596376
874755661
59671194
826323028791300096
1694631086
77608185
820613586
144961560
102187953
861115114203774981
807447217887969280
15256049
420624102
130617778
173346422
45433112
26575774
300233337
878643989402046464
104990063
2870871544
34688385
701389884783726592
861619989400309760
1331957142
3377299539
45413198
16335712
3378604623
7290892
3027595384
840836785
275279469
846063403466674177
22500592
40865168
4538211017
3078241826
19391276
5695592
804372079319678978
25388412
552369672
16600574
476781951
16426217
109347987
5693852
1403794230
1069582194
708070902911651840
818613408253804544
866764271157424128
37185041
797547199928422401
878788775488389120
874687786640695297
49698134
216546973
768343805548457985
4809408511
112597897
798368054698643457
11336922
600202545
297652368
132496568
4806124463
24151950
215501778
231473746
813774255078903808
484183563
215832793
115807443
987027631
868796192683151360
16891258
784944424744783872
901992463
2651088494
25725026
826899675349409792
24789175
16129920
51590281
52806914
15441965
720240695257108480
40720689
2413504506
1260803640
261432863
41680677
246418197
824426245379280897
379885443
37844996
2467720274
603276799
3104778404
2649488437
518254771
3377418995
1688420558
115596018
404055873
437029166
708305532746993664
2227539066
769276958542737408
716435110845808641
912768571
800704496246484992
19340554
826182549453955072
747285445
1378705670
4532238623
72198806
20852881
113247472
2202221609
834010372243804161
4365927557
794272056028364804
134242072
96739673
388462785
704112022330470401
842763645855645696
807734338666123264
18662546
58038672
799986402293215233
796234500061675520
18596722
813286
746323852725202944
416624375
825351248362737665
740597986846203904
2792385376
20658388
141327791
794116244
1468400659
128763392
804778363479007233
828747026997219328
18630911
18687440
739844197935644672
73917764
79366215
37291805
12011422
816058533674356737
18979738
14955422
824721184327684099
594986228
4584282501
35037888
2444408072
1494518258
15955731
370877221
237845487
835780663928324096
2889924959
3552223333
31513
14115110
21879831
23027406
838075333614186497
26368315
254795091
763490655108734976
707946321043431424
750778711692218368
744991128391397376
845402533468291072
3679401135
740957386249261056
1279001000
387258838
2392933562
76000143
860243075695689729
1537558634
56134570
701431858442215427
4845534567
812854501875060736
390791351
254591547
219846387
439068862
3239776277
47285504
793902637733146624
4703212171
4854332050
2865726690
148918749
1911090230
242058805
38181453
21504103
18099248
2746541138
2743216810
85684816
1886806382
20772869
2508723152
309443844
51757406
2946427142
6209002
82969145
823266028637589505
18961360
14617728
844798330014089218
21091703
154272342
10350412
223036640
29698254
89841469
100109890
3386223496
17560720
19841326
753928878188556288
175618489
737289309766733824
84867468
837482300526985216
112923404
67114338
2363055360
32737797
333385271
16952388
2342829596
17023552
792193924874002432
748934961277861888
861585215059308545
273085080
711036994
2260519518
17212941
4182351324
188706197
286267504
716813053
5627542
55334234
826672267002273792
942844458
807985705838317568
21253764
28162211
254313004
259793308
23989783
47976339
72909871
869981940
830159324278353920
49290265
239856903
872924834
825013774193012740
12507242
813805580288671744
1546016316
1558662108
19301682
18181093
1458461172
326861933
2382406057
235348556
778718365346955264
93069110
2316383071
328222098
759045029633650688
2929341153
784374853570859009
2541367566
25443684
353729300
19731326
3405912172
829365802784718848
1925247259
358895957
32871086
801222132499939328
948595483
2753035251
222472966
1072467470
389572051
2313117424
18989749
29639814
18619299
26012448
764847887977250816
17501549
22824100
382370203
1955120395
41828873
21035409
501244188
4805954176
993635310
81630381
120296846
350336411
20910337
1569214849
14469954
83302142
14572196
102170469
709359932102017025
356916047
23434582
14475362
711421500
748761679
37004200
25381061
18553139
312850702
1049171
2156903066
823465049809387520
399630109
21358445
20588898
18466358
550481707
2584131224
40161565
1247498276
16911694
396849913
826100288075493376
105328095
22095321
16097049
860335218523348992
452696089
446812496
3975245299
25746381
341533319
3534571
117288882
265035670
172743125
172847299
22255182
57838875
131280379
89009079
2792897314
112593460
74179992
133242990
21495118
910980258
1058111
80910014
273797351
798609602782720000
35568060
15191548
26306441
22706165
14536448
3733579155
2165196019
41390798
288748119
15329102
14434693
2806023349
394115279
2209694651
17467721
85492845
724266556268666882
15731259
405795561
48445968
112284873
238180205
2445479414
783329160
2574288477
14173635
19668592
55985209
22681016
21239193
14784831
16579911
25319959
16554719
22040252
19896422
247851217
19227177
284619290
20764031
39974135
171346034
104954985
15182141
143544723
126439764
14653034
50684256
45882011
344442463
715228825
52968650
14429755
41009404
834962769908805632
282852662
15418628
820359567771127808
943703498
298845350
179549676
289605907
135277616
634734888
802660254
776159788182999040
2328421
48835071
798527383422861313
701820621597106176
14869615
18509967
31179259
79923701
2291141078
246430484
1209991243
24562722
19167941
574118925
784930998404411392
2165739476
813292471975366656
69988498
109057466
860040836
207254281
402676038
251694276
20920010
790270769527869440
775482843191398401
22657940
16172769
81220055
32912355
2393758796
253244265
839083438573498370
21137323
347271211
2798746316
810341799441104896
44226254
336279278
347853768
275854415
14856334
1355218452
804770341465817093
97236510
579188949
16916446
58926290
332606373
822429500063576064
65268791
824665972548239361
233297529
36836701
2206415754
2693364586
304461020
939091
797595483111755776
2356966009
71469143
46459297
2247799814
2993465277
2436006246
3116324692
15599949
26238155
799017918012919808
63623347
587934134
1365542394
312128241
1881598274
778924135
16146074
37276762
875507173
800174363563569152
2859319325
824699415030071296
2549153545
317965575
3437085741
25999956
18228898
1550790872
22849249
26283468
702848953864294401
2343013412
2342513659
821553841992769536
868912866
344427592
84335372
415126642
75783383
25678225
954596036
41502749
148497319
24462109
25334766
741748003
706004216
168733495
568651562
20655334
2573480784
806147818230517760
17717430
1140451
341190477
15976705
19519071
250836563
32919733
815931811348017152
2320974499
1205709295
12336762
4827378145
215207998
16158677
21377655
31567163
575961486
16783988
17330601
20710786
31992478
556023612
19964097
65273558
849944803
512788567
1423486099
1370995130
17045292
122244501
826164231506632704
256886168
714720425801084930
1976125669
16661651
4906616272
827319155749691392
31010403
15467700
826482117223800833
833856533343719425
826136426681135105
825541475635228673
3373751199
824294950800162818
826793892712476674
19767898
3111268847
50350375
401625957
51461139
23352131
97030466
398146813
