915024037
2356531705
997528115688570880
16728982
3678322939
3008801551
2362316161
2491714375
40825005
371905096
838203926004453380
2704332806
2620210057
870480280389246976
959594974164561920
3006883736
2959654302
2291828892
972604787597258752
3060683599
970112665317076992
818611955682463744
4719343816
926458958113472514
745131593392488449
632464862
916474168148869120
957447421180526600
862944553858342912
4280545932
789417723109388288
949694329475379200
1251045895
934394864220872705
4688121074
3195675522
780408409283698688
938887381725298688
823798173885874176
919620540133818368
932958262898466821
2272649418
2272593702
2272500216
2854597802
1964452098
2173047390
2272511066
929629298411036672
924841079119101952
1420122487
707488058665381888
116548789
916279020488089604
53853197
794870563835478016
2621110358
785372166963376128
1465157352
380749300
1084774008
134213994
3112928295
895141034862157824
865206312291848192
4066344732
223407425
894516458088153088
760078891188760577
194824437
781045755800936449
881893781372416000
3009523327
802778384304480261
3308413693
87769890
812898198574370817
146462986
881788455881031680
880597152736567296
79333340
328894042
875393448995508224
313682511
836076156809981952
785635324240199680
3230754986
4602644720
1730185770
868430834767872000
759162092599578624
843086003522883584
2383253054
2203126938
865551205199618048
866090333452488705
2942676985
862457646258900992
155705264
786982239502372864
852555485576167424
837508154816524288
4874589967
2917251444
3433403638
2438578418
1003730852
964000404
839070252314943488
2458283886
821779109000773633
2941979988
826363524054020097
1709604295
745541029726556160
152655646
2685181122
3096933876
826774409352339456
4201458738
3232071314
772711190698995718
828218841763176448
810473001812492288
2887831946
824753400264876033
823339262921670659
823569378037796864
725290281193459712
1714935912
225399673
3243052586
15913455
2661664370
816639300569677824
3314666576
2879428826
2436822162
814229818707316736
809074410262970368
174266952
957027824
637313893
3270559442
220263371
269554688
791605706566701056
800873404521811968
1322395171
718309378454110208
741571209922379776
777808500172861440
1714146476
769904434021183488
790329629470896128
154226322
1918788452
789137899635613696
786179630252167168
786173957493755904
3309753918
4272070216
709986134475067394
4843766228
780974482018238464
740071530302836740
3500553679
714417789470056448
872374136
750274144374185984
753839584862011394
1527934333
726704431937413120
716511689709998080
734572603311022081
326014206
2857829113
764021087176765440
737653129865367552
751872925406408704
111048816
3022889996
726971834407612416
720161918275575809
2185878926
756345798279868418
563753858
712429516379951104
1338411366
1401587503
155547682
3253802977
2162539984
1547161560
548851473
2800869198
172096851
552700119
2697192608
2734166304
1546834585
708584166380535808
3324431832
230278157
613194097
44918609
2997926984
739122758852841475
713271253646192640
2188431318
3836540300
2489647370
2609291162
2343110648
165636556
2969335003
716876368198242305
717187271808692224
241795964
3144651794
738245145460506624
1721151530
2326920672
1570083146
503786971
977674440
2587185517
727417596396490752
2394642428
1567349958
3282436368
4802352444
730002669771722752
4853500214
2949707143
186393629
217308889
248480743
2605522818
710474507668959232
1717981897
1498048010
3580828766
4269550453
2238689274
710471281167077376
589651237
4277834298
536216692
713013607848476673
700564959692894208
4256160858
705666123828588545
3013787712
2219026039
2791563491
272811764
2190407282
635863860
2389252514
4246098493
3269801725
4660197146
3257703805
3005772649
715060349909803008
3165005887
2243625176
2337948883
3231678552
4718400252
712463466892632064
699566853547405314
711359181496852481
710070167649189889
4871175073
2342326267
3071245334
708179395257577473
1294534904
706413556539863040
706388752797597696
4609297634
706322041213816832
706140159897501696
1552255214
2399162731
705296837738000384
1709804371
3246824917
2922706627
1386426331
703785343699398656
4557303800
2569135207
4864175364
2679228846
3256901749
4236466333
457459276
3177466669
4612876573
3116436750
2302039632
2581699124
780224300
1213890253
4892698820
4858765758
4393748438
2927859792
3159105852
4767684678
3071638866
2224305026
3177970285
4307333125
1244225294
284434695
457471589
2804425712
393988913
2799736417
3809876893
3878217253
4135234934
249553972
2492762490
2778242192
569912216
2898423632
3790723453
316296892
3307845757
19564719
3550101253
3710445926
117652722
451517408
2373893492
2857838282
3644488818
116942168
42562446
3415309280
2228226650
2949784561
3182922577
3321025645
2492811379
3244645740
1860822156
3315545958
2341181299
509722453
3307801411
3093835512
2576619504
217160945
188621689
3285991381
2950387632
2231610630
2375047386
3196754137
1259221951
1709077513
3106562876
3281661763
2302657135
3276707264
61792188
626126462
275659262
101772216
3075130106
3222247650
2916538064
2210461722
3240721752
3240735079
1451388894
2954300520
1315142706
1686992114
1653233250
1666472953
21547342
19077044
3138822790
2958551905
3238352441
1196631612
1331335320
374885196
3041300166
1933880174
3082489974
3185168030
21447363
384724848
3029898645
2945336863
1442239968
2942017178
2401668096
2925512911
2837546330
2396260675
1494713089
2338318165
2921914262
1429251535
3107393023
2243712193
1084948020
2428473332
2283701815
1590808472
2519903503
1964599298
2246995776
2611536907
2862432163
1684590944
3011567273
1926686942
2656735652
3025928386
416741786
3013187384
2199485994
2477552725
1309827289
2169658693
2955764642
1073254340
3008547817
247254506
1574475565
3012328482
3049363242
2219005560
349719397
2989807189
2936699450
2439356496
2781205628
587976633
207756999
1279480424
2568093161
2479591688
2683435461
2275475846
2830749414
2650912590
53643297
317370751
19263978
544992157
1321540082
2473729616
2410410306
1415682889
147042898
1118179789
2231140122
130832707
1500165740
2281850893
2306604259
2290913911
1878464750
2280850687
2265383844
1878738260
360453863
170424259
2192323050
31451582
625155119
402633424
1624717340
20177956
42384760
35936474
1059194370
33995409
94457225
333102754
25113646
16125042
57558113
23083404
11026952
19923144
1690461258
1313030641
1318148736
1654663152
1484634920
1331398849
1675002517
1540527476
596469595
1616303186
1878737798
1262215706
289382123
901580034
419468240
220332457
114446939
505218781
3047882605
1890369727
2241421226
3018202645
162644645
1612987682
1250874247
160560121
1223983244
