275081037
257371362
262555784
24236494
354648984
475154086
2884392940
159041674
18220175
18222378
980630766571925504
3259153691
785808918052278272
15846407
834233536689348610
86164797
44196397
42970712
710824942582022145
211177628
2441831348
308269557
3863605355
106288078
2214265789
1111614740
945378990881214466
4837698471
1731878023
475946204
890918605256261632
3781488803
1422720414
2692216845
550816597
213961531
302811580
59394075
3234850410
2974594563
63683708
219222106
1530565592
1089530654
1536500138
53923813
2466645955
4709219967
2721204573
204832963
727231548827795461
587536100
941837014747324416
384569506
2809289206
887655945551179776
843112550
63365756
103550181
2425231
4104959530
2602111596
228870284
603547884
1371517854
117072439
147470485
758650989519966208
710731850
407781903
401579858
822215679726100480
45182880
3394123895
824187746537373696
3460039877
617196939
715851056148791296
234683188
1044217464
277121148
841605910501969921
889692802719911936
4898401996
789214836
1361685876
788465702
3435779488
78662973
143827157
1569234222
27673684
1626294277
372400939
734995430
22294757
117811295
135309519
60337277
769531117
4762286656
458638776
853349550
403834662
815360439051841536
35354684
91228340
219642685
603000883
236781415
1288063951
866953267
378524720
4032796876
1095437756
498177610
29421488
766213553942564868
905882208
466376163
1012154773
323216653
3050237711
48114114
2967085612
18158733
561063053
3201720969
291715041
359346391
313998877
3435432472
3228663286
4560242775
4894404411
606174040
2533086639
108033588
112665699
370125762
3081022434
404660197
2517359082
4121367074
907470607
513337285
100978150
2514862277
2586259820
424189582
566719997
2974878407
155467820
336459562
195238531
3084139834
172805752
3158905940
3121375654
166087708
3390712451
2931620819
2466260551
570367777
39520708
465429251
138767587
138766048
546570790
42034067
76641627
808806102
36311121
343326011
789605024
178007542
275942624
1059194370
1697823294
236632752
2765901714
265297066
6446742
546003932
1897248872
165101230
85619440
225742906
315836330
3184239242
2359926157
2414007738
270305987
608129953
282152133
345242471
105297123
2443811197
2550652224
1283561876
2811389644
242374842
74466455
3317038083
2725825164
740336334
279966754
2207772204
3092818390
357368805
1496740428
2195468488
320662182
95023423
37039688
2193489456
461922813
183387449
361150095
533085085
793800913
222749305
3088432587
627673190
300789811
25365536
359621966
343627165
239124932
58531272
259683667
16331010
327549892
3096744201
2857006555
280102247
2975066153
1264929348
2887748323
64661207
373865692
1011986790
2782339379
2803890626
585372692
2300410543
230845588
2769610500
221537597
2840993001
2865470883
435225922
2752658943
36967214
2490843031
610061325
20944649
33182210
117685967
453746312
226135134
1572193687
395194959
615328000
346641724
287834630
140750163
785361792
1727036178
1380461966
793919486
558797310
26759984
474269948
485850575
212219620
63787687
253973909
183165874
94388633
912498625
26809005
284027188
378987522
497001649
238010923
25985333
58154652
38671739
76594621
323251718
37161598
330143397
80037636
17560096
212338279
30309979
272094972
52463459
364324177
141718435
386867471
195740644
303972216
239575004
414284352
37566914
35082354
167434458
304988710
420606221
105971479
346029526
474914529
423257658
295608231
220622988
545200531
553632749
167159198
105077253
325442572
333910876
471692688
312110359
281972091
383421855
412860142
285923978
441205399
471962104
568398502
541648725
375394050
549626500
238148933
440502050
237189703
420472557
427311366
121311420
14230524
27195114
35094637
100220864
39325978
119509520
50826280
3004231
35787166
116362700
22940219
149726145
73992972
169686021
79293791
22733444
155659213
2557521
96951800
19923144
42384760
19426551
17461978
