593121281
1617093529
805861711760629760
304230906
562264411
2271978349
3002558645
1000381242854981632
953404611636940800
990427027344736257
982799117142245376
422817201
978075381734322176
981495837153886209
963678606361800705
2390139984
3865059138
963173764618797057
4851906875
961454411804327936
4847553434
928248888
351363210
956712321274888192
1703528748
4010456473
550460741
1053330433
2919396170
825116855287230467
945146330921529345
755937291642609664
2260691905
2591285759
938624452245573632
2379780546
4786073660
930752484015874050
2400456306
719952162202103808
3572077345
2209100029
918304854245703680
3048246048
2383240388
3642477133
2614043946
767976690
2173428612
907954634290954241
3316528219
903028632926294016
3219815071
2400920568
179190631
895852179013066754
893710460045844480
201968569
893339672532795392
4925885718
828042511
889059999216836608
2171535624
887942869801082880
721370121239834624
882712504945721344
1548826627
879845800443904000
1486311913
870101697804197888
2305746188
623024443
861784254811742209
1584946375
860177581177528320
859805757369221122
2419993064
2897015822
565817465
852201447353659393
1118227596
823663526812057601
4835700871
1323459721
454136554
839974693608214528
3190240610
838137985769975808
120959514
835371322511220738
447653178
831396532528177152
3655295244
3378000603
922434284
449521058
2743837173
2366307541
794617058335997952
842878832
1452761082
754586622843170816
286687859
788170416
3018117552
381158021
811520209282441216
811320347853062144
800539815754072065
1164912768
2272556880
1275629240
1607315682
712171025140621312
804538418063548416
1625774756
1194832111
224067219
1301760602
800609744108949504
4184525354
3165962322
1936248476
4444259075
796135773795794944
4204423034
778009651191255040
794639598844579841
4351022600
4841416452
2349369421
742254661336342528
771506569464782848
2768998805
385150321
789577410169614336
2934934497
3307509348
2583412550
526963508
779485602076987392
783724922358988804
1161968654
774445568433152000
3282022254
3280925419
2549023820
779047548661084160
732997749830881280
1629342391
1335695232
1643854237
329529579
1261163498
3115637095
755036501679931392
1261151940
771933936066895872
1864755380
2162005639
768719241860173825
4714986014
767221950540152832
760931182531928064
711097668563406848
760326687825530881
1432233703
757162374692413440
755980195899727872
4659882384
752774706273464320
742561467237433344
557020200
2468515190
422197936
3260905279
170261005
4278120743
597024604
713576994089336832
3189333218
2495820914
745484552395644929
2307158629
743239397097648128
718849170254135297
1062006834
3074178309
741028329503891456
1636684806
2943376399
2822660084
634721322
4442020851
3190320061
578549794
2521782186
3153711727
1571288430
722301986951946240
732740859163074561
730666733283999745
3150678156
2664181214
1033441783
3245480125
2839523754
3320916883
2222466002
4003709179
2880420434
725457601282990080
2299031042
2545305697
4196741054
2645368284
1722646770
926531059
723295791339720706
723776676778270720
3303051954
723647727570034688
928863067
2618209183
1390721467
1716921206
719007744167051264
3280009909
2456070218
2259857790
3228707923
973012436
3311887308
1963927154
1325743326
319961408
3678134714
2611982426
708485317058101248
4840726772
2282896812
1609117046
3148733310
3594677473
2349411378
2996460464
942749214
4841653574
1403832078
1855441136
3196700798
4285742299
319232074
2643364946
2321746165
2531079956
697284206389374976
1724325438
2306009312
1253945102
1311485815
1899306860
3303668360
3116546943
2220505932
939869737
446878408
2398814102
3882802159
2910308527
469837436
2473152812
2493192865
234267624
2668341482
1383608114
3231104570
1431966774
706630814205767680
619529555
2895424399
1492368991
3987004214
1677027469
2215231041
1035432590
942812947
318775927
3134263200
2893697458
503347552
1199297725
937783753
3887761693
1368183260
2981335321
1387821888
2787290562
703058632481452032
4884894313
