843635478440136704
62438316
80628196
108619944
1945212828
203823568
324502740
15481233
856152603478155264
973582881556713472
14499829
14592723
4491298875
83627900
161596160
50320600
738818512945176576
804066201035034624
2677605810
15864282
1892208770
1433601674
148815591
350424151
582957246
22053234
472993981
1328954563
16397232
109287731
378740424
151963505
282741996
130593516
461242546
119486479
71061891
115472158
44970026
159098021
97464922
888447915739553795
1138093171
374803605
2560916959
33659010
59769395
18683406
178840300
4077277331
413308631
2352288997
742143
1652541
51241574
65979310
11274452
17509945
4634386828
216503958
262756641
266133081
1061029050
20436059
171598736
382791093
233737858
264219447
296361085
221162525
202206694
1096059529
291756142
1071402577
555474658
21269970
600463589
23800448
635636328
813286
5558312
21111098
1068481578
18061669
19726613
759067467092230144
3128058547
823565852922576897
35469905
1871868530
27510459
1511493282
3688119747
779176097724321792
4184231653
25950355
300906854
18317022
21489562
1611127344
1900543459
842201603889233920
329721708
785172420554584065
87973260
2291262482
1243874184
819898665254944769
843751452166250496
407395156
492762040
1217652692
841973886820454401
842088707968663556
211838767
111890480
794265475614027777
2178133286
839972713787695104
840909416257994752
1335500516
1013721986
453231908
3232951418
344632525
625185956
100562887
824479520661004288
3307245769
222400644
59481779
3651378796
21888985
62465691
56488059
9610122
191965074
17226612
194037150
95292805
17385685
354011930
2423966738
147907076
836653014027022344
832389335328645120
772954788
291238116
833785484
290556733
1175399473
715570210066079749
446857381
838041884434051073
3100357826
855985718
804409444574564352
26902770
62771727
826133677507747841
4457463029
19577867
837087473532534785
821376145455247363
3288425003
3951565553
372615082
1332147463
806371827194982400
135820433
21791482
69232608
965701500
1677889213
430804562
349708370
4654303035
835977680419860480
3073540140
115530428
358173239
381682646
15416816
780786727656968192
33911163
322216256
513762925
27053015
240915410
56370521
165826987
556336067
21439419
631142747
121395989
281889636
719916676628791296
3307341122
802558539482931200
42383845
3019443367
633849755
121691119
705208242289451008
831597685878595584
800756937008648193
924244028
831796496035090432
482111890
2784479063
4470440536
444683686
593823956
830202713166200832
3304473289
806528046991896576
39024769
1932125522
830756957828952064
771069190816067584
830055733001646081
707643150731501571
829135068
2261392975
1399027706
265699096
157256775
790793918438858752
34859365
169165586
869990918
828976982566305792
52120517
2549116596
424765683
3684189437
137973662
766892857978261504
103670268
420608658
2447966886
314136028
50209512
32523291
3166049867
43754117
3757976123
92435257
533867951
797477526234771456
2379038144
2764824818
346605991
73444381
142314687
202281100
2596861796
16931395
189338035
16444739
166713814
1917646603
4927917466
824784724610658304
379410352
737191909240803328
2265002288
799398300902424576
65247210
113920868
3006824387
369103850
122716308
208775362
3254020712
4327374795
981331188
3420651020
3048341456
1058702358
1050991819
18075185
339756673
782948032052654080
2664580938
299375911
293682889
925054140
758619698
216699045
20778405
3543620292
19164430
46796940
824889735642435586
1287661759
2609287418
1968174096
790644216607154178
781162412242309120
1596191622
390846254
2864475693
1370752795
2847131069
2915526512
701426492
828054355198742531
35705550
49744953
745907936975818752
828413716932722691
20928541
124523575
428525085
803451407345078273
542064424
1352120078
761650635896922113
824519920679428097
615360211
2394485621
2735894927
822500755588399105
808085071437721600
474207741
752977774693023744
195558920
49829719
754560871636963332
3303457302
824342777811111940
59384272
1939065583
160676763
2369341202
410620749
2314907331
62589397
214730288
3661095862
823492396914712576
72730489
190866892
353219561
701620917453991937
821590818729431040
4595500692
1573873243
1319669552
3360767787
756261618967863296
541338391
459418818
2728357926
146506949
3233075144
205792175
760643057809231873
4061714593
2612335309
68780358
91549967
200386708
705068516
801236479410401280
1577656471
818218365709938692
818959678856134656
396316290
107114545
15053068
819244254258204676
41605978
22432705
334113162
301406635
6580122
732914623213621248
41569866
67547669
87121912
268435800
89946979
217930777
817934967271395328
3001365106
802281436438892545
817762562444001280
3044795505
34638318
718901190222852096
1238105773
812202772774854657
1415549227
1037532271
155202983
2798086522
781743397501595648
4418377300
540906361
56399526
17622844
114495836
2880504444
3398991904
107644537
2233409581
323026404
820105020
23453489
1935307658
47436261
1359719252
317441905
1621728499
4416374248
799810295954804736
264174977
705782534056058880
555281242
2830049205
3769913597
1059652796
745417512
705150710011314176
337411297
483717376
141148895
764713722904391680
811701516
809151418817015808
323058142
246197712
365434423
3684001637
41251113
382954899
557151599
100601004
787281611272359936
702856798445895680
22690192
761593630280802304
1174882860
1471444027
302447054
2842567596
725874817623273473
3028975816
1593705942
1258609399
253484002
800772734854664192
25127449
162840586
374627577
4295712080
2417639496
732674769061969920
2864605577
132584350
800629311480791040
242058659
2319470251
4709045057
797568565251637248
15995331
300617944
61465446
213363727
796930313364480000
796912009346449409
796027227251077121
795041572614184960
936785498
3332015273
241676884
395429079
22451023
4889000237
773511161887219712
786878684061990912
97620342
787968285195329537
2745208314
192152293
3195326763
778787813961637889
3145297905
783451208
3153212729
796051654768525313
48215487
2245789404
2670332665
2523192870
765165903432605696
719106967395020804
789609001474412544
2457553538
2921955274
292334056
3062950521
748257419352891392
4078816917
550594775
328534667
787057857728548865
785886394753310720
21703480
786293446466080768
2979454761
3287571876
2954583362
2776466953
13736512
733765260
1343639071
2978713369
782395015527927809
2603359631
22946355
68987936
759146008571936768
205272216
734836096677388288
6450322
104576097
38449898
86697288
44783853
15134240
247334603
106103948
25344296
15442036
1135486501
224285242
15354472
16892009
21927612
1954293848
27642207
2573309696
154882253
389731084
20186316
309580279
124237063
2932444262
2624470090
68506542
63533499
38530021
16712824
3511081273
30285895
221055586
20187065
4833154133
90379103
402839111
1901405066
104807798
47443693
3036571817
705076047784583168
1486765549
19982434
2270697818
20272531
44957814
130566446
342772952
89724329
632973029
232886611
120514259
395570723
569244581
2391536599
186102856
552207858
20460104
4033498263
12133382
582931822
807095
19726024
69661177
117445602
15182343
27977856
38393473
15179874
2458567464
455024343
2434704662
1308954630
52237969
1018491
87779569
14648493
17257976
3658020435
1380068432
2359318219
533355854
2824941946
83686789
40588534
29547412
89134471
14629262
2563349470
260926865
804752396
39348006
57211391
26077026
17918663
15723971
1769551
11856422
146569971
2853425326
41602160
16245822
17292623
18700629
14647570
487833518
32372834
28160998
105242077
112507731
238297613
188852875
329052457
109644955
2298397106
2801094049
562188508
1058518825
327760265
3115849854
3313766883
1250343344
16686144
15587500
55063378
15383851
3384783124
102503323
173966992
476256944
3333104153
1527032209
3227057364
80335780
3014491107
3062896766
239384002
14282672
14511951
2467791
22784904
18772032
27922157
47686352
15008539
36684314
208120290
65341621
22497729
16812880
16567705
26233068
53039176
413347346
862409983
77315885
195849075
23794763
39753738
729150157
