893624946878009349
3093737917
705086632165302272
1002543593565847552
372474612
1005916951770787841
940718513362231297
825506517818368003
900686647213379584
222655080
578687271
814330026195877892
235835836
2267515699
3391393024
780271308214894592
2660883476
3247900518
978077029777199105
2323342693
724649054454599682
292000079
2573867064
799629266380029952
2155714177
788164460506648577
252355552
729585853
887503260860297216
1416891008
17103910
341742873
992475573376053248
353213191
378932270
2206100348
2194781258
997502607391371264
915589255220596737
45167704
833696717426065411
237945749
91939384
926170281449873408
2991024916
997999149772500992
828068647
926709819452506113
497378173
2524196452
2922275113
994400996276092928
4809350121
2947960126
2579536057
3035682603
2397300195
985830316643270657
2171902238
983103600
2334803075
130522927
793565204797853696
991117256108068865
110861482
830248464
517096266
716624760
4847038689
800595437421854720
275625347
857501450544590848
2149664056
571269306
541015509
935313243660345344
2367983942
227126825
433905393
77072273
2159964589
2348756730
873344773666603009
987929973418856448
612865586
739659159327641600
593075889
32780730
178500329
264496992
1191092641
371337564
276825041
979249777245265921
985567333883183107
2815148565
718603511919943680
981721873506619392
778027752846876672
31219184
3078942992
3131091155
2555486832
4052364312
590172083
978839200819654656
1403488843
970759225176715266
725337701524725760
313620284
716698730708275202
949783561250443266
292785272
3042656766
19096498
3162778375
2944807985
323041505
974551218147045376
2795136445
2806807023
935144816064811011
846283467545612289
749729675690119168
904072604046241793
2865363444
752161243704782848
950157072317939712
944920290521260033
967249766211047424
963972657522855936
725184806514905088
3298453933
905547626375991298
883949886252691456
107685409
82034036
867920975337320448
849464820722216960
59327924
943368454920376320
806900876094869505
268868393
839672218107928578
746035063565987840
932106289664192513
2286957291
960526506312089600
4299776293
771041345431535616
950868917781753856
949280641136209920
4103685513
4122458374
595885727
3028273816
2343869918
420000059
953096233761075200
2810510874
953815426483580928
178779815
954901439243014144
950553749793181696
246888337
2528086171
233056666
2874734589
536508489
725474285779722240
343058150
1075237579
912022373867638785
2177336066
3050239599
268024859
851505264389836805
801079133010804736
951104293720948737
981322884
944067597326323713
952359847554637824
948342239738191873
714991721180958720
789794055244972032
3266759101
349502431
495069157
950414675740692481
2328855133
44023364
1350432276
3644726177
799635644683259905
949310733199839232
938499506601160705
787990047983276033
751153370795110400
276794295
921539990743592960
702333991274164224
933014821288550401
744723284189556736
1268447689
883121555412307968
863979876596035584
216998174
535642048
908099942513745921
805885661513388032
935884461308301313
939999165714755584
896646322975059968
923947730317299712
879882253819629568
438608428
1442655612
936710363760025600
917369609241743360
935853442886717440
3504983359
1688763152
933098590657904641
368702615
170544525
336389145
4857205780
895819798285869056
928782936421355521
4833673074
726917158668800003
928033812378017793
237052895
29320382
837266182906376192
795786528857452544
33923443
725107254270287872
910965416083775488
919476126547767297
2869092041
919013955309273089
917197557490700293
24897626
915664225443418114
33234980
1449616717
2642660162
913119274943832064
909556415911653376
829495351
2771548391
909240489861419008
1543400761
238208584
3044908035
127660131
24625402
2922229634
905417745084416000
2468584521
743645232240033792
116188989
1877927856
873748998418509824
3013507450
733327387119738880
608760489
4822770471
622080488
314362956
2558365938
3312308469
899509145665196032
1252743511
119181943
3192300593
361779387
958683282
458550467
877012122185736192
803752142
103772491
894569995283419136
826716598060847104
158145149
772153698332147712
413057512
94546819
888479465285799936
857585848824598528
2910269658
546011664
1077859604
1684670809
2344085984
2898704339
1213495081
880225945755451392
785697112264552452
4823042159
331171853
843991476048748544
770796329907982336
782721445591908352
2542267989
3236446096
2661472033
85187637
851935287097819136
882067561344634882
1527503593
723596884397424640
2932933070
39377786
880084948169961472
804775166408585217
1036086924
852647921057243136
741470126306938880
3232043144
3254866724
3196899524
4554001753
786625891589722112
247053527
877587754003177476
110600376
3402887109
346763751
4686271345
825614261925785600
1099108622
236685265
874065031855431680
869251004801404930
2844854109
43263440
3319032378
871818387999125505
308298468
870328868598677508
195009227
433562535
864511773747159040
868952353201954817
2424288882
2234950532
774380074556596224
2590728714
1317280830
3182299813
2954322214
784776501287727113
2868388510
354085706
3982205037
2670999972
866391187262976001
710623208890830849
371532748
965827639
4107967937
716514351176294402
1537636615
2453479779
3262040814
840963739830611968
625439617
862144396497743872
4887946774
808671837064482816
528352190
505268471
263945826
719450509875224576
853552558798974976
703614094033686528
377805935
462121647
3525477016
870720990
1085038705
855823700654002177
2218070691
2478992240
237942763
729738335065878529
488804817
855918633972899841
854508668804583424
853339995431739392
864803394
46249332
797185820989878273
851565138813603840
851061705958445056
383753674
3053769835
416367803
823543279002288128
847282029553008644
846813521249734658
141667353
3346667974
722052270754512896
156687027
730521591310778368
778254184407719936
141055758
3002721271
2989782809
840232145826246656
242910188
4874631400
372516857
2490948895
839633409165180928
4164550572
3426046991
3437978979
702308507006193664
800875969758236672
836977191598624769
624052223
617912612
834083748450856961
2926220463
2476175362
761776778037911552
4848616252
2708351028
835417285602983936
322768714
52040227
163735641
834175607068119040
3146974477
727955440370253826
353937348
287396748
3838762335
4135458082
2367619747
2564340652
3306370152
334006320
224399638
829438248741134340
829540648546086912
3079391643
134234167
803105112205955073
819290882893459456
2444729266
823296170525163522
3920112432
3073699589
798754717127933953
439026817
279350906
827245570314137600
3333496397
827021987134455808
2994799338
1115659015
2733550781
4844441272
743189887243825155
384813289
1067477582
306579921
817382559428579328
825841991783157761
743554251083882502
2440495715
273607259
3291603578
790786464250490880
824117529903857665
237761113
809797748362973184
810673913445416960
782962168769736704
823610394744946689
823627008584417282
823611958503100417
711721491918794752
4352937627
748256167441235968
753905415314825216
2911677706
821406726410895362
2416920829
2955379599
788476446201315328
820716162224795649
3245833946
1671164286
542222011
138594465
123709729
776762203743608832
737721531476938752
215411520
769208695507054593
2899638153
418212540
784445272034279428
800386652
166938112
2438307624
1591400053
1849474988
2704302999
801181735727681536
817173224865861632
1586331866
780851679994400769
2496520460
1674576758
3077926362
786038511275216896
574311511
811225833394343936
28584582
487225861
239085537
811420853124681728
735924726493761536
2415204151
783111936212766720
770836611403751424
2957616746
787783114844151808
3350456259
1891177658
809861819728875520
737178863994830848
808676593623334912
2761788861
724533494
808066539400417282
43761821
2265251521
324729621
771799826392551428
342207692
317264792
2558042319
807404536633708544
4571500732
4856933859
806308955576238084
1518087734
805498262450999296
798886242620506112
410204925
803027049212473344
772540671324397568
555676029
765955222204186624
301761686
310360052
800458819146915840
795833041234989056
800081700013293568
4818335572
563285047
3056898164
247156714
1072313118
797445842680578048
134897980
2445388740
4135930821
4704725731
2463968678
3278338609
2406216271
696205995886772224
965933742
15140295
3075788897
3346278652
763454117972967425
4919350765
588047705
2579500110
794019200989798400
37340146
316544434
2297433764
2381073043
785113131890520064
79032430
1095180991
3298715383
4807039283
2802800835
782670309635743744
24751083
791132466878750720
1271370740
1375273850
738770024215764992
789525916447899649
848417226
789276506744774656
3439837941
788852461259874305
2946665317
1183004876
484512488
2962774648
766126129459716096
495453832
2648345705
752135046107107328
1197711055
1140151146
784506263820382209
768964209543610369
4606003576
36174766
733072085392756738
99073992
781506886873022464
92442681
169915646
322213629
776742298071752704
2944228111
1409107574
1225047037
1877156304
1592056760
1363879560
4110617147
2446299631
122432154
3425201547
375350853
1526098448
740225681649373184
2863828988
772128338592747520
3997119149
1706750082
1635295027
771915133547343872
2244656197
2662990590
3265741538
2719393494
113791130
1586672586
2432688505
97383592
769359053420056576
506833068
2682885990
751198525321457664
2412126775
1680624296
2788658816
2246845242
2717487815
767838402641334276
3159866069
113794516
17941804
77548797
336036577
765514122679246848
408105035
3592685477
1104937501
468474756
3379231799
1312653865
2990735794
325956945
749833149027323904
758928455324999682
763762834501173249
2712823750
1603861399
763448373382742016
187251422
753392169105358849
2394651020
478346177
142701835
4707481859
3247115166
702128144925327362
2901593667
2888557167
752974219261206529
3253047551
419296499
1382776250
755074366212308992
2340185116
705755280
3041910532
461565348
548029711
2184705880
4356639796
2438998560
46562179
2355650512
64887843
380524688
723889673228193794
2199938032
741439705636442112
3386403346
330766342
706354974222098432
199778791
2531175296
365869218
438796738
298374183
143278962
751065006058381312
206065990
2596822615
427009195
754033626
3382611712
721148591218257921
756232948207288320
3392413571
744679390668283904
2447819601
755340781225971712
480147293
965246522
347889492
635186787
2558381490
743124333489328129
1041117721
227898724
745268610218790912
3171171788
406486824
2462546563
3105822785
707086594906443776
276203118
726500954082668544
430347446
383936425
2928733066
796418126
309453462
163712946
389825601
2979322085
3270290346
1172344939
705709430
3210719073
744255647592644608
1350975044
866676318
3241110609
2368381672
732608890114805760
2708161627
4043092881
751913042850488322
616512099
45726321
1239623803
214277576
1679484481
722523303613755393
420872556
478950118
2581898149
1078051550
852117967
2864087608
454625796
3872567354
750447437303705602
2855001407
750879422128029696
4819696649
709206008640512000
2957804086
201385440
89549574
4557673469
3158183978
775221582
336704917
1000777909
991710385
884413123
1045613166
310752336
740288733564506112
971453761
1163907926
3076254671
894999937
116071603
2269927239
3363099735
445953368
171337448
2458549804
325016326
750387539203223552
750806919615385600
750598538049060864
3361036402
1357904203
506543971
471544909
1039121599
126376010
3053397028
3158382014
144353199
731930177182257152
4869961565
752582076
279870172
3347196389
745686583622328323
3423367833
2462481420
150919968
4768529548
747598757747896322
747319766616936450
3336104104
3158582419
346797024
276800004
2508804165
738923393752436740
3152058164
626948397
73923958
405939353
277345394
458958290
721487901108740096
2860691048
400825530
4729407999
731921005816492032
1703222874
3307492542
4410819377
547710116
481609363
3928498165
1078335392
726887923648438273
3078025010
557081481
2902168423
2911353763
441442853
857319132
514226309
3045260465
757787456
725122237599256576
3905757138
3785520372
731650108169785344
277202532
3151976214
265543394
728801180915105792
3254116674
2453551186
2743082272
4374832093
4885579818
2574076635
1576630728
394176489
3601645397
721348633
2375001296
600572492
785650916
3081267949
2322946273
2937710581
4904603931
108505793
2393267744
4025777879
3900341853
3223746518
4540814842
742504586171289600
444325506
704911347553853440
2684212455
395908515
2465693353
3013551466
1079580979
748406370
728639764706926592
3243830034
703590686
4832048757
328703000
469770258
3038268160
4164723914
714269644354371584
75248318
163177554
2710216964
1945443355
2639140991
545587187
915494846
470550076
3021440888
1262614536
605974600
797438814
338771157
3241793365
521750446
335551971
3556917081
602162534
318183669
728241222461050880
2251157447
2482813004
731214403958407168
738401300
487940404
593123805
723892794234933248
359183600
722430585256419329
3426727353
2554500537
3151436373
335765945
2941666588
4749489441
4461623313
489592671
2471507929
2600798999
2680521852
2455759212
611416107
1335448770
953706284
911403918
425396944
2999895910
3271829928
3044773414
2551345296
2746904703
4788780083
694738012308119553
3857337441
3194828312
4849313627
2894846056
4770750857
3305402210
807798595
2476206161
627806177
