999299325518929921
125083628
1000764036580102149
869044769636397056
2319155727
300734252
990586231418507265
2333712616
382852857
999122368156053511
202026027
986522855520329728
245065043
4760280448
963833556048007176
2929566834
2425449458
1877880518
470433390
127784157
840378473264893953
290531516
58379069
68609882
1002916134197321728
926491196
896200345516351492
947115850783510529
3776062158
999292786141745152
3418801
2291699331
1554743911
975012805626785792
919584447581773824
895991963081682944
822594193835098112
10228302
1884082146
101784148
997035560517615616
999211441931669504
506090219
2815864226
38651039
920701986735099908
987349847056568321
103718614
17115791
634883033
960924068714336258
875087678433251328
346233240
999557259150667777
996440838
2792217179
3570162737
7586742
986137437100535808
984065266526183424
83719237
23684807
356567504
208845144
2207492875
852638485
991254225647742976
2272642172
17430381
1510975843
62493830
1197538284
943021479670702080
69795128
3228052603
60321735
29297448
981657670720675841
739518955732275201
46032148
203984010
302704111
186763473
889766242499698688
15849284
813424987
16732704
20640538
2596170998
1228021496
341879206
2987989734
15615099
3177747673
987652490878472193
40082857
2196508844
936269183045775361
12752392
2565276954
372546960
470197609
257637928
821613159945531396
41245939
844775967742558208
844705059048951808
824726750286532608
17491446
559671619
531482886
39698191
3904546872
19748371
2684935638
112835950
361259643
629941475
510258628
29043253
759108632
602791035
826091592889073664
454830861
37736034
276602302
969979978799464448
952999392310677505
912041362119364608
355725311
2966751557
3184395120
953085530555662337
185232532
2313881705
36965383
935740113849602049
791103864586067969
1020028051
986959414073544704
891024850109816832
241040695
983138114985226240
977011170937843714
2244752131
18817722
492753365
58569413
856934112854245376
955218679964119041
1285493971
166696105
1354146703
1055209998
885418108814360580
248892607
850134696226959362
840559727838932993
303305049
107204221
986761029706280965
2426335064
26802022
718254504379039749
2828052486
988982288833761282
19546722
29990368
4705133474
15373357
894918425105096704
2369902996
1500038407
249265641
826713897277157377
358151793
2315472110
986724745713520642
926693311523540992
1063370150
346651472
8077942
2964948167
3300613251
310624080
260433337
1371167210
75414252
576616358
842283530
975105444258680834
837515565010927617
891946716274061312
18258094
979643421378957312
737080701741191168
299196839
1920594260
781283819978653696
827311342520504320
3242394666
776353190409232384
955564040901877760
1589545033
871408174447943680
46117839
801598105590317058
21792367
2718076386
190264804
149103571
237867427
2942178580
408963392
904458598775959552
911689555
37426686
550218508
773780503
406294728
978160835129352192
761900100
783030770
913377045115174913
14086167
910144884325142528
327765060
1192597950
1201807710
822493780112801795
1673836208
434239640
497096686
422997514
477959634
1222066608
3504423856
1005225614
366742896
42161745
2542528155
1962340819
975852076638064642
944435967150063616
924934271281668097
977363398231982080
2671029752
538773291
860628798
604428452
571099804
822498571622686720
48058861
957559037670797312
766712916640829444
1910338674
130807666
896114553213390848
752223228148330496
55044289
107456904
897456768174899201
3189589945
3328241222
362422228
1226836482
244978443
715502759701848064
71256956
33144702
1477017144
90955095
26919482
1268088284
19533970
3020290747
21569356
462573468
3081109154
215547692
713532231294148608
1972826971
771848741087223808
14633584
827896515565793280
61235622
55879925
4446566775
3145569909
376877917
796435529055211520
92349523
3346597073
870777250341298176
55427145
954845033395642368
955195348779241472
963791842197336065
617952553
2978163573
204272066
954254380202536960
974041767489269760
3380818083
25356874
273517528
556056610
389041487
713059771817943040
972839893381545984
48160300
960183816269819904
967408083378016257
1323567907
44610102
716696109775732736
859745406678425600
1046308760
971225522519785472
933495934687703040
307888366
15659496
801082379041271808
1167042451
860968207091367936
2992025861
898042260822032385
396322141
4018407016
328062073
844305910797402112
1668144859
407113538
2734337716
254785042
2875679335
4825279618
167758484
344323426
578298774
964107524835368960
905714799912390657
909581970480537600
4909443761
2196508446
960572841174298624
298339950
722171521
3187074775
1967049054
806262553
965508999826366464
965346310579617792
804407825128509440
576522010
1040165508
62958593
1166121020
211814240
270485834
286259354
770233242716897280
961269242849984513
2183332763
43134246
19404543
2218215404
908638479436980224
87339588
351111627
963621115338919936
1070632519
313543558
2988656831
600230261
712562558130061312
2617675470
4137746057
44655790
1180415161
446908614
926529821915656192
868095959686942720
3997900653
945853949466333184
399139328
42971556
2604129669
841077972593463300
540308404
811951478416015360
960544813773975552
294095903
2181437693
3697805909
904596989513351168
587505578
393239768
875757274936918017
959526980927590400
848227157876912128
41043298
488096202
875641
955249376842190848
98673429
1909154845
2438634713
3040310950
951068796005036033
3426952949
23621721
770153593282277376
951374262136426496
3239342586
938501492272746496
141954020
764810414119120896
17516892
932751066474655744
2589991932
54446838
25167642
96464798
61312747
506826690
151070606
333095579
959454005654183937
935351049421963264
758997908679106560
924341583180214272
2957690453
953654990496784384
282815028
931138763283103745
17382786
2323845972
128008694
2264987546
2281553011
22052912
2450615681
4070157532
439477305
758539554848579584
824224477009575936
351568575
319990590
947862069369597953
2895265340
830518246021459969
1160862770
845067853
26412376
741761512700674049
942788827827134464
719844437967388672
955520122587934720
911046370152259584
58588656
480927105
504998371
1048804309
166722945
214591094
24539745
883567837595533313
328667690
4456343357
2229209654
2720003273
332296180
385164837
2906445949
504875942
949228133462441985
47476677
902717895653851136
193210287
1081813758
107152377
146744261
864178387115487233
124575632
313819025
504734753
135237837
14518430
494691628
3295355949
250383204
411730519
728111642483920897
927259604827889664
3139154090
855181054969344000
163084122
4774464487
1730878622
18313862
912018506144661504
952255571775770624
765938982
336569653
2991260170
3473679813
45688371
758466525284016128
3761230394
25080367
898329015047553024
797563306047401984
371891428
40025991
3184906288
951839665828573186
951813512757735425
312442824
3064828007
467382373
927793164433477632
85682412
556960056
1692460052
810190393526677504
721110709417996288
294130938
864938277396258816
448259559
915726277574905856
45465820
2973148654
3145276607
946680513472823297
842511746
943168311130501122
3046658305
73662894
946576145281110016
462242623
930304014306172929
1286529932
947124506254028800
65482947
43967804
742285467996000257
275256421
44466091
24275767
908683990294556672
9256932
700851251429433349
1593985370
622974395
48357247
948011461258895360
433636892
180493153
911920262
2367462362
614060474
46386749
17369812
15783589
474038880
412798275
920791522056048641
183356344
1439340768
254333705
333492089
115093365
1446457182
3707476455
213746806
380464103
2743310438
91226096
422388777
45523672
615845736
945874172026150912
39435005
84642001
4439015716
41416580
943422565871054848
483448065
940448511811764224
109579218
15685365
274538682
57950870
26920678
701503185098317824
174424473
1573878031
3300631313
123433665
2831290029
738913703823704064
20656122
1532845028
613405742
2848386022
48317635
1590099120
1527980064
261979668
589161248
257436297
908806450885033984
151966254
938526287811039236
8362952
2575835112
122233917
966728635
614544788
789715311088001024
56863445
2209256300
4362183076
3429533771
817875208296169472
19041571
1147734600
43456398
2419436316
2254734923
1270670695
3190063663
20791458
2750279014
89311043
1865971843
486229330
61422393
321547649
493266059
1417133137
2800341816
821070129299648512
520868242
890700709309689856
241451862
35459463
504882186
868085513193959426
870326015297544193
870852898598596608
243246482
132999358
712848604214329344
921468243700862976
62948239
960559291
1198139203
913448601665310720
934896381961097216
805762081676988416
937802536546897920
24383803
21441398
7961852
31586872
40466735
1136695879
84464178
821687154803929088
826554878705102848
900174465711124486
936402590077718529
130256534
3219619425
865734001
2213210450
923062907117563905
422792835
3011785934
4899631589
871116987740688385
919602372711608321
936226110601248768
2417719448
936049251364364288
920668769109897217
458827179
1572936475
262299701
771378169
24395050
853001325902221313
2907234489
831237423375998976
921283121869475840
915057913491628032
2630323421
451644271
932279158553698306
2875165629
2249487853
922010113
812362278
930941271752900608
193444013
345500261
2843100000
111493887
349938504
924785104060284928
15549900
363142018
1220639154
821214683734614017
700756588865277952
910143730870476805
464059010
933584323604828160
933733141973471233
2865242560
1369956296
1172869356
747690982230073345
302941351
327311621
532483899
577089067
3326447303
486225669
408101852
408102150
407437953
717865199601131520
29378225
1489728078
792374034503704577
2706626610
15455686
407902860
408052638
150669961
1627987418
888058192768507905
2615475252
932994088680353792
716043182870503424
43369339
932885301093175296
1408469665
709624212
2262815731
876109111578021889
174840616
3743100675
1593618830
3281770495
226686250
11534
517686449
944859168
800096763247898624
23083064
474661674
126531478
845948580
525815219
236753785
2216234054
109341834
45203932
447355044
4177558817
861917247174045697
892149145179475968
19827639
559881666
2167675113
2429077882
350910710
817365586841915392
4010165182
72350750
1361525455
97017075
488192402
18604846
2386035266
2372897030
274960624
1387416421
2435600119
169093983
410832206
1653877538
930512300674600960
44931782
3470719181
860488614479876096
612948305
2306835242
2985664931
635168431
2387886691
211521090
822473134360199169
4179239958
2685988663
2984669250
16876607
27151820
71898052
132609520
302596824
876948645056200704
39525533
4784840553
605654682
1972478174
2586672090
41236689
4190400286
244011176
398971205
4787987715
875784434041147393
2866142650
839763778887569409
19167366
927305500336709632
18814489
327610957
77053807
1280279454
244534424
29034830
78457227
14809863
57975858
260859710
245784408
1608610982
887840169998655488
2874025491
1082927252
282043965
62678904
2497241996
22867489
309861418
529637385
15645707
3108010537
63182925
87076037
51473146
717928022771261440
507901264
926102247242649600
528885281
23106259
3047284205
2794177849
1285649616
2706973967
2389386862
3147158352
923269213552300033
3814504696
917505797361463296
10253452
3184150303
737394363622363136
14770623
244942050
291072192
922651289716121605
787456691960881152
233480357
2685181574
955978788
714834038268235776
923336573273477121
921848251338412032
910216101061124096
74319591
832305049527283712
841837649698656257
257635000
268918441
854856888340623361
1200755192
601953189
911512470883364864
2598361747
1931372551
150144089
1566517627
181204091
920947966961242112
913060882598518784
1703285618
851019794576834561
63161893
729751754913517568
881636615659155456
22052974
435695135
916247291283103744
821956644158353409
917089211609739269
33612262
798473407
908033745214681101
906489999452987392
180241341
805604031452233728
895281685977321472
913812288016207873
761351050917978116
119929638
368700234
198502724
3243431113
51818682
1229040367
17188797
6897232
361194192
34895361
31716879
4060312347
3161777127
2863874844
210034442
265335690
533778010
912458601641504769
1092211004
727166090611142657
137788270
898461861493981184
901116784987832321
70385284
2773138196
3933878773
179720757
17261582
803938496700366848
17998414
850069629645058052
50851085
4435430900
257726360
2417661725
317796253
54534867
904426118685614083
4757579254
415519095
482860977
714336691511812096
862970401965604864
2537461038
864924913458700288
2743711148
4864306371
4685539003
3197772765
824555223700086784
2161569008
338510777
876694579
159026090
898464311076696065
475918341
750035641727983616
22601648
280187125
33983104
14780296
2486195042
103684855
881340211
871828803596713984
2269595730
1922305213
889022788727480320
1705454268
245060192
887013869784358912
534548281
2431170061
875889108496916481
884491878078590976
369386406
798136351
2205599282
30437986
842684639865176065
268520622
860500539951460353
2868627741
2868698446
829073430305767426
771994232710135809
22111410
22924755
836930570982576132
875816581896556545
918711073
4823044979
877903344630734849
834106704451268610
32508898
705504572282896385
718442344786313216
817850107651452928
1241059766
386916328
742348560809787393
21144764
741131420077330434
1543164486
91439050
1148223355
187478893
2956279248
210884825
286217248
880198909
823007021318471684
2569175413
238750221
72615394
854642341621231616
329827438
576503301
843238522920214529
435804980
906946482
617001924
871561532563496961
396961204
512642764
720192084
484652941
119946863
723919535577899008
868676537347747841
2401324118
852514048679714816
490771837
17174819
68759364
849012529053536256
4877748765
1270448256
3170649940
260172256
703195383753605120
17511202
39789188
80807224
525754667
869298444313276416
735593536406556672
3149691403
33887040
790997883088764928
1354581547
865299027155451904
832279560653766657
22277278
500964456
29560258
866691590823325696
629866413
800182665982853120
17606148
255133861
16857337
352630403
85308927
857230774835318785
305476402
2617585118
54598719
866184021608460288
38429556
87464332
31645064
264969827
9614132
863949730459635712
806932897294733312
92948027
864655317229023233
859139416622845952
304080042
3284660101
2878641098
812989398753148928
307746308
41438148
59940733
1122944430
18754313
2563503634
860582351478419457
860190571356315649
217254291
23118982
413875842
854281616
2150026569
1140950185
19707508
3161742431
202268823
794972224511967232
829146254147870720
243888247
514332960
19606246
3589857375
749356100139581441
3275211217
598795838
2947502255
782383904342802433
35595525
27007685
269353539
171732794
394534633
512640431
1297206554
576487939
117940411
3774297433
55014495
103490055
3008431716
15711693
194365350
1125082572
142136645
3221625528
2348821016
18047187
236232816
854772959352717313
46708437
112609239
137311101
42772641
1708124876
374597273
1952051918
77211737
839464836736122880
3087533675
29133718
4104077135
52448048
315783277
2602656555
979893102
5644142
849845172800299008
27378239
760823120169148416
18911142
1934142553
2180508060
824651327972184065
281838182
362630822
793148309703684096
1949332520
2189859648
819164189784674304
838377336907132929
837217568771489792
67373378
795336038352830464
843427559362740225
22599166
2989751332
36700554
95815384
159084106
1150979582
786042993778184192
2969838232
498994766
26530288
333449882
779571652334002176
17155173
1043196758
400693407
97527689
559209310
2170439226
28371326
3294484393
104451607
1729232726
37344890
817263300228456448
2999961422
401764269
2481452034
112498484
788060094600712192
836224155150397440
368384981
464585088
30857209
30485235
1365374341
19475858
4858372907
341043873
3806129294
720651520845422596
784877710027784192
788765388200873989
213682586
711793128
554514035
4729740735
454396494
34580222
894124364
2983451746
17476965
1268057694
773715345815265280
700743522337607681
559101411
312253106
2718006613
801931512933335040
816734587409879041
376893091
755789867825696768
44707771
405778979
281316584
29330777
14474706
4889714145
771718559315726336
2400490556
579315532
357025368
2169908859
124430141
768679767281242114
98739624
280827816
3384295641
14317839
788143145494077441
2934725256
823703355230978049
4799991894
331304178
37585310
763218677470679041
19530868
702213645552513024
271658860
25809213
781361169709752321
532288623
521304054
2645827902
3391729487
22629984
2275933961
16046160
16653330
330390595
4489836154
266350923
804711445623689216
123970313
893440584
1186913886
1326759793
430240710
795567062538133504
814646400160071684
3689795241
147770679
728767959771054081
720793975
1076694180
34024244
23205709
33923443
29291547
710917524
813657263881723904
2164738739
14053825
1711603872
3186903893
578128425
2729607407
130783217
480645294
785511543211380736
96192211
992333712
24818533
812223642222391296
1328112872
602299787
862032187
769067645878632450
4760223447
607583191
19420148
2385284816
18725925
787115760476758016
902939232
163912172
2472293106
701205800941912064
48227078
977396372
414133540
259467821
696513412273037312
2197844672
50814739
4867659243
803244013570686976
611307739
808601487593107456
2264401871
826048530
480475411
2946737316
757171202
794593246789980160
2942378717
379899603
2175610497
115775563
88292805
742667353016684544
756869717512552448
558613259
789469637679411201
2191189802
49714413
2988894160
2868601017
722224105
3341422017
1472015244
804430858719346688
803679447736090624
974214086
4018542748
1679889355
760243879517925376
260792544
4185925949
746369275917668352
2878645527
14305851
61880796
469596034
398949033
68495102
552041438
246450302
803440899799662592
715239916670558209
2822793829
793144290205511680
797603245699059712
3927430214
8108112
185480852
799038378360631296
486661571
17764328
3406738018
734485510689693696
1202295619
557443560
144360824
117631204
1358369323
794527873386344452
733080523631906816
797447931032801285
1947843480
792168190612738048
119495927
2837403657
785265763343106048
25747061
2738490077
889981764
792764456308711424
122234584
748000150640025600
749843208583000064
163699125
1634896518
785714336719212544
1127754390
233964859
2280567800
784019115375783936
759736722473246720
1327741634
766294606011072512
3042405959
333229191
785300694739935232
399274319
773855008127344640
23647495
3006390146
782503424491397120
15580818
49622106
2764975895
735840301663846400
122529142
2243449399
717060460693090304
123432336
3044558659
2903900376
1200980329
82905853
778769777200340992
577403888
28487988
732701660967919616
3937855814
124944466
2298862682
2513321874
53975360
765268916314763264
775026441167728640
66010456
760236121
15932151
4172758709
1486180279
743446044223152134
16419903
770765285758337025
4471905556
747436304187555841
769665482861514754
4406444447
479647388
752614492983353345
2825550167
259603231
703977876996153344
766330047242313728
758702298285547520
240334608
731977315287175169
2802059106
3017215790
14641650
269422844
700724406759239680
37511620
2230921136
1575387780
762906114816036865
4061903536
31257972
96171219
117963582
3625952297
991260506
2409179185
335134177
2426798724
334618296
2378408120
760060565578403840
306051459
306044301
755964187411525632
2872574368
192796821
488230728
3800894834
744915940987518978
493426118
760026623026487296
2891334769
754556
341037458
2378182094
192868143
447419609
2937223193
337105003
524574744
261705971
19404717
17721865
696894096971952130
268099466
752447943806947328
717065974004854784
198283525
30308216
66825320
77271015
296031735
752565142890618881
3278651520
425479527
2308871095
14855279
887595840
314160171
4913603244
335038893
115242973
553090631
561190661
95249944
115746534
749756766603272192
235218104
3945075134
507723401
93887399
152954209
2740232266
550557991
167158445
3146404170
730462506225963008
711582645327667200
1041348205
930405950
134222482
4097408355
456159157
2225066672
3153626199
3546478877
743287559804035072
37166580
1932433866
153861315
934427617
28038061
742308350633873408
3013961965
726199620557099009
24286299
105877296
378927365
40937878
637306116
76058584
655613
22055814
92661757
29516427
2459117706
126351272
977024497
3002123775
36454205
707371473971732480
2897269279
728434912152326144
18815361
207964873
2709676939
4877398767
3187174829
316936774
1139859961
2290536229
4892846926
728261257107746818
1234781281
725462607910436864
1951077674
3308442229
3101764180
3312821404
730051325807988737
173449763
725170331711852544
479584598
165897365
17526613
581018723
4828116047
1092733092
20407768
172137622
235214094
57575039
63570290
727296767704727556
727165473524211713
17424956
337040957
88061762
23197406
512966590
71011317
18582333
480776401
410982275
6763102
721415071436533760
18514268
22233577
3698937317
160593724
484610702
704308920211398656
544093665
4274684237
43009446
1123472946
4794184765
2622882884
176877669
484110838
508464436
3295371597
281633397
77830520
713468972692275200
108259612
154851964
2398504711
278584342
3433504853
231307604
717855137998311424
41868063
4826891257
19798198
20677839
3569881812
233130542
389946569
4275675569
145265146
408069377
481930905
3762942449
4268813189
474314063
3246514726
90743050
4785180714
709467067712278529
310035871
4830961509
703490080250454016
3073224802
371197496
4883444741
2613588408
2291297532
707492259189514241
1122855289
3779287514
56251791
20399998
2959477214
704965114374410240
3369460895
28740785
2288445246
39650761
702112072188956673
218531591
16585122
36700664
475974071
31320046
2353811616
1280993077
554288342
4891417441
136369263
4301986168
4907687062
4905240947
16609982
127744652
366594590
323438145
4890226023
4781603917
4229715914
2182568491
49011441
3384025580
4850284792
39903323
20020005
4869376805
109311592
4868983162
40813378
867201588
2589455028
343923729
2344264074
2589500592
2587189910
2320894604
389065762
120088875
45529598
27722684
4567354695
4830695805
4837531895
135989029
3244615018
2354962976
4756354817
8958852
3236121281
4717675229
516960065
1242733502
2896523136
64748932
310461007
534294205
517223018
4759294933
1615089708
112144268
3831943878
422779474
3402450886
3019180450
77801448
94638902
2841922121
242059817
1188138464
723421652
1162810669
15018214
4716956627
2288213054
85832733
2558120050
2994714693
4609022234
28927729
4665925986
2415666838
9165342
2327697708
2524293419
29221495
2388152726
3525437242
3241914467
22746552
2217108164
521328990
4275026487
3115232973
1269631124
462604660
4264820357
4189405521
898335114
614177951
4251707232
19691179
1125622452
239627722
278098811
4193903847
184357176
4115060897
2778218900
16678471
415053540
20860981
84858986
233674316
248999264
870442639
15321206
3721021272
40745276
302690890
2244004038
210684204
34004746
4031328435
1322190259
140928235
108788378
3938015698
3293842581
88839710
31548051
25485976
3403961973
3909600553
362400064
45472004
3873935656
320206190
1042659264
17972660
538255363
312195802
62596278
424797182
3297858196
219455669
22666975
239553752
2882506794
2577318541
38300536
417226274
76966092
3769683502
244618563
3234156303
755878218
1276608948
253856009
1451831414
3426619096
3324523740
325559458
160695580
2780215928
253172435
565863566
33261577
1293434414
3294144031
137069331
3609928942
377520343
38516217
3656451376
71438077
2575044338
3392665067
35263985
131188062
3312793390
1048746793
3313880030
40103460
785482909
1147125619
1872604531
1230196106
2319560868
3391067386
91887291
3265909922
528817610
87524542
583888081
370124763
59621828
3011449998
2398676712
298780571
466106160
3324079522
3283029272
2324731800
128936115
18299237
15738240
1265971374
218199071
1535773100
3314663975
531811865
2243756550
16703308
1184125974
2987755703
1211910612
501010706
3180217266
39764991
8408482
237480935
3267365004
3341511413
704381827
3044635377
51852765
17146780
602525500
63285629
3152640919
140894914
3255943784
3313795941
2278327037
29199408
3178599320
382680504
81869102
2411762534
3233500261
41886366
2492659796
3291593134
72024928
102769848
3234303516
3171473269
1189436977
1483010900
56347035
3027992385
1312209398
3166598632
2330883098
3214363988
3297647289
395536262
3289967344
2445906410
2395892666
432172305
475278779
3294080163
3223467703
323314261
181629142
89290424
285312018
47798933
3263222938
3252822471
2652771884
992106378
2895809030
270915766
836121038
1094118997
1348245168
83747277
107563348
3222500998
402101150
2711499338
171491393
3079183783
2987745496
374092801
2430218285
583124008
1728150757
460310091
2261734355
3142427985
3026903487
1069204663
3098045675
2306899627
2855675494
204479199
3121039659
3114244091
813449204
2980031602
3111608055
28015512
18645961
2576699208
2432561803
3099485210
2774529913
983758219
1326817742
527066090
64936851
331303650
243354010
2726229073
1449817044
114857002
2735080983
455149170
2586365497
61754524
3057104744
154238148
3076872833
3064262099
3068379538
16108745
3065903476
34966953
1146743594
279261970
1656021
334129099
2576777816
382670160
2926709897
2256654176
106301426
1066929198
44810316
10067652
3008221566
260590025
876151801
44071177
3000947440
75151882
2909230185
3020041654
46541324
57134530
2342278268
73911608
1114721214
437226528
557290704
2920029624
2817153204
206042605
27125595
359275731
198099063
573141221
2777752833
2813409883
2986177878
182333306
190798477
398876479
2983387587
16016059
18609072
2881869291
278681187
581378530
1087898406
57358369
2978408780
309400390
304739992
555586943
1278032372
19980665
2957674479
358221712
17074481
56778015
2958829962
18631974
14766608
17864084
2972556813
2967883319
25415355
2967853306
17407363
120321537
304768975
2961360291
100950346
16248840
2271552090
2867711182
101806692
238484887
628620979
1277549516
1587181807
188008612
408671525
2882134684
2900572566
202658077
300865107
2720375311
2598060998
2898232209
2899211958
1149499518
48793130
15833175
15380580
2603838274
48560676
76505243
2476296276
2194920883
218862411
41219883
2384253888
151962600
1219999698
979618884
809751601
2888720245
2799116023
306950268
2714624449
36926052
596625006
363712407
506732084
2806801577
1897429333
788186106
75927422
2575519160
79006298
2301970020
1568404532
2876673578
36658279
47653408
1962757422
1877071393
118369691
983971104
203495962
706172653
2861041422
30639820
2339390941
2173792801
2830950209
45598697
285202801
2790647675
2345899824
2220743803
2791352549
2789732488
2786158282
952014199
25813120
401710644
39595828
6365662
248946503
199636080
219856289
305118171
443246744
2209196322
2737981650
635834824
2772093617
76762658
1034929800
25762842
16675695
378019885
2750141084
2805156236
42351316
2770688809
72080414
29725132
484176593
2267633271
2501160558
2165014705
1887779323
2754389701
17882856
1727836604
2332205882
299026565
2380862598
109308225
1470044323
2759023840
2779966453
40155347
2157772584
2743137894
2528129984
1263695120
2192278760
338563496
1924900879
2266253075
756537252
2170515548
203143
2716936974
38721374
2603610276
2654525719
584323301
190264430
390343113
48661144
20460774
49087768
22434444
1923809768
1355261514
1017559992
2558755884
473543608
330685767
243544385
398384242
569829437
92159642
95008197
31248050
15109020
2409531422
67514503
2480417143
14270494
191928168
2459870185
514996949
1219833056
1527709106
2685605537
2646589572
41963837
1007081323
1695135373
25447169
2641623021
2612210905
1957087957
840351990
397514000
498489995
2548147892
57734560
2499773240
1175430121
14662549
635618387
406774080
580162204
1470943897
892019119
26309507
44609933
80931388
1146684354
2478193248
2561016746
1560968040
1469578596
854699449
129915926
27871279
2592338099
2342404625
2560399881
1855161782
2550764408
2469703614
2304126571
539560453
400171041
2370387432
2507310488
395086595
2507473915
373982034
105515938
546172758
2371922050
2190970328
2391599162
120321835
628614995
2459881596
2462013696
94063701
625704668
446751232
231187527
1560538736
1369667012
181184250
2363136566
2353760856
20683532
150760791
1735640322
2499480953
2191165069
2353240975
628617213
2399919644
1123055269
1694946744
107393056
1246265136
469413727
1596198878
151285409
1615628774
2440383241
498972906
2437274863
31593532
805846394
2425517743
562620328
717734530
348079975
2431202298
1372044978
726062448
42407763
34397555
609477931
1955133019
19567403
36702676
1970142188
219174623
885724722
387528421
2411490974
304643035
2416433659
1898753041
2225433249
11693862
25170727
2161367550
2395148677
35695176
623284288
33885129
2261666000
48287790
1957018854
29886779
2404687031
259701481
836003204
1873219237
81335898
1406423329
16293275
893546107
1546773266
2351851171
2257184700
1074096654
602278050
960588924
2321221212
2217680858
67668310
2298805993
364361130
210865758
1469724602
594932890
618517231
618314048
2317806559
2338007823
2349111264
54060919
2321093946
2337962762
1944078954
107433590
2269728060
2337266983
36180213
1683706357
242875483
15136831
124495585
2312541154
97268384
18190275
2330299542
18194157
277504400
44989299
319674300
2328102710
329157062
448969916
245953466
1014404406
17492014
106583895
1900267825
844599540
1073504220
345811155
443399787
52742283
17382740
1866218138
2301499485
39564973
38027211
26665438
29193784
386093344
2161177428
2297624370
167104956
105630833
123611779
348245207
34518983
2160230976
20191348
161042744
196199798
50561533
1067410790
1627124306
2286922908
1078126790
14616527
115473990
1282181304
29134697
58732937
14454363
64485905
28085613
30191962
219672505
244820152
1493332820
58542557
92761253
289610050
2195088710
1310775151
917735514
91081176
2202631733
118044295
2246151794
2245057393
1977323533
151265001
2243486635
310253088
254193793
2242657849
525811872
1468403970
18266295
17335071
38917400
27372871
390516266
14264799
960585008
28227456
322255131
209568851
1969453632
101575167
2147881568
1931147744
2177697355
23491408
34800828
14846148
1838925906
86843647
2214584520
2184470091
56533466
1454511368
526749666
2178758395
2211652087
1966997845
1963225772
378793620
164354992
435025512
16695828
22807071
26078729
1910349770
39321824
44011016
154619358
22511920
2178959138
1206100110
776510222
370468450
142321834
222256942
222477477
2153020086
133927193
262364908
1698253429
25728986
891889591
48164971
28564608
2150258979
1979399851
1907060528
52544988
1933530043
1872484218
1242310723
976969100
82909243
275188684
275182368
1134678504
702759807
27680580
500187114
1732186068
340524902
1288689914
369221403
454514280
18285264
69545004
1261966776
1947671244
1676215814
1941129300
1618379448
30954322
228087891
1909937270
267743744
1004175036
1848414830
1780710044
228085842
1888451168
1915453854
29705098
1692156564
1561170974
16686408
1259403264
190205051
954061304
1724458621
113053674
21705709
1575334806
1882470740
402650434
1140738696
38923030
1858782908
19630571
1872152509
1683790903
1882802076
1572537164
1738076282
1598380435
303008051
77534897
1733413219
1633838162
943267386
1606013280
382588005
1341182808
125502582
575146974
1688640416
1678155368
25824335
1680812912
1852791924
568431639
348372234
174027964
93940914
1450112174
75342274
309769144
185464232
346698999
551166556
786569262
600367258
1731198847
18221183
1711048945
41246786
1169924396
1697322254
1725375102
617519071
1604415325
1329831205
132636234
1481883846
1709681280
40379421
1694933605
1667938981
1388488430
1651195423
83449275
796725498
16420046
921281263
136385805
830646985
1623557186
35331412
382203532
591161423
953635291
24923503
1675388094
1672454844
1606470872
1265846610
1690435578
315533613
1694987870
1260223830
1667930244
22308267
285185232
61948826
398114181
75361168
1025624144
1241466433
840066534
528507477
1671516242
1670258491
1571925390
190708179
1098100406
1675038817
594754181
1538617578
1651183736
1473255745
1513893949
24737702
1370312172
1143070639
1611516122
213096145
102409890
1263718651
15695858
1035491
328798197
1171211503
764431500
338370901
1651819447
626835902
1090183814
32952894
1370313259
611567618
294704786
1626997962
127962278
1643438252
965580120
1628466151
41646462
22813832
244265731
487015257
107266596
1570695601
50843961
25873003
1245034982
18816090
168229471
14327522
15232544
316026074
1019146753
440185384
1488649279
1402395708
29391968
602645035
1376451156
117767052
700167169
1552730960
1099560452
57646112
371107167
1599540547
1604294204
594173572
1594757012
356731336
1360651542
87568732
157027409
1377227372
1392942180
14954720
36338747
37836873
127854969
25348257
546980802
277318601
1456529040
1592349672
17964132
391734312
21891686
156900191
1514093455
1467596101
317385824
603648269
1170202436
334739729
73633682
776525809
384340846
1553942838
235315644
976471992
16932331
1518813842
121805009
1548611329
1531131896
381263995
441566236
1393714686
21575506
80176051
21304730
190634154
992799024
40089689
64625204
243250068
1241034877
481265254
16334579
961249507
1480267021
415794343
1259735918
127910244
442276704
1201848560
1544713657
232390769
1495640197
1473782503
594730709
1260357642
1510743660
224392576
177320955
1289086676
12673612
113299690
46402931
1446137473
319689458
431757577
1149703009
1373369280
848658157
1505424144
112771307
54628558
840551292
1534745623
1481627364
989730104
1519270214
158483477
150911869
459419862
89483164
960412279
331209450
1370974105
1041730454
1484422860
1421679558
1322542148
97589660
142694808
40303837
538652556
1463504881
1491529309
432138813
1428843350
1413383918
1437094472
1512194202
1480633098
287802486
779581718
30883883
1202876936
543323411
979450130
714629684
21794059
731748986
271327925
69497763
1493665129
486771162
327033386
69328450
1470214717
1435820184
42072851
563954060
1365187590
1394897750
525326595
633381255
1251418351
186485196
375992325
24742181
794960340
303291806
177596139
85366708
583985671
1359163770
1479883298
1412466030
1448449344
1355290434
1451617190
260543110
80659377
1462608770
1056291146
243381596
85877599
1334534773
1418896566
1462291458
1379671159
387726672
1247637901
631739525
403709662
1172861294
1393616928
1434770623
1436330918
23993129
1069984974
1449073878
414659753
1408287631
1347674623
1437164311
1056327014
1354611313
1209957174
1360407097
584989544
1396248565
14594021
1332431029
1035661316
25070098
25568177
714858258
1431565051
1408174273
373075357
1326512894
729186986
31351174
531595212
226561781
1422046920
193378155
412946925
1184535822
1397431428
347016165
15073106
37689695
1377503316
1237695104
17370597
1409245777
1169647105
27355297
44193418
25630645
1281424802
1403709066
1236647137
616560885
342018875
20270378
1401112957
113408190
975889794
18804942
184181810
327218711
59205648
57036865
1101110598
1215052268
588089803
1331982140
1365900750
609640177
371904558
1284663210
342269209
1374849380
33801481
29975957
1379207886
1378233878
14574147
1051244838
54661823
19275412
1362819408
631275750
1344779095
1328064284
280808547
481752045
447219824
851119656
945767442
1355023868
1355016284
1278641791
495032147
135456335
41931967
356898981
142813236
899651558
470475078
16209001
293422759
588481175
308348489
1245991838
162941041
1348248528
14302371
84567196
23452274
14343422
1338365515
120947652
588428501
1351036694
16946218
1304889114
256772115
13413702
16256307
437742994
1313274602
1262600178
550391973
1155479641
1226124294
1117190029
15626460
1164595608
1198803618
1280843449
273569398
472201998
633767191
205889081
1143555961
1337074916
1132373450
18648192
480899172
1169712068
707346894
1339659811
1338561037
257551177
254481337
1255556167
209223736
40098556
1148749705
277048519
262270208
1119566881
1308639283
264778812
1289381503
1248509496
19574594
926408587
1289086682
911879934
1039026590
1142927682
270398869
297167626
1323105444
1226120360
15161392
384524612
30038897
1248489589
1217784252
429095788
33742446
6115202
480346574
101160596
776860712
1148092975
1284265693
1268255604
1308466088
94031986
257151236
14681955
1300506494
95413355
1300585220
1057508870
1306242764
366177154
786070303
573692210
52158741
1007184336
602974128
266137898
18829310
21660816
1129152744
1129190028
1153627902
251349244
739340306
1105906969
41022392
80871089
169099965
1002160562
603703405
150901731
422852931
21430869
1289976092
164537962
195658337
1010000779
930127944
33127659
1280497280
108644129
330516446
317794439
1280702586
1284732630
199373800
853082114
211819717
796864789
383435310
344766190
929516318
803024034
1276741236
447531630
1134543049
146942957
922335368
299699929
232776369
521829073
1041682015
439781294
423724153
1191963204
1189400318
859815631
605019489
972386834
52890643
43889687
845654394
1262812129
18095368
1265435456
1132288782
54258668
55449220
423733751
586636559
703993560
100124560
1254604230
1027439336
45685192
61884151
1258086042
371410946
103475459
14684708
756970652
22811695
54303189
943821565
613559745
322084179
1253829672
518320235
234111242
158489917
1252491006
28763551
93240111
281159200
995135568
911526846
188846296
1245873738
395045365
947183028
561236899
141168320
25682895
1240355352
23866837
61874207
106263755
16546189
634829856
138073179
907970809
1110305216
16515179
1024840308
1126876872
799205809
1155545455
1201425972
871995110
432727267
411092970
41126119
50898361
1193659483
1178683262
821734026
897884083
1151411857
1150996592
1210778394
158536520
308671855
41165868
543954234
1171587864
28120083
46440261
83547413
19092789
262433714
285545781
482696781
17680840
1090461864
52837466
495011732
60623373
838870002
491619834
121777785
19155328
1161045192
44127407
1024265419
86463797
278674345
1058709626
1058216442
987302544
1127593728
264099040
16177427
834712286
71592601
46687160
122428340
425070724
526054269
246367225
1189474772
66607272
736386301
19593572
1189544132
1057609746
1183351532
1108795710
1076361498
44536052
128003770
201295531
1183681868
1051455823
158702607
869849347
164049220
1177169929
218609648
213492825
1074410210
472981072
390120131
1075506786
851729683
367150740
418922887
24966883
376834175
412779742
37708957
36551017
730791834
10337002
400724545
460715038
973315729
48714174
847432842
232785058
22898858
534710932
483162191
1112834359
255428982
30361972
21910255
22960974
140252861
862304732
1141196574
502108202
776443466
42071399
355220563
726886014
1132438417
75697921
1136953261
847168856
449302573
1106487114
223879135
460182675
1049374706
171204643
564372252
1143143563
474995405
505555436
1120184304
1141353012
381514518
589434998
399506095
16530281
849751153
938018528
756004880
137677619
72893213
55644735
43030589
1018609478
912914419
329439960
593790730
1132222207
39387404
1100487763
90486318
363348264
516602315
266088974
253363004
983072444
963118806
786915246
191693358
1094959368
38705599
488737311
267938247
905308260
195820364
1098634872
714631375
191186513
438780520
25667389
1012310630
318046113
987381349
174358027
821546828
1010737663
234397812
1020454603
959623681
55235497
110816738
836140112
388991143
954021625
10701282
874178180
987387510
705622651
82261823
703229328
600952864
17931541
20940597
1101983269
210664668
77280798
382397946
128722902
588444040
93900779
19789649
396800309
921486900
92070747
173140769
55196557
1054513418
825890910
461410705
71332851
429422374
285375033
933981896
632586975
386801995
247372583
16530006
427553825
20737085
89678704
1082412036
850369416
256327854
562411875
429104568
169572960
253426396
240730598
324411033
18090868
1066624363
976879230
82346931
911570634
12039132
624859151
978974810
850783195
564487579
43678058
1002227000
519593173
348466603
14868840
1021423430
38025393
251982046
14067629
482587793
1060799330
43681951
963590179
15963805
915819643
104836697
573151336
388720436
1046994648
41738260
275757377
600220066
991861261
266313338
978773328
67027042
980840928
21502520
245967411
102180684
1050002502
560744502
1055627462
585643912
515009630
608304142
587216140
402677877
62909996
429947998
1034887315
491494539
18137098
311182458
470708451
563635432
185728868
920194424
947542404
478840902
500327390
39935295
1024766509
733800942
19649766
15740909
18560175
243815738
375715304
118167529
1037075444
923738767
499736283
795952178
573586039
715286935
1006227463
511085444
538605701
19992329
34612713
20001368
224415861
38653234
627460366
65628070
87346640
622060556
412036949
996586921
519683730
37733318
17241353
229883668
454019637
93204602
623977052
87060401
21302878
135290960
233194002
421143403
900329138
985252848
108640430
105685244
117288277
468673880
966792258
17788655
414982960
986384784
242929353
42758425
818231341
578220176
528598391
448508299
917230142
988472300
783010579
373628624
797574884
126764924
348340195
324621715
987981799
588369099
499527581
316805104
253674589
74385216
801887738
193119794
282579163
452545735
988111358
18657572
17928126
36678641
480894248
171595623
462310862
438314675
342931890
786040747
981326582
889809962
356898509
734082228
516639501
960523861
98460753
14564463
730799828
183791397
121881757
381808397
406091705
253759454
861589824
530797688
204435772
540247682
619148990
869735245
332571934
132582961
142845182
885382471
36775984
822440773
292547238
913677997
28446764
622100332
22779820
270601955
903951692
544194277
13634562
31485347
70434314
463237421
18541341
840853578
307259040
550394056
403065518
870660290
15754009
186189024
930249859
406483014
478407586
761490157
188135035
43183254
865316167
54319788
944188766
229265188
25584737
48932450
201804229
17939564
78958617
313055859
562495143
17908614
906130226
605566323
289125291
45353302
753798716
785160811
459364535
208313108
563841801
888608526
317436592
16430263
85659168
812031835
407535937
19454961
27673134
364430176
241367041
364830555
588365660
913683740
39783032
96413596
105951786
38327244
238979122
14132493
276763380
22296690
838582266
525741196
868166100
28160676
32935033
842422812
791910174
20924206
1131981
781495273
222013185
831554406
891049285
14951831
20165313
875813204
846018014
381775466
14983095
19724632
888053677
284604863
532444950
269890299
74194584
588670230
810953329
89917832
879058856
351112722
488308999
272041105
741599600
815428052
615526444
316802327
323366929
287811184
466999978
34198151
135573470
37464438
98803182
471877681
777764676
568825540
582147241
612265167
209675572
215273521
859381592
583979218
631120944
853601203
96110529
543628342
20166958
811157274
272192547
595565738
126422351
245959305
843954985
311408627
33734874
294258572
272781410
467785696
409452713
19277738
22805467
725218735
95214487
84394626
224166213
112512202
86259916
811425788
785089998
808045392
480981778
37567455
619375516
63522730
33988813
149408745
168339825
69701114
25553653
274885236
27272503
51679072
246564925
491070270
29334435
583289268
16979669
63710667
275803458
796804699
225990025
63245473
280592182
403569346
246023420
733361912
454296409
236471921
30140646
416289133
20822242
761317158
143132720
37063544
355700275
26063726
177307152
330295538
237798899
96417179
778650470
39363145
555908152
777411727
46726737
137866717
555997994
527532546
56413313
228785902
20888903
545293087
760631424
601197871
561672019
519872487
56206680
95243519
746384995
91730761
449797537
485043632
600255288
749175890
71120274
749985421
636940646
750614064
750469692
35204104
350495556
199812085
749538660
212622821
743154385
337830442
305152787
11636712
407352478
384428811
608241148
615149599
21869419
711179893
477146432
590495067
733038163
422899826
715022791
715358233
470207433
529725309
612992256
608418375
724305330
358780123
309277968
711912540
14505558
38826835
157565902
548956419
625201328
567892782
36130103
460455211
55696260
703206740
17621695
251820065
601364139
280679358
479129608
620382227
632175418
112673135
497441432
516493843
620378704
601124504
595514842
381136968
170775294
596460013
23238989
60008185
435918552
378064761
32944017
123011907
307845251
38523569
23343702
352589405
109001209
82663798
547297136
610517511
382528077
315135369
65952252
448452492
167060622
322237334
95551904
231681226
217104894
570800648
286943564
598420966
41418383
518730197
516007432
369224158
620937313
447117464
16099111
454538460
15484991
336543870
265975971
624094893
335774066
382596196
599864680
429303021
104852594
235805011
15127462
15927983
614478503
608601657
396353936
613382207
19126924
38895045
272106586
247492445
18873291
608780800
208695661
585127974
110789412
151088800
337391546
29802796
429305592
488539637
50693174
509085185
17843554
202678963
36862842
38504534
485939423
21270224
536271117
390890849
354584263
321597854
579905159
438750966
519718489
571951768
239139298
85882340
239090685
223954616
27799270
535612926
239105302
275964016
192018815
45419481
24708717
328617818
593334004
305500404
572749352
588546998
124851679
343588549
175069656
569324818
239749023
19338758
113915814
26113276
586052767
158938113
45817433
560971532
531718077
341046636
189153748
430324826
312885413
267837015
26638300
134503182
23607447
579142849
20765987
71026317
199813349
436460745
575876540
187908026
312281206
130442917
17973156
574122765
151775584
150393768
573984662
278554231
23011013
82779180
488513448
522466602
388278692
273199199
530920411
19356702
16272893
10303222
565138882
515553472
123303787
133775483
309652045
527831723
511060336
151252818
562630362
315404819
75558047
267336313
497298240
498931233
61338840
117788643
454142014
341083348
194169114
79512713
233045771
44821489
267198300
18524509
558229962
517517699
49688900
190335303
95819682
45827530
15179939
305678750
493408394
27797462
280810065
307875129
25915690
41494083
284098947
549247996
54705922
337941418
37960528
24317677
545107745
541042044
180823160
305959998
28372301
542152414
189556262
513807633
399589444
378320073
484411682
32677990
21137832
534970569
408074923
542750244
35821996
32172000
110464366
453722543
526596240
361270667
23151515
113176326
93254075
33946907
250527410
96982960
526921673
316295696
249411816
456768452
510301970
24777536
498447922
287989428
71281485
161795813
517895697
46120677
473491129
526970594
17563025
517452316
162468723
19245691
529352054
58141981
24158627
231929494
138115473
420418106
55490346
523629785
339192364
20685002
214973289
142789129
523601899
16602923
499113477
522090606
106162803
223309235
154083254
225254748
316606705
154348845
492312140
486270850
466809944
517766874
517709195
365499775
436904966
501942272
516657021
46070570
15134898
410202173
37632569
17053021
515719389
270093516
514942391
395515137
510942266
506800121
488183150
18635375
19998820
339839951
15514504
1800161
466795911
470986160
504999336
21390639
79992420
182417080
488170599
388428009
499943478
121789543
135329041
487725919
497377357
356997948
497545942
202689690
81444740
48295442
33945101
332266670
46775492
461250895
20600543
81128462
482243666
488121665
410294134
491662999
421827146
366968449
489979100
18142179
216383593
109970187
389236506
390445032
28404144
487611819
487573719
484096885
308621655
16857351
482283753
22161114
153816750
14367197
482370277
471054846
23881073
12926052
462085465
481515013
223485930
381650155
287157175
480842244
414360539
419916060
373572833
443831808
203125133
249988505
437631353
28792225
417531389
169251759
359676955
96150821
353131100
464259480
16354476
460240902
441837847
404039890
469703621
474180971
168057150
473784856
472337076
25231315
469692312
333574089
181882791
104164749
415145879
280308222
393066137
354165111
444168370
74299441
142858066
225444939
191402412
79742192
254031574
55241032
233968376
286309185
440850052
175130224
465065726
22686674
16581105
460618511
460502403
464153328
253241314
458038629
84121347
56732268
12182842
432569207
404904323
157651165
278253294
371355732
460522158
99528025
226973604
39630774
199407140
178725757
37739712
329325255
231547929
374318721
221610944
318306646
17130839
17753590
239611022
276024512
34195730
100198300
276064593
446946180
372618860
25606657
213743031
442065059
89461210
210311158
426409192
116884123
142718898
325403398
368039769
364384479
421218135
8958672
20017790
438829211
450121906
14370793
448943670
435353016
278856464
432660693
378058535
23367271
430580323
377375566
437071322
14743943
441156493
443424674
216398078
439245663
161436605
36457050
31412803
67516210
193557895
410526462
7121692
244593093
250359069
403451846
258848922
398795567
29472306
431406952
212409009
426731966
395360309
171943919
293050841
426424312
171226002
435490245
46412420
429067113
167326982
35812823
107182061
418417257
364424823
252902199
419670986
16808908
431625831
427179253
218336047
410183022
176904728
428685115
376434296
14548475
16435490
427086613
18993161
64356834
28620873
109979944
357765480
18675450
180809716
395582895
292490824
17826583
341885538
395963123
372474959
16634329
339479731
36996919
424714418
91809025
394671850
119633333
15950607
417383938
100352336
403820875
420485543
197086751
25566453
168624880
379512656
418344342
413196110
414830277
122429927
404021663
269873847
410499932
211035814
386130388
385863291
377943152
297796321
292236953
189237064
384825081
50358652
414689253
11820432
404150162
410219333
402163280
106100333
141376098
15567680
243072146
44354193
194677668
408808821
361250786
402608821
411866589
411245009
403439528
15904444
403034778
410203838
202035025
305817205
210906936
105241655
208643868
395672266
52186513
289919572
123555860
172326418
180703966
368919350
371532028
37034232
174070489
238189812
166542371
407909438
399694990
401826661
31424424
399491891
23282644
406744182
322803012
394191075
394257178
194017039
297747237
22632220
404303224
25040193
400212663
97627292
21027857
366389820
11851232
236544146
29003952
402785684
103597918
343075630
38740634
401472516
141288477
93397667
305628258
365493736
122686743
107918232
380137902
101287483
400348227
385665660
386160962
399094165
376306322
164343974
375152970
397131929
370530157
53419084
398864030
122296758
26628308
29048871
337760033
227574265
247409748
21407620
23557295
397001503
291767542
77252553
396737977
396673597
233336220
351605292
21650693
357798973
41870359
234012530
209811924
263383094
67353602
256363434
290999436
377141646
30553964
62737122
134513991
15513910
24050972
25534261
387853689
390136275
253676596
18334819
111706134
132915915
275041996
327125559
392433151
356835214
357307888
114320270
381636531
390545591
389658673
199002176
253222472
389056772
163506029
44097565
388860497
383215903
182099210
9506362
366816015
365189645
386520588
87513284
386423955
46231801
386098913
154602358
385908863
143818078
325158656
371587592
384410012
55365147
381646501
384911905
384901745
372322101
352554135
238940532
381949825
166297413
206751697
383593194
358462430
372141160
19274269
379922650
380778702
233756520
96783847
16808675
90712342
365103708
244143027
174757229
366235008
374149112
93608485
71025071
147934961
364824424
116503337
123596956
36374496
20309922
76091835
378963187
378272250
219345798
172493884
261373346
109699973
297009625
130219328
238019788
258619218
63758782
302148479
370708800
370709463
372758760
376934791
56812751
38143553
376914840
376844805
347132341
328831251
352835149
350965119
278645837
247640035
324781478
373736407
324548104
346816038
356183669
215917419
342476474
355668658
38950972
23326965
371016292
366442658
366205032
357057478
93712207
298328403
231267683
17978961
353302213
76213961
27516936
342706189
306418822
317631364
24424824
278029752
343168837
17341633
316745436
348669364
166559688
200724666
367259077
257599992
366134821
27286040
363164220
312737924
355590627
313991016
363909849
362025661
40251237
349776100
363258289
330653473
209569958
117869567
131285547
362042175
350689604
357762284
159869962
197959459
33201377
329897502
43348118
108351899
46369540
325225836
361023272
302807247
80411310
340526575
358424442
359838796
344531726
189641131
342871340
349219229
322942365
356457539
356375218
223890696
28369611
24318918
21727826
336455240
357236234
135978523
324492373
257065939
23374522
336435065
332167917
60584486
122198698
350409880
62384121
341344704
260808642
293696658
300877271
295640346
331333476
348782471
24276164
344588991
351254516
281204081
278244031
269885746
322002130
94768911
347670653
24490003
34344155
148800902
32396076
110032021
34620328
341530447
19327393
36419783
347903283
343917686
237491809
100796124
34295077
14254089
328223217
315920320
18193736
75081251
32426738
156002899
328315199
341846513
345978654
313880735
18813320
345303893
299933313
344935613
344432006
16052210
106349237
22687924
290107658
22686785
32788144
21685719
119074698
343101099
342850544
323228187
342672641
109453643
292505617
342113506
340659527
216061234
38319762
339159605
18060603
335058625
339683725
277117141
23558931
161796787
322692447
336091440
337172138
107163589
338044118
211655635
279458365
326703740
8967582
72938587
223973652
326408307
17086246
334612190
335400783
321563168
217123432
45149104
331438486
16446215
33645850
25088519
47653434
297159560
18808794
247750478
101362517
23247618
287005913
288403115
332105463
38564572
322971827
32366614
316962100
17295931
84245390
14823501
291285988
281155862
7242402
282118868
115417779
215074921
242243304
281082564
325144946
274853898
34104359
322594441
328150327
271206333
33184274
321666695
32431064
232617711
281654007
216952320
312236997
165784753
96909915
292995310
178216976
278342333
250673250
272445120
321398810
309430863
201860026
14577363
29514928
676493
21908215
49188317
29592414
91324111
16350215
236925455
204558249
143480455
48473625
107400622
287713324
315243935
320500178
290573263
34914844
44055467
17291640
20777553
317020977
23606090
313358812
8137912
314504250
196074017
308237608
56396367
311789010
219281164
14078313
27095259
41198574
18454393
273283113
268838676
16543808
312934912
309739128
307192380
62933150
226348306
22133265
45329344
309736353
183394187
111043403
305902812
19665331
87984464
61233994
16550831
242803724
308289960
308239415
289117542
305163254
297442540
305713684
293630131
298716736
282271591
16930619
234375505
205447686
18888841
81560317
47678694
301278333
289776559
289793334
291734887
269962196
192899151
149755894
25814398
21588744
24208149
9367032
151093003
200700788
18729067
293995867
113595072
287192551
153791202
253754237
296452675
267984662
283194439
28741304
276323471
293632428
269537005
35302196
16665516
109669304
233637290
83746587
293783927
259428808
285731499
259932103
273955243
276704453
74618074
119336910
55699725
276204448
26254684
267550957
13573982
229803068
99426922
273376720
42694142
155597151
124775486
264322475
287520132
257288455
59883485
22526076
272910463
276836162
285623589
259538650
287819803
264281844
17202051
104083531
246272747
287459574
74507111
23273976
287014255
40030429
214163984
128329472
121556296
280735353
126093830
280386282
283958813
70987052
283354552
278141334
30925619
254191082
270941477
260271009
262918219
128319834
19072054
250319127
38280888
253282627
259348550
57750877
98478766
280957518
19412134
240113573
57750949
18598585
279645037
131026050
269044570
15600647
262026587
217139737
274548238
39972504
269620506
273780869
29996655
260382620
24853976
197574761
94415457
23330463
24054310
274661858
35262751
273540458
54774825
93121669
239242711
273075594
275759220
23773070
243943398
145754721
258616677
122711447
187273100
14594891
50662776
30588919
273965083
273760432
72668841
271402012
36170658
254216388
30660745
270710520
190677428
251964540
74772892
270526638
60928530
252989433
270659267
16183681
9256252
39290033
269948626
266662210
193078473
263030956
201935192
212251343
46700216
140153759
14478895
73550680
237637192
253370758
105886282
79742581
41040881
258459820
247017010
90802977
264922384
264709635
37426731
17238048
250062058
17397648
250613396
139711964
213749928
263668347
263428399
244254869
75315736
263332765
109626360
262227147
176881722
23342203
103480309
259415489
174490896
97743831
90419898
259015419
260264743
145364604
259627004
50631241
92019595
76463275
123747086
93746459
15450052
166991507
253219016
252683432
15780561
222144229
256735021
38018776
248812804
55276970
14290596
232970459
244617569
19579968
17982717
159629140
101218966
17342241
121873608
33210474
82352844
252431519
211613181
82228338
243903957
43861675
251698381
193145456
247610280
39485281
19877572
80482808
221235044
82190809
14719837
76967261
65949218
241625986
182418120
174748159
41446071
34272013
116848457
112792876
14313317
66772625
16874226
19349574
191635832
245079053
123233512
111049072
26548302
246493877
64478962
191521425
245451710
238258895
55114655
229195877
154908974
167417479
235348484
82065328
227470654
106125987
36945741
16674427
226584740
12941452
56402228
237374303
23545650
239853622
238246674
7575592
145810069
58474020
19240372
14156118
240709940
234472878
239918466
225117656
243288387
113081952
27402607
19071325
20852372
88903693
241901427
137118630
66569227
40302362
68179749
224740117
137762736
241858325
225913435
58509402
241605128
165477460
30049790
129311910
186201593
15129423
213835489
123965405
95590508
240409757
105186242
220174434
30223264
97177863
192949901
217147873
23818597
19084142
237240480
205795763
129925569
236967768
98547146
238219750
201731432
54235641
237052957
212151721
216588248
129238857
78562951
229267797
31647040
29824896
54987451
218305342
236156838
138746485
223293754
195895416
15081434
17291742
171640056
226025945
20084504
61032284
84077950
229201852
39287665
115699677
211214806
213781260
17424653
70742919
104129078
102385954
36399091
169941717
29973776
26057051
119774415
67234243
147321781
104934701
57327996
16596341
85232102
99358158
230381228
229191736
119956569
6505862
26739487
22863539
117808694
226670411
141737953
225923893
18249348
207913414
222732768
187482772
23066372
14807616
19403504
222496226
227602322
94401678
42847381
61452821
224781861
226634118
109903442
217448949
28856284
23622063
138415831
107375252
145393538
15652605
223971551
117851388
217313288
152023370
191563403
32527653
144025380
222850786
142411120
1573241
161816645
117479509
29980268
76091740
24780481
130682951
24625345
155428898
42115731
220613699
219135208
29562924
221096196
220975191
31396403
154959738
123002064
16555479
214130806
126098552
59020360
14475149
15359036
188848576
21120673
33650476
216793378
80349805
217962897
132288724
215851478
126761016
54014178
132514023
52891634
156781775
162469305
148741929
49746140
216712555
18541988
216381719
126383737
30091081
196221840
11599992
154880084
205810196
212982470
93046853
210759327
152135474
52017429
213503840
38007876
105584795
70102967
43027999
22519751
73024334
17234832
38299442
14474476
95059819
68559195
53940462
13192182
177732947
18549103
23454758
168976200
214131872
188583490
25042459
29332495
93452406
28095195
29790092
162047010
30838200
67414751
118412822
213497015
156995481
18694369
204933674
115690972
211003051
201000787
193067986
127413884
210079446
40384004
28563860
96487686
57861607
95348250
17178302
82489323
134211116
210880252
186681966
137507526
52962772
15789776
75107017
32652500
131056742
23109202
15442847
212246493
48173645
206640939
25633042
48403268
27290112
168023049
201790266
8893302
19572909
63225362
89000484
21725920
210816765
211236238
65406673
78326197
211069674
15104076
210951564
156034047
189182530
17582906
202687345
140611898
132537466
201576037
105037930
125107547
112766770
21274472
174727392
127005958
204064442
23560192
208340620
20827299
203733841
21451131
17845897
198260162
138845940
209703426
177473406
23806925
67536168
194210677
77869351
76668980
20237227
208582616
43952308
199794300
208527161
9164952
16035145
207534055
191795625
16240869
48402685
36913402
13251172
22332655
33337196
32172111
18216980
37683810
43750993
55930570
42135303
31158279
32485436
14535013
18152137
80933520
57093895
18701503
26543000
132215582
196030305
14379396
54300932
25675805
16908697
204835243
14148326
206713401
57491121
75590478
190319967
80171509
100555966
72914989
1876801
47723919
21070572
93675865
202212489
16540899
78450671
661983
26623097
179612799
198602863
28242834
51465146
51477605
51473933
51460555
169706255
161450852
18502404
182970564
201401409
55031134
117290468
64296436
179300873
80531082
73924130
24492744
14701671
142715398
148455976
159188344
169103974
166665976
53648349
191939065
185416683
26913139
22940729
71656084
196575121
196832982
72161969
188486217
130690585
118463462
39610831
139759752
18559988
194231546
191857842
113667829
130139213
14353189
105904731
27097975
127638910
165458544
33489438
80054162
104656872
187742051
86065615
113089219
177591431
16530438
191117154
139841250
76953451
164752517
21874621
14847948
193701692
59496719
21499556
15583713
110780445
187660246
182523472
28598811
104227266
58672179
115175694
189237545
48723971
123651671
185953495
21157267
43355780
37824142
20635089
25023197
24449694
14342661
142099163
165071949
139092331
87752523
65671186
28223379
103555645
49194952
28513147
16530417
78613657
126766088
18762858
32789967
52797989
81387326
21501897
173250304
17637756
77334911
143810481
95620458
18528908
21537650
136001341
82330214
95446097
95444563
24253603
182819712
10299172
127543703
28012839
175800775
26280721
91424397
21520259
92290554
51824225
74333403
23995617
158086511
59832233
179497941
39579973
22166005
18689322
177674363
6753242
12013352
55573837
163958794
83839159
21781301
140125645
165215035
108989706
27624826
175574442
642033
37230155
26007726
16640224
27650674
19627337
82527720
95206260
158176398
17189570
14781155
38630310
143761645
17278562
15854639
133823724
52077264
119937393
29798354
50663404
173525802
18521597
30815000
50310327
168709986
41141652
171198594
26277374
18627109
123681803
169973973
94616084
52602950
9582962
166370789
166646423
16561885
20334367
129473818
136708839
17800129
148216785
58395838
18468345
14185317
111400024
96792757
25085804
161160205
29141302
44681360
22021521
126054554
135892303
1335311
56225238
42295708
46760519
25410714
80579986
19952765
58590367
60317736
63245691
29231000
19300021
19245327
57475877
136415347
141706091
38235450
137281767
120188688
35435395
18040054
7508162
12756212
96677264
131147738
138993187
24985771
33538612
82779175
17496092
22191831
129878160
94344855
28467790
135914529
42156168
90565926
14177159
14738402
19224233
30668754
124169174
15202397
69066944
26035312
16812633
36517746
136711030
136513697
100168869
19559522
135626828
39657792
3024571
23817447
132415284
132278553
123029152
18648713
51202137
12166532
127116680
127249982
64896414
84461659
123750326
14268567
54302687
75564836
78170806
2317421
19968545
121084705
125357062
19469328
59183456
105578172
27872135
102960410
18095853
32569145
126150758
19619221
100083621
45534334
1688521
49941639
107088168
11746132
21150701
76803682
47652437
14908838
18423855
70518041
120676794
55315361
22197961
121762417
23325519
102269789
39281231
14476292
118500378
61792742
39835413
55056136
14497826
23527230
14414759
82015886
113968247
108435488
103463548
91072448
91008248
17856802
14424767
33320095
111215466
18871948
93052219
27565371
43352007
52085221
86141192
6702492
14318271
25561604
104620296
71731236
17845375
108771634
14165079
108771127
108772280
19247156
108792488
27557593
21666175
94388205
106827653
85544535
54878997
69912069
106766775
2001111
14886945
104956254
17070685
104820090
27039023
18025017
100418160
21639845
103362118
102851114
18593115
102873797
102810299
15009738
8759102
16455220
28032338
17079973
95088651
41208020
82968346
14127531
91135311
97225558
19390659
36247377
96995021
63364257
39742175
94927891
23654898
93561567
93245626
28193017
75374513
19127545
35769844
88955345
14628529
36947097
89519156
15079562
11806912
18465595
66050744
1815971
83136204
20807826
16727774
17292806
89188988
38068500
61361631
88988192
37736113
12409342
64266252
46367815
26333443
84700163
14789823
15827229
17936958
85322737
64397337
18994011
79285530
54321626
54319466
80843325
83794806
80331290
12474522
81505598
15839244
83161152
82969145
81988996
81862797
26967901
81923749
81506792
67129145
30485451
19054708
76340105
35016138
80056195
28351096
21959387
17409887
78964038
66677090
37719612
55473749
35954364
56801135
25809254
19687252
72709259
75189431
14247769
47374295
65453062
36945353
74562794
55807611
13582
72834010
17466181
16565900
15476778
72451387
27616496
71232578
71726710
66980610
44239472
35999580
34789486
20560390
36472130
22536182
8117682
41202621
21058811
19575145
46915580
67186676
53085899
17537057
21092836
35057953
16330155
65517870
65501543
38319666
43193105
36808879
58480062
35968351
39376441
10243902
34632393
62181833
61352396
58618250
18399068
61282438
26996889
55587251
14354061
57514427
59063411
21306517
57822353
58675673
21061911
58604845
58626066
58579795
15009623
57512680
25755865
18727070
46897129
19466184
22374097
44912610
19447907
47433120
54758262
19377188
1648351
7911742
54023381
53607173
52484561
19964097
30346028
52844234
52799901
20625731
5752992
16621184
15346463
1951061
14146271
9574932
49709028
30394086
49018511
19619120
17516683
50079147
50750296
50702944
28400501
20385833
8110132
15176954
23211866
48516882
16890425
26118897
42642494
12695972
18892187
35800270
33067358
48001184
39218217
22364121
15522335
14312117
47248835
40677954
14756390
21544494
15635958
46275302
18725358
16203162
44708873
24280555
17493900
15948995
25914818
25706529
41726001
17473106
17291762
18510995
18791945
2588731
43749973
23928360
14882285
31318870
44050157
27513068
43758790
43393535
43536241
14105033
17747496
19762196
14839020
15387928
30770060
17091878
27275112
19473846
16560475
42690789
37857429
25817325
33433527
24375202
16421423
21206486
34478613
38490575
16985818
41575740
2564281
41270848
14923145
26278161
28595936
25695035
7860372
40259413
21571985
17137499
9154402
15483878
18566619
27844716
19920198
28130995
16891163
17051703
39258229
18029746
38462507
11421572
32446352
18188874
15894544
25451691
26283307
19167506
34707040
19277749
25825917
11038902
17569484
14064254
21588226
29373352
28271444
15731744
36082580
16896702
25320311
16297877
34778973
34904138
14961739
28777335
34823493
24356768
14361240
17790967
17004405
27091796
24547259
34164352
17669636
16223473
28343655
9857052
33806394
24784825
18864393
18498801
16276509
15693794
18560210
20542120
31657683
21196641
14325421
18739068
18710374
17046803
21109890
25555498
31396010
15529255
20574240
16932455
29752746
17291925
22375980
27995302
11998462
25070062
20888727
20534570
20391595
20484235
16544666
20803911
23111778
14850713
23830385
18192028
22027461
17464581
14981051
24966018
20727379
12202012
16010382
17296292
15724385
14470863
14413224
24956806
12482672
14614742
24017901
17383185
15946446
8503832
20385620
16827124
12117242
17495215
15931320
16104182
14579221
23658102
15599390
20522391
18990807
16408700
16720407
16657386
488010409
