240664869
196235064
78262975
28978705
4783945943
74576478
374587907
539098494
548589938
271930488
2289214467
21562331
409342831
40506826
1728819913
80957759
26763436
262230432
4894738653
102046460
886174242412351489
41550569
432928692
777158978862284800
543797289
4366411942
89183429
2909310806
20669002
96110529
229454266
2896590792
21522017
2348206974
2962069479
1560369162
851107532
261162059
2832445749
25027276
1483182126
411379553
850367728062017536
164701414
747033761217404928
58775918
19665331
53654023
2853413247
1533580038
2656556934
801812948574420992
459222967
838851862421975040
1337785291
19488308
943776511
202217884
16681111
335542485
121402638
342711198
72568135
159777248
14342661
93000502
636154376
22760118
31800163
2467791
97613366
246320647
115969367
504143250
75414252
2746737207
102645136
256740776
82097756
233299784
113402904
3081726129
33581258
492952842
348140125
45550539
124554200
14066513
69646902
36746176
20020005
69942336
250673910
1301804520
551458376
840481868
301363256
167345651
369505925
811877337549651968
114517074
2812852233
75896448
3001858553
793617481
34966953
284578421
19179395
91131875
39020403
189082626
25531576
2650413864
615754809
18685113
116476084
119908997
20759988
348460909
60607302
513288870
156928277
333625329
21005072
273501086
20666382
235723265
46319228
335908531
18332190
20823928
242767190
279162076
20035025
157775633
162850292
1092337794
19978532
702917568542199808
45413510
19530134
249565463
4876013217
475974071
14159387
1354300610
79675135
813286
80807224
44095707
49919298
182855770
52344859
17271301
44914139
191391282
1155935730
74521060
134747324
527526077
78632007
30208652
329004403
321593539
84858217
67031748
16148062
508057637
1489091149
90495375
148785508
209077546
735206540
196185132
306472861
93000826
2583804146
94171408
22486179
2408494708
2842714353
32157863
151111625
306742449
21862844
22480771
192943474
386185882
24747067
126450726
304722726
3904546872
20185597
14293310
3108351
759251
428333
68965711
125722483
220954620
1613784865
3313019133
62470066
16926646
63445104
25984418
79438454
82850710
3095485302
120883087
151825149
19935157
1417482818
419803488
564686965
14780915
171902387
516596346
147562415
1900540602
368936306
868556720
18676394
329114968
166556632
398082307
270207906
1023072078
329143128
19827145
2479790449
464769684
235498210
23950764
612473
43933842
84573894
258528767
77817431
51241574
6753242
31083978
14511951
1652541
5988062
55233020
899557800
92756041
253913433
234480379
19557684
3060631
1707427058
18654658
33546465
742143
87818409
128216887
60845623
179887262
8170292
19973333
738561019
2835345813
150728260
52448048
104442263
248650381
18839906
103888284
3330128080
25677638
219990849
3178006883
924165906
21522380
18096679
17939037
249158839
845998964
3190229835
74280581
227448169
537540166
178876017
1647967164
218140824
61132876
98955572
22239898
58770203
83627955
507672047
2870336535
27716272
2826382903
175364170
2775223654
25383000
88448865
1347179029
49791528
44903898
17618371
15531225
1387302414
47645546
67617769
196609435
17335071
53123323
300264948
23783201
28341191
125990413
39749525
1046744107
185191262
297948253
38142380
788524
7587032
816653
1344951
14372486
32146563
20841000
5402612
1083903146
22479239
470919881
704658733
2815079498
222177567
448969916
2250160090
257410291
30290872
20386804
1879307078
52357284
124215196
246970277
18799102
471327451
25114239
17536850
14854023
18973436
21852165
972651
71370894
180312830
245525303
220462781
1183614356
55801527
25040193
55683923
44322363
434239640
74174550
60874076
310173690
93611606
2432115600
496297934
20555423
138391837
2418337107
15634351
18019082
17898154
1568062027
22926353
19532339
298946324
50354525
115916490
1265256432
28089599
20580961
631406811
31164731
211269846
353736540
22926133
21077255
298198977
271400015
322711543
20690975
267862013
20972190
328634628
66333601
85325863
31382075
1462847330
21488679
19392544
68485583
14684708
16328845
52388638
221322661
247457595
249390059
621990574
44670665
14225363
260164364
52686160
104126657
24871896
23440052
24277513
19767212
18698747
168464403
17537057
14162217
27450925
249651341
54974060
146470926
416552443
124608864
84637834
567191434
300734252
19098324
14847161
31708760
50070206
140928235
54188653
48328150
353191917
580877292
259667037
265454935
28084505
191798531
215975473
24200426
22062693
98190665
371867216
24025098
20590616
136221392
234723547
20600229
14224719
15439395
22788710
43430484
34198151
22512451
296169712
