1003672159263252480
838422042806382593
883451358858231808
968546584337072128
941963392838811650
850524929241915392
350980255
988735807753142274
959639602708455424
739649359436881920
189904320
2247052368
262321413
275333395
2537066455
4703257752
443743140
732625087761801217
4631141233
2600051718
903595145655754752
136801934
309201677
977184840876347392
136615216
630373678
2914422350
974908588958171136
2162177683
3103439174
215947115
3504423856
595375150
251027998
2441502296
761198528580288512
1630371487
275467459
613094969
4846862070
102958545
4280160552
774631334912200705
932078677516365824
919815877008035840
846044655556870144
2695793881
4689289610
909594773530460160
155532817
950414984793661445
187724618
853614389194248193
943155301049556993
1249668408
941621433712631809
882210586204880897
566404586
2266565791
147729087
872105558030954497
2914745628
4603660454
289197405
741165253480828928
129210861
3114594715
127165488
937253511758147584
117351566
2516341849
503627761
1186088402
927380044028063745
790997883088764928
2350921981
2393338040
15044407
795600955622313985
3096270074
749312874
918342447511486464
890588969808703488
867440512734601216
3704955313
207445838
734483246
789474598102249472
877896984727666688
171377966
2610018522
1324526642
765152044206346240
2322703015
119406927
834745118707978241
466504450
941098668
783584115526205440
882490497989697536
885713285705719808
169725232
2541114582
761914655195357184
2154631922
847427509524111360
544054840
862294767106785280
3307752547
112706379
735445979051134976
2343795212
2199635336
3043761295
4649525772
816408615145840640
830767584064581632
1923834079
829298628103659527
310297947
179464300
865540630172151810
3516963691
4747663634
150587982
1051036610
456661324
748781108326649857
2728018016
3283169436
724912338676125697
2383781760
564308133
833311593937072131
834654790961418240
850222339132235776
464177219
2963593771
946279309
844961535524929536
844174744266002435
1868018148
3222108954
221697121
582576296
97626436
2311034346
743819064053661696
715081094857527296
192082477
122344273
785169441793282049
807100521513259008
178299396
761866293171539968
2578953774
924981638
3110893881
776325799284662272
59012447
2928071647
792119077460291584
788294418482667520
1414521091
56034957
785001975888744448
145215538
62526281
774290954027016192
128203262
2206259683
2449466539
768023956037050368
344615037
5712792
61674262
130397418
1321785247
718919796570480640
733363475251089408
729063513201639424
594473061
266916856
83571508
1662428682
128532477
85346848
321783658
2165867514
3310668307
3258215702
1210299804
3155412342
149177665
725420777168850945
36332875
152581845
2895717614
2999317412
14834424
3562208630
702051986854666242
140232594
2294399695
326068639
146964561
99733053
704516978174775296
18599609
701342241894182912
3006451548
92718124
178672944
303607997
4712992236
383272479
2245671601
450526927
4634453905
2887156580
3180992502
105761806
130758433
3860165652
3223410194
4343062813
3071479130
436659933
4243447992
2862828540
368159606
90619969
245322560
2739483373
1016008808
133742851
207272138
591999633
2274389514
3301259403
55505450
210810409
1359132072
72056985
110078310
2831838804
249773014
85921197
91998310
84509353
103874912
250496374
3243245946
149786023
94263798
3321811662
5121031
3745848080
605563356
426940976
3592338679
1579458008
351522509
3237868454
98153877
92250594
153347378
2889567786
939233654
3190721588
188230639
3512939774
2945950693
502027691
161241875
106343895
1744228213
3265917326
3507616154
2209633178
622622535
2366343506
1852813416
2862280646
2228316085
18320907
1464456168
501776011
2518057999
3297508052
2921339905
3051835124
165408242
3260038484
506006791
2826520676
3176907216
3221980171
3081164154
3245237534
2286430410
3238291098
109789826
229777597
426658623
547578752
862102080
2804523768
3178357676
2231339953
3000389466
149382102
168173850
599479779
1565078616
1108655934
2999593104
102960133
2325526856
2903427594
3096624860
2515869042
3004446667
542633768
255023289
75530960
114093174
996380678
105773859
388011467
3021547297
177172723
2198635178
1180409131
276956118
61151079
2268236952
22580500
2837492438
2864659586
99040352
2991168799
110540719
2762730116
2976663926
459194296
615415438
86079575
110148783
855390270
364133855
160101153
1890280410
611802854
35169422
584615384
364069752
80696278
195218162
89852840
2374396766
2436939163
163376135
395880920
597340885
763515163
505186837
1379792670
1934473934
2912346728
1956435337
1313144725
899738978
565884155
365950119
157362276
37607959
245172831
2919536708
1697044513
120731787
204219636
98766222
128500537
121334158
490200529
82977022
2294325392
504692012
36614104
704001128
2465783394
100816972
144297066
89704860
421067376
585406225
2785125162
181973692
215283962
103042656
2898935940
2911925617
2218787714
229474142
169808926
910197230
847651436
817738824
2858129312
125102329
133133254
246115667
931017943
158679881
2377827810
2810825203
2684697199
2589215844
2793879212
532130368
2730067338
1127764358
95792968
115675737
1303118580
144420821
268642165
523292325
144906652
381960146
2531306005
2422349761
2175475700
1039061101
386684629
865374331
2659610466
82899725
724183550
1954141130
15747608
2560247410
2576647156
2595927992
1335583706
2592412267
973810190
634506234
2422041188
2558394241
62456074
88177049
1369439814
81896107
290837711
2282222906
136682071
126179577
132039700
2368858081
495859345
396272073
1962235428
1341585114
67281686
1341753116
134338561
1261169058
112144181
227224074
29699732
155538391
558569844
1680590790
1909631047
866504378
2515515894
1897579225
126903024
1020096846
2459513107
168424688
192160821
98583583
2276113818
905673337
89939732
561163318
899099851
2455044632
1418025667
42160134
2196266035
2351672768
63732243
514501435
2439552559
271895946
2413367646
454808787
1363141951
167988669
2373650462
2234626236
2247260737
1406329178
455402021
2346750894
324936389
140700594
164733289
1356891398
468432206
2215317078
500574513
1527547676
1654065085
2303087677
1881467768
2275440151
153059521
239296635
152280699
178221560
569175807
444181176
2191573164
1923304675
5789652
951164804
2353040131
159980790
1968929822
2344398212
2255273630
2282112368
1548227617
315061296
609674927
114448717
118028910
239747335
234136227
2271612432
1598607552
236502714
1124627526
715977950
133092979
1075232304
1712727654
1601076835
257317608
54154790
299032518
185503572
556644463
165737402
1518947065
309041446
1720304348
2235358411
1657763136
576350838
884448583
212164688
264743944
1498434649
281355097
348202691
1082238769
203081758
1854379249
53614412
64444887
44419988
21565164
147966879
1731785977
116962147
2201618478
1516127510
1718087035
2185762740
1076216052
214367676
248607864
2188333723
1576879963
1564788258
1620873488
12999852
208215647
1954741326
1201268928
122075231
96279228
1565973908
1850564587
449349899
1639753230
360929228
57012462
126266568
200892072
184380120
173841491
1717652202
543266774
1415589931
1445083819
1264189208
793760431
862509973
13918812
515291981
315724649
482992719
384261144
629395459
564384915
175860742
101146908
419202359
1206790370
508920558
1383574422
1536832664
104391980
494031742
383153170
429778744
986380010
216043889
185046102
125340409
200425941
914678756
211926931
9290012
491107412
1159232264
278467258
1485088585
372098016
857509206
174144074
988224091
585030195
87459705
1426135081
126158907
93151912
165352668
153011272
1415968638
379152484
383305622
131373406
198481924
258617654
1358489718
59766818
164487076
989060407
58851756
173164451
138376618
567289664
1302769970
187253398
356821272
343160751
1031697631
1065755970
239484564
189128304
176393162
150585595
102280630
131532066
629061284
954743660
94268965
210899758
245761129
163513916
251089298
117036230
144104281
134854070
781733726
215528073
1063104284
367424946
1014249716
1039753026
425475157
15133443
306143655
104500939
973504836
606058225
307620308
295539785
8451832
608107550
497759303
269190500
130550566
63932868
786265554
300783266
298271029
561982677
978338304
494723056
120978354
76565781
269602235
961637100
548400841
95393242
106429869
248385404
400654714
821779296
161960381
862601480
931473162
37849792
411409606
74480792
335041011
30389515
152586903
508606613
163709878
42217482
793908656
276828333
92294923
10701862
301470422
854487565
606539527
557884542
797988751
793412287
160167952
77977099
71121694
617296278
171783727
210772674
184876368
165765089
282147390
81315323
41358831
169388267
482142243
354822288
426510773
5661062
572610178
126255074
129020925
478755229
169524683
52654333
303844183
129805927
209497542
490161581
133058301
534978892
179937705
50289641
170221175
162234490
117733997
137993939
233038857
194487766
471751304
386370681
62073774
331733016
306281601
154563679
187949396
203545457
128547362
399744574
153059239
104460265
106670505
145543715
128546353
64913014
74701899
