107562144
106170617
976035398089695232
543945554
280495713
195875098
15745368
78599957
282637448
274631444
26361537
703563917197443072
380982656
507377486
2850017470
81994344
96957954
279602391
58444150
92653124
36583780
2900662775
3092470732
119179850
434239640
107627375
3308473913
195780172
134570997
757256419326431233
969403218999603201
18754172
4243890981
2955957994
114306617
1465904430
2866204561
194182383
3110626306
631414555
44196397
713630874311516160
1707372649
1968849613
94370717
1388479214
197920881
2701716678
1388504299
854444326595833857
867354622272430082
1228312916
242046327
3298466031
205832966
4852859639
76779177
2392778790
2676596791
54620528
3243658266
455166125
23559248
89194184
3427845779
3064614135
148518377
3223651909
47395667
54777794
153784150
4351458928
211180753
994741592
54060157
851108442
535584786
525754667
368276033
1284094874
3164082129
596655733
126357906
248825637
95134013
171299971
340439704
134263811
1941782490
49658852
3099120071
594802359
189693823
134733894
92376011
178098217
248655839
94058128
506391129
122005703
3039742387
2548120597
17413170
39577295
240688509
28593358
701745133704843265
443804285
281001930
68164526
2674450344
54783895
19766656
537595283
971608718
48804817
98345271
1114036494
151540858
211492125
26772118
8782162
234008630
17308153
54441370
148090592
1298881206
80595443
1739794790
389020254
462346627
121140184
36339032
322399058
172077672
240572515
26247736
276266019
4845606717
2610263066
2166430418
8161232
169216392
5988062
255615395
309677292
23575595
197314637
63061256
384328131
102789583
2303406624
3346183579
157132900
147369276
721195337
49835387
419312513
117131115
2835312057
214644125
1243913732
151986842
234532781
2253219642
3971623697
25573750
20157752
86525622
2316854743
492952842
426488154
537951506
18156714
490756890
138456571
21302878
2237777358
153632621
217461138
703581570
30080853
2228709626
2331900480
112785317
62873433
107441961
85128836
3063082745
16816317
3376992125
3700180575
256773318
283243969
61316999
63145571
2447234502
19228925
3401263648
103692474
90155699
516185577
501185638
2147708673
214010563
52289632
44212042
3106683784
189130103
178943923
56672870
78926213
39764991
156635674
56445946
83407967
61585211
135302794
2465983350
2379366141
196364805
85723280
36387600
80330112
1174486086
115144000
74259828
336761705
353786894
19888718
39623312
402629721
333653406
556260847
168241263
90636188
2222976084
145459615
128644976
1619804359
118342745
75883996
33884545
123708811
36748148
525264466
89674958
37303294
82887788
275226047
323319539
519617918
61787653
38170974
54502344
56061098
612619891
1143472657
179414795
94605139
44043856
261395720
596350571
68653118
621886690
86691471
186961616
449881910
29217514
54713891
50691453
41678272
44212620
140409019
53351385
67022569
76931020
527526077
320987486
28622388
140475562
109001761
35443593
16375042
193357458
312015768
62566519
216494308
300923363
75586098
169746781
167070663
410828204
38161141
588220902
65257228
30082130
501824240
97305237
147589125
540216621
485588695
113301403
20379128
224651027
279276423
21044208
170863272
123577980
82790893
45575696
63730093
718943630
19981306
432507102
131389822
26121279
45226801
44571497
102601082
16855277
210775513
88806136
609240297
118709332
145621447
76947892
65390942
17508484
53056037
249186003
36462645
16615191
21396136
91418676
309086711
26114902
41462410
210899376
124172948
44145131
15007299
65489923
302162093
507672047
235910394
525208028
122009091
22622572
214413743
414248813
29774933
82724710
388421804
382560919
67355259
264348057
54359532
20624564
21255118
202242797
146508565
198746503
86779821
161720426
155093489
192247951
26037957
143480519
192248259
129814409
281183567
55746458
238980513
327639259
49843418
270526052
361067893
58557773
309315181
402666941
410219333
465623997
480927105
92606990
42215108
27009028
224201809
22170001
56103220
53767638
84648235
229454266
119659524
9288972
281635993
61738142
82322622
68674747
318967677
22903129
200279198
52686916
69009066
332898591
10893442
45604573
23719107
24022172
245026504
26401257
226087776
55353207
55259613
53053378
39574319
47491330
20034091
17485118
161717570
17540485
106539033
84878445
48472204
112756496
168698794
123311121
31401945
164387053
39935295
44340677
107872957
20464600
28297965
128155589
116757352
41906364
138041655
16143542
198678515
110756260
156606331
73635568
167321831
157055308
246772342
40002562
166905249
78502161
213969309
90320997
20517081
239172505
24871896
136399817
31209800
64252221
49391820
55801527
69008563
71370894
91083585
115044590
108247668
111280097
171985977
168698399
53294902
150780708
17940246
49488784
50701654
21200516
53047484
45578562
37050345
9574932
41570708
41566915
19977449
93819292
26235265
114729566
6015212
21046818
17485551
78039816
40449662
24669625
112874420
14071538
28588050
45843783
23440052
43877967
121182328
55773562
48459607
57026046
114311668
15907465
11109172
85462826
