103828994
983279177448280064
97476564
22128728
408503826
309788383
812229093316034560
44600963
16371559
932081682
2805354282
189148772
14242243
462360382
974039568277233664
28339377
1224491072
21184387
83380957
3139923819
104440274
1978459321
576081136
326102365
2398507758
966377040042692608
2865572405
187541028
892910803
968472942131712001
780403130353741824
1670493996
1497827006
26251482
363150061
35390520
900631435
2414744282
703175500231868416
360810203
68707299
65327924
96967229
925706532926443521
889472654230654976
22793838
165934781
924937756245217285
3252311944
899921612409102336
4122296362
374407047
1131378542
974313059794800641
47161450
82387220
4734393568
3032482690
140404327
886621330086535168
21078110
54249401
1134191492
17250494
292279792
4053203307
802188080979578880
3217020699
21652012
23254703
1545173791
340386921
1378263158
2983214001
256015178
19708616
847471258908344321
499837774
870249805532065792
454801694
799187898503401472
2289723828
2933285823
249591910
861282354
4039993882
2805529441
969178899560230912
787982980258160640
386489047
447056672
305237685
237312459
918949868
861837131022569472
741121004
747876165050896384
720719186
971367772881121280
913483066303184896
3348872554
969561620748881921
2814349251
802252880
2875553746
901983847
808642699800743940
131335024
811308542586134528
964460123333844992
3047079171
272942192
936564390790385664
953876869723631616
212971462
62228827
301363559
913047673963515905
285064769
955763825743196160
948351362101923842
757872731031539712
875303349091827712
2590215079
215973026
892750667244326913
929114829008273408
931599610975580160
47332877
1365436934
747810173192904704
206609118
1393373828
957188658
117154726
32987613
1151247469
117031966
839919910771908608
293539037
46207509
1399950150
3369207424
51458804
779766458
756581566948708352
108552321
52004484
793139430697668610
225611170
304077453
4584188601
556840925
827164876598571008
914815701482901504
888465817641373696
22126297
20525174
27853869
4705167215
22851927
3158196189
319445464
890702973608882176
254996509
218458838
319590181
850756000139415552
21247989
518578547
885236000
176175363
835147257599176704
3318033520
810587476817547265
834374206783619073
859715609940066304
804634613998120960
4141708347
137287511
719851512869097472
867670256319426560
632189986
780309730413645824
785489656418893825
750617291180703744
2703846739
3169631890
361971928
902464339701104640
781158879849746432
317086754
383665643
346690804
1853990900
584054653
82852851
20527374
569106612
849530416042299393
895627051054583808
114702736
1388291042
259903465
185270441
810210920173539328
859053719014526976
282523421
2764980172
33691789
48028409
2713941384
296919185
204725227
737680888633364480
48680617
1633458602
262052473
2994115012
365363320
17959736
529350902
20666304
838774697697370112
837310161165430784
4464907167
870201699360800768
728550619
739813869758107648
1106898979
748964840
14932356
327630631
590057461
3298875949
776448064143798272
539506506
831465663105466368
3428030458
710216139691991041
3169753600
822126337188098048
492529215
124293597
835254031454961668
2395148376
33569515
784037206277095424
3478378696
52339140
843921273961021440
758648270696701952
847541490561802243
772237211991416832
776033613448175616
711806511
752070743337369600
426706000
266600459
2829371999
323986629
705452243340955649
3260103761
3494318789
937217370
734762460268376065
388361388
732927050017869824
270990688
436767526
4869163721
145309420
765201880838537217
821347189045788672
804008087950684164
34238944
2891832249
769147695755853825
697385713592094720
811153171842301956
704628888106889217
975926418
766199270919790592
1704123734
20763062
728192766090555393
58782230
2429427672
195285255
223420347
273972971
817052663560962048
2229711672
762961704099672065
372369122
574890110
733320424122134530
717358674415583236
2542037966
801350349999210496
1114598918
793484883301728256
1410661658
47356812
738375524196716544
94864608
2359382988
4501819821
753893331252482049
612582994
809394221077688320
849085398
2280098051
515262973
1614981080
16924957
753894216623939584
589461432
3046890317
2690072258
198186500
299196890
3459688829
2734761302
22781259
715190788238479360
23848659
256546304
2657583162
808798318658748417
1344693667
18979962
109803057
383690486
3234319103
3014281875
2885469442
758997119826997253
24468619
213734587
350884062
189579869
19110928
978215376
21647730
794588733601357824
302092588
22905899
360486593
56679004
1241204352
3694266797
2561290381
4098087857
21181713
3433103992
47445729
1329040422
3243860121
4328649471
768460342808698880
21427663
765838001603772416
209076318
3908170103
306249115
788805921304608768
436252250
391498249
355439889
3107424370
389406505
781899056155009024
34732005
1620913212
542900984
140874004
786215722439540736
420450858
728586718597746690
2685525024
701800557074321409
136199860
746750027687727104
459523323
114535079
753893642159460352
189686288
778607522395676672
205193400
170371086
70679409
777217445421584384
772239785029148673
361451467
4704025457
270599793
985275535
728885358
163810191
44593993
2393747807
94338136
2556474408
2833873017
2504581290
156202309
3650743455
3428038655
23776603
116919709
917166918
140590746
823230619
2787681756
92533076
110739696
1533295178
317918727
2395910971
775212020119457793
730745816843980800
2545088093
1128599449
149961283
292844290
519596913
2914750757
126370644
2383535666
104559676
21184930
19543893
3110515546
130879415
1359870852
733786426622509061
45103741
4845535121
34645732
65619387
2929094631
196524836
24537779
720284646676627456
366568836
330964709
2711589498
748495354421710848
722094983667458049
709657816718557184
3014737317
198895937
2421873805
721090737
176460863
238681779
8236062
109108259
137738656
293962977
24693705
244179653
501894139
790302180
47917870
17008726
15008796
30855079
53401305
190049989
716594144341331970
36937996
2485685875
2225062639
40714100
2987118125
262417001
4030285198
17993370
23463418
88027925
137407681
335827702
31824920
112774691
529628511
4244932167
2708841126
2422388179
722795596306755584
40586053
745552059869495297
2196072324
65309482
2438501250
392910720
146401381
749069035
761634836
517707830
315270234
8509322
342376900
1886175402
21185175
2969575402
714858823937363968
270535859
3056031166
75157288
3650332215
2229725803
118988056
263711211
4523488335
2345460608
206268486
347291056
423394265
1926285834
592569785
85363141
22510935
108731973
39255625
274065264
1660907198
38439578
2841869716
28886982
42474579
136396440
197476984
633740408
2573457751
2744328636
817161871
2365970725
66369248
176366765
1217914106
14689295
23699191
3042302140
19877186
599635528
1098445670
4726595553
3356852625
1630766245
722490885217378305
334286686
4536389121
90939972
104717020
1606350666
582887538
3296691473
707138209977917440
3263722775
3427870228
1099108194
2340784448
253729838
2447558125
90962704
254084744
603911401
3815546777
43877891
450570502
435216346
59416783
3072653511
3350879789
858131660
174813114
3360448516
255437683
4149974477
223116420
1023072078
314663950
2364010068
264880550
3129648193
4913099849
700984941492969474
21645839
4910043250
3428521276
467507372
2663631109
820307304
873346338
2910109787
4920509507
21215668
4923539721
239423711
137717330
34284847
2865357073
105500592
25804151
19405774
1897293661
51801832
270973384
57045140
93839429
281117681
21997485
3302905078
3355402666
65357491
202549342
113934849
59481022
46083725
188257970
891049921
77246929
278070004
3236135931
156646764
32077185
135464303
2880788141
356899008
876771799
40341793
239313282
2224912966
78878485
353912108
323104601
247546239
3064303953
95682967
257914178
62756758
385351891
104187944
784508814
237311639
3891284723
280562714
7709702
52827524
1150735680
1243651956
830790714
2831648992
14701564
261679581
2236120428
2829302254
592967005
519532671
1894628912
755453756
91798218
612492250
270408130
4002764913
463048679
3291569164
807847382
490451070
214366691
3739572323
47911107
2825866236
57742601
33927370
1073338716
3107516530
1568418709
23045524
3118764441
93889364
216645046
3003714520
328944000
308985667
1264266097
3252278350
180350981
287827409
217158910
2690079829
19664647
94308410
3226043632
3309101751
16734382
72824493
3378851901
1379457176
1225555651
2969736035
57018084
3974810055
2644688742
2283765392
3199995351
3802113135
20767971
75032664
600316686
90595025
215136231
618965764
3380478309
302103681
29681648
951363799
1280569286
281052668
2316492288
1735497518
2215971848
229840075
2362415154
628496037
2358138343
3373653183
39969690
714459612
237741580
190176121
109537508
18764425
3266382811
353354174
3061542309
1013487205
2401328126
89432586
3191047635
587362526
2736738895
1851432775
2315657749
2813367409
369429044
166974179
2161925150
1005039176
2577422876
67565928
3142236790
2527943558
3004053501
861888036
3089126105
22610793
1265497262
2769409808
886833049
16010685
313319164
267660770
132882398
54906905
25295846
278694769
3288658107
34587576
394308564
48713836
286175365
206338051
237279316
272006637
2283776982
1056239977
2933619598
3208440059
481129150
68667445
3190989435
169686021
605545131
241056115
424324825
1446388387
3007025930
537163491
3206376521
23455840
36996853
2698349568
105762252
255938471
392790894
146438653
75744893
18355475
820251739
1569327272
2797736465
606589620
86949524
2917922429
24745863
63086520
1256975407
921519337
16667420
385886561
238666785
3217755087
2444980676
77843048
455295906
1147466910
1186771656
3159855559
254560515
2687948396
847445970
92040261
68226053
330269228
3030449350
268314281
2548267855
3179418575
40208431
732949178
516558494
90846093
115429776
1085422136
19535511
21350750
482170802
132923130
39054778
23962187
321053797
126632581
79293791
143198015
156030863
1000530950
23561980
111256140
2708935344
2990030843
206369202
133281075
27039884
1729112666
2195879408
2336686706
2615548308
284947162
132257196
850840730
2872425040
78564569
1111506787
2309770436
2394201113
3030250079
239321336
833433402
619965427
394081026
1346180581
880332324
1454910750
2442457909
423000189
2338196546
249596803
2342653394
2915539919
234730635
1691144156
2362558830
380929695
1362175747
90647634
23620010
279121988
462851244
2888827133
165866312
372287468
129428437
529389624
21753919
828663228
1408457989
2328809310
2215464360
21593918
23050743
48283672
62870442
906367262
248677329
38040545
95997981
441854978
24989198
2776069585
505136827
21002081
23933866
53427689
2280679268
39245299
154095255
135132073
90636284
182900013
76465370
311601999
416258835
494947450
112403796
167408971
294110564
377888796
2372025144
570716140
592823935
87749824
2431010960
297357301
469496081
138111258
2686026344
62475573
2416086530
1048872061
1400250343
18625669
2673827389
28123344
2714421672
81094688
112679919
2470586658
497769084
65733755
497768546
2851061271
1627741537
2728907364
22915354
426510710
2301522037
493970894
137759690
2410896182
1374824696
2810561747
160510237
115633811
21759979
2270502765
92237150
1152233419
875549772
2813981183
1444618682
279160174
47774773
2653836145
298029963
87695374
385471138
2535299377
2429028871
149079143
1063967581
2259003098
1931775006
147149230
788145050
242309132
871291698
2510362014
276183830
1243588111
2526786750
2578546728
912221359
42845011
187889678
82333106
239482371
368256674
2467605470
223449240
41787164
428917678
132450735
1381456454
378765508
2362412154
266174664
1324167403
240751445
288866637
95875967
311987336
106190720
33936387
2399805205
85334840
111141753
778937203
301399528
305506258
122028721
403500421
201319237
2609402497
492248365
927236052
2653301864
267385659
59443174
2365707145
206188508
321897172
29425441
142372530
26782958
2214268818
2596860354
1635605102
1111599241
271441723
472827891
87209185
2414918485
117153415
529331719
2599661227
94063942
2308475401
356934072
1488001879
19529288
1354675818
2603253644
249575397
323154299
2351662578
2596891496
184156221
123520779
581983707
15944949
148386845
1371707185
39978318
917519150
1279322077
356751679
2351719476
1725085830
20678598
2321107436
294879550
874060801
728035586
2346746436
870483422
377273720
306109065
32478535
2436890628
2527525008
1875017430
193333713
2228500177
392625795
54845521
80329177
1962857035
2414659699
966524888
1324798861
322693350
1291883358
22991656
295911506
1450093375
747113336
174612664
330978041
96770382
122412653
382665801
534126256
145678254
1728662804
2599871022
17314715
276150971
219240315
2327625956
103258632
197566886
367728607
280938671
375806511
1114535035
26534633
2314413480
587354752
18667222
1407761972
15002620
2425642922
63820238
24186861
551942452
15467923
22486752
117090734
608191127
97221441
2475051492
2390083232
485293164
1612360058
28094555
1209695617
211695925
34575615
900157094
143023462
2363004869
278477252
615246172
70968175
1327224613
1662181946
884794020
72575861
218948414
27579290
22762501
481366525
2194329990
275096352
2546205865
334694517
1200919208
201665105
897228684
526390902
2399371890
22924435
1231712474
34627598
511856111
800445246
436661960
72497286
193668905
120136323
268450537
20139563
557803400
401642936
1844725345
39464932
179487120
1667282498
1112031308
33697387
136624331
48278568
124416342
236422993
1960693316
325050750
586098002
471497003
82590986
107659822
102104702
205761470
361096468
424272003
624987161
39734835
594579085
2462843748
1201796664
253488592
201649319
1533400633
2375281896
2279042521
617231295
142641052
183978354
1171750549
118203448
632016678
280551531
1347077472
89505973
90340338
149537482
43942229
2502713863
38961153
167412756
802318160
252572200
34489405
202538221
154130656
2458368350
38450551
388293832
390726841
330205850
1148545099
2385532513
293985922
182383080
62283868
2191948250
262202937
87911130
214837137
746932488
55146602
52678066
2323699231
232974550
26217850
2439845857
167166894
373340803
234495078
595869341
157998965
358117181
403739182
1152088849
882396870
718039986
262778149
2439782975
2439608883
1978333939
341560497
66982862
89458279
1730062880
123240170
310324900
1128341118
1372225908
19298182
325038941
19400602
57281704
2221579093
41399376
1443473256
522250263
569159458
40310650
2148632402
322108941
2423537814
480711599
14513340
1017939349
1197143490
19182714
581026398
712428217
730490647
523806390
2289915289
488202675
511884561
5225991
2328558738
2424414649
2422052340
44102921
2411287483
322225818
54653813
282306240
45952391
187564453
18637730
357500191
37920633
334806664
1916728532
270371805
292884306
516649085
367168495
609987671
403522137
102033946
222138376
19391494
1108799773
592723566
153405634
479650495
607973986
2350244678
531750633
601869039
34231800
126146818
221185711
322285980
1630736419
101726287
866914850
819609030
891034394
366528509
28551046
1553606988
882556158
467619557
194499281
2162106347
64510593
38405188
36625174
636862148
339184070
1379059549
606329422
1251328836
547897753
214532126
1548233304
1712415488
339651787
1454833292
885273266
2180459027
168543375
375103276
384883977
716268751
231857254
1682859210
113670547
23056885
171971603
1966580215
26790860
1531251997
78343381
1861646779
57282583
44104271
1137174900
89214789
404080947
26487668
207592117
18854056
613337650
226261430
511697359
84614067
753744834
250568380
59079741
278560126
21294094
21454513
521041964
615105390
531220945
914626069
405450253
14707666
167411323
21080415
430888885
117553981
1857056466
31128890
17994096
1454315358
34215544
1874831995
86695861
335177574
1640508319
92957219
66330326
1222462711
1150517468
20770237
298989483
174679299
54092452
280157443
1324359686
408850171
61508278
588232470
376085823
636904915
19703473
128157442
348576395
216332444
301932395
1011213510
1098154165
424924229
148431215
32402527
1516129392
432093
176361585
1484856889
134382406
454914724
1375024549
1044662210
1128361164
322533935
62520838
20900043
25320756
67261832
59742254
200839912
404365103
256127015
57612077
57092818
14786138
41162914
1108653043
115626913
24887805
33550907
132904575
130820160
949707120
539094773
248631631
270406720
270394198
21452577
86956817
113939842
59093100
159418384
367978814
245826283
367713530
329751766
53092622
629545056
299629156
1270799208
43522180
531401378
434830971
7590552
106707452
1197765638
65033956
30364057
920922511
44092605
260297725
37878115
71508434
21117752
921492469
755720052
525613826
26250599
121816022
58546726
333607315
367284950
202331807
613408281
42589112
37941284
211594837
17020962
63817592
276888473
21309731
363327196
990102517
257050286
87919043
62759300
89059001
26380884
274128051
897699997
80856438
161659542
214842423
239337832
863222168
120091754
39245555
325499055
21295141
55249596
365944788
282135017
329738243
74419552
111628028
82051948
256575211
18713254
20015311
19661294
19598680
45266183
284658578
21291593
474371225
205731536
146597393
35716374
595872908
202101316
22412950
14114978
113343593
271353673
18843124
135124471
135123590
399428964
271398203
156733266
209644081
110365072
11399812
14353392
