958357143475732481
818569479055671298
973078813352501248
993673839421911040
3031571290
961159829300523009
960140842815045637
3655891574
994374543643824129
929887230453170176
800661847657451522
3321753215
773836646127140864
1644874213
968645337140244480
247406552
806447890604376064
973458586029449216
743808291843637248
3093392382
994376962528501760
804274158041518080
299376059
928936552436305920
954030829570846721
2862541295
715021427745775616
986724161895747584
2421752924
187622027
1362995822
902511252676780033
2832600182
1002415433809461248
4865369344
3045818053
937444159442636802
746161077595967488
942222578210430976
51336072
2809166419
906261822549852160
859458693485674496
1002090492350337024
2832424613
414009300
1002145172845682688
545015403
1002833267693965313
994014549991768064
994012050639728640
16547087
1004445207373500416
925390469693046789
4456278074
55222443
977237620823486464
913909536402030592
2666403512
990611518973673473
997720243521884160
799016274298830848
194415706
833063151457415168
894684364625149952
1072321375
3401207614
995101152365576192
825130046515970048
183775163
284188758
954559346121363456
958086236
927492094062624768
1002862380131454976
1002937293576048641
8157452
922426521192620032
979869550132056064
851967387310141440
995202535463047169
934945573412712448
871524091668439040
1166898505
996608806313496576
138888495
971612518622879745
955929959033458688
160311954
991723935191523328
908436174863241217
834341074286043136
999595167312175104
1001881136027533314
997100764731465728
962985378918658048
811067395
987071171014381569
785591103051354112
866805236291317764
995978359602601987
910774897080537093
573166828
915028899247136775
1002312580621307905
901197888457510913
976115318098677760
992000871637618688
1002246080061431808
2148275342
804546891438551041
3075181277
916117863433465856
989210598155194369
1250885239
18353990
914937658178244609
905091733297303552
973726536883941377
988490093685075968
956489166572924928
998683602551525379
3002810232
867763711548821504
1000743732159942659
1000723132121042945
1001611323309023233
2815864226
72652164
4858028623
854088369156104193
425311031
928291364902711296
735441225705259008
144883123
953377966012162048
900351161072361473
32356800
12151932
1001297326969901056
798139974142918656
974682327929548801
941362062218924032
2300301816
2540573335
793950044743409665
1001086134049476609
47395667
994938406198267905
3124182968
2754561431
937159226547490817
1327424340
946062259666800643
23283718
897216479334027264
457463541
999998415739215872
2772222997
999598274150588418
2281553011
718509191976120320
11775362
936423745924812800
220396647
836085005533114369
955247447739129857
988599273414684672
1000534911961399301
836395537
983376926893993990
788717662088159236
999438585731444736
2202380756
24400109
1000122115964710912
889583509987348480
999561257026977792
997030857020968960
940386848546975744
882267077087776768
999371497385922560
3380271472
995480369716703232
999034571252527104
980169376128266242
990938364122730496
997136644288335873
172113776
888846679721562113
809725772466360320
956515270507589634
998874269579993088
985083625124384768
4838677404
212353319
881690016975646725
815774729466474499
986054325603635200
866306449206411264
141014531
142963564
917064066547335168
991609625295380480
992327969921294336
944962568522731520
899898749215834112
969459420336812033
350918657
631920490
810945525658910720
3008637992
222672617
394056308
838976941495566336
989828670742323210
1849495758
3646358834
858000839105028102
134534445
3387975939
570703257
708424866
630580745
841571996731293696
2926197031
253232919
875744384813236226
736135420749058048
1345790552
945418169694298112
997056753643720705
995401432177299456
994308055222444032
107955597
249467895
987477747902578689
3015915604
771283507968561152
951522980110192640
2646411312
997265870434045952
935302931108245514
2693239346
958782257451253760
944638264551632896
719899463318376448
48701170
940573358
2779370655
49459254
178839655
2826526617
954434372471545857
216177858
702424535807696896
29281233
2351947259
485956686
526784743
920776515599597568
3316188450
805151450913505280
2151064855
965627748592037889
871139876686770176
274163827
910717409127833601
3293210277
830974223891861505
765016439090651136
3296726464
943286776914780160
32348951
346726871
982469385590886400
993789966177124352
996547929786564608
982905034202648576
708459497992237056
983690309824647168
280826651
62752319
951861539841200128
962483855272931328
896705225456664576
93210744
2181523676
964073401076793345
2411603461
97157903
736735843667173376
954643477958049792
319813681
941177391854116864
942441251558658049
995461251965874176
947308606197846016
981541855526641664
989446292303687680
751712095557734400
928548163689910273
988500606951215105
911125075276922880
2985144780
29850392
848873945117769728
994519273136521218
849118625696858112
993470756012068865
995103140318994433
962330843816648706
982360588843208706
2408667927
710113459808165888
3044672730
765400193818763264
979760287753519104
16175706
869936161476796416
18044100
994600168296198144
958247488921600000
100487640
746748503804739584
165479525
892216543597154304
952233627768598528
963206524691730434
977567351200800771
921540681692192768
1066922346
2381116411
968571589884342272
856876498237652994
2582536592
1879574730
973297090666250240
2497209325
992883435629895680
3283847042
994011361284907008
976930783469473792
990963520245256192
4436975543
739984257406406656
35803942
956027048576933888
931850477649649664
23989387
966944669765484547
912150162100899840
112335982
42116630
925149255844626432
885649673167437824
3187320511
825008548836999168
836884481277558790
982037197355438082
959243834893979649
706643369376784384
143911123
835287457654534144
990920132728893440
991278562991845376
2413374758
990970256544935936
990946383476674567
933624149804589057
902522103387176960
991721475123097602
992587664560934912
902874971399000064
985887697066700800
991670339255132160
308080051
975735501398429696
977755111199068161
731315521979846658
2570610127
3289453684
3297184043
1380497599
969497397989658624
925303795093065728
1362720608
989918012542156802
961506332930056193
992536923863478272
973923859555549186
976068755649449984
992368869741420544
68959866
909645909473898497
939221556705812485
981290175446896640
957708267609907201
984878464342818818
949524862288171008
991526425122533376
991619948173721600
990333508848635904
140175033
991770380787429381
991520537586425856
991406123793207296
852494837685288960
991685135513849856
990824905607270400
842516328955203585
830410501758779393
988548081321955333
991212360709832704
818885543174041601
989430264165289985
930950441348694017
991269060485746688
978121853482012673
3241557265
969071547884490752
918273298676543489
959896583793004546
895564671033368576
988405167048536064
965948164762144774
936482699958566912
980649546005884929
942212950038806528
15662590
93578482
957376060483686400
882969046563434497
2955906189
977856061058187264
927978737592950784
3255113018
565164910
989524343079276546
947108036149002240
1559626099
820091082574884864
2349041168
986591561948549122
940025910756904961
990616409674829824
973147713364672512
958706548905336835
505457134
985124441909841921
940909372040871941
2842282216
990161877899599872
989449166635110400
988904508280451072
952019936573931520
957088480047243265
920865106912612352
3037613661
877396676088135680
877354871418216448
880319708561637377
990019621825777665
989995077878583296
821982421314719744
26647127
899606995593867264
963922813924134912
930775690906972160
858611664
916298974859993088
975547574353580032
866284549256257536
977791449159929856
957252827834826757
4916525150
953947105
983090433172455425
986927730607448066
929845390815453185
366301787
987951336493846528
2791704000
392467654
988377440203476994
2420598854
797955001545093120
948873288679329792
901700132877606912
973941365116669958
927757673805660160
856666830642925568
956275251465412612
985109580224098304
960505285554008064
989499335669899264
966379084287750145
988907703044136966
954565111
4730243538
985200242055409665
755436847015141376
910794601358692352
941291559965921281
931372447705612288
988132451024326656
989101062345908225
894988135985172480
926587392831537153
971139766296174594
817753898169430017
943485710505529344
942227972458561536
958080840289996802
917399493187747840
979852379007930368
3255277128
976809166538002432
938380518248218624
934231993793081344
958476286690758657
951003817629241344
988744675971489793
957957801883545601
938592099804504064
940525130085818374
958955188974272512
988578575526780928
988419289433755648
735648521219497984
966597805585428481
833261837303033856
981137433931780096
921378663614091265
2956896169
4732180638
971267254968045568
927764563289817088
941700353816371200
901044284195057665
917582065368829952
518869924
980013452814110720
159577660
3238719694
50610938
985550323220668416
3414618047
958196419319406592
791194167997177856
3017837669
984190278239170562
982972401297383424
3032212306
3276538915
136988303
887094786049667073
946366745589121024
789110526089441281
983306483545681920
971429712227684352
923450877263855616
986559470653362176
987709336565833728
922265208445313024
917568339299274752
908331545978535936
917586236952371201
987300327258025985
831372885281427456
991401038
834762155345993729
4165651099
858850129553575936
868264915739529216
927432523302322176
987288328562184193
955885761840189440
967404143425081344
2242205971
923866730199269378
922722008995045376
930991824860311554
973479301654880257
709287140216020993
941519086491717632
935380737750024193
828616872866091009
4422309554
905837662233255936
376114093
840732960441556993
917575898265554946
815588896536834049
3678487752
840729060271579136
894228688165666816
3843473469
3109289911
3654089474
2894422610
832577044714233856
948177637192605698
879942049331519488
902152809298006017
835181278362206208
981506048438689792
842212333959151620
900601781993955328
894963537994407938
1131148676
3034569618
979629886980743168
4776083937
932046535
3128045373
3076333813
905693090714796032
923013015611387905
957891832205029377
976821966203076608
255480360
974500903221784577
3009118856
968692666832535552
962727219721195521
986494417853931520
955667104971202565
958079389371174912
2545800401
923291066719264769
3982541233
971936314789711872
960703832299683841
987592472435085312
4395997396
985037635025502208
922801847642894337
908975941107322880
987065581944926208
983585377905655808
958262333100437504
960197796740526080
925171546146029568
970695302960295938
975080008380305409
983034805754454016
941557612922880000
986530758247542784
912593527019675648
958416354645864449
975489411289878529
986621351522914304
968422953871429632
965667263536877568
984409895301713920
944879238653476869
926760756732821506
853927875505815552
852548484754362368
982746206978887680
830386142797320192
976248531550793728
3096838870
985601866091376641
780848040412192768
3091589369
985446776126803968
930071604662435840
986246751001735168
900995252387024896
911847737926340608
966812395732652032
394771115
910892550067675136
984015871201959939
823268129186795520
985872293082599424
980287139916275712
984048012551999488
961032902954938368
974993581466423296
985986179370713091
985475854028431360
911216779766173696
916545038082908160
902906652289941505
970794486145126402
985044883185586176
968211115317649408
921223927006871552
923557501194219520
971810332506251264
975131890784133120
726471882741043200
726469603816263682
727762155123187713
954279414774120455
906207272899973120
894506134756667393
726467628726931456
727756277980499968
817858097960067072
2412278749
948786071269130241
909275278748262401
2639893891
915852258398441472
3253879226
982798273395093504
2974478301
15664964
91332941
2239830097
983658787906125825
950771034743017472
978240070078599169
984375129525321729
942008382411517952
953426447724498944
967017278649888768
977889420845166594
921287784534392832
979500196861218816
969872857508581376
955363814135955456
969006626555473920
982242561065598978
3003692180
949634472017907718
882971762769702912
4003739769
920627332943175680
42660394
982336945337532416
930440712457404416
2267146754
977491311149371394
881275247684661248
2937698822
975498950378745856
979228315977469953
340037502
3369234799
980022445724852225
980176926940844032
982967223026413568
983742129196470272
958682408848633856
919196492467814400
978667612614914049
935078373121916928
984083543482609664
4753785374
973610600776585216
926345217652879360
387181116
982906547364823040
979452771324841985
967183376687001600
161551870
920624320346431488
982218126526857218
983689959264718848
980956920893845504
972339051834593280
2332066656
982879811055116288
2902900387
960040982128377857
575765045
940310300926119938
918818934081703936
977255382627237888
964885509829951493
983273447571804160
977128583008260096
832049378156126208
18583464
962998560076828672
963290129883426816
2943977085
3129682246
983041626791530504
3120654213
3452690782
973329417761099776
89265722
978896556773568512
1456867970
3006433515
950998404078780416
854870532088627206
1605693206
929332382343163904
1502892860
977629984004149248
930614127256571905
764293016018231297
955843107362361354
982589501057982465
976864322151485440
904971945686466560
939141179458777088
982573375284498432
968868977404534785
908382438971269120
905176346212618242
981258464952504320
977215471861751813
982081244052717568
1327205660
3122902184
959747872819372033
981891099412353024
981799558513594369
977541452774469634
965895757785124865
977775450133995520
921387385136410624
905530314
916229901027389440
945059717512159232
2733022667
467182644
979389461938176000
981290099475443713
958055671819366400
913060917062930432
979418415726292992
859619635099992064
3982731201
2934846610
950942034705244161
866850449122402304
980476996911337473
974716181369311233
2519726980
961169103825272832
899524061138608128
851976845230841856
896386689991548928
894923248529424385
958019105172414464
930700373207248896
964304624080637952
921398112454922242
970999995439697928
980045628314177536
949961618384855044
962262229784473600
924452603676598272
967178300333445121
978807329050300416
975778527256698880
956958259541434371
979714155652493312
871167850295300099
2974135152
975431733012320259
978183331891134465
3236284187
973629310555828224
442945729
2826685418
2567219784
943537777907560448
903090932760821760
969300504034541568
979036910550241282
863396728292159489
972051124608995328
880823944974131200
976926011010011136
951839621671014401
15184929
879131933241999360
941162774788542465
3245307456
834181270271905794
940967776663101440
959222384355143680
958772977767763968
588479306
977248353447641088
967755505279143937
958219806834151424
977170202952716289
2981499055
940924140650840064
968853476779397120
972952348132823040
908065200313651205
942212808862662656
963137318503710721
928332331852627968
2761847679
931794671755583490
974973558077247488
902005769662431232
901456082874228736
857334517509566464
940992291279462400
969324995523555330
975662581091393537
977356696229212160
974278096961536005
920556117771534336
739333854641545216
754343332688474112
702430492
971850472683458561
976896225260826624
975371348628398080
976866883642318848
938538441435951104
976580492823842817
931300020577554433
2451596880
924497003257540608
965835148465000448
952993805418065921
3023287075
975240019609874432
960068770692726785
976344640877101056
976433656880353280
2509930574
955219719610486784
975653795421188101
939315123147042816
946207759422259200
733072179391168512
911659951357140992
915243384775745537
896661501984907264
28405767
969276793999036416
898432250030587904
937928508495425536
942605089461616640
38514936
974253767456681984
975828153586409472
108838948
917452784533774337
975421787881209856
974868286776266752
472916936
920421785098735616
975622883882958849
969360309742981120
960972244230033418
20915293
974866771931955211
812022776257249285
663923
970195969668190210
918809421194637312
913330337131794434
750462328664166400
975010246417633280
969578003671011333
959707936577769472
501608362
974892611164098560
786846231632998400
968756459419914240
942735592818741248
950115425488130048
894876738215305220
933122075912523776
969017957748797440
965725431990235136
962725986658906113
752709590609952768
881542503194918912
955093738262532096
954019970949763075
2843034020
956436102297956352
2375905842
1000886101
942257441663864832
879161563
946788062893309953
972026281129840640
968476003826847745
968618945874980864
918114465014464512
739752670752346112
936773607832690689
966737213362003968
972272235984642049
973669976216305664
971019717971456001
912705111356407808
2849037467
869623869837123584
961971240134037504
934371400147709953
936331585695166464
955412344015814657
193826447
972138904785702912
934545794677510144
2894846011
361448624
921403179434090501
957914077149442049
76780580
3191916761
1346248602
972080201114021888
942664735299919872
907870420954517504
969662457890385921
972744752666996736
144902437
972534698365812736
971347084791173120
972591300519317505
920554127263797249
951045869180203009
940170032524361729
1262776610
758356697781899264
972629946886737920
948838136108474368
967070235902738434
970448477141467141
970244816150978560
945663385730891776
969154785680281601
2359348229
2694867763
4866029493
931402382692323328
936605949447438337
936608152476295168
972174682198827008
935722323570823168
779689970277593089
944288070592995329
970277327853834241
971882392683188225
966919439047258112
964599500407955457
764979344791875584
970681072001409025
957337335762440192
970244539339427840
893413122643345409
971709574498709504
953096545154498561
944394118129639424
932037034595586050
917380355887325190
887950354318581762
933085711930142723
919965037065883651
885355345526362112
964764486388285440
863203771777560577
2384007360
967820722180632577
971400317538656256
926088997931180032
278975121
909637169098059777
878288869447348224
854607437139030017
970219904141070336
17641116
891126880652451841
909983289317797890
965316980592037888
955580755329081344
624625870
970993924763455488
797633642
55908984
44250052
947440856541274112
965996540631363584
851005269072986112
798111458319941632
961367986899771392
943034222226292736
893474614612971520
945035429815787520
4921029481
2184237056
711149456301797376
820931337242734592
907129869795860485
838847229376999429
914048412051369985
940377041735704577
275886790
4876151294
121624263
919481377275252737
847204026508656640
929340270331682816
929003885791813632
966559833741815809
964916599332507648
930676515863498752
952647675824017408
492991594
882648824208031745
950565325547782144
953584980688388096
937231554090168322
968135152894468097
882179997540261888
879165274989051905
929020614282682368
248111082
969709491494285313
788361777033601027
969729941616066565
2191790107
943285860409147393
711020216294121476
963362976739807232
826362364081688576
949683359868792833
960779408083705856
968810782413729793
21844926
955427872721784832
954429518248333313
867673592775008257
925190562512224256
953517862035042304
823769212984446976
432759971
944051761903419392
964365132871516161
831917448622383105
871036067188572161
942990076580990976
946250210216251392
929342339197280256
937259823850168320
943065814235725824
947147828245143552
745417649723629569
917254846457057280
1925426384
912347755997274112
473842563
963160716759900160
955619280745312256
560967502
954366531533553664
956189058908282880
904338686799740928
913776764463202304
968271136713781250
869234833444175872
333223049
809813378491355136
865592141204135937
1164323546
98857127
3842652433
962351354990784512
956304137125269505
865904355291136004
964819557683736576
347337035
767617125112549376
967651147724009472
953233897675948032
957654572759224320
960305168188362753
957453601604976642
947033623550668800
2955917461
938783988486774785
965351306364940288
954793579754541056
2921442848
899470161765437440
925289456533495810
949405732901855232
919576522075328513
3411182199
943607269027209223
957032870312398849
931455316247511040
967407517394403328
900606492012707841
956125537797156865
28947434
928243304394776576
4719790578
905409961081020416
611036263
3301800911
805224049
2781341306
898429097059024897
754681711187881984
2249413736
14993272
966519839924936705
906707817612148736
92105484
740141739219034113
501607695
916235092317499393
53093694
952625159671820289
965371205355229184
936863763826753536
965527635450351616
937373335075377154
819606065742565378
951597066819686401
958136156297875456
937679541803270144
927862018111045632
389859830
955221874220380164
938039243707908098
1969630836
3244482776
43192340
930916338591326209
834967177425903616
956372427881242624
1969302535
950358584554029056
800839749191733249
953174447745363968
963209962632765441
955774599307907072
855703530275000320
772258823771828224
412146475
937968957666967552
961910629329195008
959568995719540737
939795252503703552
821990484906278913
959181457917906944
919196624617795584
21165566
726580507
901968245749497856
927285862588715008
958498373253894147
2471058719
941995044541685760
955184522324307969
962563427108450304
924087248521269248
807870772618391552
954907342583287808
909779974177136640
953273357449027591
960578300266598406
943407815095304192
2955988584
922131334281101312
924725416367132672
733674083645169664
817983831521329152
898744250430627840
2908629223
894866786021023744
951283557040664576
854264578728787968
918798710045253632
1591290853
932096163351748608
943491726005608448
752918967891603456
953840393057177600
951940838245969921
713759539766558720
54776819
905305314102308864
943601437606580224
947946990721273857
128048564
717759586363699200
955195653143105542
960459956557316096
903351567205715970
900970965009616896
927537883770003468
900797658360537088
1006254296
958723846454030336
211370108
939518595242934277
1379502523
725706815070150656
908122944701956097
3826890322
794416691165990912
886603868293017601
901367043055796225
960435161996431360
3799036512
902686388457541633
3042256090
2413968027
2333727691
701292947585822720
879261958138101760
3329494173
1271702706
935423154947682304
931508299786174464
931232527934562304
937925508913881088
848794372074123264
2874876627
1696328028
2793608581
940161873919356928
957065670486880257
943902851767476226
954299455800598528
114658821
942772438403706881
959782705847205888
788958961856679936
959744748314611713
945493152479174656
925672654182289408
953368594733289472
951660508943470592
905614512413302785
943703619647315968
886610195698171904
913086456540758016
3114976789
3295428903
930779944191393792
49162547
4853615919
75911818
2543865140
2978559785
718036801013882880
2534319429
313269222
863657027922481154
933889910783721472
955205567257210889
891193006170177536
820027394148941826
2954644933
904947039506542593
2940356938
942815119536357376
3231579523
957343783640797185
955958199902965761
938742213000937473
940184268080160768
817015700459950082
3164578046
2671712747
927895025970589699
2751546085
948982199734464512
372477562
492866883
946358406272741377
958081501983313925
947849268642979840
915824096461471744
921404653618601985
955027032584331264
926094292526829569
3138143999
225048854
906206688486842369
1090248050
179273839
941606759453548544
3131469591
900253183993298945
633756150
358195346
782494440552300544
946663050156810240
1213274119
939419235826016256
735095903774642177
957323953869131784
941688125998411777
892015620316942336
872695783
819537183119986690
822168859
955617841163759616
946120048296554496
2355665137
1139409679
881778452981927936
948921683620126720
771234692230057984
1676516330
240272522
1025717204
953620121330823171
902728461613096960
87380145
952516353906405376
3431790519
819991091713810433
26175939
899534257013506048
954333187999715328
939937048470937606
956608022251491328
846579306679566336
870045666533400578
956529657247158272
938826181134123008
484782496
943198756601819137
953843530027290624
2492823948
75019515
836262044038934530
893968556534243329
954627732993990656
793320266134876160
946674588590788608
939792274816245760
840724815484874752
932964230042615808
165808050
948160465963798529
933659856849993728
954258942653218816
899855406259765250
23700490
900405404147957760
3170643597
952882177640927232
879230674003275777
954647976739192833
955069199600312320
863011310761426945
898397238
941316710296096768
954328772290994176
888312167447113729
365720756
891586400826667008
816279400215777280
900240444805730304
915369648782163968
906159764576518148
929269835208409091
951863305294970880
92983554
952268647036276736
943280525527175170
814446853861371904
939548330123698176
951988214977515520
65090629
921390326744354816
912882162902302720
954697299199975424
824762622524391424
746256811024596992
953236054957608960
2633544665
917260065135923200
2870342890
921855095142219776
943189603380494342
922675633716527104
896740836070772740
249923464
955089226504310784
925665106792300544
955043311407972352
936723313652584448
953905064975925248
925325255303819264
901186958126395393
905283153690066950
901858704387072000
902574524587266048
2874578616
771539599805915136
949304171941040129
948269206633672704
944852945668943877
3066594399
943098835093528577
1239182238
923925261229244416
898629879096201217
906435382824153088
935605621398876169
14960076
951147191497830400
896660607864152066
924290206290862081
3088099208
2923864518
951109615957274624
952954539870736384
950796651064709120
900373961745235969
944967778850787329
841015104372125696
891338426435469316
946004179637690368
2270066207
894610308383203328
891699570597666817
943725315049660418
941662294827704320
726979677953347584
950316907718209536
915761485879455745
948121709487448064
882224225343479810
935305258552700928
2258783034
942410813113028608
817203587772071936
2422623394
947067641604091906
930291286967451648
386338347
82329216
4875534794
942230456786853891
2991654739
921532997760774144
928254450099142656
880327693144915968
20421101
952478147093639168
902747929571680258
900247085877936130
724784652901343236
908365394687209472
917846398350921728
917667378334519296
933302654922625024
919284161122148352
946422247459352576
905131239606280192
941052740280684549
902193599017738242
222810860
949940403742105600
939879368024768513
4488049152
935466052401577984
3009774151
3554698995
941341464377749504
2772614161
950387474668408843
950625161174310912
211465556
821223371820015616
950242321404219393
951484118063308800
940166511783591936
931014960301215744
945967503267778560
4501041202
916788452909228032
853247451892994048
894949300018364417
894136279826178048
755353765427884032
949288839834632193
853887538645389312
949023187416776706
748572489085661184
2739800508
922753200230244352
900230282195984384
945418913252245504
946794921922572289
3855456978
856395659154477056
910889865130123270
911061921851351040
856503759198965761
3304133042
2473789096
4635039553
950737998794158080
950821053676257286
936537596305510400
887299073073487872
4845260511
950678745555394560
904691022789099521
703460391301435392
944030085480353793
932303613321412609
931471153637466112
904293629744734208
950295073090166784
936576358087618561
897137382117392384
817416845846257664
132041886
907385112467263489
948688036593917952
275264764
898637066254172160
924516277799944194
839618215697272832
898911928185126918
898926775303938048
945306007554707456
4923547295
949227240923041792
775986243003752448
2834651238
2354597778
942408417972436992
937207566404173824
706350754571931649
931190178944651264
3076118215
885126693731610625
1110712596
885124806663864320
946269283926941697
880701684216999937
3311161484
2934836032
902944256297275392
949243523295006720
2937688112
894165118946230276
893491850048176130
888951699389517825
917403702603931649
937655858930028544
3707495415
35772283
225695040
338007458
721245434354745344
897154083693383680
402887057
300601375
2977316974
767898223272787968
946440765592371200
946438937035268098
750315633800204288
946048509697933312
901351622105640962
900981244313321472
51518802
4921371539
922496064221057026
2332077393
945984689118109696
914825127010885633
3017220803
940755693086285825
924943116741746688
909972704299585536
947876377688203264
21360280
24733117
2563676017
929161771746672640
869098696708947968
940770920662044672
929668819928342528
874299036492324864
919392553048379392
942473195851980800
3316366674
2574329374
420062670
4034562973
3327420858
2440883425
942741944605720578
924923407002750976
884772553574596608
426471079
924533624925384704
946190084264595456
909151319885271040
938215161743020032
2936611574
848259245141360642
929339204613554177
932577517709303808
934380294995451905
289073614
927896988720308225
943060826348548096
1724928566
912510372912947200
915492023267868673
858592631776919552
943254010039029760
930100112788819969
894489814162055168
743751272180776960
946029015281922048
899322364940304384
4764802864
944404813424545792
916697680591515648
942148410278367233
945005473337618434
873417198668304384
760858183048892416
850699730346573825
853255293454753792
807499937596329984
940591100783296514
946068816517320706
944939554515144704
941633048642310144
927187470646632448
945549191786500096
944283886766391296
916273837397987328
809689990896685056
897414949017964544
945693385742012416
928247322538016769
943373860405100544
945279749630259200
155397119
926712584429907968
3090497637
910567756738715649
910902226234703872
2949458490
3123909949
943479557713285120
939526037872037888
2259751940
930138365252452352
869788849635045376
3116456960
903098792664227840
796491602889965569
944154216607698944
911756839322255364
942281351142686726
905294307028021248
791797052997074944
3275354246
937065718499000320
943133810790723584
904529623148404736
923145068323725313
943118032607596545
889450475757592576
917562520952479744
893484335470321664
793156061184290816
898631703375126528
921432484910333952
944129566406307840
841108604862128128
841101889873760256
811488141261606913
748193244241006594
262284707
889892556422742017
776667241395855360
942691485883031552
779064795920084992
899901565359673344
942815915103703040
932506169532235778
898462889060716545
876377760951881728
915058166966083584
943016447277539328
2313773883
908347713850195968
879823229166157824
2430093960
852114607095283714
898800406997811201
819697981779648512
823172294851883008
2920686840
570867466
898793359900266497
2902648825
2927745493
927974013032284160
927520531338764289
870508839342227458
941681701125795847
943069251526647808
4321672752
187893930
930646983668252672
939412122395598848
2897232768
943630903544369152
912539596629540864
823777733163388928
943582073352282113
915426050913427456
941208665796866048
925618424717479937
831512878305964032
932295008471920640
939121403936120832
878215311257989120
3725817795
17671498
922361875303563264
377686221
937265503655157760
302249370
843373145994096640
1611620750
917804873600634880
917580532380323840
886619989469532161
930399388387622913
921359100889329665
808584276602212352
17442710
3154890636
835511857322524672
938198758701060097
942887090437742593
941399540070002688
914188403448664065
758729597756112897
942934824653938689
942818639782268929
769423365887053824
923877783767535616
373869837
2742263721
810596854039711744
896991379288580098
941330228982571008
940949441854558208
906336251455959040
889001461530734592
870848565735809025
793967465910964224
3457809193
55567990
91611257
115604864
942345566327136256
933761912256557056
941350139305910272
3254834299
722173411674468352
20151409
939330032685780993
910732271879098368
942106088933126145
3314722555
932656006294855680
941838967879630848
917479688825704449
782803276219551745
935193328739586050
919385678571626496
941068174753136641
936968202323746818
820816667303215104
941140629551230976
938086459881476096
905139868287868928
928868787541159936
939217716979949573
919320382993305600
908028811022946305
344187737
918109396588212226
917619078298165248
938385235762405377
840124253110333440
936990543632044033
933400340342427649
935249827063123969
3068484222
996194768
598217856
939262237868470273
939521396849463297
934570131736485888
273603872
935857447788601346
934565647689961473
804193302425858048
936579331807236097
835224259618299904
3131185541
930392780815421440
913275899432357888
938323973422673921
920490985498562560
933473180727042049
2665985624
938323293119111168
366544038
938339660014567424
1338536928
930997126422601729
2939336960
908947796023164928
938045930128977921
812321672690864128
2568437472
784337694331588610
907872389576278016
899894895845834753
727865323249078272
932128316366163968
905936241606176768
937569189761609728
702806547244687360
906326375736393728
937004243784957952
856458137112543233
769959835127386114
935446726583861248
886330689813184512
925393170262904832
306909253
2943648028
937209946457776128
4058365273
929712301652918273
818417977938821120
932623382570569728
4479737293
934829812748881920
891644392460701696
935509099499917312
925711673209397248
826191617316909056
925636591971811328
929714429448544257
808741582442676224
53240401
710104048473509888
745013498304856065
832533842665803776
893632751676555264
926225798050271232
936193482640777216
2573271489
899612193540276224
918523965752127489
927552441821945856
932019208405254145
930878889706049537
929369242159415297
910640464369537024
910700973143625728
880104207860236288
743238537550700544
935313223863209985
729467869969436675
935454798219919360
750316612444573696
923139968989462528
3023537214
931771679843352576
932865724346810369
795971768297148416
2754268514
935124170895003650
730684485671354368
830308164742418432
901450078203686915
1251130177
932110368960163840
901419223372636160
886952056459853824
921215775406407680
847014338816888832
908855821563396096
837899188549615616
888436045796212736
917638936691748864
3917557814
929032365355266049
308629160
804745203928154113
927445861319217152
918561372228804609
924944655447236609
924889235714437120
932097636852670465
907648517702787073
766590568914784256
930004900376928256
771862743649517568
901266232489332736
883531952921255938
113479493
22738203
32691725
727563948585799681
934296456608878592
74296752
928305417930776576
3149484463
3076628132
906002919786512384
920512279556304901
870324419549253636
924182969258037253
4649536174
903673923312726016
77170635
710374032722362368
889117049049370629
860448270732201985
881431587027656704
932257854102409216
902912336171638784
908998254032953344
917924356444930048
923820997328998400
875040972048130053
922498953769246720
826299425421139968
846093410406686720
929074985771130880
2867472835
896662735286542336
924163019831107584
766920434885365761
922329774004899840
897541015749279744
877174207217586180
729689374070181888
802133379156213760
2981387646
913391888346025986
819416191466762241
929694872096841728
905354986371948549
902442525905920000
866371439099658240
931837269232594945
3248338866
927510483082526721
929687440243040256
929997736870535169
920309411809071104
913070402057887744
770316651443081216
875284072691625989
4772429664
858684823816216577
32338228
912095199714840576
761474475720314880
848558230007566336
910888202193346561
4915639327
863541896232284161
868311659835555840
803041246029762561
4780891894
913380516090572800
96550960
751400910710988800
3244715876
865201775845941249
930634522835562496
416383737
897480134495674368
26964557
402617695
809717787740557312
1072646166
909865403379195904
2398554133
817025071046860800
822649969672851457
877540339
929468583113093125
781605458272514048
866169311672639489
926143660688887809
905203957739339777
3499337778
894486579313467392
3238617139
2992874503
886191629031395328
896339000897568768
928610416313425920
4043981729
2754843121
3063607440
883268650127458305
884827753391861760
30917871
866749307252342784
524615498
928945691120099328
892398134596435969
1096402897
817283026283425792
728918231541547008
923853280417140736
230696135
915782162204393472
901994672616341506
896562603001921537
1099692954
4712857711
20293017
3307923739
42070873
816169806726623232
755619949897539586
919805857403060229
928116293957427201
1350845497
885815562399612928
2396997533
891541993603686401
2940771422
751615314169704448
907163131
303190639
878618075008049153
2991780182
3283479961
901098666483568640
91460306
915773396725542912
3152442726
856398705116807168
911059883537002496
910922250945142784
2874700275
394103796
874176740654018560
818933809106341888
3132465890
745132907472117761
923816520878235648
858815082238791680
98255983
2273470105
88675356
1276793156
2778659701
902551695388848128
1355394318
1584555998
897131234328838144
884857364016386048
2791350752
851641429797556226
2814085479
899150318939783169
919392827317960704
823482882782101504
3031184187
2594093873
4047831672
781398992441712640
2886648994
39186680
909012529149485056
886198833927139328
2805292520
108603811
762857760836849664
942860538
912234225742630912
4870049935
909701407841718272
766589284073603072
2959093855
902528827233931265
909920278477787147
852768710238511105
826863028473823233
816098525364633600
118115748
806525759888171013
2960090617
879433285075582976
903859503359078400
1682455776
883253526641741824
882840771585605633
885905641302368261
899889479015571456
2903794590
30862237
906549629201862656
865022865908924421
864349580195840002
1249426399
916337343971446784
812020442491998208
2982390476
915261348929470464
2848946298
914498753410760704
826694923344818176
483195215
913473708022550528
894035490495770626
2898094548
4771209199
1476185828
223942750
464989762
911956747648163840
911637642428780550
3080553140
841101228327157760
867423703348514816
766060200348512256
322250823
4661278332
905018281727213572
910553100196417536
745845804246654976
910263835377963008
2449324992
752922259388588032
29489717
2774228239
4767156274
814208797149368320
4902884604
4903033340
2773859923
4902384633
3004550300
3157071314
899965443284254720
891333811253911552
2585357848
719116413470961664
2793715899
846665437534289920
856993488767827968
893177738886098945
715797742036062208
1275331532
2891940889
4516921219
884584260199469056
761170949748109314
825087063976460288
790710750348124161
772007857243852800
150415818
886636383103733760
892529239
3084412662
754920227595440128
2974673672
2906184297
811894147468509185
538980491
2689134955
2271890102
905401245724098560
904686248610148353
2743837173
757629596774854656
874174287644676096
2909806519
268368996
882976428207345664
3017591494
31488629
4659465262
875740024117112835
3221693515
818516030746148864
2253642968
102349524
500127981
44779046
4846899133
898949924653600768
863928078023577600
819923946518646785
847127455794016256
3151632240
759138693462446080
830528444932952064
795654117892964352
802153948991918080
19284888
710942342211973121
2719234380
2695974361
892131436211339264
805270837066534912
4872390900
2941784677
3060750313
2861976996
879366181609656320
878549640118902784
2935901544
4923685576
846040766086598656
902791927371898880
3144336407
2494963656
865478014812823552
3294207430
3627329595
901659586683392003
901650737775685632
1881970460
901615010547474434
879602757065244672
65836867
2376137988
885563835922477056
4708583599
2588754918
890615957088911360
874461234955001856
896341202794041344
900329775222411264
4887893478
1977707425
899609847393636354
824833195644301312
2465611435
886990758510592000
779121437378539520
16463824
4920825150
2995959152
4719978802
958683282
50367628
2795923887
29693196
2848206734
456499054
896893590449860613
3827508912
770289270
2921682254
898728121171456001
731128548702834688
2792814350
745214211819732992
716492214038241281
2961143043
3039558074
47360358
2286487057
2762979628
753202226148077572
897127125903319040
871984812168540160
79816427
727906311581491201
870278444889853952
2749385039
733712514203168769
841948579807797250
4694223140
896672728421244929
3050130792
850616776412938240
843304254219714570
3485385827
886448276450537473
886134066667454464
917089405
2896459434
4374258373
706555304079695872
850571065591975937
857997395853926401
2791242312
857992562576998400
2982307800
3316173799
3080190403
2547050562
3063535938
1419370418
738093114636664833
856047647790170112
884101869316059136
890239708390969344
3146575461
2997283178
343228492
747931411726774272
4496174893
764123816364679168
42290868
870693636408840192
2983807038
870683136996155392
2306947866
870179192104787968
869548031376601088
870677067473596416
870707855690563589
2322723667
870711767810310144
1617816648
870095402040791040
841843394863341568
4700533358
842287703290925057
894456379804725248
736485466434719744
1381707282
888042047147450368
350835343
865183565595783168
887298824791887872
3247519928
862015323175698432
868708719189663744
2801690226
128216170
853003444617138176
806646433361186817
718106792442474496
883252878349041665
4642184659
2811426722
766676478352175104
893721908709019649
817365803716792321
883147920689602560
821618118430785537
886457688745418752
841161124062072832
3318537187
837313283770085376
779622364501962752
221991383
832276376291926017
809358142890872832
2989095952
821305748764274690
2590619737
796872282220220418
3022314943
4923549795
886233368907706368
2718639853
769401692907532288
809579732576546819
727861531040481281
914581525
4644082098
3319636890
3012932490
2899093412
2366371788
703921509786632192
3013380548
843281684980293633
766064305955545090
67714462
3380759536
2520776900
4872467113
98036873
2609001092
889808105894170626
4658270372
779489400077950976
3150778820
2781691536
885122922582491136
2173931
1921845313
892103499021996032
879788582
2900924924
2978297498
2820242688
2913977684
2811099230
757211769123246080
3020074993
816204103730819072
869597948241432577
2258774085
1446197528
767898779248791552
298769861
889092656894169088
888760711555317760
888290187838541825
3988449618
1721812080
26789962
3622785435
817951923626196992
101713043
2730759696
2955137792
2916261331
848478970609754112
820174013867720704
849631477352550400
2790462075
722987457101197313
4730834119
3244845565
3267953857
3184725978
3057531343
273178067
886478321449656320
843495663421865985
2910349507
747762431657578497
1029017324
4688102779
777751614912364544
817756978520985600
471739072
710236038917201920
881711780283596801
860568805709406208
738148029803302913
888764258871160833
841004918181834752
888048486633021440
739905343577296896
485475104
776996088955961344
3294389542
37603032
797177392921837568
37914958
725764018695086080
2845857403
1320026581
769906355167780864
1467114457
777749579500494848
3400159563
371813111
4856692203
4669068553
883929989250519040
1700426708
704796976760668160
801490569025507328
883168865160581120
32135630
345989929
91375853
882027556421201920
1718608849
1380128028
39740454
739126348984258561
3158043492
94928462
801024738906820608
790519256731365376
25458378
481376138
730679084792053761
879658833873838081
850987368060518400
841470227590266881
720531832232652800
835105591668387840
2181091891
462406945
875128224400891910
2834219592
23538571
786796286729007104
877663152653160448
247004995
752926156161224704
2338912157
815259526232477700
779153623947341825
2884757724
873175063075450880
393580577
870644094535643136
817893220105519104
15210670
255245279
865577791575674880
870666942599884800
870623060625432576
521863265
865174688770732032
2393533334
1657738339
868157774504525824
1570504092
16419153
744430074464722944
739133722067271680
16074627
728502553252605952
15163346
457029141
190906140
4832235022
2259236035
857309112601903106
129878011
19558732
2507679270
857225393451020288
1009605704
2326512966
387920251
5485192
317124204
35621930
855469299573690368
855683298055655426
2216271504
760637266511310848
853795062957973509
4235890161
834336057416151040
438408957
844810818537476097
808145028560207874
851750603206295552
2793676529
153252061
18340526
102758365
568926351
825959532824297473
225066617
985743331
1881340542
4067054592
851734181168246784
3240279022
3240318743
4581192141
3240269915
851521670343004164
525586036
1722966032
3003189557
848843975008153600
338968305
703333044447485952
4840636426
3774145535
849997900134404098
3120396510
849625907283337218
2200700480
72280227
2328196453
17634425
766352152876974082
1860281588
2911039074
15081182
3144725996
2902407087
744188759198081024
770186333839065088
758632233930547200
2867790896
1110662156
738008913451356160
136986438
256864308
758676707893243904
804827304321028100
844646056180764674
825155070920531968
832023851269632002
3473549662
762735599769968640
502339815
259666947
39031080
43751809
4428678989
803821536188727296
783190426777948161
844895913671843840
740901677079879680
4438272441
4364859981
743856512
1864637761
844257339872034816
17679529
3422351398
4721725633
441970965
835423205359759360
2739564763
76966092
777210805662154752
826741330650886145
287818581
841783980311629826
77897410
261158248
840656556362473473
840105051880210432
848843918
2905236503
817336564481069059
4598876352
122166624
4832020167
1081442364
183684975
838704922853941248
4406144009
825882042772627458
835222327138914305
43327039
731728577612275713
1489703012
53112612
83329113
17881816
800570037186621440
790780953698250752
829377266421469185
828494696167006212
47515211
254828810
27960045
337521571
747481852458459136
2850001282
826976146508050433
815508719463067648
4742749174
823733571714064384
2456766195
787405668990853120
4443387795
3219947916
743470523875659776
4544938932
804686950536019968
3337329435
1581155995
601434817
18184208
219394642
823566131214417920
1176703454
4865655743
217257028
814169412681035776
2855864495
728092664705355776
3108027067
824170175809339392
820886692542300161
762405786194620417
568709517
757787381722341376
435564722
2416512588
819729451848175617
819520300328980480
822164631225593857
821091450859290624
819172037612675072
741697810861461506
727973356914495489
779764582596370432
817004449596133376
703556580122361856
3079767493
1117655575
2741867721
3396070751
2778656239
49398915
4891892190
285199283
2904931027
786025362379665408
507973671
333750982
191195250
2418399300
736517242913972224
1176745723
699747982560751616
707616381546532864
2616344604
761805362110529536
795929471874318336
816313755525058560
245343295
1547784594
29833261
3301171864
412015143
5548212
1382726264
775641553922428928
809938306695761920
621352754
1643998038
731338632901066752
564000560
3407878233
744622548743139328
798878188306841600
712311375410802688
113105677
119209117
794841688158195712
713383887754235905
799038376632524800
229385617
797434549655453696
29165172
968860328
14645160
101756062
356995897
16801580
757465655176200192
2155563823
720111590998196225
726063827662569473
153966123
791376767432978437
727240649695612928
35341831
5514192
3184043512
52088179
1274732664
66153685
15170871
3088433483
47108254
435539270
778566504224653312
780819324927823872
778234961732042752
702971129443557377
169622789
761241287647301632
20747165
714361903
726828162726793217
732515283902943232
4504741037
1054089624
3342223449
2175981091
2837912841
1243057506
3349384113
247119505
744352953381728256
1679436224
1113089190
759428295331045382
758510647688564736
710970312012242944
4667303220
4136197230
4216024833
2835610593
3112230035
1222762838
33160996
2838302829
200063577
1312360058
733728829710184448
755141436685811713
735193426862473216
752316935803588610
754280729815683072
735136853074972672
374667569
753451712992649216
4899295773
115458985
751214946721996800
1342113842
3473879603
2495373115
3100244251
728938873653497856
4928184425
3394503651
4213052548
24053899
4134145934
164009621
1886814349
18782063
738281685746208768
740492825049997312
2413933369
15460162
3288751295
794843570
750214184525180928
611530014
2516460061
3222710905
2989128931
2504199410
1281369924
33192133
747189968506761216
23149578
813120559
4075580825
296674343
2855915617
713447944192704513
277354109
4924085160
729907334730878976
191351726
397154000
731032676422062080
1508500080
293136425
724529111608107009
4657678943
717690467203219456
2700223546
4841944378
3419828147
719994865233301504
741337300806840320
764675443
631023032
737232202434387968
724785351840030720
374156724
2252346235
737368004095152128
737375641704615936
737376971156389888
272242293
1077662822
2701399541
741167401950121984
2859617467
740509724802580480
132547815
740574784312999937
3652022005
728358791197003776
2293490420
4331506816
3044140201
2570900780
423398760
353101624
364487087
2809807010
3314663292
268791250
736227623957712896
183850062
3699623235
88621782
1662301314
738317093418852352
735327547962085377
614478146
1651472456
3017413136
169466851
4425184533
3126838466
3304169499
1744621
4659588182
2602518752
726853404023119872
7164762
7621982
141200607
58436641
4801096332
4890051673
536524810
714397288181866496
4166226862
732528998874501120
733648074296459265
763233438
41862874
733401278210936832
20203285
717344504311734275
4316862496
223787682
33076495
3378723912
2902018741
237363073
1219733221
612996450
728410237519200256
3609832754
3131367801
2979171304
725296882352721921
196916857
2479561998
256212498
3047248830
728846723762753536
262962688
266947054
718615598335307782
3423934400
728318884344954880
4633191269
30197199
1654543044
131123638
3658799954
3426897013
1410887347
2837909421
921614845
2921947768
56127537
47869594
2309882507
707147983415025664
54692870
64032895
727253493715595265
160134843
2932776118
3092522092
3231068984
282741821
127104824
3004600720
2888818116
2780420017
601397543
24400071
1125926089
720245423093321728
719887370049449984
2470550720
721032429440471040
433576177
3992246895
2318014628
486166462
2732462617
2678012438
27200364
542250178
3107938812
1433427858
3947301113
71264839
1870235276
3340883194
27307548
50763889
159543437
229749754
815617261
719172152726056960
3350041607
369262290
4134006677
4698679226
17830403
712123140986396672
2983035494
59752634
712492977340477440
376211611
2402873467
520924684
2294804576
633075839
795086888
22015344
372799563
4140183553
498944550
2693775986
935380260
335043246
2802120858
30292361
36297876
2951863360
4515319152
3346797375
2817407245
702031743826599936
2400465446
701826623507664896
247039732
3131626450
17176291
251838988
45838995
4306970788
4377025154
1880777058
4924075181
1933042237
4272365303
266420236
96243124
4317466696
4306791797
4067346923
1236163183
316593308
2767450857
347425656
91480086
3343065298
3689066961
4271722407
4122511518
222659560
3004684061
4317885088
4272546329
702412933364649984
4272352048
4126649659
4126545740
4122685700
4122531740
4056994454
4342012654
699669233190498308
4896643683
4271859687
3419615453
4885386161
117760769
1008442008
2444602713
4825406951
3507223414
284068378
697606267947388928
3113241713
26849134
4370975183
168986575
3307336305
2488716792
98999304
114391867
4136348861
2376404136
3863186174
3144543124
2845983983
3201751151
3293952443
2712563288
2477541163
4271600122
283610466
1024681256
24136307
1526236064
409679865
1702365962
4502689098
1870128474
2579358128
20631194
239721569
4740648114
316516618
4404984801
4788393373
2452386018
3019126721
169613903
141797408
4717795457
15201272
3697637595
2677095155
4062726748
224322161
237796056
2541678024
2418808274
1402677510
2844598342
3044715801
361384991
26660626
2423515213
4642739255
4533592393
3260012071
16573251
2823890536
391129937
3352410219
3520723154
4149612494
574929724
4385938888
4650758924
4019650948
4509896894
920528174
3354954015
17178851
1377093242
4731404690
4685524706
4635101981
2961472233
3395058262
4537916312
28668643
3235356589
194007123
2934395247
392443835
409367297
38607586
1289627154
601145075
2730908160
4655987913
396578688
4639755501
3405051077
4307364083
1291036260
4565503153
716229239
62135308
3931672393
2538407022
22308317
2480035968
103526437
17062099
171548294
2917797668
1578079832
2557951345
18967583
4225073900
4516308020
2712166510
4312377159
93302738
296647742
2153953664
3133971925
2677045537
1870100618
1870117789
3198853123
65196755
3165432057
23215824
1612067526
31005275
28759646
2540322750
56242013
33418802
3222896964
117551602
596763024
2854071822
545235190
2689907150
27812035
1053630288
561355848
2220308473
4063590502
1069839258
3168027260
777329102
1319867221
3371116804
1397479903
2959479504
2564827508
21942617
3350863276
152890536
37942235
3023714014
2614808628
2155950912
2409570583
248112203
17586118
3855988402
117902562
2526588174
18695035
2659058312
967101344
2839555160
2991948728
1368478189
