252751061
1003781510711988224
746179166152753152
23937508
7267562
18215662
921759169
143063931
601981724
594911608
619247259
16788740
186667011
861574856
2327348923
3241596841
712485854351073280
773884811295481856
71654321
557213999
29458079
18247062
205905252
53544165
1407855932
15985455
22203756
1180379185
32121726
16232843
3387373071
1394399438
2999314732
1307544762
65691824
164596794
737735943327744002
564000560
67085067
15745368
25073877
249404714
18319313
3044157516
22042407
21202328
53096698
25138194
5988062
14511951
2467791
5402612
51241574
428333
1367531
15012486
28785486
14173315
15754281
2863488598
34381878
19674502
50627903
207477965
474464413
18956073
1340148492
17461978
2331602052
2671568328
1629244514
59204932
22209201
240851123
399480768
516952735
2346126325
20708051
1472173832
3260940092
3416725333
102187076
108698830
6108862
229385617
16439779
15400055
17536486
241481855
78744813
26458435
83684370
18197409
109328493
90947238
124529561
1626294277
22197119
3071942610
3256547357
15367053
154153031
526564456
759251
9624742
74836761
42535683
80613131
21771716
22492201
2416564207
154157498
16892402
17631532
31997610
32145040
3300816011
1321791710
3037304177
21360280
2772434035
459534627
15336208
3803868743
2481105272
49698134
2241631370
18587457
26548315
435652852
208640090
3400854639
1118160746
52861612
39389304
53210455
481376138
2810148210
19290107
1933042237
78926214
15864446
124318612
31626431
1849173318
23001804
18746811
33014441
2340940998
26336318
472156260
61533498
404059812
567696090
29789545
1912627682
1488970322
15110357
742143
30313925
822215673812119553
18949452
14293310
1652541
34713362
813286
91478624
807095
625920523
1339835893
15224867
3108351
818876014390603776
1093090866
822215679726100480
1536791610
1330457336
318047745
20015311
17881816
182384817
2294654060
589233680
3039844170
229974529
170304544
17979453
886882542
14199104
588559501
18166989
89015005
271147332
2994064380
2437625474
24516804
93350299
805103306
75014376
199653895
2846310748
2778906102
2847317051
2907415602
20153334
2776551752
1540100520
2652463386
185397767
44873497
20437286
12413032
101896529
21405623
1155600080
2730138296
2546408156
422271310
2348928990
85772748
221392767
73359920
384547240
1694793714
130650358
51847842
1636590253
2376887166
1221623610
862605476
15177871
2699546810
14692117
7087112
393008812
2458007178
22645363
53238154
14720101
2516614945
1409637493
130582616
316061774
316440589
507825481
201300044
2163317619
19397785
28834570
2359377894
28287797
2347125067
14240809
23827692
806000204
26629067
83554234
376302246
1130180244
2527920690
58845996
16051471
350719211
2593563955
577988695
315002750
458994094
1519073424
374848872
2391950825
563182147
186683743
62512039
10828932
261340886
313665723
44126993
57440214
57764459
179720864
500100572
19273794
24994219
23993734
14789144
1476362755
2318640120
31270821
43983910
453410367
929514828
310518301
47436746
41611404
1651213778
1627561254
1548513709
323828583
250831586
1173108078
2161925132
106811968
18120919
156712291
26126881
1300298106
280315897
546418557
322653933
588756588
28234515
114685387
148857281
20522531
68791096
1262776610
584882247
31231597
32789366
1861023463
1879079666
1902699157
22679419
933101473
1542400573
184477052
34041601
913744615
29573746
22256645
129845242
55237566
1965647552
16580053
309418030
18500764
48881131
245674307
23124408
18549449
90774609
549559538
956832822
276767644
69615397
1377131240
278225374
2272199748
15588657
50393960
17266725
40744725
198458235
72568426
68399194
153474021
225190303
109702885
33852340
67098352
495464545
391036558
41935278
41710620
19260702
22895403
332688823
136361303
326359913
33600887
21313855
2246703331
31415979
163297524
68813436
372536763
407340870
68795677
187558454
532943731
153813211
192233819
143171779
155947652
20188834
155997273
1096621243
38524874
204504776
40434275
235157481
86972419
14539464
30073810
325465461
59837805
228745648
289123445
929664925
16000113
18175018
288541225
337894940
42779148
255551341
122348827
45077572
215921255
610162757
501511237
1349721277
48289662
87239242
430744802
109091611
311756230
15352674
180451027
26570017
50035833
6995942
28800385
484728094
185790728
108055325
409503871
39655247
316208515
169719009
408477036
573845257
427382102
211633957
71975650
34567382
149642749
377034781
71716859
563518403
17863919
478016771
286933220
459465847
446412955
14352156
20901251
432864587
467603160
366315920
223604189
95375925
91473471
27133846
68735597
69654069
19803702
452237189
365458261
105640333
287933186
255573570
362509534
187335163
187333942
199384191
122466242
101559796
16842377
465690479
37006686
179834651
277679555
107038158
332433292
43215579
21679656
14700944
243356731
16688083
258809394
266105421
15870978
147876781
22815415
166739983
345858597
191274945
179932936
45900290
338142122
531777433
259132164
249362910
24974802
309220197
129958132
258735947
196123610
22870443
144329234
277473552
370546126
264879895
5471982
17722477
14805011
21888683
399845277
339510467
452920691
462417771
21319683
33031716
203720557
325184045
325188036
250162428
325174750
295879536
58578066
443138119
220766781
44525199
240396878
21837304
347071178
370817488
70244885
158361892
232676422
408413769
45713852
9940162
242628637
19632835
70718677
69798757
221430717
21259003
249276751
219264201
209154710
412362552
398844606
412325173
54456679
494128541
253587391
18372616
77193468
246260872
218014978
329872047
245705740
238880291
131889122
64234188
191517050
63486889
183782238
7412032
16573674
326758316
106820879
177046092
325311819
34642805
92563743
176795231
428319983
16578942
68036460
107472232
44253253
33124823
221510252
285965952
248051294
220844228
78155258
42722792
40738170
216140117
374958282
464072535
111432679
243237206
46398762
168929365
383174584
365280154
136580452
30088249
258528538
403489728
453853182
362000272
439133722
450408322
383360999
419470672
90474592
403752097
429448326
357993781
353690010
384962093
408502660
38925280
14815732
346148042
244312610
392348171
406287970
207246064
392281515
294290785
125499204
50309214
20477352
193288779
342082833
277089634
35099519
305466741
402838136
15343392
131575586
357850742
159586103
7309052
70432654
16890261
205927384
107230399
7140092
101161910
23456043
425230940
340444037
30229516
240042051
234888677
269848501
249570932
273181052
51103463
394063988
383954027
47389875
288074652
331195760
77966592
427520916
424646797
275366031
274167361
14994465
14825399
21506437
20710809
12
223937234
14677919
15846407
89503894
20344826
130636009
287817450
20710330
122152247
202228046
249386756
34571893
21204093
50292966
2020351
107163055
21661593
118780654
110487775
163922836
75085858
101105818
186454150
105189289
7040932
16929349
14575107
333534814
117457591
14568730
24991636
325562658
286458250
415357074
44308175
426773955
11606922
18843505
167113865
364908363
425115136
408607665
79330030
2883841
41229669
224320485
18361042
393453239
245909109
211240648
34461255
306632733
252303891
143778798
40358743
21939284
320934752
87809882
124546614
357994266
385346819
29817729
383038403
30486776
99209936
28051860
21681791
325102592
39885951
306668439
287033483
113897988
69812532
55020871
381628626
33802115
26266640
21401231
243956258
29620256
202739834
290875773
181043204
378471159
242063677
91305149
62336688
28395645
56927066
31676365
25740983
55361062
51425907
20192882
403508414
23420024
26780650
38135691
80370068
139686339
338302332
50076354
252018973
19812077
324728991
215125794
18195939
386857038
108136710
63039818
381671555
378651070
98313260
386877547
111593485
44403078
191159103
39415410
388696625
22881126
386892985
197661710
351813391
21118410
10494082
381749171
389916126
116580304
200533428
392539962
269139185
390624316
359823707
164875441
195367288
381674179
380484988
275806234
257653765
87221434
22592596
323325189
171544323
386366198
57676238
14382508
364804455
8519682
16513931
44513172
333796860
235084398
297189025
197293180
31785085
105692231
82429512
27582945
15985519
18183142
195126949
50533042
146137420
114058198
375063931
288636200
226592592
295287481
149554115
150985308
365471845
339420851
211175418
280766310
19760382
29973104
261428980
310410782
225666003
157076230
384249224
384241505
384250069
384250393
381948650
346578558
384250468
272725723
32369656
381456077
238517330
384249483
384218407
41273439
384259295
646193
47073715
384259101
384255534
379029211
384260205
374539162
6809032
36219408
384257636
384266674
14718108
384264719
384261272
252021012
114581705
384271973
21674385
384272293
173486035
383569880
384274685
347319103
384275236
384274262
228741481
69091445
384278718
309833680
384280124
384281022
380971698
384282452
384285746
336930955
384282664
17855377
384289080
384210614
351346690
384292815
384294101
384298571
365375179
340630483
384300251
229926992
342064276
33778988
384299052
188908246
279085508
384298215
384291761
352593032
384303740
353584917
384310885
160515607
384309697
244120899
383892693
300129033
255182013
300909552
120124098
384316825
295950156
267982241
384320082
156685969
358756493
298124071
242782065
37941086
92167938
19130740
382677759
52380029
13396002
228439749
279440266
36163019
143585521
26539097
375596574
371540702
111653503
293729642
99412732
288397251
20500726
381480013
337397399
111479180
87016821
344993393
74591948
60171996
278043105
338367549
335481244
355472724
195645751
112598736
252890019
103464524
172332593
261886922
259379883
109281226
242483841
38727409
319561124
326269955
252215810
254746118
228445242
373531360
63814151
361196648
234567394
295072691
369598683
164526378
255126083
238459326
15109500
319668705
275094244
255277512
109237155
283612295
359884352
147687230
229906736
158586780
309870928
42804538
20733757
116931772
155648620
221249385
299208799
334222790
340044175
108870721
85652024
266252074
24514445
290888679
183678938
24133713
90334660
24776235
16560181
290097288
321625270
63056402
23151437
201896967
2367911
87765293
45879674
21376238
16652383
29513379
36384768
25523838
25099179
18009532
16329437
87263855
21295894
70380478
16932547
64431228
14676481
22823891
17901159
65301439
258939764
94283112
71351181
178111058
353525689
351679060
367373564
39957176
312543944
312559732
19547068
334103023
129715504
277195386
27373791
51046452
276032525
118028227
241611071
358109617
258936898
99628071
73208589
297145905
96191403
353330102
48320268
182325159
185899308
159644158
7897902
50980036
19450841
124003770
20729377
14336060
253460999
125790347
20921917
87212008
299798272
117146740
344221011
213835094
224508536
27252983
358332505
49853671
189996469
254540250
347409712
39855495
178145804
261457495
12925072
258045405
23526614
96806150
178015090
96307231
18849798
297500488
96308224
25732838
200698196
193478127
263374065
19927627
338562257
26941928
203860108
326208666
325571003
323660088
191949336
220378920
20697129
302781671
299647108
327406077
319742188
327213989
307231858
323429021
83312422
208284694
17544803
18964696
