417802349
2733571139
3269554988
28784414
4005375497
465298601
707628064734388224
217830302
23094875
932335588438556672
3315496315
4894095909
2369652488
755835576
17261066
22771961
244678323
15735939
28391728
757965541617246208
3592477283
16911584
1427461872
956619379298525184
19968563
153175066
424569568
475529635
987646563806859264
4886263647
796884596751269888
585812407
732633926045446144
32336696
761582548740894724
107890260
799633462126854144
346874444
17636066
372536101
764244719891210240
748289563
84734907
405122520
18825344
1250386093
561959489
635263085
387802929
2797832616
492935784
825153022653128704
769695711541784577
3150474978
3938173949
2247667190
2289770467
841334560994525186
221148689
929823128259387392
761725622603411456
898066555367542784
386058412
3395130700
22396589
825481125237776386
249636797
17653293
800366185560715264
248917051
261422788
32703457
998718125981011973
290028823
307212554
130266484
817595470851678208
401108990
2921648135
849494640
244070445
25867779
34814587
864377781395869696
1173230616
835577430593191942
29910178
139148382
929752815559462914
2432416417
847942138545422336
34383891
2496271447
136102085
2992517678
700931106367885312
31040699
459269265
803769555957010432
2813530168
2290560607
373522445
2813982492
1887117938
7391432
991808436571688960
31037199
50669520
704125665881141248
56884150
573173793
280826651
777850152778432512
845583517094477827
902605254
1413569754
455684839
954257879317602304
2207523752
14834340
191124551
845449804779991040
732832945657028609
918833971
316578266
3291474177
2300574175
758665131110739972
2800257844
955964112042782720
1884577981
803584564295794688
483195215
3060396250
283701041
7027112
125115830
834078524277456897
20637214
4900058284
780206406024691712
187289134
116601812
186197243
917305128796819457
6417552
919728977195003909
11395432
23210326
432543523
1717330770
403179950
26735842
567915703
966271999038410752
14763734
2178681566
372563164
70499835
743061277107494916
756563984959045632
143282543
3334843313
1597496460
961792879713644544
38936142
388454092
819900229910568960
32774989
253848371
515950616
3473298509
812041313487089664
701725963
4754184373
16860193
310889423
827077510621847552
23914898
2213103936
972946316560093184
949934436
38363082
4196137638
823337401061937152
822634605853503488
299505155
251918778
803667330295332864
3439044209
723351589
2445922136
75742264
922587846510333955
983187764215599104
225970038
3415389220
267856525
14298769
2532074734
49115780
23595108
826134979650396161
819628744692224000
558818756
39845278
76083384
159451240
402888514
707625151
225265639
40353407
1670769108
178362634
885605563689836544
510464011
942422990
988202982499069952
48567923
807407311375372288
245453341
244470281
1541086118
2922417406
28168130
32487224
1279647384
68430259
525678474
104612004
22929686
178343984
16582131
721303997768839169
23156191
780167992315289600
740443580146323460
77143423
267701559
7975082
933788114
233240549
1543986138
2241314639
874372982134759424
926179316836306945
820378690920058880
983977211509248000
1345580348
938301480
932791395638689792
4741665042
19865053
513269957
15115280
874277458736017408
755923618861690880
4825933131
169509873
381752827
536087812
744252001572233216
291831562
27294954
155007941
54861430
58864401
284241195
2202041324
410489408
64592190
135375402
794141460
102871033
194180198
476617010
763509086809788417
767801987589177344
844655252876001281
253153492
1146133704
893958080
964883747081302016
883537898
16244759
1640929196
785303397138214920
136704032
195553045
930564325756063745
548384458
30901658
4356169936
78101937
2369117648
309705905
4183971489
697239518454407170
732981985854038016
20918916
1311649188
263982175
16075253
864597043477479426
4804330706
4419907874
306953937
3247993823
2503165899
32355050
2400330181
23840770
85847911
511147313
146160591
2350894874
764955848
574023889
22429979
951684220736417792
872641496935223296
16209311
805328677
881925222747844612
2680924213
23276708
13604612
902502721
3145373241
14742479
825719367287582720
178946542
537472373
138455912
1489703012
51259456
15750985
47336979
268417435
14330263
20729032
384678464
454071012
23662087
927360381898645504
727264708776980480
39294154
215207998
924685307454345221
966052688835350528
127624661
2615155192
873269697306931201
599468635
916677885494202368
37446158
810977452407128064
1561978184
81648006
28005774
151614865
827972838
823729085318885376
166660942
22790919
195569352
3352535234
286680780
15451869
15181977
301531007
804385830005444609
762701129738285056
1558547461
909779974177136640
959438379346747395
42433894
719598444835446784
23141473
25445772
115694587
1378735718
742965281342009344
34310945
1869566340
1523317502
948581732680392704
399168872
742635991
1446853159
1634451854
850423396944846848
259555663
3048591134
2993979984
1149813056
35057448
882776911
77329593
538248624
39515245
62982245
941453308115472384
2261684491
475852716
25643341
66417224
233729297
2742685629
1876822236
80969980
1918562120
4241479272
461509699
772590806096080900
536511051
82737902
191499850
69676065
32486821
300642262
137716464
301815890
3045923460
944322753418661888
1370795323
311703111
46197784
1074775441
4541583795
23318600
956874369850101760
388442516
53503202
16801580
2349725450
886099802
782773143546978304
233291124
1137789409
855702033772404736
36746972
854509629933461505
14316842
323856064
365830544
45272779
789176444207321088
257052897
2458256605
798556
15327996
830908366377611266
1128886760
272396530
759481842814726144
1578489913
780564694922690560
21481247
812914642066341888
486191342
432242860
428010036
25508986
16642762
21867690
570318719
920771662169214976
2148457524
814127253932179457
2363592546
701621158
940555056
854396583974027264
790743526359216128
212767499
796936815869509632
29049770
3191659030
56892075
22874901
385324304
39620527
68534371
21263846
794751236
2976183585
864487498935787520
542114104
863192875416375297
317378810
15857447
862746688510976001
3331850139
761913115
2980625739
66186605
18857707
824013309087137792
3078942992
2744545105
854846695527645184
1589251639
18992348
525595860
23255247
788544557394890753
2752527108
48935222
15210670
3312766008
2766993342
22692199
38830101
258623171
38294247
14614184
396761197
277202090
22288045
2378160025
2310546212
140204116
4421704143
98903593
88902629
810668170163802112
23351546
33980150
1384203126
15212700
4482329417
907456152
16528120
912987117013348352
20277036
3168720181
251426418
2428101744
957659466157232128
822892106775597056
827974204729413632
55477861
398925575
717930637357809665
22253617
543209880
797658098550837248
2558351340
919946315978690562
712103548616634368
325971299
823278332716470272
44883029
3321869212
724327951370579968
709194201854939136
340689822
885889010073317376
2334633194
148602888
1421464705
958082301598011392
2612195694
3333055535
746201462670143488
458955050
23910844
316068820
822635474107985920
2367196999
20691578
21281289
825854633373483011
787805078
4194071049
116099326
793261399317311488
1355785472
404376151
2288741899
935916118870552577
156067291
33979884
145459377
760120591374516224
854383517274439680
332990169
3439164489
928610619418390529
897985670165053440
816804234846818304
16254381
778206141205610496
869954519593046016
802412959
3321386251
2646238117
787011060142223360
59972743
2893206325
941322004795404288
460431565
2558110564
460463940
196424399
19731192
17788120
386236032
542299867
800057252107448320
4839351859
27695435
81167695
2755034160
216503975
24100503
306571127
173282434
905828148
2340729788
24977040
298038035
32231685
30726383
1486854493
2166674442
537496507
752158957523857409
3264274576
47954558
2828678091
123069733
391119705
2665026876
104016988
6323932
3400432072
816770404366708736
20640984
932653987265839104
884241737660612608
232324918
746315365
944637883515842561
44955232
836462089
86761224
345024190
497175675
32631610
40851464
36012111
809414682708738048
30754329
19557372
34713731
2387779440
434533132
20448029
820054755762380800
3232014475
249782044
14543967
898137473007706112
16708133
25344344
167980009
406612607
260435904
4600341193
396949974
817460680748044288
274822860
2204529262
27384304
705470493525209088
885526786062172160
915546747023364097
427132282
809887021
2324486774
275354456
610102059
470457817
1619413639
191979692
29778837
283807210
180824953
47475039
251367059
124309065
2311205725
434983774
86121008
341304223
881206697502625792
17126993
823024101463724032
919976734115745796
918808773510270976
16033117
433362653
920984131844169728
433015972
1608930336
488799600
861927176
124145122
24264728
827978010976518144
577432615
264924050
4507313779
378206995
325863742
896778379143327746
872854129525346305
255377127
309132445
3058755175
731714776833896448
47556579
731159200743612417
3253978786
2683223780
817450594973597698
34139680
148908323
2282632968
817438883625439232
29979395
451436822
369122241
892103258994466816
769718926242480130
898668561404641280
2421037747
16873455
23150302
217611795
291714399
24133496
30658790
2174794562
930843773378031616
919439967402844160
1136243262
4878610324
2499936273
801479999899500544
18687440
15842984
71189823
25601183
20863037
399602693
520026589
769235014303281152
933769264691019776
2535863950
25746381
4433186199
2266841402
517668687
922564484
754940143295991809
114597372
3230831582
1279355047
17141486
24075540
3405673858
306331399
239448971
714618929893625856
67941014
326514673
875051638809137152
910532533154045953
24121662
381829318
21443972
27144487
4877208435
815718542280519680
758332911183462400
778350614
871895977866788864
212056045
1942152284
927574713077043200
3499639453
36304160
111736078
2333179337
941435274147631104
87499919
714338429610266624
631090137
3368660009
425537354
36297832
147782012
1099771423
819079204952227840
917550036
60767749
38781064
49071368
546476549
211648482
15663568
780791090831994881
246596295
1589995549
71068831
735256537
823201999734902786
817825066993860608
3195753642
3982953706
312921284
2244691130
194154340
496157766
50816050
216385540
919400027499515904
3316388106
875964235955675136
2429334341
469919231
271243110
114679189
44496262
864660203349958660
33019240
2364901363
822429500063576064
2372050508
804976360317800449
826637573187584001
3121769263
827676282385166336
720642069
198051491
403733884
338525561
242340385
2809336337
551070533
2762511934
885722677
928368770720063488
939214290308956160
2991978347
176617872
315608130
4725464417
2864953479
868576093204168705
3405259520
3590024123
139558138
605687186
1435649419
2427623580
2878318457
17764051
60209480
311729044
25095527
188631218
2569322384
2492497783
758361693877665792
744003214840832000
183671992
936336516355428357
3000220973
4531076896
822843811751727104
738867250619289600
2232063625
768827551804432385
850955642592309248
81475201
126673678
916819014927749120
14089839
942582294518292480
3012090818
826280215907270656
898409122411851784
30089980
2255605728
22877492
849426150677991425
1711087094
818277212348674048
901874371907665921
854792794984120321
4644170814
837010354051952641
2339929226
3173015059
789825194697207808
2864854240
903859716740263936
128763579
795315498
21258460
34078951
32279102
120910931
866062551779614720
754478404515328000
829243222207639552
399629577
868130508
776830741984444416
39856740
296394704
823768489936699393
820732873196109829
834267169
739509612521488384
790382180950220800
754664784243458048
240940301
4435722012
1151933252
27142970
174980242
752220955229851648
270444203
923931754922201089
798490422746251264
831557384623550464
84384407
27257620
833259698023378944
939586131166818305
308084613
1075195237
768818702032797696
703031675865993216
262203597
842881781800095745
2717106752
23086574
822645132319195136
938091499392090112
824457525948919808
1431569186
823558302290341888
321774180
257947413
3224526606
1063655336
897571143003013122
860145876
812445999809658882
3289946437
814364367307337728
275694190
1917403014
24427844
59668566
1087634912
939437422424735744
831532143989776384
15576928
913983698013274112
96858802
803768618651713536
95747120
27362107
787441478024859648
744950391868096512
499323706
222979803
4881519310
2887026221
2982831773
3305552591
210931140
88675356
16600574
2278691748
25239465
823317551958605829
295912532
297976227
789715
68071561
154394135
21027387
77830408
2445629773
826430140867547137
916441413293957120
714943638
23075927
82393795
34850663
28834750
102004625
818717153679450112
450921524
801225433588957185
3949739120
178100333
944979378
24191062
16906308
826982179204915200
916090122839494656
2334193741
50397179
731855934675255297
154974214
3189187008
791125599469367296
3148768879
147875160
2588045113
940573358
784824530409705472
918018451234361344
764101725858828288
103732069
2859214740
908994241363296256
1258376317
2411093184
848229989573054466
828188537837256704
154136730
906594455083536385
802884022334590976
713826871444512768
936171459323596801
942283056559337472
442925947
3028790973
887466185578733568
1114644001
748946826972332034
1600678208
138168339
176053619
267836128
68268891
770396986952577024
818656601976487936
842537763295674368
942344471907315713
810123569925619712
15907183
65497475
46822887
547232187
529556047
911617101651116033
930128416887754752
2295079682
908169906687967232
23746411
934255442926211072
901536169342775300
847627361566695424
24897739
18073211
918476109997576192
928761190393585664
859639490134016000
38076044
2301675037
734235871591825408
3764633896
925271506417881091
899406292783161345
724636516165656576
594533749
2748508559
16022846
3103707085
2918161040
805424590759620609
4009856057
57826518
820876745675075584
63514682
84627254
4812778686
897082254186471424
412949017
81233845
858478728980070400
3414960252
178778119
3187848737
798936281954668548
880657296728215556
361917705
2359537176
16504787
909283416167739392
137728729
1138106485
20338242
30972240
885337418
3230920029
90280824
935707527580397569
938929622082834432
40763363
956543461
802601442842464256
817530967195684864
21551058
434182145
1730223295
4206011292
42138102
16671425
623197647
746388429328519168
4795319357
850765289641963522
3340073541
884625789165215744
734881029404557312
720115328
499855806
23156178
822626280319385603
891370812372119553
3193455540
2158804798
562313487
408543151
326665662
259613476
4166658399
922038982954881024
2687908795
2821054377
441962267
891059055841509376
858498618529132545
802259678365450246
2977535723
785549980845105152
880777073182334976
933421357416660992
3886684933
2965856970
81831185
789182418083127298
3234848722
622139108
515913070
977578987
284021481
269860540
1460800082
37790455
2707930451
931999011573256192
89771517
483329059
2746644052
778847899274784774
16588168
734139849922465792
35359301
46229117
794731486259908609
755425652333907969
29582279
772530282
3006726285
32563410
2792136042
20482194
292713235
17138361
906251815
880629913732079617
814247202285436928
27784754
775377755206721537
58579210
3954807015
15989799
781303614560100352
199810766
16284810
29351528
2938563860
1936187252
1308152041
729071850173665281
3333318183
323869732
824113027666452480
937881313822076928
31928147
3385421854
246939630
1671629539
775705831887077376
21721475
860849995
816036458335236096
3301171864
283335371
83969342
349803020
706970316350705664
551574886
714720425801084930
55976957
709425293115535360
794774642867060736
14608191
1012307084
384644880
508006873
26889612
47554499
322874617
808429384407261185
940327017106563072
862206270
42253358
708486681922551809
22926791
763098758712143872
31002965
4290308483
17458519
805859285477380096
20717865
826777004141842435
191367514
2329369573
909218762
6375782
780581764498493441
1699965349
713863293236940800
1517404718
862909074584850432
28162211
17714057
106665638
931123561
490916933
910192511737630720
31707397
844600948479705088
2751352396
2378032489
3232956823
29061688
3385838248
2789729850
770409077763547137
257704103
2281100761
780537959338487812
16798598
1180174201
471330077
149878643
3256889221
32978700
12301
341200881
281998968
771772176856911872
2248214658
1143557569
50023752
940266103
525441623
930988027
48878694
938121713187000322
27453762
592574054
2355209773
863908188
106625425
33365544
764291012349009920
899006724
803590367190904832
2737406525
760788621083316224
292446812
794057828054933504
2567268222
802649176299466752
860189500731011073
867634876899393537
777616574203170817
349372439
855992979265343488
890437578
891615978227892224
122148117
712118958346743808
2961548462
3040877702
26611569
824301805186285568
235849325
4831574422
860601638188445699
144251234
350757087
3301704345
540455580
495579281
1053098365
2152917934
15750919
1374667052
983264047
2793339658
265455744
23012399
2588627179
144961838
2413913117
920614811670630400
2483585772
20865343
74766956
433876362
818148115119271937
503794853
559111852
811976075945410561
830321912886669313
2225657954
2202072090
412642667
31331009
529041050
2379651918
3403299755
2239918238
2448398797
711613598900948992
794344327434469376
338516501
198416373
2954174343
543649046
329649863
261394851
119166897
252316954
2482184095
337960587
37377065
1829521284
3077581833
25262325
2317670106
1306630873
797594656942850048
51681238
814157269
2489699181
1668132566
3842990952
815678112088276992
17524733
16704646
22076260
4855372707
44160485
321652693
253216970
24734156
778376588064919552
198926177
18662449
420414672
939616239307182080
942141732
148237540
192085553
1361464596
69549499
24823512
820684582479626240
1360234478
185768950
16440797
24450922
3391168425
873223664317202432
817787756281790464
3144779194
921165247490207745
897633679664533504
915382161158676480
724012560534507521
345917474
4199026709
710092540377239553
871430336344977408
780446504
1514704442
3028468678
25811031
796807918121259010
2319324762
245435646
1924962948
704107752885493760
27667256
51406155
825865629198610437
826918165590388736
800405666426810368
922572236300718080
1406934018
813424123833503744
796797582
174091713
786265546987704320
1671908917
399352443
810341799441104896
884591617818202112
545235190
4490534239
3301185099
798955497281949696
937065525116411904
15173049
769262243666010112
1938480846
898310121205399553
474476747
2928340814
885828507112177665
2990473897
16148369
56308226
557399205
287503006
18960926
4356825256
864337548268544001
56856482
826913106982903808
2420823542
2548382148
713582080291172352
28611432
824102732709658624
77795093
393729938
2206573763
838266554814971904
31460348
2471632388
538717804
856328452143808515
478216864
22107144
2724300936
48492254
60004393
17583477
2191709593
950593608
750068639479586817
2424603336
2577199958
833761836059222016
634170042
5510212
32134622
798564373547589632
525022850
2172114856
388851286
368443710
2839103195
3408885449
353919244
802694136
382318059
2400284491
39054975
58637635
1548016214
373650018
3151628916
312130917
917633228692873216
766825944686272512
470464938
773560413225160704
825488038608384000
329398905
816723455965990912
435564722
848166968863727620
808745970817257472
261388655
2723153944
3973349112
581363005
826560401592692738
38333667
216708906
481007654
534609028
100005598
17002593
862166980769579008
2971635226
4019068214
4183131443
3244524405
280664979
17929186
341190477
3003581225
827368777583038464
777263596615110656
2285333724
36654629
358016193
35141106
247152523
2284071775
2461369577
922364427982090240
784834952
2916860376
2861563238
374338562
233121383
888416128493510656
1536739736
570945778
891837599421087744
810335484199063552
3680608109
36123263
375392482
469582871
323965227
340554906
3181820690
284238686
818658351273930752
282836650
232111583
753627577319845889
856006915633147904
923424142036045824
17688491
3386532436
57743980
902768047
755910933323603969
380690689
861677423309578240
93665863
386004539
771834104866279425
931097514
796503388682915845
115252451
318582223
848154642261430276
849119923918053380
217636081
378844127
991491583
37940975
905233076623724546
3146325221
2169982740
343804054
780564830285463552
1597349443
4690440254
2861048836
898681729
44136437
4752109760
712961251282788352
245037036
18585570
796489098655453184
3356706339
69943118
597512137
104865001
2636971536
1720775880
823541990772133889
800663185
193175414
43736466
453704729
810619093749559296
24833245
34290288
783732538577592320
90831127
2887880694
3389486855
25610343
47426606
891067275201175556
288596539
854050146228862980
14251225
2332431056
830231906662883329
235643747
829839012147949568
488713596
29309901
4529054062
393098360
4091551984
134802095
18857388
254828810
2496335227
19643858
819191648710168576
892525275703123969
89112050
862075698185474048
860851
408905990
14181099
24600554
46828927
799650935714680832
239522450
4182077662
120877403
2730558604
761983062511120385
804123357662814209
132767707
47932789
797898671643725825
716689065517662212
1653547458
33790496
139613298
610971502
1965182156
74384094
30452048
824410682
1714306040
44714333
273661134
1862092777
712122132784816129
24932455
2820911056
78981801
2777012980
22012788
4883255627
3901561215
3431408303
261157191
212962017
50896110
886584324568600576
18108116
583323158
22582564
877375078979125248
47665718
815764374627479554
1484158909
930108601984798726
187796215
287839361
2616653534
739934175382413312
800054653295718400
4377502335
267328643
3295641141
287911043
826566062716153856
897207792330846208
763953811413045249
1444796923
309839674
547860279
124483202
817147927852290049
842955064755077120
797090705210507264
247380353
757118699212009472
907635169091313664
3419961257
637367159
899863964
2321594684
810545687272321025
58378762
17542812
353525236
819004472223379456
783072636800634880
57194418
243688398
40021280
2400808194
825109524839292929
35244263
2546350653
1187668692
1015498340
888178220322799616
787722159149899777
495646644
247155178
253007896
1349531930
873360672452726785
800077220349739008
3239302884
4892056035
2970839230
327095666
483279333
128985475
124494516
271046940
805911988119412736
62816078
154311445
22276473
125677319
506322755
2304035797
255256340
811059623176323072
45262763
514887483
824818545196486657
1360900021
564196877
786309892990574592
2448733195
897427621608378368
839663649136455680
2183993357
2315871546
718614107759517696
287881805
1308339888
306381024
108109672
112244417
355815096
793949726483693569
896158368120877056
805570802372341760
769652343382151168
23016087
491855334
746508782973366272
798949505831878656
169723835
825318469633720320
815804400
886668154625241089
735717214142091265
625830291
342814046
608485801
905977845415010304
2739570868
813548475329613824
249201185
64799667
94044764
2411474370
3246242071
26265292
3082994953
3366899093
16217821
3283055876
3352466116
1275962678
16115892
756903193901162496
2238059208
2880073631
18698555
32522055
248884036
895126016288534530
13850372
1262776610
37844996
32693586
902613737378639872
1366209812
47677431
4239132473
86408133
16090751
1078521048
920530737417289733
875390904
17099712
368760126
1000798291
263282373
2277635479
764762922077663232
2680693356
802345650050437120
426958963
317683193
64721359
3331634031
91194000
3305406949
500759273
1885057400
309969961
1396282362
1523483784
862179624
821700836552228864
246854137
43780498
2372356009
898397801700143107
391763183
187252959
376129320
870487092291305476
93667648
829300181388685312
736474799992512512
26346508
31532999
2729145411
33541053
28363321
26600908
370146021
43472027
120884153
842472365628047360
462998350
174748955
706892442
925781029004210177
270621614
756017418
4904662759
530852101
65520383
1924395420
62993454
2233562305
1438245674
15660734
580698176
706644350
3167695972
818913764036804608
826816881461964800
865270370
3952836914
444804260
1071490063
123549931
2383802631
48215218
1252405885
188077639
401594952
54970379
1856219868
1634578674
54724174
126482634
104972978
755265141726334976
428723395
2533584258
50232390
1063734008
276104612
756023066052800512
465954632
3300806078
201267665
811999433965654016
4871447266
1559779544
829081610192564224
4632427901
55270501
167494668
792725298
1965216283
100518603
779068228211474493
414223947
4819292505
40173650
889714183763251200
435356252
487851092
738729254582669313
224821432
30542985
71035575
261552407
2302663031
715112459
830883506582650880
773769842
1265744564
330012930
1051451371
807737214725591041
17278992
232757559
3556510217
927943321774731265
16620971
1004020004
2369995013
629948723
830819446142885888
111772970
588910218
313521179
279995925
48534136
15519033
745019947277914113
866515390913945601
3974896353
825135591452839936
56673638
321069889
70234519
490565694
126022371
35221306
827333887
18208439
2159907348
123332120
771778032952545280
805907138228928518
1335481572
24465441
35346950
528098872
266252872
85117657
17527769
592017715
496199344
313407573
706666581741318144
1277701350
755897297238495232
514974163
25659376
387199731
15018750
517007249
1247682246
20364178
893630742
469721484
84502548
2888403621
809853639552536576
123628682
1143404712
500059727
20155203
4759803413
807237994348482562
66218818
759205132391313408
549435809
2718718453
405213771
4862220669
757592319637860353
860857076
42363149
26446837
180856341
3248516399
87869624
2481255624
2411640194
2934009661
780575384311959555
2735569132
54655771
24109804
21495530
49303023
473182923
540930845
3391532422
838004931890139140
757948357671260160
799109145135718400
798637505734148100
22728028
2412603985
319499139
2985197002
145618378
62377001
555307309
3000400970
204265518
928698329491316736
183684975
69384446
1400418282
785293396755689472
900878920072998917
702176255022485504
720773694755311616
925524815414480896
738184516586639364
823903720370892801
3305515429
3722412795
27981062
3763536976
548751590
46522067
878828330623094784
713373797928316928
1928290020
915615464553959425
876483903288221698
977432202
34722931
875817926783148032
913811466591064064
246558649
3309219404
2226009947
32651116
820374697179234304
25038917
900903776
80617430
2823162631
3238236486
2358319206
488911358
41637913
882041521243119616
835892347279929344
357668754
23719539
797146382
80737025
870549207735840769
599808145
760543442
243665363
237954861
2286203521
779346954664996864
152865814
2565924854
1686762092
824374355811381248
632813460
796147382119329792
1697390605
705912192546312193
872336005
15029929
22947314
194904754
2271407739
531148257
39227331
23817298
720165500
3216800375
283670178
2561453427
135262512
2446075298
746320970621739009
3171838972
105817776
742513770744811521
310939708
1717219166
2981509011
886160473
153543676
476464956
2352551389
580224794
1920874004
2593707738
883165426003447811
32671625
2316383071
539573373
852992935972945920
594175899
365398712
779555779615612928
46953757
748990181332676608
14098804
14934284
32941293
755057897583804416
193365375
73007812
751579245105782788
2347323266
247119832
14322672
568951678
79498350
115418775
2345831702
38208912
28789396
824056293161766912
2515979161
63269955
824811124524711936
769603459628826625
928335086
59869348
317213671
1031380063
3353672135
241197793
27968672
716813053
876091408704315392
2593708296
117158296
54554969
843584349253615617
118734730
1553866147
3279552517
3019606069
3274028335
27429191
32181402
329872481
133327869
745739064016527361
133938408
19084896
132339474
21461359
580312540
155784594
18686907
234186830
746387674286559232
21696279
860555190
299802277
32871086
218975278
16912124
7855062
16041234
20742461
18533219
3893195542
29465136
21212087
113064158
3223426134
926620369
2573480784
21001599
186667011
2421067430
281240603
2863996955
18018355
14515799
36686040
30354991
731132367058968576
19086859
17907987
14247236
123417995
26548315
325001316
39279821
2918539369
19925278
820354372827758592
20744708
325385270
19346439
3439180576
14377605
2922928743
30350927
20508720
3497941
13524182
17642747
32411838
164554364
17006157
2347049341
24431892
78525538
97106823
19087651
13493302
113061485
970207298
61734492
21701757
124490608
14190948
930178296
14146966
2434051392
27055034
2223157392
130496027
63013144
373564351
75939860
21268897
15464697
259395895
55948054
179218353
23031094
89887215
980611
793975748
117983479
463765807
702898128823963648
2279949104
543780273
241201438
18464266
15976705
42995067
3309654696
17167572
74211907
812953368
3150098774
71569841
21879831
2280037440
60841112
92079350
4794182534
80944550
426802833
2303751216
2991368880
26186655
61679419
22873947
88860908
3426762365
1339835893
3199623646
367999144
1858765939
3009635383
2349604370
48488561
19671129
1536791610
3245592299
67996364
529645563
20068679
25060780
175158177
34643610
23954775
100136358
15996661
92613268
15743206
38483838
52939106
24827010
101824742
401829071
573702884
2659932331
1274030156
2263222992
161456486
281511746
27781943
1049217180
1705673809
718728986
342165503
30944769
78184379
113420831
318144309
72136087
1149537606
357941423
2227375350
1447501400
614554301
24766733
2205549348
51263592
15617631
17393115
66606854
1023096199
90958042
1934622342
1581615451
54238007
344865195
44510033
28130911
144700071
262492192
861846439
409425296
20105192
20800328
36320709
15808765
67103977
701512344
1604478116
181630001
251743942
1944158670
1887416568
1895827201
323003569
39609732
21388284
267473048
377039040
14709355
15103223
204995942
16259251
557737978
56108954
365697529
81172937
219832995
140105491
27811781
185810178
1330457336
757303975
342130024
112768990
454381139
24905286
1204933664
52791522
21728303
284560419
1541966414
27016202
597113793
201441142
24460328
16062366
285293010
112963672
24165761
161802684
913426118
16573941
188060534
189945486
45258577
239465740
1360307114
849432745
262172582
17565514
15667802
7117962
21118985
29816103
365629731
23778898
360376862
300354212
397338338
526316060
28211427
19362299
34310801
14529929
53518232
323736412
32431082
155437782
102055249
637174896
26527245
201308621
19931063
117043927
15463671
4170491
77891147
20545055
34959923
92685993
17461978
146115452
818876014390603776
1093090866
60215516
18227519
139285190
140574467
59233949
54682125
31483387
246936943
30313925
1059194370
558051887
162069635
313992840
18220175
44487762
23612453
18137749
7713202
30080029
890891
288304848
402318272
15256841
117778179
23995748
146337245
47010589
316804897
21991753
602905534
113755768
32004130
731167584
15070243
14090843
158249714
15012486
552405748
294728278
19167103
552755591
268116640
8839632
197536380
248900032
148243810
39008044
72360724
459643646
714272731
33657409
14185317
33661483
2902901
24529035
36401728
1106501
818909579400638467
369505837
33464600
556074094
330592913
189563328
18326675
582033203
409486555
939091
27368199
14975341
16017475
184136149
49698134
352548417
595515713
53936361
373101137
16405372
93769859
632226243
763101331
38802447
254117355
738462121
567824770
36429224
409456907
96829836
543604019
555708399
601113900
43139414
46973152
299448712
52273313
38448732
51506098
127431090
394383957
358226715
24712054
77529140
182503471
16145763
342327238
20772763
16672159
73205698
59031230
19791490
84237098
340564616
96821645
276192506
246980266
75052666
15220768
39629013
198348182
213056016
328734800
195985229
426929179
50323173
78404274
35736728
58529612
325830217
148808365
75974281
206811551
15862440
28109359
42040091
21537562
42788254
18766459
322722682
364658196
146485099
56598752
209242459
48802204
24722367
331216117
18746305
164412502
353693212
162582870
103633965
16718531
43214455
20608910
16129920
97474887
29382282
158426909
19397785
326543173
33529556
228111653
56461930
158426128
141664648
17696167
50325797
197594920
18057537
97245137
26618680
37367041
25463212
25472674
759251
16116288
14962779
35401761
103224314
257108582
243515632
21150433
19237148
174326414
40967271
176297949
54387680
104694598
22676390
125826091
275591894
244655353
44245449
18144517
92717138
17882691
238319766
115979444
104711334
91234465
283029492
194341699
128990079
208210693
24885295
58324184
247114704
21220931
94457225
277080640
284089166
2608911
251686253
250831586
40892016
255657736
48100887
15467493
123859200
20998647
35586563
46922516
90710402
147995428
181621546
17429011
44915670
167554111
93670366
34648336
239627251
16581487
17367439
28370738
13076312
10722372
15467759
16148583
14976738
54135604
21129105
15338284
19674502
205302299
156363528
12039612
36117822
112471133
15754281
27814852
78183672
1665531
44873497
14375915
17901282
164691705
16298105
195553234
86508475
15894074
60972923
10946932
164859182
118399684
28490483
201882918
105652708
59170955
27697207
34047021
20734923
55348150
33990291
165973679
164501614
101936612
15147042
56845608
29992924
28220305
27185729
46749026
21967542
29478766
79797834
195627885
17220934
162814196
72878707
19697415
17299063
48578141
101566422
161143503
182096923
42389136
84358766
30274144
16193455
783214
49573859
16051471
26895879
109272750
428333
807095
29625647
21095727
89188072
19923144
54951973
96846955
33995409
23151437
37029444
15635604
134639601
38999266
17982453
130617778
8824902
19383279
23083404
28140707
23696104
111074974
38292674
52836260
41583480
22784771
813286
88959023
129214936
128661813
627793
20346956
18631010
105211981
16302242
19426551
39126181
