225927116
823726556769984512
772738277648588800
224836446
872229300065284096
968149820371357696
25362955
453987405
768418816615387136
729780214985859072
45154508
781418520148058112
3121801276
4847971863
4206492575
105499378
487899172
44607937
478317485
42296641
914277987255799808
736957586
1288485038
2981364856
1305710588
2292743090
80420672
72859173
635796111
104253180
4561185736
265104007
140845817
63840442
20020279
186853975
30044484
892136874780745728
3143378493
357286380
629273111
4048468337
847848610775654400
442897225
876893189017305088
117777690
27784333
831851424854208513
845614508055912448
98011067
36962276
28839498
2983168236
127583968
1671804002
482300252
3013589764
821055219886948356
4856875384
40009551
3908301134
532303697
566755174
252654200
3343929255
414566651
83135579
570241463
586947094
813286
20312139
283952006
281586797
2978189374
265325492
2749218976
533498252
72185663
369250489
91789440
2730066025
517657650
1486039418
839421708
21936907
39776268
287172415
196700448
365129875
1923202668
23586954
183094956
85406678
65537597
19741660
563083015
101618342
103063272
303067272
73926329
33876304
117786848
766164090
198624698
1384701715
1062227076
33261208
2234739162
180463340
3309090509
110340239
1689692046
563070276
3021687670
57690247
15831223
85985610
135282707
22820251
19575977
190074321
40903066
803511710
30695352
974719176
2627811030
62323777
704445929223544832
408616298
47789815
558456643
2192176194
1645344888
87043195
310515881
283900092
287824795
292926146
600415260
635616520
2260492271
2276672562
2717796861
64055557
254681342
697815007518711808
38652981
18986970
1074940388
270513754
1716346639
1191199698
21654128
119212115
160544630
20322929
28140272
4251733169
117138690
31674138
116561426
309680758
2965032356
310237681
54933863
135224959
35631163
15102436
492146637
29940335
2863917868
77383832
369692162
66259018
706932418901581824
57654491
700597360330612737
2340843427
52181976
372073904
17764377
14173770
27676444
17828988
22126935
273568217
550467200
4869202876
1731346758
288947240
3305123605
227830669
3997904847
696451291174871041
167084706
2766348725
1968778914
50017658
4273006932
1247226330
2150922440
70103529
22927538
369583954
112977136
19145326
23623416
495815549
594956350
20509353
189584119
404303361
112811118
31275674
179653048
402981872
4149291445
66977217
198491422
113438876
112502288
55006378
72037582
2873734373
1392570528
438264273
26311436
52786481
18439380
1428770988
193656046
2925679150
133218171
57459705
60702133
18208354
1851424040
435112411
2290289965
2250154116
111119869
166451878
757473236
295651502
142328892
45126144
324454248
2290138654
24017118
3460758693
350397662
2192626124
2488658228
25049971
465480510
3310811608
134738937
20408557
344369980
2266319137
32501175
360486593
22614033
1699029810
368916430
65515039
304635302
608353719
162399634
1069416852
751639183
2305353439
549158624
458275184
71560551
3051008687
526655285
308095384
459395375
292361483
90976656
536593558
242865210
2316222453
1396798926
368829169
2872530365
156423848
448067298
398025550
568367166
17023637
1635695588
6982522
3815426615
83196000
1048509301
221118031
16081046
35909195
2984674484
1325711797
76131466
34868950
948549541
103595551
3327270345
256095322
3371332876
351875542
104564000
3384776110
23699191
1596541134
22136617
139343123
204467806
26981013
393480775
153011042
1621065284
238763290
371976703
757786802
888893407
282177804
63815657
292587013
753412586
465815172
38737169
70651446
292359364
353029369
2742380412
1532262590
367054376
25897605
609205762
1201355809
2612570428
928549639
1155528187
349351055
913812620
197365064
280436401
25739625
235125575
352145373
3128578385
2871619548
1532327574
84921408
583131539
42937570
1023096199
25201231
501746548
493229307
38672674
264885962
248815789
259004483
27899836
49476521
21656818
42198821
439212445
23961926
485726253
327491120
2980476791
215229036
2649588536
1091039904
22941372
1260674960
887420462
37970847
207487341
457374848
148758923
3008112959
39560897
28107225
18752736
24872837
72839595
541555747
492554563
47918956
347265659
20367817
2975145076
234400024
605451276
459368195
890685120
90451535
220203761
2355004184
138086728
146327085
244325390
606443654
557379987
879636854
37974321
483889334
359383773
59283767
16573941
231183280
59860801
2800672999
18974240
113344703
2896294831
18718790
95473634
2157496492
155877856
25546870
242532424
299015613
1681057874
40264820
607228596
19425579
178767029
20069307
90605494
212567945
613924820
89731307
22311174
64729809
295944912
283583793
13049362
29567514
612430330
580321834
79312149
608732656
24472704
883298618
614319928
441198742
461922992
249154446
214823797
285673437
90725155
25932445
2748750541
51816867
282328262
205700928
486832832
124207254
91392939
424487374
152440923
267293204
240872934
160506994
1274407920
2729954041
183271121
201405769
423284156
1543364688
2501240330
22156728
1527379770
91454922
65177602
197139177
80182247
762252902
1299214464
237280512
47205435
19658157
64546927
20841044
26048940
20777097
14364779
44706253
51079493
22146985
56191139
499260548
219011494
276581516
536709825
2522857005
2250003574
281096205
246527381
53879376
18614569
569508328
85446114
766423548
166342668
139714793
28807346
23606933
23093394
429749889
21495812
783763632
488003240
257911229
1222678219
941409253
22145610
237993896
63578536
59682648
1391820494
506464303
241251394
24221112
24537779
124662987
1070929081
17212050
121253039
52654083
232679225
267114611
396510910
834095274
288319595
24729247
20611018
161452925
189592411
310206422
441245436
20111388
20628214
28054681
284357979
373443864
74109291
134621918
209208697
242025213
211559005
814760
29471375
17560096
201274716
100891015
115404430
63557567
19649183
18469768
180233954
280978720
57444519
20966269
286781512
800162010
21129269
209771590
1444969310
93607041
17844280
19637934
338299807
192732053
476122850
387929129
21853301
46526455
25263456
137096383
46964210
52669751
291260481
322029373
174065673
39039422
339989348
288706984
149581956
205907721
733473258
759358130
49637916
119903317
175136185
25399731
8385332
459542019
108568373
282686437
153557309
16228408
26315586
36146253
67427568
1700229150
45404326
1577325588
561975711
1311361154
1544276485
161995342
179300785
23151437
55246492
46318078
1334339822
17232995
273110852
453564789
370290595
40689964
48670050
20042876
25639925
50438841
20021950
166360370
16649348
312285646
113782096
394049650
87763811
96829836
19028953
86574795
549715695
137454173
39615521
297622363
17893518
279923513
228079998
83459189
1123555598
86775651
387554906
32453930
17815082
1324517870
20166900
30083238
270045445
21124888
231444121
862580828
293482180
78987619
420460680
364760023
219243547
225072440
51093908
144884245
12870772
48818036
198151298
748131212
212256947
28534252
32717570
90747829
154315157
464075320
260522730
481963424
55809761
487674757
34464925
257013116
28349128
180049979
19318801
239169338
23258204
408098292
134575537
24717053
534842435
188039706
74791999
37360915
127493777
17070013
872365082
562381032
328243508
259327274
122061561
228942518
178784734
14063426
105297123
243474622
140898588
268400722
65033956
22429948
582244498
71643690
156399234
190399995
235436448
41228293
29247252
51789614
610228763
215820658
226382963
16528509
218810990
620908992
22963870
8318902
16461545
17878322
16910406
574857684
432820965
407296416
429254189
174198036
65615161
563797632
31206614
185487499
75157288
101852594
47635095
38957399
23617610
56518880
524393967
378754756
51742969
151833703
95432096
249486746
348681984
220365828
275926318
100870757
341177119
472937880
26755061
56744972
262832882
483412670
239626505
67434928
6446742
21586418
14854462
19478160
19877692
37017723
239335481
180372883
20566864
462326886
297469071
25999921
18653699
18471204
21783154
125304763
172321358
46789647
427810633
115339417
305370483
9126802
23562540
413487212
24181941
90738458
74738525
123667288
296713390
131335024
390689421
18783665
30389476
117134578
24952281
189502675
27271615
105119874
78869523
57490963
306572958
102278356
22561128
80000906
294289167
306428385
281225937
285219511
19896084
191020737
166120844
47019033
87591776
145178187
59732467
47186755
230493986
264240035
20567939
40888245
262076053
247052817
218011150
33876522
87337811
17723697
282748726
67566667
45004874
57409479
256049229
301127446
262315367
36930327
23341562
184154081
130802000
50806927
219997826
119509520
54046888
177491003
73965224
17861062
18676369
120740009
289305567
24822280
21278412
284670835
28638191
166747718
94360081
20409967
16447060
20954441
18238344
10122292
35787166
197746569
15647046
202722747
26027481
21705616
18222378
18222599
20876957
25687920
237340853
181732168
114237146
189948186
235707583
26792229
111757688
18626783
178610739
142836170
24966423
52663304
18665952
17486893
15084438
24719760
32828599
76715971
16621413
25761261
25432107
20658249
87486197
116362700
24278900
42878929
90939188
42232593
22887015
34134062
51215464
16016673
15429786
37868827
27673684
178865619
230433034
67937671
40300458
28035260
101872974
83488042
16492290
20728488
76413683
47963810
151588971
35653050
89760681
22733444
236898449
211861569
124439792
21918763
42858367
25047808
27195114
19158422
182846060
95263312
52185683
21956758
98657358
55538764
44338359
101192911
49130437
17959736
174040265
21654624
142121126
46426919
58597617
92017724
134748306
129879769
149726145
24906723
25513183
73048291
24834477
45846383
227751560
