3247100168
35982046
2845691742
3171403062
320950790
279135014
201067405
288701496
29359583
852548930814570501
371417922
71708899
204832963
27115071
585038681
2187726265
233350673
833693460305698816
38057835
988235401490874368
377668067
289548431
211002550
2704310494
934399189
169582553
816653
380749300
3150940290
14809255
52551600
1559660850
40231421
2181233851
278682576
149726145
1390023217
14331674
76777454
700903452
88749392
125481462
926620369
16504257
2418377029
729627128
858924511
309220197
347493157
882164152784924672
2889302473
785319510773338113
27717606
38930711
847661896593358848
835181263199825920
50942395
50323173
432570714
72475439
190906140
91666369
3399000161
441315620
131305850
4289728654
810164143
3076595087
193602107
32765534
3325068258
1357107872
436879069
1015962704
339317307
75974281
702640558594985989
2915258707
274200127
8318902
851142163
50284152
42040091
78193153
369723148
18139461
2384294521
770352762
1304166198
243287822
13615722
3037255863
98271342
2967085612
74580436
360376862
1921363483
2577730025
3362984069
711010288649281536
1128886760
703302334479208448
702612010316345344
27540803
2656930813
67647998
520621840
4135354393
4135397005
79923701
19139193
4970411
542965434
4689632400
126106012
272250951
76199607
16371289
88237657
135019364
2335816465
58352839
2286047468
101566422
18278629
245221676
338094270
415605847
3409831509
2259459103
52529896
262385473
94889434
4102125639
3423619089
405742509
1087805726
3299628261
393750346
2988618537
332527435
230537395
570814413
303663840
248972275
392080136
25827849
2269916793
422212031
3077026422
711672391
377705108
3722969536
2205276822
1232661230
262283643
18131961
3214831486
73011663
283216688
348849302
13049362
3714291748
2670426438
385184738
474404602
353990363
37671486
1659430879
6613972
424563878
3165817215
2422742947
60370335
20019950
36648511
31126587
2640348769
2322529760
159290687
1730228184
586254277
2715249711
488011724
17878322
342351153
378233407
27195114
383510080
19354082
136010344
20455625
550652467
212360797
360876171
476234589
1115957280
610139222
159164530
1609576892
2379682680
27729732
561580528
2916424793
847802430
43623581
166630377
2620038301
2565473791
947346722
1370986902
2448779142
108296207
331887205
562401434
2281541334
2623247074
2959662729
1022905706
167151889
16331010
21701757
3057019969
280821008
3029324392
2267807786
1944613790
43995533
38288901
566806021
2296547718
472967330
1090399280
81917181
16877220
143230185
597593665
360962043
317170443
1649633971
429110295
256850846
2781215930
319746584
128102424
371507607
21129105
174699094
51375081
49596712
479711009
2798654340
232699978
40794826
286742737
39140545
127613373
2860001559
205561923
238403543
1952413430
157762283
2731813877
226783343
171784276
836285071
2844675007
35277729
539132636
613940299
551467099
42226812
30751042
53230983
398300345
263491096
44961420
386672549
29085597
218779849
1054184082
296623811
1609515757
1507085006
720703
2471925444
1322319715
308799089
26248093
1347331556
1873347919
164755056
344537679
239157075
17000333
316242142
1290246703
2512902763
2466702128
184843155
279753166
324623418
574945517
498177610
2505228449
436411543
224013922
163312585
2423086633
25434686
1327881284
157461691
2391529261
373458345
29306278
112522111
314070067
336143745
2321240208
2299174874
206071884
308879966
701723616
826532120
2149133085
1184107352
362150169
306776511
2164028185
51263592
22085184
1917997964
404322499
219539388
1642480598
33418167
341323019
600637528
919880299
1099704685
69525604
1520523614
48930903
310097222
418260834
327202980
862341294
248316072
43775786
213737252
459430657
57867987
198161674
17560096
308295203
19123751
59929595
42350161
96258398
266906940
428583520
409676268
1109917964
768673842
942653922
251931379
338824271
262456095
367831694
18177091
16021132
31451408
361361662
30307118
83746198
312094933
112527627
720859404
825770071
21150300
46027640
246011406
478260867
236259419
168764497
343793018
523424175
384639986
409311601
385789338
211750098
278207863
286416718
433941248
388576280
42234333
140143126
474091041
85451048
216603805
321078680
351114868
256659889
240446767
225680383
363365354
23671096
137276434
49560082
263884940
252620501
351116656
6480682
320656478
338422849
68318354
94688308
367359904
332045414
310367183
333184287
313638718
262522124
266143399
115838882
211958893
269963591
38780188
19426551
43139414
85936227
250831586
231977033
73019612
244676892
154891509
191272770
62709474
24606439
130734452
198326993
203187738
18915240
237995485
40519997
17442357
18665952
29330030
2557521
224040793
23083404
21761627
74178227
84353161
36434071
150846769
68312178
15184552
169686021
813286
190354518
