2590215079
99629046
226324246
19910414
97737655
18648536
51755374
1187330941
754953091485605888
169686021
62840317
3687721995
1094922224
1630712250
506408259
95610041
848224801328123905
166747718
842870534559940608
4830435274
2734850078
20236894
219776889
128692190
237372187
152612836
250609733
19394186
2403193717
962586170
1266738902
727890529208373251
3428541207
246847775
3388925218
117652722
1249758428
69170362
3214737607
4386765701
181572333
2637377032
76351820
1195016305
343463192
18177151
391553312
407893703
1438376070
546076148
91114222
29695131
295632119
25311070
15687399
898370934
1052668806
61176145
3014805119
2341504756
2182694945
150018526
216851932
1657988442
1334778512
767321552
280130209
883187779
218163857
61443550
140976239
562381032
210835165
274635962
217186118
75974281
552970721
499082434
325025372
284244652
236887569
189618408
279700331
137615908
40521999
73176318
320103410
282622068
77697883
282183811
263208566
241250674
55366750
59529177
51274414
195461233
20721604
