793214380020207616
911382500512952320
996028926857306113
811423152072953856
323984903
139577559
909804350989570049
2923453449
23812471
951959950133260288
932771501786443776
947793717154287616
879480427349725184
939477433492832256
3187908484
15683403
2418271201
941523398819229696
2275028041
19734817
70203101
830550188662071300
2939195038
926593796187574272
921810015094222848
16000590
819201783218270208
2380144803
910790510511394816
10004092
2480784780
889890761893978112
18085476
872440096003416065
69210974
1868989788
4356369502
197656452
1973763830
810270015815553024
12397052
2744628952
633910928
2290438913
8020002
59158936
833157944975953920
827787901891145728
530849764
4624738415
4188898823
10149
15467353
211785153
454153617
4787451453
801076229038284800
1228815517
273063244
4874958317
798968921940365312
4769777183
17212915
2491208600
780748662456459264
4895367185
2245022168
2462331254
3342296565
3384955955
770343698227875840
1038519528
753405409990291456
144181584
3300391369
3278660935
15735797
1014164808
52279275
731564110022909953
2970754203
184700480
363909760
623229246
727402567702073344
527850563
14051471
728534305933283328
4085165007
4909175817
196440414
104944845
608545194
33609154
2744940601
46425317
3458212403
18957524
701760869047336961
890087064
19274319
18848520
22155691
28659242
4868097652
4785829707
102843157
87202258
3249128140
4840467254
3434543045
825909678
3161554770
4828383849
93330053
3064026982
247735287
4416263488
261351915
9875622
2132631
4283529921
316035354
2724563966
33624244
3387130143
25179090
368916552
563002127
34049901
21842679
15133961
4047401475
3983645412
16698318
316173650
26131543
3249586989
337866807
589682209
1575888708
21136869
16387292
560718851
7666
29784328
234615353
75915813
16282633
2793335738
17369528
235208439
3254017882
100147686
3207668368
2950679315
2330333496
43901113
3160910591
2525706895
7095472
366795546
20556589
1217661037
3102093815
3086085092
3078282914
331345271
16572955
3012502275
43722378
15014405
73391985
2906127028
2950102240
266209028
14599416
2726090382
15399503
2933819714
1364340608
1373275681
2332146312
2877270088
89620739
107155201
2865203177
16420037
2768488100
14270329
2822800058
17813816
164291890
18155826
2800150162
199912323
1682277313
20493136
2810491286
2768028837
2275357344
2725053258
2782908529
402124194
1433761201
17630013
102542304
33840648
2673733551
1480241148
16350264
74488460
2689112708
523104738
1714004761
614939122
344947712
153848738
21349045
2595816457
2383857876
18087337
26609747
876610759
820184594
2528016787
24592033
280503594
2519132700
1076535601
329097065
15503224
15823875
2460600889
248782806
24728150
2424423445
1105282304
717490407
2358581306
2431681079
14653516
15585752
2282934804
50781558
14983833
34046481
41273764
16189161
1226610836
83440669
17246902
497538325
266928085
273495332
15835581
1397304679
24284354
2251932181
2252145763
2234911139
1716497204
19892569
76270430
81210901
51706982
18047612
98649357
820125
15190378
2230838322
89385464
1925701495
37435901
2205111863
1260239976
2152200174
36764252
160589329
849795974
24969547
2152062553
29107524
2190654535
763812864
1674074766
15049129
1685939646
171670016
874961
432035805
235166606
14860922
135565757
16553315
17251562
540359531
82454243
130825784
8324232
325235630
1638040495
14259653
41127530
1450029295
1683624181
27771528
1628937750
1519004838
32374365
1515478874
24841705
199378050
633979769
1603601774
25317788
17082556
14535595
263326257
43785480
456889207
335047826
1262910590
66919951
277152142
16858421
486048308
18789810
1339456950
132252902
359554319
17903808
15707569
79230923
394704675
21386778
481326305
27792738
208549449
138185168
801171229
327133652
623989109
170557750
132337518
1149985285
1243032852
546301078
14095843
26317256
28533562
8933702
72928801
269514942
21340812
397318858
1198680716
183695751
1082326476
18174217
265584654
39692904
376762488
14642516
1125874302
968433896
21814578
357735101
65093636
14980229
213727252
138850670
46543780
96892797
16338589
322208121
50510908
770969293
21003895
44302499
551709184
145076592
16040374
18314372
78345209
19567557
637237678
885652722
261282465
14728460
572767501
936562290
18765374
88338568
841069158
31374964
30172596
335145640
246559112
15470838
501840759
27010573
358268497
820459356
827577300
14421635
176600565
818898264
152763191
789519812
96238208
43191127
583264110
15726052
107222738
335979924
20071047
311034431
403440214
723209552
573736121
63213362
38498226
20020587
190214615
581423422
19748371
65840463
182728780
603110616
249235431
37523260
250492850
509828023
277078401
23501508
592482822
114478638
24950008
35962650
24924637
286734025
569324120
44100758
18708568
62582083
535111001
458160435
412766922
17637993
465257882
469842366
369122356
28497569
265624212
536924383
324729678
45485208
14747766
24448242
354103
524499979
508115393
26272838
469376038
301903921
15722752
476283130
495594117
19592276
412268460
395714566
220175671
167640467
27194780
472191842
431084049
14357443
13411712
205850089
247986301
431694052
352818736
375778883
216064175
137450504
395613568
387251528
381897135
14812745
317106930
274394351
214544184
431690637
431078292
335221661
431698951
431077221
335220919
449983855
217926070
247079249
282012971
24839337
353440271
122309143
17663168
18197399
432038194
121449041
28252220
201394905
399436761
421370584
70301293
24386958
19310740
351670841
222305863
375878638
14700181
394890091
20974863
69678985
14456249
25108476
15279308
120592649
16898525
163926313
176196148
335136230
323474343
321420280
34816309
45201790
8531732
321265657
339762775
59060173
66723397
95315360
332409076
329581871
14516710
309093085
18487852
339668718
197546347
47474168
128648012
318685292
46350549
73882721
16115508
27992030
329268323
99778122
328104903
29993251
63892593
123281524
42107666
288656370
48202146
49881983
47622170
15350839
186192207
16583750
20201172
116902616
88729761
295754794
14264732
283067605
34507302
225082786
43951557
290017011
76068281
227352775
756004
74881433
15906640
6353802
253034242
258947689
16602201
18087961
89522684
18674747
255903722
229502086
256180402
56195360
80127185
225553513
93141770
247563885
19197226
245375753
106208661
241367476
232517239
68447018
232515785
232489384
224929103
77130393
208318740
118247890
16113162
153542777
198974567
15006709
97349425
36376606
14785495
20620365
183024791
17419647
179887310
180271177
100062275
115708977
29251614
40931254
159341854
16113978
15674471
148061814
62016014
116374653
14483027
161690115
90011259
96858966
154521094
22665674
15322804
145870017
14561131
122392696
18345707
32868262
94123301
131255357
139502756
137558238
110492702
108080100
14116493
126217559
124851537
77441295
28195724
121512884
15060029
21019493
19781595
88037943
117766867
47290221
15604366
54388232
113126457
21455365
102987194
26855434
105803174
70816669
19546790
44144538
51618019
95381776
101798830
77353865
100168065
73352985
18061087
55750022
86637501
84608997
94333523
22840753
21527304
93668576
76384805
91623244
20004467
62281257
15309336
50820572
17968886
65942318
63235591
24835858
15846407
41180214
83669147
53745889
30068250
82508604
14641347
76028202
81348856
45584868
18970295
19329149
19675339
63241004
79899773
79735719
8253152
78205805
15477789
76564629
72103281
70518834
16162251
74799680
15837725
31105651
73203634
27548125
17652703
59598052
21468334
17093617
65189132
14580844
69098216
16580185
61373917
16295359
21362801
61483920
60114276
7337452
33025084
60694563
60059580
60710076
59062762
55716158
44630014
59224096
59598462
58715973
20136828
39103875
29640110
42449013
55311886
22053269
56489409
56210377
55548510
51465734
16447893
35061383
53315459
40038610
51461762
53064523
36588146
49036942
23009951
35694263
41182380
20504491
35122619
47984090
48252994
47489772
46935908
47137366
19507725
25174588
22666263
18452147
16569508
32158937
28822637
39300187
42681114
43164993
42714190
10360092
42135488
35274523
40926782
20116853
36975179
28489273
40328865
17549916
16494990
20267668
36728976
36321961
36973097
36340336
28594121
14109794
34340973
33961986
30775089
33533352
34282135
14286396
33774470
31842673
32905675
23626168
20172395
23877759
7692072
27200738
14825026
28547187
29005528
28806810
15913010
17458419
24166324
24753849
14610527
27630735
26758819
15450980
23411211
18292596
18079541
21441407
24724820
20350125
23763070
21117283
17562552
20549470
20208595
15840431
16662522
23212750
21462156
20030722
16540217
22706789
14889881
23190974
7480172
21529964
18763361
22939163
22784310
20589743
21441075
22730725
17039481
18774143
19077940
17565703
22527293
22435760
14437720
16024119
786757
19027708
21410921
21442298
21552254
12916102
17562554
18885522
20030284
19918181
16318727
19542953
17294851
15215593
18923313
18277746
15852223
9627012
14361665
18712574
15675353
16754088
14115996
15007987
17882942
8036912
3897841
849
5249851
16529427
17278037
15296139
16727022
13651272
16725939
15936054
16537074
14804976
16473203
16413401
16250542
1193571
14527038
14372194
15960386
6114272
15831105
15837339
14817476
2521671
15717439
8056522
15166227
14538491
15247950
15470100
15171903
14093234
7129512
15273884
15392037
14725687
12696992
7376382
