20583717
185634080
140699869
23136007
36733284
225298167
1587946645
500007749
2367249367
21771224
23687576
21375127
33271878
17225613
376352190
720158504
26540417
3077007482
68220428
44674348
57394484
1418076943
188598342
64732567
16680078
180505807
18124756
27305172
1789488631
322051919
61602736
18197476
83790615
103236498
40100421
2160186603
557375897
565569136
1225734853
60535402
194026341
19992519
324013235
9637272
23242844
33872240
14455154
19653892
18882020
465094933
16432960
164207563
36942216
284737103
618886877
5528562
43443315
231906519
78037872
41243330
14790817
610230407
466158543
2285536994
116589491
24963961
551706246
238475531
55479130
1441737372
17975828
180755368
77550826
20499718
24978710
83177874
19081351
54376478
82465604
15809522
77344534
17309850
14222486
40992381
89065836
28391536
16524863
117647643
274197233
29963803
78949241
9336402
1388714875
34005961
15159386
20533399
41156810
611618052
573849249
44984488
184687712
41982514
307042602
14512826
120573226
110334924
11533692
83476579
39339667
45706778
22186660
184014832
155695687
252621803
161282258
14235673
976501
23450530
20154994
707913
36738420
29619031
34684066
39549418
72581909
25165748
100917510
105397606
27992485
54205004
47465322
35831627
57289085
562709391
812788314
68080501
289498073
102269229
6207392
249037301
1236420776
25108484
54798641
247993945
50364507
260984334
127372181
256957745
74712538
29420728
43200260
24973684
472034261
28086003
145251473
23401463
16579705
166494517
116532550
55226027
21770076
32202200
43068508
461475650
44943200
24125213
15212957
18186328
114883965
71922851
29774506
202955111
16290934
16033571
36025147
41606355
37871606
42214482
71200334
16519049
41445864
91004201
22054579
314022116
536973075
14142946
95380385
22565699
108134547
28207950
112180593
68298320
23803018
27677597
52502556
21865227
459729529
27317659
16323833
30411550
31019764
234948025
88066073
67634814
32989284
74225399
21188490
71869086
24355095
38227874
16519004
33347901
21910850
152137800
23558615
89013431
17074714
44268637
18931655
17448545
18830172
368629893
19141444
197941869
43950575
105110114
14920785
24896782
258304652
56538006
66894577
21266767
32855511
57259502
29525723
23911778
42837407
119783569
153556526
242293710
688583
26053643
54187575
15958855
115485051
23439801
17322656
19781129
26662186
57299651
7302222
30128953
76896453
139791861
22734068
17269930
20931046
21869852
190364901
16302561
40495710
32116654
217710565
86977881
54650432
20138824
19627147
37774800
47288005
60795370
20346469
101894425
93231692
23248904
111678563
75934261
24243022
150800843
16685316
17073
17093617
33888831
16229735
62121556
19571360
37855223
54522697
20796323
30455392
103262297
81818106
123337390
17493523
17316367
16340749
24658823
14678271
37966715
122138036
88141953
43003845
10916722
38667163
23748448
75647352
37599575
61714814
20823773
17243213
44668946
24886570
22017036
16724705
84175128
31176345
30351209
16258457
18378446
43769384
35094163
22566706
14217378
22110052
6601862
20009684
25579029
20195191
16636510
50428936
34029367
18051348
14790899
38592610
14925700
17503591
16632858
19164441
17968886
18734884
31643151
15108672
18719384
34450688
20555563
28192322
32910351
8437922
15985624
39956893
16018238
16018214
16018229
31331740
49737738
25062756
28479545
43759442
14465084
35324363
41188518
6702042
22728393
36019352
18065572
17996543
14791251
28184986
7428362
15874647
34290249
15450695
7274582
17431069
15532987
17008353
17844611
19081001
16570090
15840846
23215198
21507989
21435663
