963776119974645760
997838597297291265
977192513135169536
720531832232652800
3182179747
854716161568780288
815451336351346688
884669169144184832
830868182831419392
733988130898972672
1241880007
975421962469150723
99859136
963507294364454913
962477932638687232
955979161163718656
939888679346155521
522512367
892129171819954179
909381458292244480
770457134408601600
928554272215756800
739937872564850688
923859117093081088
21458059
848681729325969410
881930231405203458
901073074770116609
2953291033
901820136193232896
828251012322435072
897662898448637952
895485989321179136
878253766407065600
892924147730219008
767870779463651330
887981574486081536
882873163398303745
880116557514514437
742610038813032448
2707162135
860621494317195264
854022978773819392
857067595983355904
803542028021891072
844674990293340161
840370577772802048
3140109174
809027129488777217
831994240804782080
834626266678521857
813641035418988544
843639080235810817
842857019631702016
836212010253758464
826285862459682816
823563831154769920
2270062398
821430247375728641
840707535145332738
840725847896145920
3058864165
820304419753316353
815612843533987840
815426943629684736
802566391815610369
827392370459041796
756137202178887680
838481914939990018
831981345329049603
841586062384332800
2333037817
3113575399
813726162912362498
804917219947708416
797014622268248065
419251075
834563602640171008
836590406401994754
835109180415610880
825824401815900160
811563098230452224
810636691245592576
3201092157
826284367806767104
796759957626560516
64541277
818105756629237761
790305427493949441
199890113
705226191888883712
804634099159855104
763082787255676928
802492431103127553
815927519916462080
21170191
2814132798
766676782766551040
1931811601
2695842920
738918164088655872
3094202124
623184550
811732883421405184
811089735137431552
50024195
736697200357474304
805381124599877632
806021410070073344
791250205492572163
758261766447128577
922042832
756926876325584896
768182888072302593
2387705977
787796265170038784
836265037
23483073
782652166833967104
2205204241
730018116416225280
779259936932888577
791567680117542912
770978561369006080
2485907217
785151846608429056
707367957391736832
1317282438
374658967
767581144179101696
778878926001020929
708947570974806016
738375628747988992
773422871720947716
333636495
3377285446
156678311
735149025213751297
3179455048
248751232
3023792595
3186687673
2352399518
384687703
1112816065
1903833182
2989286400
1733075538
2860060612
930658238
2763855465
2925377100
113422725
492774928
2261188023
1861028030
4115739502
2540819983
149126999
390028732
285766025
3239891344
769700336
2373243934
2519875309
1447039675
307537531
205494176
380954623
2788973430
3341707187
1455370376
4031493133
3223767229
3379368074
1591494973
731326020591095808
987979406
2422653192
739386541068460032
47556823
3391211859
2198728147
3102408363
4295009721
290341921
4863583310
3438768046
2788506121
4813280234
908386135
3902566334
751318836197154816
4265699363
1974626780
2236373965
3672072078
745711245253353472
743033972247007233
4562002700
1734457099
2187683642
406587884
1894569360
81212560
1236562585
1352131712
286453300
3486683175
2422559122
4870982752
701523626
2868412427
935689028
797472348
90768897
218062246
721814876813811713
63320588
725553721434890241
220673861
352722490
633255859
1873828938
4884755873
4158679217
749594555931095041
3360904265
737118946956972032
3094005462
734944519439945729
4251000973
3373241459
2270759144
2376105709
3367648263
2889036516
225291571
610075081
3463241362
2581486644
1111604210
2827217035
163468839
1032480728
461558727
3000369393
298568556
476248938
1726288358
2819362954
712376419368632320
2246044009
416765077
298541972
604746260
728196784363810817
2510605250
1975147356
729939759838027780
1150251008
362259773
2329890336
341345538
2391132187
511781216
603364404
386526311
1902100825
385942116
1020139747
424547478
2562653876
4717394847
1905092810
726708979397586944
44358722
3354501819
2551207340
716247847
311403128
2465344879
2397028309
1285537824
3047265466
827442470
4738564594
3040418876
2892878423
708742875811545088
30901453
733871765663842304
171786156
3194496685
3294156086
188124707
739265459439075329
2411916499
731131689200717824
68937672
3742926253
3259170103
740226605851627520
3007731609
970701086
3077582296
2972158499
4642383795
2378038308
739013399711883264
3365005084
865447218
35036166
405641222
109664499
1256474911
4757880684
36365842
60791382
214272289
119198305
3436445607
1528906184
245580162
748451695475167232
3293696029
3024245830
118631499
585093926
3298879106
951382338
703436966126288896
4514249242
4271212413
730850057625305088
2305361964
724750391464751106
724768285674217472
724730212835958784
2917024076
4723530167
4311773967
45506408
1601957282
3054149623
9048732
711925406077685762
4588173621
2326057909
2193906231
4250945781
3302838456
3351066659
4919696358
1326366889
26363036
894147781
2265461172
3917191044
57325653
