31425522
125192962
2675886974
1078697238
2345806124
984118531091386368
47606442
70134931
875010244522512384
2620047749
3804327977
2956546426
3405034275
54938044
85472297
940951220344287233
252372908
252265339
18992314
911783292730433536
865232334907375618
1172594953
33923443
3265909401
293813496
3727178535
790702147901980672
53665207
785931660902662146
852735369816588288
855441604789886977
4216947017
923311519231893505
3078942992
883724557475098628
317980805
423109261
2738474742
325762850
3747648863
373232770
56305897
4595010213
864218572775542784
1454393112
896595523184066560
853431713271304192
2918968657
384068171
930463614
297757789
610545368
242375644
4694827302
55522161
1276092848
713686252462190593
3507460516
2459228082
69565392
303675008
136810897
127989194
743571674
808028785341853696
