991237464353370112
60710764
933161150
20069768
165799482
1323347738
52817161
14836219
95608307
71048059
2435694710
39319341
50996207
205533864
17329810
110430147
82579388
42902945
82831947
17158140
230292764
104575489
830606186990891008
33161108
42220353
17329538
14857290
917914375
360403896
1355352422
239461782
19980499
927264557332082691
714628194
59899383
22082595
750321058293612544
103936377
274295973
1355962135
258107257
719412975510155264
3016681148
861188356046073856
232586864
106153486
17064233
17023040
56691591
16450290
541689403
573803807
604972073
78440291
16048796
24944064
68703042
91883535
57933593
145650743
14578294
23670303
95170636
2922551936
1155662102
17329603
2699538420
145027161
194385032
807364845075132421
782302
3513230292
235696544
3975526214
84095051
213502222
17329786
16971535
1732898874
366116115
363537058
284913373
22777016
234252414
1228667520
1102759759
3509013674
15669312
737637947906854912
2762923934
1319405876
71681055
37941436
435409976
22178135
343535724
42869268
1973715096
82903448
4015820243
355984588
44564476
2742039054
1152796632
636445511
1214948395
41405468
19977028
161210496
46852648
75455490
1257570588
540270829
2486688882
31324493
812656132468551687
838489543
2467056210
4786673360
1857493741
52745618
7385622
2264697974
3297950153
19782758
197842106
1081001046
233916057
14836197
167070809
811791019163283456
811782272089079809
3345345801
811779100071239680
811775835099172864
14571755
30754682
90391353
1310572291
292191059
198883584
761422489
20458289
18847469
782792536624623616
326423573
722837407809216513
14874851
365428558
824661
5739742
811405735485579264
810657307277361152
810622976903233536
810617107109003264
810610863795294208
810603678608584704
810578317585870848
810510765639790592
810504314464718848
810491895231156226
810478947909664770
810156492393484290
810121843336183808
