28412286
149590738
30782495
233755897
876894308309147650
938100412300906498
362254373
141690678
83955608
67132107
921189727755292672
474232856
2205695227
68473830
3883208236
767098732181458944
3031058275
789708216665903104
2293315159
869995492687716354
821784477076750338
40243551
32154012
119235720
1639207880
3157910605
893109866298040321
29724489
76449921
4130490239
284089166
821782476515409920
937499232
19919458
527692954
32573504
224424419
376331373
392742140
81756964
870274954704687105
762419721689899008
280619711
24289404
819224053919739904
732694603019780096
723361921919901697
15743206
913018932
813772855586471937
37061265
79842777
2385348794
193386100
15233889
65631013
310936169
32492289
112471133
272246419
742362598339940352
55922019
51241335
3383203552
989397451
361251934
4636121783
128291664
839486690792255488
292662601
3762439102
836316529398530048
579460406
939091
813286
821172724701786112
409486555
129400817
415261161
50693266
705910451897540608
266182223
3401954668
172502750
1604366701
564680097
22523741
2888895350
49110693
3065348142
3187141091
67727882
556756754
4795344505
85332821
1135399020
61226587
21900832
16825289
3158278945
2925937163
562456722
1129130894
4823988727
40184762
562385224
42535683
4194282466
15255914
2151620534
4504175000
4818182035
1482663290
41395061
4662969794
3388274715
130507754
60907150
3328761281
815537202
94039455
3755263512
11278912
3689398456
960848401
16115306
212361373
254218142
3030922321
17929027
25398075
3246838764
3342852203
17565514
429298552
1135388684
1536791610
73194036
3240914176
595515713
1623730970
14517467
174098426
15146163
24024778
10228272
3008669924
282280747
1056069518
531575339
2898928591
36719281
25106589
277644527
1850051100
1736601720
2525192749
164691705
20691360
1613223313
280637023
229535936
117222301
1578580969
1482580333
972603920
2459771455
20071932
8691632
21786831
252634665
113420831
2515424148
38232012
29716569
369505837
524653593
188001904
628489181
527693261
1702571186
1606535112
18978314
1712989040
2382117350
1581289837
325830217
510503908
1854981890
56710771
46509671
369246180
1330457336
26278266
17961886
15007149
78138151
20071903
558997164
52089472
119784462
15147042
12413032
16045268
16405372
116324294
396039799
369232105
44873497
30313925
1281405877
1093090866
