3321939683
795626442180571136
931647908369252352
202488481
166885409
962821713279926272
481376138
808447776560332801
932059821888679936
898631605220257792
3129980585
753223087190118400
771425350639169536
912766484505677824
733974626955579392
819517409639956480
900140060191870976
904853658881413120
797702717552504832
840276776769191936
892977262328291329
758494133182930945
2698376641
2247665150
70701370
862248746699993088
778305065601888261
849285368440553472
738104950291566592
4761280395
803264385275854848
780736530595786752
204265518
796140359944437760
3347302227
555069599
1686165270
856037461
808559093812264960
805301588210356224
2548032248
