44375901
42171187
130055429
837405243239501826
478878541
988573326376427520
814584427984650242
793863662226333696
74704874
2571921656
31921593
21436663
95406926
997155564500213760
824740600478126081
2734291692
2180886373
69106239
2815612703
959856286061006848
1000040736132403200
4787411118
393852070
950788781111590912
997503485707943937
60054156
221392767
20846517
33924957
102862980
580033481
2312902755
39007389
113758100
101395252
80137363
958426023980359680
180094762
20255162
103018203
702705429017706497
983781755629993985
14662354
316756361
817758728443359232
955940127817195520
931239693534093312
89563994
939985878201618432
169686021
3044670283
15669672
69739698
14800131
2884371118
773810201011036160
976544451458928645
20748745
883130484871573504
826191066478977024
242374336
374103466
982157679970807820
18020612
961146094045548544
19329393
3911239745
4203781294
823395465966145536
76184375
111332790
481168266
742541303355842560
313591533
791249544801554432
2201794429
250757326
701667727
958381678296215554
16664681
346384148
895347487233462272
202918529
294272260
101431573
45989687
2387265954
835132295786938368
342327238
59553554
803129760771637248
71643224
33256808
3161564275
214201922
861026825216159744
948640112929370113
892880061266673664
824322536204865537
318136173
15855041
3676047863
867947619661881344
201287829
384330450
65744750
240454812
2256965582
2713427480
816070851917385728
22456513
894939050255290368
1345822466
1931084401
594886554
819369344752816128
3454726154
930552552302792705
26628211
358855692
864482773704245254
4860451825
827228113650094080
765265422346104833
875098446226706436
835227861103456256
532282438
40783447
966138793920225280
3161619246
23769223
36715753
2828212668
307154654
800086706678419456
537709549
123979373
92408522
171682730
348474838
819334191624101888
817158775610179584
956177299023556609
4068969256
69190453
431049342
711356961107918849
128135795
273542042
233000889
38266703
870149492603006976
728617212152455168
608310777
2748582465
1075460258
723882985485795330
857775041743683584
108471631
1652541
18166778
510913776
2820491088
15455253
18916432
923704863250436096
18791763
2363057095
244212645
292172892
183825988
23176276
4852163069
80998204
301450655
32442262
28929430
351120282
19489239
1322420269
24500117
24822993
202952121
3310073894
54412900
3406938525
816652616625168388
891101580623323136
935148134505828353
884604112750489600
621533
2393323908
860842819
342887079
2924593731
89258328
785836889974644737
251164136
241027939
2865078826
832763991487164416
2723265539
4918885219
892469822575050754
16446177
18217624
327071763
601535938
1648484922
826406978
802213265694740480
16710420
16347506
10292132
39334221
935998446032605184
707246777515245572
35218566
838114538868342787
735872026968088576
707278892801765377
110545675
57721915
257717191
22179997
4917311502
34082620
894436309
3009028587
928618363
870308247147864065
891572084
314547496
26763420
3518486666
920580514318348288
75604826
25320639
126755086
17376893
547969112
403497669
290883957
28716779
41402405
234329395
713392710346866688
630673071
25429371
116370038
954124423
20791372
2540130872
1686271267
868533711368667136
4312282894
2352603978
17498493
729471620
2389326866
94132483
18279320
4798259061
2370627199
785510422875021312
20710809
15131310
885871045
497826525
948560160
935692681912770560
22657914
20109973
306129372
797085127121702912
46381325
817661098988019712
857001662
702624397366943744
947523433
126735220
185409011
704391334128394240
3611579359
813094291526549508
951008132
817100349139980288
24159762
20583188
447029209
165832415
20780589
20779110
4842646876
975068922
3293133091
1058847312
435537436
453930077
1318235029
794986921130766336
872917784639844352
229217277
26603208
17416571
64527114
37764422
272395158
33825276
2966965225
856288002435420160
893716045550297088
859648701920419841
4510360332
1876660194
3250141399
51661036
856991644134068224
315142269
66816759
858830096
3313131787
340613443
438776203
752493806
4911105927
2293631886
20823648
2467791
629482056
290097255
18089606
39076082
39595443
725064846056640512
281610530
7025662
47233194
177058801
197224469
751510293746839552
1583865109
1306412640
715628665
37000209
107433523
729676086632656900
551644827
904789082
741977462028926976
252649665
42667353
823905
931286316
701928621854760961
813928989941256192
904782144324722691
428333
589128515
14190948
2773918108
185425059
20998770
863139830376550400
736959136164806657
523248016
128216887
585071988
1858882886
25202268
850036892
769615131009486848
802623208704741376
22677397
57073889
892579196056350722
899115298997055491
16560489
46233559
32626129
3184471478
744358530623340544
915394754451472384
16374678
4894138560
12449542
913842536514506753
21305757
14791251
195271137
2417586104
19397785
337921759
14230524
246500501
309220197
20265142
252124100
39364684
34959923
47363263
763935668284239872
34877825
2321075891
338801919
774872802
2895908245
596684619
1661456132
196283631
2406951937
823595307095248897
239760871
19611483
51039749
16479017
238071433
2231939430
18266688
2649920888
2374176276
4183248796
85481970
752743856941125632
233842454
975200486
18103148
153474021
620451650
732980827
14730894
10774652
397507908
18080620
139499789
890980517855866881
771529979846766592
822634402849165313
4914539795
4047781
71143737
824692472798384128
372436704
2319339266
733815024368525312
28943469
1162122936
765962124837486592
31603691
414563038
50523105
709451112739262465
706189400829513728
748859969777332225
779015686118969344
159172972
37666984
799764016885329921
4656677481
14604442
17469289
23798694
3047937393
2767680652
1979016265
843919270924959748
620571475
171632862
43128684
22720074
26601160
53111178
91473250
26073264
299798272
77918673
166751745
131948686
482357671
813286
878247600096509952
3831022580
940368062
6519522
20714308
2242085304
874679561253990400
788571666
759197754044416004
812135885328236551
602375668
43874285
91882544
27995424
1528001983
15317615
72882689
16113700
989119488
24233697
3450216688
3274239386
20686232
748801022
2787517892
40923070
188969454
17879692
44951059
230859523
783469655591620609
26277270
887128895853649920
129235890
27109019
59561900
19411107
212817866
127941629
48117116
272114651
436962820
591505507
171879536
2164876369
483581764
444616120
712784228493037568
715177919438577664
376037062
178812809
100322679
24382532
44255422
262359713
158128894
3344562192
237348797
468646961
268372266
53139544
3296797169
1561077758
893953040
259001548
1250986586
734579602459398144
535928664
894173062534508544
91379999
885147318277869569
2319991290
347627434
3836008983
4041824789
583141559
500080716
241204643
26287015
47645818
1308317708
1209936918
3214594359
30316237
821808217462284288
314929886
712874372911001600
707231479047315456
19211550
797693732921507840
114779087
17309614
21794142
20570247
20013967
75916180
170861207
23291826
225539878
818927131883356161
20776147
1209417007
24578794
213773366
27915028
173988421
43627602
15637594
30336820
562903307
85452649
253925146
754845211176554496
39753444
4315617796
39308549
14344823
15745368
23022687
2821285640
64780470
24424469
582307923
41640291
823693635564802048
5509762
18396070
790807002221989888
4833232655
3318159007
4896042718
21560378
744864314
1897610551
36065771
2391745410
189200128
3267456386
798088749221613568
126632581
14369314
18363030
31176167
822215679726100480
391774028
1236322304
359403242
261749735
72568426
95229500
15648399
129575180
227347152
69135840
18742360
228866701
1957125536
4507160241
16250400
1563895639
26900055
2908170952
870376557461872640
90480218
20188834
47293791
1296547938
829782369670410240
4263631754
27687672
1457910330
39922604
1584051084
2590370142
600435408
26582813
821217224409149441
66369206
1392951560
28537619
43277789
14526784
4289460455
1677223735
2519063076
282695161
87818409
1604444052
2546562188
114199039
873130658
103065157
66967746
422825324
20554910
45852758
250833708
4895888967
455764741
16190478
2879950245
180720955
372372537
4086580156
204536511
282647169
20777283
123546050
33823446
22308166
859057518877696000
24523660
2873111374
2742568854
33697736
827703150
815033244848635904
2463795168
2442743660
2583268333
192219740
928470943
867111688750891009
56413858
223992727
15647676
73181712
17629860
115749048
4687507512
798392083551842304
17454769
20713061
265733511
4150631805
768711625029279744
287453334
482357199
822462665910063105
9300262
36451990
153966123
745115840547164160
2490186745
784364124
828613457020870657
2741309951
139556111
18904316
325089844
1323458749
2326350311
265951697
4853549680
11134252
20678866
63514682
3044084388
14504859
21857067
279390084
611986351
818876014390603776
2849954968
807145279
3297022953
10207502
154817834
357811810
2924392441
3082386509
2816453871
24924163
3794670447
23691853
20105192
746817863302918144
14707666
704825055423778816
183767243
1849938847
972909709
299239037
2716100047
585466175
303862998
487118986
1115874631
324868690
107495715
1020857448
822127086194348032
235764604
2339238427
19017675
4717892303
243835805
618300542
26585095
631478663
26813101
2596413645
247981000
478855762
36746176
87416722
236487888
29458079
118845216
1045558231
823367015830323201
415836996
561802635
836226687272632320
35039490
71876190
16380610
592730371
4265599767
22139417
818910970567344128
82447359
36734275
21479907
1137161258
239855988
322879013
313024334
826155076280545280
3122658171
793808860008026112
19881465
16073043
246929180
240872982
237345880
239598773
4197484935
16803519
44224400
2500587222
16163639
18380551
14505245
109065990
14669951
223970563
29216764
22703645
60234915
715044396
1107333498
107101266
7019512
15012873
61869915
744601892
232901331
17995040
2415053456
409347008
2344396645
2828781408
57867762
2251817005
15416505
961158600
14790966
182824991
25101996
184596818
176895950
257548783
250205792
602326074
525808515
473439196
397920310
185730582
63363893
3300476151
786043406174736384
2445807229
1408003598
1905230346
292289403
1884046142
340635228
574802120
47608031
1632772304
828748540545425408
123125338
158769098
69773058
17546958
19417492
469194846
457984599
247723476
789950831336497152
1674315427
17980523
2176950588
932196612
3139634304
11744152
794652195484565504
3373955981
119099353
148807607
16421962
782973815496192000
2730066025
728279958221545473
96846955
11654752
17061263
432557320
18576537
85796380
2916305152
312149882
783041834599780352
3498448812
4885703096
2931586062
3429438041
729709984217337856
26487169
4102376488
742143
388983706
758892899937378305
797548419581702144
2855568020
817512719196844032
439317940
1947900744
43834885
19673586
286883249
349163942
17744351
3464860760
774074669230071809
16012783
160926944
18643437
807789582804783104
1093090866
1536791610
29534413
18956073
113364160
1330457336
21010214
15513604
31196202
801463213833547776
208822341
274891222
633794939
205622130
1267887043
360374306
429872186
475954041
114718372
138037459
774010135958159360
20975060
471672239
809887021
4660013206
18216020
125481462
391037985
23908002
22203756
108797271
29361503
2493562706
17201202
141084952
166270127
2989020679
974729437
2776512383
15343682
26623854
34860949
63566106
258896042
64043577
2602386181
39344374
14465607
1059530377
77230540
512446262
44364694
4094744122
3305231980
110304774
131147478
2834022538
5880462
1902773580
705462668073762817
16989178
141422795
784523868694253569
72598780
756260832
719548407992479746
4367513662
729758413807357954
593370001
708364248531869697
155100514
25589776
50769180
237403203
38495835
779372023655100416
70807231
22910295
138190051
4821604474
706933895502163968
2713613900
2371408724
172102363
3301742944
577743999
41699068
53133613
2800689417
612473
38284349
728733298373988352
2308701139
567562934
16331762
34280715
3497865853
3196656054
150340773
41925622
1498913881
341678317
21870081
50476895
23764390
371569278
4761064634
605963171
30054746
23359100
78975711
138166008
2254915056
25701904
14920785
17225962
111216929
4431527189
8839632
3389073989
710990834972233728
2887465954
256881576
15222004
15985455
730116859664666624
16312576
17446621
18537709
79293791
18625669
430273385
114466257
2893511188
2678072634
70859812
16589206
4825856765
2543589660
2163508465
82383649
275276082
41395377
369820241
3195591187
110445334
35825744
571200736
28758060
358545917
2811506322
739181922
55580447
52344859
21447363
314213085
56189259
130109576
273625912
157775633
38170974
25383000
14342661
3387373071
492691126
724212823212044288
25453312
2301743700
1301044706
33422673
3403314244
72520597
29450962
133093395
2293638516
163736359
166831567
83206131
43803786
31583155
2282770158
404137903
575560262
1345702333
266593903
4159392615
2615576670
18956212
3015289042
219041453
736151817256603648
20733972
217470920
248705558
19659316
1125937411
101744237
55323056
711299975657824256
711973086942203904
28472888
237845487
16533972
1394399438
42162472
2225246223
3683068757
562381032
20583090
270386477
158777509
69726631
727932451587301377
82097756
15227791
510473071
19435530
16249938
15012486
64496398
202396203
3018960919
900500142
29051099
24949082
3037002242
2319977012
93516445
25379053
59351288
499271809
192164373
361564185
176895646
30271564
4348237453
30313925
822215673812119553
250532982
604694590
14939981
49585215
914588454
33218042
56561449
17898494
543128024
896048634
963558768
84358766
1426708435
561848902
25501078
34371847
321406842
214648670
714914443088543745
184812963
18904582
36786316
46042404
3028412752
52939106
51104447
447653315
20477733
18332190
45597161
45597834
1888149452
19881382
899701
47285504
36528126
15987296
1657521426
36329597
98412169
709159543
14353202
49140008
821700726
15029085
309098617
28221296
44039298
71597660
1568105364
26565946
544517731
338084918
4699998349
292904456
21414413
15851647
2748525155
1546412148
1658084096
175098387
1665635378
27136199
115093438
130894721
1345172772
18952719
271413771
254645569
752146998
310184553
17229809
17372211
25913173
86925202
871686942
380285402
3031785177
215952307
19772559
25743813
241747585
862483279
2753238146
2451843620
21114659
11348282
6107422
91279573
12369372
216776631
29442313
17001730
3288074557
24447643
111556423
4685953284
26053643
246481013
39349894
2292486516
178463040
2305049443
14327983
260405786
1491173161
3407890707
14224719
17230018
14293310
838947432
86089860
20250612
115759220
76522807
23083404
3385160385
18538268
50735431
2651565121
241382835
1480251510
1582853809
7702542
2786464631
56883665
89168431
44164244
344230034
413364940
538549040
580951660
15681343
106854950
506478997
2217154896
250831586
2371155744
2302134816
27588709
37895887
2729728908
89277004
216299334
85874860
66933315
185810178
43192807
36947388
67418441
2874555622
16133530
1394173254
214476599
64445999
139823781
334160754
29280295
538547125
182064555
992390131
50446226
22775766
124003770
208019751
17342267
312544085
1549039158
3142539735
73402979
42992747
818759227
3063032281
2715115656
282677425
1660468830
180821354
15727578
3418146796
98869258
258063930
14823587
16043308
197087759
2458414939
27042513
28204769
500089281
39634561
36117822
146995537
16331010
160936287
15809249
14824849
104969057
602317143
2468239741
156012476
2883463365
2738946417
2518005374
58742577
62513246
74307395
87777436
32152579
19107878
117777690
18171994
442288094
52544275
50055701
3278912756
17993271
14857290
16639736
14838173
36042554
3064043290
10168082
388555493
26548841
17579302
3041837322
121626258
64523032
595174213
70422990
5943942
402617695
2761592913
295434461
2545451275
51763491
26834973
915487344
21582215
41305464
18133405
237575932
40293333
558109036
15635604
17781955
103652467
27457788
17118860
515154835
3017848209
272112899
284733438
797557909
506864606
2505217933
1376774179
336445332
357466577
2541574574
1373549485
2643293148
269852626
176237141
87982922
47786101
20702052
15485441
41858108
101798589
60710764
174972753
1510918164
180463340
968377092
184910040
21206424
14790817
48100887
19708968
855103736
487997604
488455474
2291663678
21313855
259320845
23617610
27989078
1360052460
1483750813
277097543
542928292
1524810990
190021508
261914618
822006151
41014110
605824568
403632664
968650362
2610703422
174593833
10810102
807608628
5695632
50374439
14075928
271652682
54679106
59331128
92636901
27758112
477025705
217429015
18247062
15291335
21904217
17525171
1023096199
35184346
34952371
19777398
348785149
2960441091
16364399
103091503
41597610
45900005
205302299
243905905
2409489144
2864804290
1198910352
16544437
16573941
2674412270
389643429
287212983
16352599
47404677
546447987
1483855976
185314895
268318618
191504048
18224975
44945327
838559977
19079396
179245596
15515169
41533440
128393253
33608041
581999965
65626784
2812768561
278718683
1198406491
18667907
70509424
30973
475988505
12133382
51197470
130238521
250884927
46164502
19362341
92717138
2909310806
78523300
18949610
113047940
2927791478
23607150
17447988
20193270
14342564
16438248
102518349
85603854
17243213
40139016
9695312
74580436
22667853
141772948
41732906
16887175
5402612
15438913
32959253
13018112
35459922
2591632892
1962931644
22120359
292982111
80096994
123289066
155320034
603126005
33041426
1181122501
28382675
42694241
22170482
79023814
58858847
7587032
16343974
19899606
50687788
80685646
1613018551
707913
17475575
98475069
28109359
20154994
2249271564
40851965
747430898
201229614
16157855
829490647
345325848
602910797
19649011
89227371
41265813
2709192707
1300853070
64245379
539004555
122765125
193757722
292735110
701825647
19091173
631310817
8775672
54885400
16314929
462104542
63291287
76644398
228747444
62988756
1173108078
275361193
36452050
92372285
278072240
334053327
45365795
14839147
1180379185
178117805
25889980
234053160
74712538
14780915
23006794
17602896
15770846
2557170061
355285163
384163459
27760317
34774807
314792669
39650822
28747875
15816652
179567705
130910795
18278524
146212505
633866693
1419374618
19316597
49333809
41634520
1367531
65493023
15976697
40156330
807095
23970102
16031927
196168350
112047805
18646108
27744185
156391133
19447801
17706033
27311044
792676638
147725246
28628850
92685993
2883841
15169907
110775637
567440698
24712054
61387670
65773523
110840720
87016990
43698856
186598799
186129806
1500129642
586032653
847123669
130053562
20015311
275754574
12701412
25073877
30317085
46973152
30704824
244243477
414331122
1247817354
1247169889
93761782
