1323458749
265951697
31339831
37590426
178088940
27628334
703808448
130496027
2590317356
860555190
28406270
335715890
847180547973664768
35229071
20344826
1297154917
2332431056
21228708
80669684
822941254845612032
388631964
325830217
1093090866
1536791610
17126629
19568591
28097850
3047974969
43909715
47216804
133867955
17074714
2893511188
7004532
21778272
309469832
48832474
2863488598
79923701
1024576602
33041426
432819003
2966965225
362704645
187389242
105021623
25300308
70194148
56906052
818431566
19272796
78071252
55117855
20012204
247560825
28211427
24032232
24951472
783763632
772138381
23280870
24779883
793228710
362194251
17890396
72343301
1393541306
2866868799
31047270
2850359975
201033115
55573873
17565514
16379018
241382835
246040811
121182964
148826451
172716337
74669397
596261273
1370362081
2463499796
243905905
23908200
171572882
14353226
15092494
2500134024
20037216
179706126
304658938
720917992
23450304
39000115
8839632
541890909
23690344
25395994
28638191
30333898
114610602
38887838
197722193
569649154
17158816
398458864
512310762
443215941
259672713
33694840
24133713
305141546
264402733
28259071
52251346
205302299
293317471
2203677290
39943742
22179997
48462373
48463575
329746058
21870081
75892358
1581966883
567440698
18228898
386244525
46715620
14179819
16667262
35898751
342880930
1198406491
190415340
479191025
146318260
326375310
14293310
579493225
59797067
361515033
43269420
15846372
424629986
780416875
499073990
20012063
17844280
76957077
308036600
1630208268
2557521
127431090
376715200
5695632
21225519
79827261
36072985
59949396
17291393
154714727
1587362318
21215371
128347142
123945193
134986491
1339835893
18740765
25358429
1164837889
20728883
297813681
19953202
51520765
26371402
1069885531
1075624326
14477169
27825390
460485003
344784108
1000262514
31080039
66981416
928814666
447631624
90484508
902320676
555548903
36498980
571083342
89503894
537885351
42162472
35172509
386700470
462230888
240734425
175576528
480793295
29555251
365822838
35364809
48789384
813286
72509949
104063340
76997832
372891057
375383001
26593416
30395398
632251645
174094006
35348026
11856342
24807616
456360178
599767159
225539878
14955353
30317085
39364684
208977036
277598697
480930665
129575180
27588709
384163459
15808765
74231747
111442477
582901426
51840066
192354884
25589776
273483641
19249062
21414413
544517731
20196258
21992161
19777398
509107184
244001056
53297035
209247261
39816286
516623932
443164352
368533527
74755679
383865498
505139467
364659305
19956649
132594546
26281395
419782809
434614505
408401437
21208769
479191020
390290605
386209555
463904853
22109593
23804345
409486555
150033845
403683939
36121757
456373725
278778939
304796584
22948575
25093616
66561957
120943272
23544596
53189116
407977463
26053643
218354440
206794788
168293209
208128460
307053520
384953260
40927173
43122620
385398621
379460599
14511951
91390383
189248614
41465164
15033845
313607548
43121121
288452305
16222584
25087685
137440868
15645639
367598429
57034964
316917145
29439701
10921932
38370334
28205196
234847894
295262132
363778016
23798922
30947351
369129308
361647591
428333
27723203
173999134
17612647
15485441
360759950
21525579
15224867
15846407
23617610
29840295
68528137
354463501
58545637
57951200
348233957
340462708
349767109
22676390
322398443
110775637
277165873
25321854
80676273
109175660
37344334
20957485
16312576
341889341
337837320
25246632
23563184
80176889
338116108
337820480
23770401
259972737
22548403
41884599
3745781
130894721
282735852
335442161
19956026
166739404
80174446
52070270
296463766
70724891
20441485
9245812
26282046
90420314
256573865
44931800
90334660
262359713
16303106
18661240
104372301
19637934
25726723
68471807
15830716
314163614
189200128
252763592
7744592
41259253
92367751
292475521
304250086
41699068
285282053
40511475
183245447
19568471
305150657
115485051
69491538
32985158
15169907
288890928
2883841
39601084
26429004
28706024
20109973
25203361
25412027
186598799
271192928
276715917
67795085
153474021
250908139
19058681
16680537
46062084
47450706
14920785
34738598
185314895
32407405
208254570
50374439
21410498
249656756
41515203
291879065
225394044
23016395
41886410
255351091
62513246
259571598
284920645
97823806
18009781
30271564
260539451
240354679
284467904
248465627
279902848
16190898
18812301
277546050
278918770
272204058
25092574
262801065
110558934
241546412
67418441
258591476
221611084
91181775
36528126
267921808
251939654
15583378
160817572
48100887
259073442
218757959
248511161
35288820
262262692
30503160
50515656
61939031
237930644
259887428
259379883
143658139
41273764
245483165
135234640
188827955
21681809
34097876
31941957
34074288
67508566
16579345
19397785
15692086
25365536
188824815
214270337
19247844
203770783
22029071
144536480
32432308
43595568
19877186
38292798
28279615
22633584
139778546
30704824
27124481
127742660
24291858
32959253
148871625
82273771
83312422
14506253
48241099
27485957
50494273
19735078
84722671
25341216
163694281
134644856
17919972
16409683
24523660
21030857
33356015
62450767
77010392
27269797
42650302
158464733
25232624
64722713
22660668
48605816
30104231
15637594
40977940
21148293
31641658
27778893
19708968
12701412
28716779
43698856
87016990
27685955
122987080
151308853
46361292
