883107461866987520
153252061
998313992
991523928282750976
806751037654601729
745235587
3109002916
4803785412
739895322223202305
1928584412
3048290854
965677802342244357
22843210
955447837885698050
994883466054524928
769576255985418240
401901932
396877670
902195539768475649
985705998454284289
985289605741187074
345968910
978331375588737025
982975696178991104
3119287546
314902183
382706026
166630163
961045587826216960
32882313
935693036830457857
846373798936928256
111415320
1321025401
748903244156600321
226662318
42625358
876899697960595456
823439602174214145
331699302
849938917600231424
713714864250830848
726034999888216065
509048345
813750054762778624
810328610397704192
2269052033
800789958973788162
800761281686867969
799866038179549184
797491740143927299
248429464
2959271144
768165765233057792
3158163524
3331326417
2352861271
5912292
60689722
751763568744292352
198449744
19827639
622799710
3837212619
1171146074
2686094688
752045000
1009155198
28096278
736650889574899712
3149618134
3086083391
721870827227099136
84205709
4518955158
717002087519948800
4894942709
711590141584936960
705584775189413888
700539972043067392
4375160053
759941562
4787266217
116518289
3436371233
608938953
4040299289
424467423
1578256904
112794779
3708734537
3697030396
97058345
140253522
587710638
3551329095
14296462
3366057718
30445079
2325651858
3383366535
3433619542
3313632007
394654527
189213673
2334536065
45075781
2796544337
3140985906
2693137016
2743837173
1207099902
2996598426
2233588159
423720623
571859494
18595386
2908116771
2228116945
17245712
2178633280
100356202
2631851362
106304230
3148607556
1669225508
991670881
1101252860
2908425021
235362301
3029257140
3041138523
2976361053
21230848
76027332
3002577749
308640302
2991304551
2958490511
2951778436
2906509238
2485498396
2928659373
94035431
321203574
234496038
188773845
2540749243
51560886
59688010
348417968
751373834
400088991
2701605096
2730592650
1101907861
1881143208
607735132
300718039
939922981
2588219233
294176762
293163123
2456580060
414257307
2598199590
243987640
563492940
2543850211
1202889764
378710220
2398135518
293328030
20142627
2394893031
2280871579
264766275
2214598141
1304876575
2321571810
2303930543
2279375096
458744306
2168807618
358331763
809844174
64422625
1276430492
736220034
351330871
1872487868
23052482
339059972
57334744
395226316
1641822698
1367578675
1527992671
229298929
18869690
105629502
1285982804
324635434
10389902
460188001
1077986934
15678511
133359015
952288298
1165998800
580112735
574030092
227149476
1007752508
915767286
874231658
15802330
622170715
772076174
316567076
123293833
132415861
54604236
714435438
35355001
15868212
799213014
32549384
491816730
808673335
759637537
844654789
849557682
55121922
790282615
399141796
16893923
24200012
23340112
614805357
75256277
62365928
41103441
608825592
747486078
311534166
20408949
240740342
17388453
622943002
172985994
608146190
353104256
287684029
66517388
454452964
451667769
16077358
45855210
553949461
364457333
23510740
492051987
301443136
432974865
26353466
25104757
312901765
463392244
463161479
378791720
154232721
83213744
48958592
