1275687254
3091858985
3572000957
944267089514258433
2720833375
2538322138
2163672105
4299444862
369888834
2993113396
2363385116
999041320080551936
182661710
4700789424
4488217998
2793815423
775908829016035329
1073159618
186197243
138531173
1636430785
762717306174709760
195959700
3294781646
112764971
705928670150467585
2169335384
719335277660127232
1478205337
1493372442
976533956593102848
842530170284244992
899691523373223937
922973500301824000
2214567842
20106852
812107438853914625
3562984996
3425173276
2739595241
750810178476503040
3152383937
784117169248411648
956323735111454720
328465880
927736641745313792
897280471415083008
3082920146
4409486313
3153076084
861246929795260416
863186120867291138
926440670
440440197
1679482938
195068616
2431285411
2533574839
1588430822
722599855609245696
1231610100
2978663007
1591758012
258045247
4242550263
835766906
358932663
62404473
802013954
4879340535
701423664
808135924492156928
3252045225
3387475395
1599404612
4856346077
979099734
1920846091
747619345895915524
824327840
4529854043
818839458
1125243266
620035688
889476378
4364071342
751101751080747013
724736905380802560
2830911674
567236014
784462870423666692
219402785
241291632
776238665244762112
2404765729
776472262576840704
1604385152
742363540498026496
187192915
776155187044093956
776135950661451776
1655636264
775916253198159873
842042401
3379331201
2868412463
756666759931891713
3646433187
1323501140
1053537062
754384648210374656
4873098947
1569055357
4893924089
732615057058758656
2957649634
2538097651
2495199115
1275453764
3338934521
1330381567
2683482389
834702151
3379144733
1965242030
4408294576
883358683
2342872064
2660269081
3298339699
