473314270
899715355454562306
27194421
506428426
1002996611432288259
2914466656
28463742
1003370550683725824
78008156
985357655261827073
996803217932484608
47395667
1216387165
1573482332
101182931
26964557
29056335
2804527375
976089740394016768
930832374295908353
891396043522396161
996606108214202368
3766525769
111897759
331187041
14729674
314153701
431071870
981669750710460416
1969630836
459528060
990567611506352128
986067002841280513
992114730
2748364431
140131880
936914818057064448
65515673
340140847
118982409
2878016999
153252061
972637703509610496
785231587390685184
1007254550
935949908045115394
484465524
23793159
16529873
718229298092589056
63518323
18500852
3291247980
970297272524296192
955888099929698304
813913250563813376
1618893913
875160796539387904
279127799
44460017
58135355
26356606
907719773429157888
16191341
2983328328
111384555
28443156
951692829432188928
58003833
953411546830516225
954213005713063937
26553972
2337141679
942698614404648960
938826942865903616
902017280879579136
1446272196
2557963352
469593876
1396824516
936405450777595905
934611172330000384
933901417345142786
932397056559341568
19918415
2732061784
713203633500921856
19735593
227027670
91437464
36566503
94481369
586886105
4419752787
912624936518344704
2957368756
178533201
636885656
2533291157
779092504998273024
24086580
1480218330
907668807455473665
39739134
862971352306692096
2155026811
2855864495
887186608788602880
34064545
778518266
3127893447
799470720489259008
1011383070
564167128
883331304758140929
795789419605323776
391843441
1901080903
38570227
3876510195
448430906
28185283
834924911982432257
426342876
879819158535405568
461091910
325247983
40773515
98031753
1660862130
348604848
766379161329995777
18636269
2700840230
5800582
2312919901
3346627925
730452755974901760
846311546
2483124234
150431337
829092663219494912
152394692
4505217881
2843971003
111081454
54209640
752507339056513024
15210670
3916294407
859488746919665665
39135153
858800138315235329
62965789
831495423449759744
3988510011
42659946
23950664
306143092
2755074259
3187296774
814976930869022720
2760935338
113099929
485996838
851081793637937153
27473233
848931203298320385
16868104
372944274
262786500
989612246
2937434200
891575689
787375025812799488
16941968
185093623
834591716766318593
788793825506562048
4048177996
23603092
70541425
833009088560631808
946922305
816773837492801536
822825561668120579
330066129
827653902266830848
33234745
800300502
2283591028
78061937
42896516
19089077
124827833
4379892315
15563901
2379232423
709518596230094848
816691352792604672
28409795
2481171438
14619266
47336979
4220022867
16901643
717011189482393600
57349890
3245959949
284803132
38209115
805549974998093825
621162164
795688074923638786
59279107
2301503533
737101036066770945
795292116230475776
1608809299
2194993746
794584599783469057
22777725
792895930613702656
400057754
389184352
117548604
861569485
250420194
804685645
4865783236
2530228837
2295386702
713429124316966912
3459857657
52167737
727688759869878272
75877720
59201211
770208331784912896
770886039225249792
768898397646495745
611119212
468407143
1058130506
148814475
1322988794
473212560
27097632
759013802612404225
19342471
859088269
502353447
281614451
2949065333
124512446
19358022
3124899756
33274835
3433816665
4157953222
334077297
50939574
889383818
740200627687575553
4813292832
248799990
719104597118345216
3338045188
4342392377
3247335505
730976414405697536
403179950
396368057
2753439535
720675907061551104
287235855
730409245204746240
329309409
59576823
712499777804615680
4426788165
294134501
722184152443957248
1916364858
2970513167
3397532374
354963345
1157826438
20831276
22943564
3290388345
40260633
2149219622
3331697644
163914077
37291905
4887326975
27530437
106919564
30201677
711163016109162496
710211070011559942
3400844903
705392626980278273
709032653912059907
35305423
699712564071108608
703287906421579776
153682660
815277680
4606164562
4735483768
27213786
3111001052
4822085554
2261053156
22415011
2499460321
118079181
3997641369
3051663174
4592629337
24487286
1354689853
3224899156
317378810
246564659
47262044
21360280
63278239
2319089175
924151908
2949711113
67197662
478637788
4222010145
4191403048
634984129
3075538918
1356057295
17259930
3496477996
3767015236
602273310
3238928611
3947684956
3921092967
3813973092
373446900
2598343603
3244566417
3379059909
3764205257
1250594262
66705947
360725153
285874624
1948485685
2754248664
20449475
1729721816
858280074
3390997175
3506493082
3492006329
391038157
54284336
517110556
3430288193
618271247
3264491350
277910839
3419041271
3025361943
201536850
3409288768
3192513738
31844470
3224090699
874208846
194837977
2802268244
2792656923
24937222
3281810743
250771989
1152750487
3376657972
362020614
2149555327
2179066656
3266500369
2978244953
805522867
107685409
1643303280
68360592
716044325
2260150651
3355824111
3342227410
73006981
2458731738
2948884319
63796828
3327835965
125117400
484759551
25055688
1444229702
95436525
2750995901
518518074
3302972878
262749118
42682914
3289002167
3252778233
37599351
22387204
14645160
2823792330
2864006285
3252667577
322696293
49783954
509461549
729243726
242182550
2749903086
3177381585
3164046718
2571225784
1905417319
16342661
3064665255
1837467038
3134882914
2919769132
2772219594
2923022897
3112319914
3026904192
52579267
286233279
3023559549
322039331
194127007
1832911094
3000775798
2967753703
632251041
2985896047
42158083
369725453
2841354131
2602536510
373562248
1413883681
42170658
378840950
601001021
1637863069
3053767090
362779971
3012186205
492717293
63818960
2766756154
621851072
39471323
114034779
24457210
900929646
1269673549
250929843
215082491
1071916424
1720251846
207391079
2978272677
2862524078
2971071880
2728357069
2917010684
386212034
1603674122
2931277185
328788546
41218256
18780499
449653969
2881534636
1388381161
2883620260
32604764
2900472726
2772911535
2891005231
155885093
2871574546
107475094
164925218
2826107636
14741867
138233401
437507646
145728028
30716139
31307114
16000477
29810615
159705151
2745385586
65740144
16894728
78917582
43367750
221855987
130900724
49656506
72681193
41886807
2361581214
2575244142
518640534
18284793
2802394668
2655378300
2577669728
274031406
113875934
2803898359
417833635
2792512550
2787859081
349409458
2787053707
2279287632
2780868637
435169276
82370267
1528455541
223927903
1439924948
48373410
2677770918
133013543
1634582472
135081377
2535385362
2733328830
1170102859
1323256406
2551832646
44508334
291977882
17028393
2713308662
1668961124
1873673486
2722161947
199469203
2514107401
483506680
379380621
1603320494
2603742600
938826146
340764403
27180779
1129757874
373719467
319427893
23334065
2505691986
28447062
381192412
1480007905
2169655377
169138656
35516645
209785956
187591009
1181450124
167121606
2572297347
2472984115
2534952763
42282816
44737593
525872032
112059454
15773209
22661551
2340136048
2533762460
431946337
363756248
376895030
399644128
2533349204
2530160774
2564087711
2517302671
304030925
186430769
29230173
2418336112
1370714988
2477352445
615554481
558862335
477911207
384497862
489438282
269039053
620502948
381033115
96194784
375874460
52749189
323884592
326846264
244531245
361375826
79281204
464245973
2180550355
26132153
2417660384
74988238
526853114
21217563
282180864
49850838
205025223
1300936555
2391117763
22837424
1146896720
1039385052
24082518
78094910
232596398
61848820
1852427922
25538032
2302147415
22991316
14361260
307084323
927818371
19185786
18789842
2293485593
2297369005
65042646
159979464
198171896
62102881
2240717601
1695328849
88435044
82121998
2176444048
109332440
130148950
1860954061
2198023874
1704739376
102872496
30743622
45394517
17529794
596875221
15021905
1221967598
706715673
409616649
1204900148
456228448
633140012
1674531673
227319475
1534906416
463131698
589584201
893442090
42707858
185508889
51727840
58624254
1685783316
1623843818
26669430
165851057
36536837
247865872
113550019
146542404
217326894
29996748
13884162
14713323
1246370976
1187837840
1178429874
110737851
1584682508
24410446
292698372
1389961118
191214024
245671390
601240215
184463503
1372503960
130859761
513365417
496510640
21889575
155032515
76197686
464459871
168667843
34466375
22511482
34071492
11753672
50344232
205510114
37734031
1208899183
176445967
170031040
1213752278
513832153
436440854
356272402
490796507
382998238
28575342
357302700
62821674
817314734
372452762
715345680
438361647
290635404
120293202
72535192
707491494
701939744
555362545
386060585
335492106
22774866
21727776
570324602
113631183
46211065
299913560
62824792
18813998
396849719
169622398
411904027
540352697
88583208
517930264
406403047
24968874
27646436
69750647
47973979
33238196
19289127
