1007088796649840642
109317980
1006347219556098048
17301451
405436748
3297602837
1604295120
243301338
351100725
849343402894397440
4735139597
800111181058838528
963177812025905154
992729356232527873
978972830158143488
728332609453842432
2204325620
33646492
986359288229777410
913428565
141945359
730120734467567616
871535575337115649
955815619097694208
388640544
959212327
397971067
837478055371239424
729358172222169088
933980040282419200
865783126743670784
2210029556
1266760135
414233570
2586816330
1271517074
449177375
923396023795331074
870779003203747840
61552923
49725832
1602954954
3095871888
1268437446
1621541396
2434929271
2217047923
335025980
2518413162
21817608
493530667
301060979
377031778
3124023279
1400609730
728073737849831428
3005178855
31465223
28203167
143068650
3512060892
732453858
952719090
3342632595
146574538
102590313
2972314281
21663862
2556211340
128291106
126734875
2309291061
31351375
238225728
3011987521
2982578121
592086774
2888724992
2829342288
2792305025
2720320380
963230527
60430670
22366571
457024204
2502255136
2499904962
2491302677
2260774266
55018967
2401207122
2283183853
2299185186
2337698457
2308015326
109133536
2297472882
2317942812
2317458692
2276608129
951481904
893921593
2326156116
713139581
263491888
965122140
38600366
533920394
195187495
1902535765
2281124359
2320780166
1195446247
855628550
28245852
933196326
2253233972
191099038
634900634
2191507782
2278610624
2279275748
439662743
1420616599
2222067558
1879860853
61702274
453243214
1562009814
137858829
2234788962
855458407
967561880
1553145740
2183479143
1639307346
2193688992
2161870816
396989559
1693316119
1306591297
1496257040
1049369852
1261012723
1334025907
20384579
410364099
603387121
1141347164
339278553
328384002
1242829963
1088268608
1135695246
1134499344
1037993275
24197313
838696680
342417567
933132972
358781988
608405934
896139871
947608914
508611900
939634956
65237724
21382441
898624830
511569819
261528798
906922166
454566783
842949854
319628386
474903797
265713260
634660030
855373736
423239877
849261205
363302277
518566254
360093206
788605880
46375793
750461762
166182990
711426192
65784446
635627879
37056552
304678617
608018498
627984158
101586183
240892313
286464329
490838894
612510939
76420615
412629856
34896721
173511218
338075482
583547552
596645571
599823144
283689933
367375112
150420239
61804073
167620616
544124226
599907765
474508862
379724156
548283090
224404383
566259414
321663742
498346223
172538826
20282938
432265829
414547367
192431952
248991173
125546549
519873757
519082447
293192408
508385705
491878187
251343136
423994823
135707166
43647082
46772818
346969450
440453086
192681081
205974505
29883258
389724959
92431355
159193119
25538115
148234048
254339930
305208936
55355079
158862551
215412235
278290583
274140589
237884190
42252435
128247353
169409663
200644273
235672157
142884501
157754150
104013550
182590046
195599353
171299328
107895016
164906358
114326483
63365028
143240864
188725449
192414439
81527692
34461741
86761538
15290441
170559018
43547714
