200889851
395192468
848648000
393987775
288958632
873115441303924736
94897436
809616689616691200
288309667
260981384
28483093
70502952
165531743
3249994424
21289436
78974752
946427177310056448
58606715
4558009756
3343252991
924455156
901213862132932608
253396055
47697271
415213086
602317143
155620016
2715115656
958918022726479873
454035957
35026720
333666144
705215780
3182945811
2970112565
216641289
68110057
33416041
47203698
1042722967
1102932595
2657813335
2754802665
1056126391
3236502056
19077044
20416406
19263978
16812787
252938632
88739552
42384760
53853197
359622892
116485600
39633585
42562446
996095970856255488
29991832
126370504
493249666
30974408
495074577
75916180
618336955
36746176
27725199
88442109
45709328
155705264
134234000
966204836
27131277
154101116
2310199256
589338441
30518445
2875771449
781940482154856448
25525507
35764757
313184896
257796122
4799641522
2444335140
4563866433
14529929
35035118
57034964
21964429
63302020
41419199
314901898
915726438
24599923
16027904
14417563
17681513
113514650
9300262
2945474478
4376838378
2303751216
141598384
586
571202103
2285764579
37844696
1445178998
1219706868
241221623
319851544
1217092896
813509670
462135618
39362432
2688147427
2570161327
42641902
1289590094
1636590253
382770044
69958537
44196397
16303106
340613443
3030158859
956888370
3064724045
573299587
1173787748
168683422
1409798257
89898430
112481670
44381332
81480697
970207298
17494010
72198806
172490804
127320433
103791938
54488444
24779354
1278729330
96242123
126735220
260822065
939090006
185409011
203189492
527852034
310364418
47010589
46042404
614554301
74307395
34959923
23612453
286140497
205502812
84722671
251164136
87016990
189200128
290883957
43698856
186598799
19708968
56481539
127431090
23737582
32981735
15166316
385260852
1027392638
24852465
28380724
18091904
23228600
21323673
20620967
96448406
24494557
18270251
112289040
2556158989
631478663
298483138
24291858
327014098
2502606317
86876958
264107729
439125710
403255314
403246803
403245020
29369395
189283341
40519628
429298552
499336680
288304848
25970331
24523660
43634874
210341090
306330832
154591004
17951326
154589345
41229669
154591990
307548363
154590712
2457120943
106331898
14222536
53338746
313717391
189362860
20468965
25726723
4800407089
106511987
24156740
198830228
612662672
24668720
29330577
22548403
62513246
2469350863
166739404
257305275
431765325
133093395
3368073796
1149386466
2155649270
229219088
78525538
46306646
342327238
1852644804
104299103
72915722
274119641
3111553475
47686520
2850359975
342328462
1244325504
2282671736
3241064373
2820666877
795695932008493057
28270097
809962128878796800
2369335940
37381709
54003221
543576297
732620373699657728
282423354
186691329
4898738434
818941711976054784
330510986
185384617
17585630
25231077
19575977
368703433
262310943
349157263
151112363
145870212
859877064
125435019
29206353
45675029
620421291
351110691
151583233
197034645
39625388
535665053
98274121
575940227
54403121
735954043
399472670
312767281
149726145
367830647
722210815110041600
771913682
147023972
433804134
955885435
322744081
38127255
71339449
23494080
179932936
36008570
36507449
309379043
259435698
27776098
363972381
319290362
1306312784
344227255
1222639789
172887151
112915037
102747104
3249753618
265014206
2576272501
397005855
201365762
338437527
780697567
3317940498
18570829
12926202
3428134181
247132743
350643799
298526767
44527648
107297373
875451065658994688
279377691
882800408472825857
882726711825235968
401220863
877224509421387776
864894041548312576
1107991052
230558952
387930866
924669930527690754
827708285977497600
991369605045202946
177345928
515722353
1222616833
739417207
168767461
15290441
122555803
115682368
17696167
141664648
10228272
956601359888998400
26516984
3004011602
28897926
521669982
80758116
2477416504
3379737905
757695091
451131659
1431053396
14115996
100325421
19478160
143664456
21526685
72694909
108088143
291428614
910597550696103936
16537989
126418609
794046896
2777499235
393852070
22387824
22321602
114315664
131072390
476022870
15358329
17074714
41055396
21011215
44794040
2414652841
864990412976422912
46769281
318295764
89812721
4795192662
807095
238763290
92860137
38867536
77938023
3884240178
937294358
25913173
1154751025
378018987
884772163097579520
793863662226333696
166831567
272112899
29280295
48100887
16803519
355285163
2883463365
2976269252
49663422
4800718640
2994020017
73779244
734579602459398144
2282770158
184596818
83206131
384163459
43803786
31583155
27588709
244243477
129575180
108797271
65773523
110840720
567440698
1653530443
29131721
125217894
919457694263607296
1433528485
356981822
763134870952476672
717583325850783744
53933574
31636212
856941460205207553
58619956
179782842
2206462016
889689782678425600
2730310742
133936708
563389965
28751029
136171516
30488225
190082657
1210851440
820013658000408576
397037059
1870282586
61288033
17944853
82992977
563316529
1080721584
27711685
295344110
57084769
26705414
332611996
333574953
27816957
297074078
877178925763493889
572325732
24966423
557379987
19013887
1431167390
18653699
63796828
171682388
16171898
16259251
7111412
31126587
43192807
104969057
102446093
1059194370
52484614
21701757
192468772
31119337
25581439
185260477
607599583
112897540
121551369
66816759
512700138
2923727883
2871676429
599503952
250517865
243474622
25158003
175247746
3386551083
189470083
64090343
50083860
822288284202070016
32469566
595997584
27778893
809877507650424832
378376122
104366475
3624867612
219071904
139242827
510907377
24906723
24278900
127613663
46505391
22611023
17878322
14353891
34326520
2352729630
1020383864
767851081766502404
1482663290
4784090467
953335043249836033
2536061560
716459367655219200
981132499
16269666
20754457
90806116
30892248
23795109
287415368
246127773
24224081
25993004
16352599
112948063
847017228033806336
721372946
80132462
1543717195
67681457
65122769
462527316
77504008
45891977
20452568
164493276
109713729
94360081
188647212
60971018
917825706033340419
333315091
131785626
32061109
981313082
3168676197
2957265379
58529612
1681867315
490727430
180004522
269543530
2177581676
960728918
321030116
112962217
3104206934
50352671
1556379714
784540639190978562
70826447
801311472
213478296
558810910
204688509
1345702333
1349849700
23315262
69424114
335141638
26103367
117551005
2519592864
859215950704332800
1322063940
291774199
501973262
75647352
1673639618
2730865537
2491031231
862425908
76086976
23585395
69554907
197524677
1157406157
900872678000676864
16912794
874806184255131648
915647460646596610
2554257902
62971680
23019705
2373035251
2578816658
78482616
67321989
158848407
376502929
271395703
61387670
65468720
63552184
132540959
16799621
24579796
25962000
2350513440
586892658
296980484
93908298
26813101
177249094
888489008002719745
246076427
772419408
351259443
24382752
21148293
3371613978
2225791442
34442404
153156412
27943891
242038666
740261448375492609
109702885
63679163
205339205
346742249
28384755
15515919
40016838
19028615
39601084
225190303
465723566
240606817
135822863
74701069
26494583
145582395
68399194
549470860
369514419
274040176
60054156
221392767
72568426
1156866230
114796408
16913418
85772748
348379865
44084633
47459700
78021221
34395888
30180137
18647765
177742381
887423658460758016
63198398
3022018101
104018519
1633811846
2397078144
18583722
255747911
3243561805
5796972
756271337585319936
6395222
16201775
20346956
18139461
20265254
18552281
19409270
14992591
15900167
35936474
317370751
217160945
20196159
24903350
7117962
19564719
24925573
18371803
33995409
74518740
26270913
25319414
35982046
50811932
22178780
214537859
706933895502163968
56688840
837425870960640000
32773316
23827692
14287830
23344923
18684520
253073516
474581425
2182411991
242101714
19409508
567190778
88749392
69751644
763906257409314817
4489440193
24695993
114478604
917386026
281362131
4274372981
223546666
797950066367438848
371069402
543952883
36502037
735153382558687232
3165817215
808733231323320321
811651567510167553
32343441
788389903834816512
4236082696
852973970026516480
14652182
3154252605
819574345215393792
771510466753409024
2233154425
258951612
735903913329627136
2786266138
3975545654
260674089
909487938945261568
286871259
889849904310480896
860202308423921664
756503993313062912
546076148
276575042
941051119006048263
499039827
897129047079231489
932819116770988033
4127533060
894524781302865921
3320478908
238782335
316389142
1881225786
44039298
502442856
15279429
24795163
15693493
123015364
23497233
23544596
275686586
709540733456224257
18548221
18494593
125481462
1416622795
23464695
336116660
4035503243
15962096
16900536
258483856
487718304
974384082
191184478
183273999
359099321
221573745
89014429
1357803824
25453312
16331259
16721886
60983046
30950136
115814829
1537328342
297760695
253253039
20262053
14784903
2281112444
348150913
441998843
64082117
509145315
397281913
1447153124
742011151
846864187015888896
78366205
16631904
117778179
759251
58598187
256881576
9695312
35757323
30309979
74580436
75974281
346353711
42519612
26053643
92685993
17093617
92367751
23151437
138600717
44409004
154280902
40851965
409486555
22511769
40255499
18142856
688583
255388236
26589987
784680583
17230018
23083404
205302299
822215673812119553
916053445869817858
24429991
28201743
210684204
768121189650821120
23489663
28442098
30317085
45279311
46973152
21838634
24712054
24967668
28471026
441115772
428377986
381648806
353029369
50826280
24621955
19898342
27406401
25932445
104235481
27781680
134547779
217920201
67982898
16560657
617580140
54951973
24822280
23280648
181572333
256883252
866953267
18908435
23976874
586881665
1025143662
21036769
3687721995
191920475
57266343
89690502
76848915
29756339
818284082
1924134396
65763113
6480732
48785884
2180170945
256596567
90552683
18125335
455313759
403086984
34189531
192354884
28406270
2592749814
2998868947
3320745074
20536157
16664681
178812809
3365226914
3018525375
1246504897
63168789
21502768
40361513
3282859598
893166260099309568
321970500
2857479956
7861312
19658506
28595930
36169080
133880286
237845487
610566084
2424178550
2678072634
14165865
27042513
74755679
80096621
90021519
499073990
618300542
17350250
101798589
247560825
21035409
366010246
26585095
1516479518
456862468
15492359
20479813
25917171
31583882
37788181
71876190
74669397
82652901
82939583
228794007
14681605
14982804
79923701
90420314
570290656
3327720838
20798630
52613032
53775273
57385263
21362105
22821175
66515223
143192279
273457173
2439032786
23605359
2774024936
2612574841
4923597071
763440894
443215941
941782988819521536
25341996
64496398
68528137
73359920
91432615
105340932
108861466
114035804
255330628
310465678
370397292
602993818
833612154
12369372
14477169
20015311
20142400
21121282
21345455
21734298
23176276
39871001
38709939
40080940
54387487
96846955
340635228
1370583313
283830242
188161545
1339737890
257997629
149018696
48463575
2229423139
85399171
329245036
848012486
855130856217653248
24736009
816532
819814881566167040
840449932108558336
776565654631485440
1391259187
4106080994
266211626
24708105
59632108
18244358
261413944
21697226
166255207
229702385
741812160
2418100549
826623683057721344
170304544
108538006
276017856
75025395
834116685577740290
18221684
28223477
50004938
25379053
34993020
40104936
739836760948117504
34381878
16206688
31634255
234543040
82978967
380749300
2987922767
17310915
20630639
138645123
574802120
961108698
13018112
16271952
18138157
18307364
18392906
18481641
19148708
19192100
20908109
21047012
24124842
24289021
25350781
26250338
26324991
28635233
29478586
40921599
50627903
58971451
59235603
67185748
69615397
72950235
78120912
79398281
80371182
97703015
108663277
113536371
123573528
126515988
127660121
130548139
132553940
174388169
237009472
238685814
244236672
250911289
486783311
369426625
271944538
360085886
18131006
18748145
243312865
19784831
533498289
273961750
246653875
78385842
24133713
90334660
607788559
24331833
26149716
260864109
438533851
2725430616
17733320
191349784
923278353099923456
145387446
142343714
155997273
86972419
575492930
32224742
2906391769
31317551
38476490
58572077
172492646
103069320
16540829
51104447
14791044
158014897
406689220
22300088
14790817
25108484
75449249
9636292
222789616
106067437
389881023
1891124407
2381372048
180902420
1487846678
19793817
177005061
61109235
76014441
18919614
3073404894
20212140
19600444
1431218611
14680023
2615679378
22909956
703052403067650048
712764532712542208
229635768
36357026
15343682
180568685
17663756
731195375365685249
15570749
226061405
3314486832
730900417756811264
760582956377407488
17465040
33942097
33575373
42738804
16951443
719038823800242176
50089673
48768424
30887122
314197469
127686640
248934649
49656702
20956414
3322988899
29838500
17789443
33610872
323480488
211778502
3863606953
74184201
15678093
758086473354665984
501327362
619568001
503560769
77888594
164240225
35041893
360917961
97471388
3068362695
271684026
823686003244138496
858044591907291136
855207324142546944
855196531690844160
847979394509320193
855228885033639936
837099160494956546
823703917988937728
846828879465500672
855214900041232385
862380417915035648
16889733
203026347
158553505
127031756
790423220
27136199
30589869
2295012080
47392306
1345547053
57487222
3307334537
122500621
2571921656
66754675
173210133
577860219
16098642
959354996
76826334
16643805
42420346
898369353183371264
29135898
16119842
14539425
526316060
4018617915
16231318
778393933944541185
27457788
16573941
1042353086
47544177
59319830
312326409
21728396
46957344
442237496
343423532
17516149
69981632
15676578
21217034
168317678
268479992
73171449
3281098886
417466377
36293537
26133470
112964469
237047303
38577243
18091925
15515656
1112465706
2151505908
2180158081
750751206427860992
281217033
211643924
2180163722
2180168234
2180171528
2846982741
28207101
28208983
338084918
145499533
42819484
407966310
16262204
2847028078
2151416029
701635518
701667727
411807923
701625379
701615052
570218986
77645932
47786101
149590738
624056226
20196258
718495181914316801
2796910988
361270172
18173624
15687962
580097412
241382835
78071252
18103875
27966138
311663105
32156068
21024838
26257166
300392950
130649891
372575989
436266454
250831586
124335068
480930665
17844280
500042487
329746058
1198406491
18064372
45900567
16998020
23006794
14790966
24529777
166747718
23065354
23561980
20567939
185487499
2163267319
51742969
260114837
175198393
913812620
22652957
76770126
44642115
87222643
27953176
130522705
64574086
19933480
28611240
104886426
19665893
26035198
15613133
19294897
18220767
2436210614
18912121
41707730
4038362244
704881118000971777
2835886194
355250603
703808448
378843202
196477313
80911086
864840537630756864
1187763794
1445534629
1416055418
418619898
1223049265
1809331
381688396
760284345466707968
844117592
35652956
859460450840305664
38270283
176895950
123289567
29928983
840008937860616193
1924364738
275215221
24300583
27079708
196013643
1715051
57995617
244293586
30614676
34747631
31353077
347499507
20823773
27711339
17655023
256659585
554767635
46233559
287435891
2185035247
30420026
15981505
299661281
23182251
362521512
35909599
2398371283
2233585659
40105401
197598287
441229264
852990162774638593
596556967
775830590150946816
196955859
106892511
100277512
792705450
20441001
170053807
339238294
23395456
778434114
6207162
14453529
14575014
14791251
14824849
14939981
15097998
15227791
16899018
18124756
18704659
18825961
18863815
18948541
19028953
19081001
19902330
20322929
23976386
27673684
28209292
29374598
33990291
44204341
47532218
48441349
48601876
52483243
52810109
60818204
52820773
66561957
74712538
100220864
101858534
108382988
115512512
116362700
116710152
118084359
132646498
139162440
158414847
243287822
297047872
15901190
17890396
21774892
24083901
30279060
47285504
48410093
54930650
76256268
238319766
255644127
256573865
274649460
15637594
28716779
30336820
438611980
304658938
818882149529034752
130951790
196345622
34049155
39008044
27677483
209994211
128023009
268157035
196795202
414256215
2925162764
79650494
163730859
310072711
405728790
14293310
1652541
14173315
15012486
14511951
17602896
15781432
18671559
71174380
2467791
74773211
74773917
4176567742
216348190
4509136039
1576798711
214144649
31047270
56906052
168552582
105021623
474286103
202495093
3148267194
23280870
251706984
794275434904965120
51263711
4918738512
779100876
307426028
372123733
2828695768
266336410
91408245
754760390685368320
742452513039781888
21143468
229228300
28204769
243364436
727916271543660545
19435547
114870386
89523939
2679055230
827257262653583360
45713517
759401104601788417
37928780
21525579
904797685
740597986846203904
21167586
739784130
22562425
19683967
28659242
150151257
290137174
32756557
22792475
3353566654
778344658846048257
216201838
817202267929460736
52791522
1330457336
238697866
17159397
19923144
1339835893
24931569
1523164092
96851347
63822383
2835644036
596230846
158532102
54386148
1413521516
40752044
209003577
234847894
293317471
700784500658208768
30980778
124032054
30103418
45894866
31949107
3181124167
180014279
75870429
544667332
101431573
702299662561050625
712784228493037568
180418331
279654993
563248397
717230633383165952
546378808
705647052
33549858
25341216
237318143
2883889936
2293638516
21669960
740975666745737216
31346330
31240434
3242665212
171873129
108090221
586136477
2400329084
74825607
599012640
3305485520
22789001
35172509
20722364
23771759
41640047
40339727
63631280
177374521
2748585072
369238299
299802611
219682445
102784808
15981547
405793882
101613166
114669777
423723318
23807048
254900567
71016358
3119988399
412589880
309895827
234443392
70054190
13992132
3546678317
48177728
788735324
2412917082
45509315
842868506
18957524
3249128140
52536879
257195568
133265485
19788277
321723901
21775818
2717254872
126084292
11420812
31787235
200277450
776643511
62432717
1633562310
17565514
166270127
129400817
121341102
23314049
148807607
29403387
18382902
986235307
156149546
182199162
16409285
38682272
123071061
2458256605
252709160
169740780
54125479
31672638
328049243
298320111
25460615
3121950808
250205792
257548783
21206424
577403888
2812768561
46296304
30412891
48946932
257834640
33041426
17768307
807689196
3038295012
215952307
2893511188
2469661928
502281810
404137465
412537074
208019751
2610703422
344779704
18681139
32144720
366322025
15945351
275400224
158515843
26180278
3063032281
2900960764
3525046823
41298605
423781033
68792381
281766200
55117855
336851461
3038636402
121241068
22207955
457736361
599548174
6480682
562381032
502135911
19879313
499494637
113497466
39332055
65548276
2238233502
1374926329
27678749
29283877
1183887576
107556834
78767466
2377837022
52549660
131170751
109303622
105715305
349300271
516771605
1195370804
355708717
7517222
239528739
345522684
350456444
77153736
2997784658
14981984
2709527586
22733444
21436676
1184150894
228184292
24058779
88287364
989689220
117639473
518018164
16212952
28076276
963264620
3006997303
43785441
15447075
1426645165
1526052913
3303293865
79090231
84424885
2239716770
586032653
12701412
54365543
29611918
279248105
7001272
61246454
81029903
1939017829
16113773
81879226
278662460
36806802
179829897
26703100
19659605
33694840
31245195
60835303
347493157
144925401
11026952
103012173
254830969
24886570
23884517
380399508
457554412
118527732
31002036
28456384
30023371
31001575
14355899
108442237
975329605
67973716
1066341548
1379587099
23136007
1270952198
2557818265
305694283
894552380
2391359107
238319415
1426548096
200913899
2777356364
24216951
156446856
2326349904
436131988
18256664
1493678719
622374513
2743113943
1506060504
2830872505
243905905
245548093
526931372
65184105
18667907
2981558177
26369893
46335511
15291335
29860364
14497313
34676063
23560015
33578424
75461927
203162990
58896265
18018384
25060780
23990483
21904217
84358766
279319647
18086960
2374176276
13049362
18395177
31239408
335534204
501389799
15460081
165870323
11912362
74058491
24285686
15319698
216719083
56783491
104288093
104249727
396836528
17560096
181561712
21111883
209708391
21906715
214194849
169686021
27195114
16679529
31355401
268414482
176566242
44312605
116547240
111556701
19383317
243163874
17915334
373471064
17243213
28725783
97739866
586198217
16264006
19877186
16409683
21955058
19329393
14994465
16190898
26885308
428333
27073122
25365536
34097876
23396761
28036872
27989078
813286
19248106
23617610
21101767
19397785
27750488
6427882
25558954
2367911
14817982
26892157
23613479
22633584
23626355
19165963
19554706
14515734
14230524
18220175
3004231
17461978
17919972
26565946
15485441
22179997
15685406
34192959
40768837
21447363
34716038
32225642
23967578
23690344
24325547
22940219
19571299
27547342
29840295
23855299
53153263
56927066
41259253
22109593
24923783
62290422
53297035
20221159
24929621
30782495
40908929
15437723
28706024
34312352
17196684
19394188
22591831
38025554
26895879
35859588
19562228
25092574
19330043
15764283
19273442
15754281
18130749
40981798
23508439
2557521
55033682
65992743
14022672
28785486
79293791
39325978
56405314
15033845
22757990
46576295
23011519
22959589
21118832
26090319
57393165
24291261
16473789
16873241
17526930
52551600
73992972
97082147
24531730
39653091
93935921
28638191
26177528
92294003
95515846
259379883
30271564
101928415
122216533
199349169
22898904
53717630
16145626
39338684
115485051
40965341
185314895
20177423
35787166
37344334
23482952
35094637
246515294
18033310
16299627
56197219
209128573
32985158
48672487
94129050
7667502
205354507
213184382
123176923
109660695
202764057
50374439
329783245
18222378
178111058
274905748
136361303
17909306
23382107
30704824
14399483
285282053
32917485
251294686
50515656
245607055
183310940
58528137
43952326
39330733
263227378
138909476
242833079
50121225
348311023
379435684
21670469
21208444
30104231
41338503
19602869
23005773
19568471
15830716
15677036
118904499
110827653
132603710
274080606
20641995
49110693
21401466
32959253
14791162
14222518
17446621
14934818
118857505
21414413
62988756
40667680
43158428
23804345
111912589
23530242
16096416
19074134
16331010
35459922
106837463
44215023
126198709
28221296
262359713
11522502
22724191
71099570
386244525
22867667
34738598
288452305
102278356
43383705
85401970
25336195
14920785
268439864
29599598
15010370
212944975
51241574
24047612
36498980
31941957
58610772
16579345
17399269
32774989
216444984
19733898
31641658
45564482
28669612
20109973
90774609
171813775
492399548
153814508
32154032
14780915
3108351
19777398
71187306
14663955
15224867
29555251
25395727
34892616
18726245
58466292
41866247
23605284
14833304
17587207
13793552
161211454
13929092
24325657
24326400
74872146
40511475
15738599
400848027
4278201
487977202
24137435
157140968
236699098
245992215
131877198
25321854
20344826
264498030
58233603
73443014
219117141
153474021
59199168
24776235
490117736
101879887
571083342
24807616
15438913
451044903
23445575
62604873
17468528
23108231
20117790
293615861
21212532
57097104
23710652
57856685
243442402
184910040
262794965
961152002
171682730
49694451
5695632
736417956
475212144
75206471
2153380262
37964451
547158925
22941372
15666380
2203677290
306129372
113431209
15169772
2245882351
348785149
249707298
25209206
34507480
59949396
344384150
30507904
634706405
65511530
233183631
31228854
355307031
21741551
353074054
40033828
46831199
22529702
21406041
297486668
2890991388
33815358
346878074
19396533
50037051
369838190
46196734
20632528
47216804
462287315
207739658
136135705
21632757
200163448
22856182
1325621532
37387336
22208192
598986879
14794257
163530567
2244771
16005075
180463340
1345393938
27844479
20255162
18742360
227347152
596261273
2500134024
85603854
22175800
19633419
23375688
379408088
1909344061
621284187
22650211
226835223
317114365
467048692
36098990
19538986
23603092
20012204
25589776
1684367354
30163946
398415774
277047428
519721078
15651878
131962317
75658039
770120310
555448499
15412376
40927173
22216725
18993601
58834557
553281435
36690579
605747393
326554272
1623501000
18479513
30973
14506253
23544268
19426551
1480251510
16193578
111690277
9890492
228822613
715248601
47093197
1750565786
265554862
577720376
1686544976
1209309782
105119490
19555067
570279813
25110374
71626835
43003845
746327564
522613841
437136024
783214
358630769
1257689887
56809039
289955534
195520765
575854738
15635604
18827700
16379018
70794696
62902439
158314798
44677463
455869782
18228898
180846978
18198687
376970112
524354629
32057570
584073396
939917365
39655247
300588846
360888172
792892746
41699068
287453334
1522926260
93864447
138824613
17525171
43171198
145005708
82267995
7744592
39364684
16312576
182107650
119509520
110775637
2883841
15169907
21030857
21313855
31428361
40076725
88512396
148556544
15933910
16027638
21681809
39803395
22083910
18072400
15087120
193992053
24190981
19247844
17469289
27260086
15846407
16442457
11811292
