366231553
891996828752850944
270369094
896544927328460801
2515580654
224810036
312929887
226037638
789284348587544578
4280596647
798702017304629248
1458096540
27462451
3411607332
261831788
995791594669379585
287368542
929015496690761728
3319135188
2890366952
20454174
886656472330887168
1251040297
298663778
883406370636087296
35282755
823726556769984512
97630019
416059189
539826548
3070030827
283325622
985039034845102080
806681055889485824
71339449
262172582
71852892
346670872
1250732774
222436278
2657019355
16672159
2584242516
3166633853
31621681
1496917872
1063034450
140497508
796356991132135424
965269995637870593
821176479954432001
90357435
416814339
2575544605
274119348
954055612349976576
3293582291
488026266
112866927
737904216950382592
738981042351013888
919985754863935488
936249609755746305
25267437
1551361394
1014760268
2480648858
808007586142240768
743278778483380225
2906832379
751947976478691328
1553895072
21254264
168279280
124341360
170759111
79045500
403767798
41421743
39615521
840979969610141696
3226282347
4805771380
827139185823850497
710638477768040448
2236458046
777630720671948800
2765267240
1349082427
733170759829327874
155027396
372618047
735984569162174464
4146692374
266908470
1522930062
887282141628952576
22661554
33757562
842619014
1464801109
488515774
1739412500
891861027301797888
371539066
3195874741
231199669
2904147646
776095038585516032
4634154079
2698270332
799385815080194049
1011363691
2541264104
1259661098
124688193
731192188437073922
3381971248
1066377463
2352764882
2959467077
135985004
58372595
37993692
292777349
1520006918
124189505
125880341
4034704943
117512793
146563991
136165096
2913987046
3600217518
59578815
721341752
1856350404
3864946212
166747718
1050820447
3649399036
19734728
151330943
42728013
482658470
1705202990
2424488172
2223592103
2835653131
101231778
273080747
27599956
51742969
1660331869
2632716033
149760844
508370809
2334366985
1322319715
275873671
2620038301
20793816
933199302
2900426395
1076021629
35619083
224221596
126103777
2719418248
3008281805
95771156
125467380
2866415189
370699216
2429615017
1344873170
2798112816
133907285
301827240
2202585675
155620016
997845404
2933207627
1240324158
2997927441
161532967
1446460165
472475019
399190783
1031633803
1239944892
2531859438
1114719883
417438910
586189030
20221159
1264788474
183352603
121469410
282612351
2809289206
2560818515
1357107872
115772421
20913964
2794641298
2828550971
2433621013
43042353
243974127
2610453451
1383157789
260629728
30080029
2753842706
1877151438
19923144
58529612
138600717
27115071
277161300
1059194370
1653509359
2194472640
2622653776
2218936647
2210640043
429569272
311301567
181869416
1569459054
2353928462
132038047
234198969
72435674
220117583
2277883700
451854752
309746725
462902094
26257166
306050861
167607771
1716384152
997502738
77888423
352145373
2314968708
2263639554
2420952797
259025938
2415672899
2393044723
1355746813
21247989
2351844048
145096889
1548977419
623581581
1909928276
59774122
428333
819685194
1737439975
22527671
476199422
600580798
2184354129
389257384
1496971
2171333554
750773413
1325045594
2557521
1348504586
1902796032
2251442206
2262664025
906486619
168754206
115161207
126188781
2213128201
242536690
130392188
53120768
303867638
1880281963
237549687
384056706
84092181
1652687708
136036360
1602682274
1960101205
434545375
35141566
95649322
35823837
184795298
59644241
298475991
102239833
244727125
29614440
41651800
31447081
1059371713
1117672560
63256752
57490963
626615875
58712522
32675105
1666405278
127876592
586881665
319845053
232650691
1651209716
1064042478
1305995330
264810275
187741476
415859364
1135451214
274883119
334150573
96013710
843112550
487736815
164399893
212040417
105352170
206230433
417565340
296623811
269834095
116827914
127245578
549510165
227549024
749952350
18278629
347899465
251719272
456371141
293252450
43408626
31217533
1020282104
41036429
728951072
17581754
336658839
25389599
60342816
37472158
1281737616
61277941
95351173
24740625
203761879
1110923941
190447875
112539527
267425142
779629735
108095136
246066581
38064740
279273788
21460276
862580828
2425231
206015228
29330030
377723724
31069874
460712883
256565528
30365289
89593711
571083342
363365354
50171918
19867571
80094297
349719397
22030851
110042937
102579098
82480068
265609840
180849451
908692830
98445714
98036489
891126938
27160908
151748723
96280643
222607255
18222378
39645714
281700111
96306437
24606439
750848454
42843146
63291287
112237031
130338705
25418116
61387645
136865441
240945750
303595809
739663454
59038025
36240413
39288259
21454322
29646741
430464829
170048598
193677890
38064307
113742172
51404605
361241928
195958969
248161182
242178930
18610936
768300206
129813333
25365536
46556632
17049258
17461978
258868912
44527648
112915037
156132825
139848744
372891057
24278900
62432717
44823979
84348643
48623391
226009011
607569678
18785654
18948541
317370751
427533185
108090221
29860364
80700514
174533632
76784470
23976874
116362700
24224081
244404296
555393138
153307097
42720009
29389261
329418699
129350929
397009308
343681046
122574778
16302242
424011360
270064148
43637244
102125548
21636783
462535599
233646938
27531031
198698084
561365813
552147406
554627346
475525246
46906789
126740601
423556120
231547257
180505807
262200041
17351972
39674933
101000391
30039027
485957357
540991141
759251
517969101
309348503
113816994
39840472
28023464
25190937
135269108
79598170
106326710
417273392
182409423
91107070
97592606
423960628
485512087
310600790
45575375
19942991
18079938
433728448
98502144
159977824
206474108
323649211
48234813
95023423
253456874
124020339
256289743
79293791
298852767
87783629
95819875
158206103
102227005
259379883
23298808
27781680
116904515
322876004
453632706
236011926
447733359
147351352
106827015
188956713
69945378
164499151
25677409
108077154
131709377
145879152
61392176
236260488
117532775
167103186
174014284
53853197
30818671
237589836
25167306
51263592
48504540
112873121
265062844
54188229
356437950
234985664
396658195
422822506
18734310
420957656
96874745
81446408
178146087
44703426
28143046
246040186
223902071
160597215
64318235
301892171
35556383
28011124
157675033
41135906
31063203
109094548
402745215
28453841
166270127
20824583
307132728
222180874
59889953
300403400
74744587
63007638
166445980
70475771
38532460
45453237
213986109
60113654
373013776
253421271
98158470
25435788
369894110
197323397
247499753
370071839
106803993
221204692
117778179
39665526
64048489
246871922
185487499
322988947
277551505
340565050
155724569
135870820
294764950
283312759
341573818
117270025
31216263
24725032
347513409
28895421
254155309
221896241
17929027
38127255
62665580
324558990
290722797
228548564
97854431
169436542
304003956
198975780
112555960
323991845
300002787
340411516
299141846
17692330
336818217
82030552
236857913
99192242
40743738
116371426
138963476
38047063
332596878
214173288
3004231
332571660
142951486
203282754
205957576
16887922
38781637
73417273
34474633
250084781
168767461
30630104
251227088
17915334
23702397
23748699
186726223
43139414
144580596
238742999
58923260
67835232
319789581
243796037
23967578
24275419
204428048
310697224
21278412
252088905
99581734
39827048
47757686
122533570
19101061
28205948
123127472
251175224
36711588
205477165
140319895
157601502
42519612
81495469
301227923
253211985
11912362
274712844
295560904
297444495
298568957
290754017
96915759
202219169
162289367
66875636
293140841
159548589
247468622
18653699
126541418
71876190
42960296
149312768
39677164
17024438
67128662
271934857
76533819
110623288
277316059
52208490
24688529
158112992
181842151
252705148
73056573
29371266
35433143
78520728
259310746
42984469
25750673
179773982
46585681
23832022
175188245
54972877
47218790
83061153
266348260
100155864
20567939
213865152
215740944
27774003
37138093
8039442
70276959
262013592
41985351
274399540
117479578
95315440
134969612
243467080
110277841
148033396
154028640
60703890
100069896
181676484
42829135
24840380
150923695
127399362
250834875
32753662
248825347
139505101
110640901
167484192
255843143
27117857
232667360
133487963
155253019
101802101
64770990
44297632
239848153
105368325
96225086
20791463
226929435
126448575
34549264
248882946
94496234
60404690
54448342
45498147
93048389
247868592
201815758
96932329
258980256
223368293
129638212
216044790
236528346
25443356
25629334
23746241
107868018
53803232
98242335
20887199
28897926
29896339
154252413
152389128
28022081
152009098
44661349
74017412
101330653
128708011
112619088
240043393
22020931
95270381
141418581
41299231
198380316
129694594
88981425
59303885
38705576
251964248
251982968
90962271
142867585
152017230
113256523
93220273
43626673
42384760
40519997
90246174
18220175
14992591
33995409
38581409
16966162
116286921
30309979
139487362
18190044
33982628
100060965
87231441
33114853
158946237
51646298
141791939
26516984
215705257
249284058
99093930
24795163
84869817
44003588
33601876
72481538
134670690
40184199
98055277
132759484
237900795
130508086
23083404
84353161
70420494
73435970
29952857
41257239
145640922
44685112
37808956
38802447
132389474
44544134
205744630
23151437
149726145
45767192
92675551
169686021
25463212
42038671
35982046
20851642
191177559
43734813
75624241
222992839
165802132
27012866
234605819
25008204
17790274
40611304
126504734
46769281
150846769
160392547
148215313
199011080
29391845
173423942
211403628
20177956
19081309
231175831
102101684
35936474
16653253
227242771
133010707
76848229
130360837
130346930
75173924
178919355
24214461
37379853
52653000
125786481
22733444
61325143
24835801
54719308
130734452
143211122
42822829
49532821
88725267
27195114
16638685
76177008
33615411
109376418
82228639
124974511
84194722
92169346
114390077
115616312
88602896
19407067
5885732
20322929
19426551
26589987
783214
37774152
16812787
