939663197606424577
42566866
3236612621
905408250811736065
2198395733
901888153195302915
477020186
865910539930656768
917438058160578560
945838373561950209
917696449462366209
46650927
911768003942924288
905383603873382400
832667723792420864
703272494682263556
85401915
893944786796892164
849413987397718020
890266030102151169
844170650
786633791909552128
806080978305294336
2740774918
863185931263660033
193534569
752031883
531544181
2900585124
20212140
741277350680088576
4664923335
796789597690806277
3108534993
2567962152
957925904
345280320
136872953
758456449911644160
785712983343149056
43834648
38988693
563442244
3001394366
208290586
46476526
805841254265290752
806549565428080640
505436308
2429160712
155067146
790709930
799696165457408000
794445465962053632
711275517639598081
255000145
1102401512
207554778
728815545521475584
419543395
925334510
771450536507928576
3661203196
3425973323
48817883
74641333
1866634364
1949157108
3228622378
319445572
754239473718734848
1535314770
20349762
32968823
738422912680529920
697926945447682048
711504881417383937
721887828486053888
704407584
169726318
580066902
1196059662
743390689631866880
634168930
35983730
3164709607
2334237650
478060408
1087438890
246908525
21504329
4833513451
735134753976897536
736191423914053632
2835218899
18023515
437465448
159352626
272876842
739872942461452288
720632454520901634
2896484437
2869009564
2172445725
271155559
91953827
3181811554
45138871
724209733
3208519047
702146878658506752
467492139
162811214
737876784662892544
54541341
27500019
451698351
2277372307
44121289
3406558270
2424072293
29534604
2351857394
238566603
719561058
120658886
54251930
265824908
761179123
403863228
725698680565563392
149571741
52617578
406704649
2223073279
216128501
1555323950
299664745
733461160851210242
733075618988969985
2154040334
491761932
2814909859
1905841032
169193123
34298497
19857178
238711575
317399128
733101857279729664
162674848
2211526831
2813360329
4913257242
87055163
548671977
363254270
316109366
726390404673740800
46076081
3038556661
704014327800528896
267724458
19938932
36408203
715250245064531968
720644589095403522
2896589739
732623265328304128
48149973
732577998508019712
3004338055
2308671134
1672080247
3119204493
20156912
376588836
4765868959
2668699298
511774943
2840436223
2838585735
455380600
2482935948
2927980189
3013440162
20025167
22711477
417602856
561434982
721688971999227906
37860038
2972276050
936146761
926801744
2831762952
2175941830
565974580
1372129190
18839316
24534635
292702247
2645627213
88581343
3283038655
3332115074
26163196
57868062
3853979434
727240787952463872
629946429
37711089
19504531
54352901
26014708
55154534
728648147677773824
138118047
1726188192
477413952
4561691474
167570571
722264761572790273
728279602129440768
2161431684
314151826
2187903284
40489888
4849033960
37100257
3539720417
29482705
348261236
2516189006
702208020
4819773375
1656845580
3374906712
776867168
87771728
28290319
1335482550
3766644193
73993308
256767369
609446068
1087605247
988290775
2399460833
204782017
116623080
698645563902832640
2226077632
725136333597974528
18423808
30973101
393338096
726572817794355200
2740537836
250979193
774583734
3283155469
98567224
136310269
3761320337
2595745262
3867331637
726070905177251841
30325737
4050293193
21725361
27757064
109441195
24234341
231038419
297512442
457643370
2586121436
11266302
3149882290
105858675
1673210532
465110434
333880896
16631904
20653033
2311174676
2919078471
338420176
