21929250
766879761180291072
1004715703314866176
777319354387922945
2970718054
27787064
912025453044617216
2545783635
50012709
626795787
793961694
2216722107
940859319096086528
959520697151381504
996970261764190208
67187721
834142222865965056
801504132
798974531977232385
2884140716
588433927
2899892206
3078942992
3697993936
962609625110630400
77886366
156118550
965747210578251777
3365047273
804403456765149184
931559539404689408
953788987570827265
220086346
896265391474978816
236928181
195104185
942048507472596992
