872600319481401344
745374707768238080
978885525825376256
905316671694495744
63627909
16067908
753074173635878912
988953421846790144
930960924793434113
996320820
286703523
709248374919159810
216998174
3031070533
329365271
274102088
1079978682
1345580348
379962842
935325149557084161
951239408488914947
4700891359
936240079487500288
947612628993695744
938151023629291521
938749751587196928
902382721028284416
25130108
800718768951304193
820487431501860864
2772204859
181292375
4774175190
876934035267870721
1593852606
817661098988019712
19159726
247196798
54230847
114618279
1431616082
874977424987090945
465530715
3544510934
783564870
300752522
28041754
43946720
3184471478
1601702700
2313781003
861385200001003520
744150240136044544
3014000257
1220002566
2281764211
852186498703163392
1402863884
2992717729
2357142594
768264093044183040
116474987
762708357056692224
714003441526378497
2960949718
3228759633
2429234048
490940547
775983553423273984
119137286
797635545773899777
1009992918
337546232
4858928415
313024334
735976185038032896
14855279
768115990701891584
313099625
2849555279
248507239
3168461177
2326401162
3526629436
3516998717
739818323186089987
114323561
750905187783544832
3348936484
2722374202
774910376
313068235
744378716818710532
67677441
3612577754
501272370
405325677
441991154
137348797
2871404379
289544679
279010645
239015492
2677857175
725735040773038081
704038502183231488
4852364903
730185593062227968
739343935731081216
727557661265383430
4514926519
3008407841
4808501420
613058256
467581035
2284066573
275219225
2424198606
121961912
556566126
714764516
2721823976
1406750924
269535544
127589732
4809680682
4401463575
1464284042
2859470438
3390665254
1150127946
297380639
525003743
129992042
1028951935
2367487956
760191385
2929119915
1493930233
3146239421
282123511
2291893100
3356935330
140676200
1870143224
4494764298
309656497
18548136
326118600
471525932
2814040284
50179807
187859458
3781092374
220241499
3742981336
3647509935
3233285700
17881816
3091596568
3179423410
3481647381
3241943533
1166763595
3042917681
3296948365
3310480028
23001804
3321340091
77548797
2444549665
490670098
378204367
108155579
2379056251
3334859199
263895519
1950256885
2740600021
2701113044
464048486
465189930
478066612
392111934
2468867313
1532634804
6273552
2780047920
3035366181
248817158
2227458877
636358431
353986590
2883823849
436090736
3106568614
347875212
2901881164
546261083
20741213
2268304794
2485002018
3031047706
3011479253
3004347538
2913627307
27189557
43786326
874033970
2792600033
2872370379
2752942779
543844884
1564405094
2412202908
101545175
28245852
2399431284
2786875513
161469460
15595780
2646762962
2306727297
15260513
2772241609
2652801536
278098811
2600272272
2510285629
2566422695
2398350372
613017615
2282610151
511167564
51571812
122817182
60417905
186275232
607503601
2207628372
368258440
2254735130
1883224502
534293933
33051095
198420426
622026227
55782484
292292437
68826641
444206718
461588312
57006991
400264253
278950336
38819804
29911578
225067908
