371287153
510865763
277163098
4146367780
3241505129
3168995928
14640553
509010422
292844804
2592487028
1517897354
298086347
3040177202
614092926
27438234
1910919924
1229687137
134234167
2583870289
1164180955
3842026395
2891298369
4332901882
2231323650
3882166215
3795084797
1879320331
3497503697
564552139
1015082791
441185536
853375830
769518702
292909314
3208628763
2861305726
540120707
517718607
389010673
519801418
2807267685
1601969490
2654042070
474093007
2541694159
2278314157
2398883706
426815327
2639000951
2589367959
1100736828
424230516
308023788
220649056
1143601790
381637677
361133109
412292236
407119513
381138115
2216152660
1176308262
509157821
456852803
422056994
1973009844
1957180592
392758943
347595035
184810330
320394048
1329839172
544501313
409524141
314527223
800118752
1711314402
929970212
1673769529
402737748
700797402
1082511638
861457146
531502947
1499344255
1470926598
1464702642
379990743
507391249
267320136
452613911
1250070570
907795214
498126141
152680569
620487064
497766733
513077006
620465420
614535737
622801661
362959456
375670854
620470189
305624328
447508114
501837581
898598323
620369627
572214129
455220361
808487119
915043082
457710194
906505908
467789471
550920328
623672659
465625369
315248291
582871853
340232019
456126340
445411505
549621940
828972781
