803254030801760256
959974861606092800
29499313
89771937
16000699
599644739
16803908
1633058688
834163916213198858
973602639316488199
991444445148180480
15269293
1433330034
817199177088331776
3979251436
1157194328
878021387327336449
850532449071190016
880193979534295040
800938353554321408
968205370194722816
2727611272
531455554
227524832
459250523
141250577
997090813728313344
32726450
740736783126790144
981817781032140800
1005081242872762368
3435192275
992150019426930691
858846275831312384
750682349847797760
1004347948845666305
1028706061
32522055
940594610
167964184
971536463333650432
119577814
1300798093
806849234884509697
799327385774456832
152635334
825194287176445952
5556372
194771364
471683030
22719672
110557285
987895042114310144
898798165775622144
26425847
872194841282838528
726486489685741568
2496335227
944771214
552335115
1041024998
938700898485841920
818735468002975744
988199531001954304
822943995743473664
991613305084104704
793200858208931840
26655063
73503573
791325358825967616
601579245
21988687
949653482
1173528187
919086354494996480
2352549152
45043342
484000163
32450479
972905102607609857
2492058787
957361020393132032
912360798659530753
389562239
2722330175
975375609969995776
4158880085
774880180292550656
203744474
1367588232
1004426490
961222323830509568
442159032
2341036350
800077220349739008
412949017
880908026248646661
979465489683550208
3476612483
274122914
828302764371542016
899305185767559169
3165888567
933490948029468672
513265708
21105586
760267714531328001
828836030077890560
469847527
982692418347814912
235374125
796546597656166400
3191888037
862106769862078464
984884018150813696
983351529678581766
975981910504636416
784626120549339136
934214238402437121
577311713
66444624
362847639
948850508
922065858444349445
963644220186689538
77329593
21838759
548482464
3984229875
746204672143175681
3248173123
626032486
830874383463747584
901895534205644800
17546968
963260575290716161
1355615106
33314238
2228916782
736691206525091840
823683568115286017
32676418
778550398093135872
28037721
4888780694
971161855702913024
2879832872
979647911935053824
798187676096610304
977668185762729986
3597389479
2924369251
708097330340298754
964140058990096384
99825014
1631635105
1589386381
931254000
862448511962546177
857386921168863233
157679278
964301582664953856
1513936188
877754401217273857
2301628435
512023803
616458683
3131479196
25417067
900865867
949630932084056064
44901896
245037036
179266879
24713207
119495864
2656765981
4141248262
54315703
906206083
1909037804
85877924
829481216629895168
913870909810847744
22220779
3231805964
931454733759500289
256718115
41870140
353969500
3437910281
896231504170418176
810253482
4871858145
389532043
984157954030166016
2284715855
1606221144
754159777962348544
711026018048286722
837719366481375235
51998556
851940726430515200
744967724304998400
963979190323240961
583220780
832360293346979841
707809027594592256
829390100639387648
970069370113331200
3313749558
2427889201
829756490315608064
31252613
52932396
2796980429
2395374864
15741105
755078049859723264
816275000789520384
1084882290
836700613790552064
896778379143327746
353360353
796776686876577792
1466025854
962009265459290112
2235431719
146213826
446760776
728248668147560450
943201076152619009
752472211
488799600
50406511
20326640
921411722908454912
1184331950
804330898720227328
237152597
700504905555931136
3884988738
920260421570973696
961113187453165569
932599177
700889108131004418
182559944
982233982766006272
9870292
320947569
4843398898
893265762407677952
15668484
880488376595558402
565395037
754865125417324545
4853986571
3132256162
930511123526377478
898369603285393408
800387211917045760
987475130413563904
904719917357957120
831532143989776384
2181368290
119576067
976258221852778496
960552483889270784
949629289904988160
243485318
3416840482
738901633673900032
4872258291
120533432
941525527659274241
3146050372
833503183372767233
979212105533440000
816389569406898177
797375975344472064
761286221498900480
808473387530121217
1445123090
818464689516638208
736676509742571520
3293761231
716679359
960268065580683265
363459609
347813716
983151724121780224
977666318244700160
824070500326539268
880237715886936069
786112954152476675
874657070762602496
822672788293095424
95672436
543834200
19569052
15712105
1110457584
826781045320060928
2955181176
868538464429592576
787885272218206208
2290466335
857387768065818624
282390023
423893948
856166926468251648
490566701
833280726518812678
68681432
420386688
817812539744653313
845449804779991040
2168755961
975500242685587456
839206008920518656
54608012
823314050071273472
438303534
964869605025075202
601218464
837150684
351310149
4912045440
774663254878543873
775513282593423360
911396894
841469651292958720
2339535780
2311255191
1564389721
17824716
1252584314
899115459517202432
155949095
935960812656713729
826102600873283585
934454426701647872
966693459276034049
3257151163
704068165311926272
881510345910755328
2256735938
724682447904854016
932347471895912448
901916566203146241
1023410515
912793229715808257
705522424201285634
3327594888
577644697
981466104739479552
1490635236
73225190
786178721371811840
931693855316918273
872828979899768832
172873081
26711598
909128904107020288
980618000956084229
4923960430
784809697207472128
587705552
725880574095724544
214296252
499050837
1327460473
760625638000566272
860284688530722817
3230633423
881914358372216832
770373873036500992
822590982109667329
899658382545702913
806368075922685953
865003854
29061390
713731054906044417
14357239
208710996
1499032088
614803277
705543752383750145
872070331221106688
925942794442629120
764858575097176065
1938158498
705474684402270208
2840651619
756590635830738944
851314563861446656
808391495094935552
825127507032670208
855221976
932435365272600580
3707001377
904535619761786880
780575571277295620
551382486
45362804
831949064216387584
24554640
3176991186
1013513413
911246315694297088
949165170055512064
32250262
2531518079
876240172555227137
33032231
129891033
833385001525862402
1012499221
976667326127984640
709154704085938176
929741556751486977
299178829
197716782
294405489
942139926098870278
836525664
715920031943516160
231518332
783409938601168897
146170198
865581194
495266351
1688
820439921152266240
1359155396
127079358
407148855
22077095
862731889291001856
21948147
18337454
766741493797093376
888473738974552064
26329254
2645739650
824034180598272000
256285408
4292195369
798033802178215937
512853761
2434055562
1564601408
294788948
2875043388
594835261
826263109392269312
316228961
865296897971560449
43467353
787818795553398784
592222287
954023369749532672
946701618598367233
974781357573500928
711513266
878635355028807681
949527312625790976
873568920338345985
2317484126
927315679761649665
243790613
128462240
968595596608196608
291345118
926164634570067968
849029687661776906
16477880
4064932649
1561463168
707684377
789494016161165312
955473127475118080
950607168226537472
823197962327171072
169526950
3252753796
3617835570
328750538
1167551498
20114808
892170633966219264
1551859820
758130655222005760
885176502
962654210
3011786203
762764227052392449
617139768
808489582958444544
3272878015
796810025817829380
579261513
909173905239060480
398518171
938242137837199360
946137007964778498
1976217258
4347804194
596209855
717149686176550912
832761921661120512
1223228534
1270101109
2756245728
58951570
2289040989
940436929861914625
885894547103940609
262991887
840334175886536704
3776573592
88480047
19769070
796959288879120384
24995608
810293888548159488
824442519354245120
20521851
853828517712216065
817890498245488640
784738199608242176
26125483
740914662242439168
853711965541105664
823734536211169280
3528593293
795785677338243072
74633217
900363985307844610
2279757288
940232794877452293
4876296974
258987795
82194382
2600546179
2319400826
852581237277446144
270921976
4520306480
445114111
866571596424781826
761582548740894724
833837740382879744
16106833
963483431123456000
972660957951545344
118096957
878691713086136320
738729254582669313
914846216906780675
49068640
60394265
4362211702
898579762443976705
937881398
2231121815
388909847
743862576249864192
973334173137211392
62013638
783817875324887040
942425786908315649
217070063
823985725913841664
3761023337
963519693477818369
830968440743661570
272235011
20742159
862471401864798208
415383025
912350165356310528
938462604330262528
779410011562713088
856356883292012544
133938408
888091668288876544
949825389584580608
830191554509811716
933139269123633152
227917688
825829081866436608
57434442
2842034452
924005657375854593
863072562661609472
780576798320975873
894571073123094528
846527458769743872
15496491
328822557
4526739573
442428404
536781497
927823373723414528
890670559364775937
903322937188634624
3045181324
868305498503884800
17639625
950556292388663296
16669368
3267687013
1543790659
2922253582
51802732
60423032
822927465777602561
422715354
1187747527
235884580
872812833184112641
877263166425763840
802880251277770752
16302731
823048672128733184
941908429488230401
918489953914388480
930847767450341376
1641205460
24816558
47336979
930126308
915054771035308032
1320616477
895761761613135872
802915831805943808
1561024381
1488351638
3294793198
4281570916
943266038346420225
32519432
199272149
924713809058594816
880467843137122305
539269396
797953436264251392
342150884
822514505456422912
876940268376915968
531865561
879516452021084160
1219346869
2905797827
2957948640
364608370
818153619274993665
2556793152
885901034
71280156
765317678043049984
960629267343257601
99381285
844935564897878016
50231692
153951045
940157106556084224
2841052291
66782389
19083285
751965708
923242090661740544
33409872
809799215304085504
272396530
37506730
588166465
780960463970562048
832001313756037120
393498421
2341452164
557862834
30089980
16442690
1078377488
832616065259614209
934606902805266432
773324405938200576
912523197383241728
190086531
958556564297744384
18182718
48954042
2229904891
3281133721
115563859
321777232
20709499
878118936243453952
912394970488700928
920066670646919169
954464504288628736
1034420534
533259097
3133873002
924009293636034560
17428051
170159379
47094039
838216715645366272
745114513821704195
260131852
886003955859378176
120668099
441277686
957659466157232128
963838100886753280
798949386
902448516
2915141418
30327917
762726128427601920
26059912
890252103989559297
885775148
824046747542503425
864999774
827323185058033665
3260484108
4740444260
858833624350720004
3301926471
958642201826942976
734859497265500160
906608595181203456
932811090467196929
955781132
401586839
929506313813610496
260855304
887366707
251842416
902140692
841431111175659520
2615734863
1267075441
31519922
817113117209591809
947596151032705025
804951551160832000
912114209089114112
52407037
873941278194520064
37088816
729455970
942102413619662848
1668150649
56149743
55056268
244805731
955174472083849216
159929801
3387586653
3733477452
30992155
39631299
860687102
203981523
3987010994
15982764
2352438733
2339053037
57606064
1576323432
24312336
948272899164696577
516735105
3856654583
3380640665
371658612
948691197480103936
4840625919
76220597
545699408
941111218588266496
87507383
78299203
718636188102475776
424569568
917372864180965376
2680622750
814028754
2604672105
927283001746251776
233708500
851882108058558464
819323117881409542
825858687327674368
948766715416141824
214266683
833885054355046401
2460063848
53220544
19134557
958459430219137024
772029528705073156
96671558
702642294772477952
40949727
2458976628
743093261238075392
916146667191074816
915614198
947283054778650624
113982506
2480866554
711699488
1040668614
820641288353628161
40119130
3718241952
55857376
957777420832165888
1400875652
2717106752
939414922265595905
15360257
935560444034605057
3380797665
751122719698071553
868545352164573184
2168492325
182279153
130383944
912889232993038337
2363572477
500365241
477451310
2961508606
3269554988
3411096124
50930193
51944245
1092973410
461463205
867813475871072256
929190488418091008
376208457
824930170687651840
532389273
845097739406852096
37861222
2978163619
513724263
818237512950943744
736789224720998401
787506394115092480
342484581
1116044066
3059717018
1099570286
54743209
955381256237256704
854788861376868352
3176702526
760528836119322625
829880699792551940
784156458246111232
133546344
824811124524711936
950914424797319168
2293759616
21874665
837029853790670851
843958583335309312
25428549
1096509110
874730901262934016
1375669453
1901999588
943532358485139457
1102507878
831500603960406019
925515405988388864
952662423449808898
290139254
823413585523122178
826910727600345088
811667565634289668
876821322
798219991933972480
3071506277
1068856350
955613448863387648
899085537243516928
27576217
369117554
345585263
930512486448513025
120962765
3222767063
23829718
954535123059343361
729004260185280513
379511613
741665214832070656
4345124893
3219283843
280955333
514982129
15005932
797489196168605697
264438702
47127389
799010005655633922
106221006
27345380
707209121855086593
822990440161050626
747791989966409728
822970034741972992
850077230
825648560616005632
848327125824188416
127032757
914569281882353664
407465636
637184320
859271243899580417
3343598465
2968926011
836754866462564352
469517768
818288148362985472
349325829
2590382024
450941054
921142987828203527
830536768164335621
796895609491861504
829129673766477825
2557285920
1611685532
21909209
898531364798160900
261494209
263385699
914259828809228288
952068035430371328
944372286827778048
281826197
546379592
741407138082263040
812107118
2784154111
810938203582537729
4444915934
824672077412241412
5845412
1486150267
4025348894
830898563521576961
739779080711634944
37280126
860576268
758078909317574656
2559501992
2302335145
931378143771942913
442296361
2484808975
758864788793401345
2893186468
839663649136455680
936236730058805248
825506766175797249
573590218
23817494
3236218886
814140012
756713107142172673
33383017
733243243895230464
785164236804632576
233111629
860261165703852034
861616584351260677
705767501070663681
24198971
863162784887914496
1250520254
948792503850979328
942176918832664582
783551455
2397042830
49464867
285643281
918538904290111488
231154776
821454811954487296
41207820
707766407061069824
4047608333
828137422089117697
754421742299414528
17427513
944037757227339776
867706148945883136
190004263
987820603
912366222452420609
4821515421
3830381473
837010354051952641
775034466536452097
743479562944679936
396064351
2817443916
268006196
870453846090371073
885889010073317376
486192374
829533175470776320
711604259914063876
796381089275187204
222465251
873141869814833156
62056371
797123350485155840
320992470
49663250
885855504
905055272
2890646348
736968639044165632
227079751
951663681795862530
708960657115320320
265099469
826946219230580736
3513956295
50698579
17172091
824699293999173634
928761190393585664
758899899563778048
608768100
822829561008111616
1169392297
2813211061
806313039213588480
390838564
369835992
918770261398294528
1512270872
31066576
892126083398721538
823786681752961026
827658471000600576
898154056543199232
194302476
936965704913264640
24335503
43114247
1532251770
4268873056
912307916337590272
820973844
795446189902745601
23968696
247248641
633773084
109667331
909974907865391104
355909061
48233355
211417707
797899198645538816
912801022690635778
764629343813373952
825883003436093440
282812321
392212735
2481255624
743592197681864704
173120614
325690227
891843276181053442
840748742
4855577966
816045085427015681
810231967878762496
949672422722043904
927210393461776384
869294221
498837811
928607661490192384
918018451234361344
782279150509887495
304576511
937582904808415232
162887438
882564147719917568
983461538
1895317778
77820036
271075882
113099633
512410878
491856478
18414066
385062246
2839452899
941506838549450752
869883184879738880
949485077502840832
520029915
1033441682
707009799716622336
850530459910119424
460247323
828798124315463680
778754519127564288
860375763199168512
509434448
929037243020345344
1035545497
946088241438056448
939255972685602821
916027397236957184
408270966
821228241721528322
824468105564860417
2329607173
1945612596
815011123502153729
3540985817
263028042
22289251
923940864107220992
939384894341373952
845750304024899584
845506343414874112
240273571
919314537827971073
21819017
3855729917
3313792933
841413794429460480
464781327
809414682708738048
413590655
826487672843694080
549546684
901829890722471940
66574911
782205740651909120
922562727016521728
862052582
888626196824698880
348059478
827237152836685826
893121178843402240
825520809678548994
908389390606651392
770656566701912064
755057200901398528
752598541080473600
189162559
907968027483934720
3435479968
3098115975
27981061
944140756901543937
375757941
898556519305928704
61666992
934999825636118529
2503716023
2853478339
822998890433507328
883703180395261954
759603798960590848
2857355637
771620529329491968
822594909416914945
841884276777984000
736643
22647819
15731259
746056999109074947
827246630873100288
832256230819188737
785083873684140032
4033739783
815285462440886272
2994872425
14089839
914487734844235779
943330943347040256
405126882
823298254435717122
70134931
2529044971
3479311
830362708658704384
2206762619
803682050
933772072815173633
823267042702737408
802319182360612869
2942446515
909519301299892225
772991223908872193
8738672
1494609860
1254959005
856006915633147904
721934966158823425
332744131
579508077
362603401
398181385
750505052226220033
21812983
40275719
761700258
67211693
2159907348
225225182
829015367628554245
833490683503722496
2156568943
924231020974555136
58247771
260236227
2842671219
825147673846104064
835565620284502016
119843665
27126512
71963857
2729521216
4644170814
742126365252542464
103732069
938874085085466624
19162756
779221338598805512
940419150433935360
19558732
14532028
819237070166228993
3981271347
357008470
3178314440
738867250619289600
2182208461
3225679735
465268826
921182063935606785
798782417930592256
573954722
1475347824
37143139
835301570795339777
17138865
846830470943817728
850330743473455104
24004887
805491910756405248
1449858961
925530990415613952
4864536709
387831112
864640749379305472
860654500431880192
1341999997
913262071269036032
822551270519095297
901819002984456192
51152977
877702138905976832
861248025146015744
786005827366883328
861229975566942209
14590723
24188879
856394151029551104
2272476584
913437798983766017
1439916415
838613046293630976
823026533853859840
907115786
3103289392
3346081487
302180645
796427487471403010
1975609302
1347965988
814302058786361344
425482648
831024370957090816
788065671359918080
918880830130458624
835717413685579776
838182109869035520
851944976409874433
196214661
4093343003
865754531610509312
276486010
602988070
4375051214
261529790
34771848
43027334
16126957
17280374
873234990905126913
755786179568472064
2864217159
929542509654573056
938857569300426753
885364339321954305
3149314212
810889655285583872
37747148
131162213
18335844
17582827
287690529
825174856350183425
2872863723
764556671020589056
912660704137809920
3097390120
3257908987
890216312840081413
3219780194
701474713768308736
897563398900260865
339285243
864998123990425601
927751333247111168
4093428735
561685745
742413989183950848
24012426
3307713694
862320147821973504
919392001837162496
4013698889
2393846244
3179593117
426657749
2186536820
75674315
49897512
289299293
820684582479626240
893832596769189893
107216890
2394967782
791078192635191297
891719336892653568
3887013074
384007183
841423907563401217
871354598266732546
920642810788925440
2916646212
1729906248
1952351262
1173602827
1593064879
911780029243252736
3060075937
38723680
884224110414381056
2704965173
112532110
898616217597952000
900859907154616320
890734575764242432
816045345201209344
823695280902127616
816490245172658176
517815026
828400393705058306
4872519219
709551299537178626
26503586
3409933120
44043762
23556694
818454399316099073
826308790366597120
847481312705249282
927608275096481793
911957518146031616
866258644152799232
936236963698442241
1424592979
73052369
85273142
1485705355
43039891
837407101102223360
53512416
2799938720
59254765
831594251188391936
32678871
868300113499893760
796746831988453376
4608307754
281055314
940497224156565504
413722926
1528324297
2844364176
849426879937466372
195409987
850884504642359296
823659889599873025
266334330
844723701245448194
829353948943351809
22793360
815349318219505664
247905476
174741958
248457615
22075159
2818654580
778943272295157760
807288448117800962
888673850
830026952211910661
58305100
39751897
853736933675024384
712637147581390853
1927156488
780892770185596933
464271743
30338540
913453301718487040
2271877866
946694976
896781113800015872
58502845
3435780177
907435623673409536
34109222
934801981482389504
613863857
501397421
366370704
24057071
17717593
616750587
1650207420
4706460988
939575113095159808
886371706335625216
32647066
704000313057873920
94663216
830373537110228995
405213771
3578803936
825839859797463040
18418394
2948894769
836986275668365314
924322792119644161
2915680584
2369893166
926863126317948933
3021806135
913989447510892544
304578532
4710409453
573333441
767547324134416388
705552409897144320
32889959
755964849339764736
18066377
787434505485160449
41225755
854908276512702464
885102070264729604
922372289743659008
242588913
2746308571
31776520
865178073603465216
2344343667
824211759602905088
637449762
4163728040
2373187454
824455827192819713
36812285
2984781465
900418562740805632
825160077682364416
1724366623
2472775119
800413838
823410689817583616
868106895361527809
802285783063392260
3983636474
820277156
828474714091827200
884623712267505664
433129473
860770880
730519233730326528
3018120709
814013400908869632
780974295916785664
371347463
75966525
203627787
918869351322841088
730732544
702028051
846900219312713728
432543523
2707322102
888110902901223425
837325700625391618
859577182166949888
2323308414
45864195
362251658
883590418700554241
34465083
818234031430959104
274869083
211169697
467727548
875433552380391425
4354049368
922869448691740672
826194615741083648
742853960424292352
1622049547
825169343243653120
75464049
68492493
188328580
278862143
918534170959400961
195553045
28113327
2899811081
817825066993860608
2966748966
935500434667655168
2161726026
2863631170
1545785210
823434697988575232
125412970
421183237
28267500
290656088
804344272124334080
864579337
1421837046
397649523
797900146553982976
19127281
711973103258173441
2861407204
846590280660758531
1942476306
934851541000998915
930520919923154944
151481140
257575867
799210322359971840
747203581799964672
882776857296474112
2865693345
3448984879
464815693
1277701350
883003734099345408
111785597
830159625093783552
756294151180877824
2620109005
505558060
904536257711054848
825862691407421441
822474099825836035
768842451662413825
188977049
2820811717
17490707
933223074123485185
707285803
531656845
881719303812268033
917634626247647232
153104052
831981042395406338
15265442
702578580816052224
781231599853576193
2915861316
804035329422262272
1523471352
826672383805173760
925524815414480896
21716408
910177019714928640
115213091
827555032551845888
1963649881
825505313885413376
3770392708
3239887188
844860096379174912
924991949924216834
26089729
292342023
1040803128
322169917
822154591961612288
784602400497754117
2411063216
32820396
848291749139062784
18722822
81220055
1893810420
788424021058740228
4917480564
15019906
877284710459854851
2571133650
2990835027
343818591
2575839155
49219283
380690689
3242831352
4732288278
937521931
823396497714577410
61245620
242653054
2389372243
835198192987709440
462476773
755428705
778281444
19943886
816406404684652544
42777922
896868358573916161
2334341293
710810649060741120
65369906
2749778135
829523167362314240
559834781
3262942441
634227653
856888863956119553
759088783539081216
224737376
32206125
17245005
930786598127620096
604117870
819176997037473792
912360421360914432
101523212
19246775
832284362309644288
930984158146555904
2970682306
930858323892609024
922169461255393280
14247236
4766959164
808545586035060737
717377377328873472
921917001756536832
21796027
805566304245731328
2922124766
877252061070577664
832075769581010944
453335595
2827770165
36652443
127991636
880802486990368769
3396143585
897592737557557249
769889801512169472
118047066
850860995337736193
3062975538
260887564
18492734
2813719364
897604939324702721
263407490
1295959370
273500775
863983953631481858
374250357
887704019296276482
807285419691757568
796852079100919808
835215973447839750
2562312206
406689062
2210630887
763199328156471297
482578654
1015531123
846065305646379008
3884502681
828240215798083584
825938511954116608
3040072501
766878593007792128
414223947
889680445016768512
892253960786006016
2517967931
1109541294
779766160774443009
2288856122
735528193210363904
86659367
33577554
752686172430794752
807014655851982848
715635422387417088
3406274495
1245361106
838525493368483841
413283263
825746988079656960
25095527
455230932
154136730
18798286
916766187530399744
894868664977108994
853648251949645826
2729034976
377601385
397556892
1165934089
885203193034153984
955425266
925592211890286592
338298739
2459080064
26901657
1537533894
375392482
825014638010003460
895393176168665088
15616584
21954254
100852530
784785914224517121
751031312648171520
896364666993209345
761003376213651456
809819942279221248
1541086118
826882538467647488
2871273557
751885872417562625
45413198
824992923884322817
3039994515
49707692
262672747
759201072397357056
889921146715607043
1453177374
893923817763950592
386023367
2546376884
4800344656
2463735408
50805488
833183371
809586511331074048
729104018476273665
817595470851678208
1600678208
848742437396783104
2588045113
2733119942
101938339
899808009475510276
909032740200181760
827333887
857457629592989697
820679598635712515
825906584366804998
423035210
924642018034192384
1920211609
822512454462799872
770686501709500416
787253241524457472
823980672041635840
908364968579518465
2794535639
873003346587680768
311268874
881636389552631808
4880418379
3311799854
22674816
916561862430384128
1403261666
891743214033657857
3303677994
2451684921
846449379817000960
764635433233813504
819993993274675200
48520727
842881781800095745
2863596854
4778253918
472614064
4556555772
748946826972332034
2369929572
153283741
759390922635370496
826263698817875968
84220743
1853310463
821390751271649280
1906460990
900086383091433472
904165445254696964
909498621648830465
4907292726
133121874
840346072413286401
836666546122432512
918781062200872960
923576951763361792
27493883
869917651354636289
403942389
757229723512672256
102475469
849372179535990784
706824677587611648
808817404692172800
823268781317386245
848553564519763968
32933516
27789237
2622405959
921494125941280774
3883898352
829979854087057408
824677136178966528
142445186
262000957
27753370
16601001
336654624
2763080418
28179447
418421014
921429106318827521
921433840148733952
921442813098840066
921446723100266496
921451880672301058
4580321239
286388317
890977722683576321
921455266616545281
921465320174432259
921514481854926851
921519630702862337
921532362420301824
921541188959854593
921536842998173698
892821418265772032
1035873331
506957835
279205030
838069797501956097
2569322384
63458547
701685615562248192
869951685472378880
335376930
2810639647
890347386966601729
758418755017904128
777534877830901760
854050146228862980
33581984
821078105003540480
845392971381927936
843864736647200768
15726163
63054567
802608404283924480
3195489272
489952566
876157973000724480
157890191
384075177
858506685136084992
855992979265343488
32242327
63841760
36089901
880130691572396033
16272955
2835589262
832919783549042688
824006355010850816
3663760094
857636499466092544
1636296223
36087937
918199537725997056
771465973157208064
412591027
853584254881681408
816429566105268224
22424013
16531257
3127106002
68788537
823732249296138240
877136547425824769
388617706
859992452022882304
292698581
1018528668
60752837
3076633479
3076690570
3009166937
776030176052252673
2185461735
3076660949
22225128
4720620588
4922249983
36952629
756176468388950017
829761380945387522
18857707
1349535121
58443977
311167475
2567268222
1726645268
110790607
2998864022
839990047764017153
462958223
816531651710816256
847790039652343809
886774289738874880
2452003734
518896557
368574110
4490901492
370969921
132390009
796400472970043392
285623948
710375905873494016
288433921
776756972481896448
863593337005023232
4580268134
2159806743
876558081026600963
881569857283739652
91942071
889589208846827521
2520810134
212344773
881711874827595777
825138894312206337
860189500731011073
2206239824
834311722408173568
2412741120
828816321307570177
142938395
4276486878
826238975866175488
824281921714851840
387488330
2615937348
1315355821
29104019
1102157724
773968000533815296
722590718842269696
710562530
520832415
809617631162445824
734913447197048832
341190477
883050259806433286
907340479867604992
330509973
17381251
918615657079435264
816007196802772992
26890990
870320891888009216
890755955436040192
705912192546312193
3307368537
877254240833425408
80715198
913485110858665984
835508264053932033
916698567003328514
2813685325
724474849
4431639255
24441355
839260908249440257
277229509
760624953808998404
917110672382496769
917544969619075072
835268468693843968
2363126492
38330635
19304528
707557609855844354
893900539083313152
1436668376
4765471392
4862042900
818834056301277185
912864259259777025
91239990
785278470955950081
900954205246050309
824860940130586624
4082613496
753739949552246784
28597397
349689009
16697046
786256571508461568
34826650
834529854339088390
867634876899393537
783422850644324352
776170731256238080
745023021287510016
849841043059036160
825854633373483011
80823486
49255387
503472917
30119509
802898727836983296
32291774
2687970596
382370203
913003823114981377
720826394
880813029105037312
4267217057
870396788288741376
580364069
519809538
3326924000
871899060092805122
4862297609
818510875145465856
830518309661581313
32770419
352368399
3116321051
896012568514281477
883520706255998976
786629636411187200
2616653534
757778071734804480
253632852
1553550104
773274443879677953
133397127
2372453778
733860271840591873
4579435037
34904339
17411581
31181402
336176278
265665561
804391025838067714
2339929226
852287863244935168
16487842
978703507
719174272866869248
4257756014
466159438
572785131
808828100486332416
842472365628047360
748347423362166784
751434137010049025
861624579978125313
898283712550498304
278455486
846183679630049280
721651267920003072
828456559072129028
926312430
302984479
732504236626345984
902731622243602436
829475202719432704
16363038
97294737
706120381
886564408666836997
885833246147305473
228604552
804134184826585089
50879057
769598415059681280
21833728
43600111
2349035834
857272459875274754
873380546872725504
799745452493021184
809159776433094656
2298364715
891375182719238145
139956991
174552094
2509373653
19516513
316449565
824659229436997632
885742759990120448
332031052
884166345268514816
15212700
228907616
887644276355735553
886032877011558400
632435589
820369213759987712
710146599704502272
120291754
195589587
15081378
3020102474
537320811
851907416237236225
347000422
192220938
1308934165
825553354394890240
796817946832175104
51465333
2540472464
819999198720458753
2840821689
858354574893219840
239529985
23235568
837769531217096708
2988468167
780554192343539713
3329874167
1135769804
754162600837992448
817145698428874752
67058543
369852988
25606671
2887026221
4136773461
1025556092
842955064755077120
510774743
381084751
432169893
713266727434326016
709062449320824832
59511593
4206011292
852388405585428484
43418594
1365811
17171578
717358812336750593
800111181058838528
2287286719
185303686
872950032936390656
830171903985905664
422820766
72657673
297127182
912082497751547904
407172605
833724275286736896
849894354403684356
2430240860
780333024042856448
748191828952768513
36035254
3193885153
805624682309414912
4911971886
2290320402
123410882
804573487767703552
796761850310488066
888030081343340544
903002488915333122
499324733
1455506612
32841268
829536838905761793
717875763031195649
265712996
826571523850907649
1186337322
833105332469641216
897267872271028224
456124249
783868112735133696
785948021636956162
3045106796
142009437
1573556982
906806227
47460901
34999637
25995579
2661842046
12673682
2151640098
829745252395339776
1063734008
796849197840531456
65499719
724409162080391168
3353176449
763100904161550336
828470337067171840
733079560330207232
21282394
376472551
773608497955168256
882286977948811264
27282113
206065395
904456701042155520
766379380494987264
44043684
3234508621
241955334
3031418992
850835415317786625
893316758987128833
826890534522331140
886042863997337600
341249739
175263197
823541990772133889
324010095
109394930
26127873
827319086858194945
3183427777
793950346334720000
834517906264322048
3167770303
786811991394430976
380767025
489969797
817029129442881536
399178595
18398582
287715816
23916411
3091230840
893405045508763648
827353898532872192
829035894413918210
902311003102248960
21415395
24932455
317508620
826611876
2949831028
784771562595573760
4790374997
1137789409
829611052321083392
710525236387512320
838351435595149312
4823335694
846027417575567360
850747776216555521
17164121
3893210375
14089201
754112041246453760
1568656350
2927222132
3033123912
715788612164534277
894369075039584256
2492003687
1167948745
870848395
103054234
98971612
625250841
3017732286
294991606
716827299551662080
902424874840358912
2872485203
3442528934
2980272732
2434990597
3126551526
823625504037212160
818168998260916225
900978463171125251
708861132958605313
23935697
862486130
1521106380
855266554602115073
820834683378245632
4561777104
825505618895085569
815958011785121792
188195180
49376398
904829009372094464
893586598989897729
840362538885906432
817566648077000704
713159737324544000
898689673
17278992
828048221947715584
900766600034471939
17408645
891036965402943488
3544332981
827185947271897089
543058158
164706963
22049275
827186757225611266
1359160975
19378494
54661743
750838837140529153
16654617
812725667141980160
524307591
492443591
815278404303929344
883094528986669056
771741422034817024
791095997124358144
833168266075979777
902213708318957568
23343780
42373491
573173793
906120522739597312
4230785715
734735805902508032
37270422
18738783
2360554838
14913649
15463315
756924968974233600
2773518366
2754147104
38886937
794281298223398912
267430621
2729541718
2882567143
796245613058756608
703904681
824056293161766912
869655540934336513
198867413
2556771077
928868522
55863383
1063655336
1707747062
328702453
803567505650384896
3249943896
23255247
880519540874063872
898957547687858176
2211730434
588471437
2329177933
1173823448
47113279
777172021
23390446
2802560696
2153649102
899016282191704064
4364923707
822676509668216832
793907307088211968
286809298
987252752
824410017138831360
763569346408964096
1131661417
37626960
280656718
884767959180247042
19449261
3303642121
4064408333
3394204587
4839135629
864433302744248321
24341617
4606260077
36846904
16700510
800542823455989760
35934245
16479159
36078030
466953226
844925986667986944
2437107296
268537951
2392197152
110808992
1972283172
3594364096
827972838
879347121631232000
725330619320930304
43766579
252747499
758486325720911872
844228599620272130
3310215452
863941393256861696
2149742083
793174294897438720
1483961083
774621609479049216
32741395
809769590435758080
822734085084868608
18829520
775248746
751328581402365952
16323682
51259456
417591193
97343580
4237498593
813279496296013824
808050240
628431415
261557231
825252691630751746
828396112054595585
263390081
490651124
4376835677
4714651758
24789484
861324932801740801
868827562805428225
876580133833932802
1087037803
842372723116519425
2925978011
16568576
829072515846766593
3633381982
849784237653803008
797800123
1550850307
887595822929641472
817197764509433856
3660194115
2281029895
16316391
901545065411117059
489933237
43433353
39054975
24019364
31830249
1171966459
828826282146213888
1063766958
2866385391
807989942
872195582340759553
830885722512973824
3401746774
899410541822840833
260326227
3391198715
831588557420654592
29951609
746663654
264924050
720654213835927552
374747256
784822038166958080
525678474
491942651
158066925
4400780532
879924583985537024
2621932677
863399597913321472
16163955
312248392
819191648710168576
100485205
898132513067073536
263172459
834067277217665024
811647338750111745
3320895309
896933925334827008
900336054913421313
790548769
2369090472
870049697863520256
733236886345551872
26824556
818256426439163904
12874852
172032031
762484767275089920
824275547433869313
876484209535098880
1710572388
806512054425288704
3137132858
392464404
852938244476067840
742855314
235395935
2652866209
106261118
329384428
2733759094
1909309741
797495191041167361
17934100
3341635251
897185279517261824
2564499672
854127378943025152
825537164012298242
22693704
827199374086148096
829068804483272705
713234536461520896
251005514
805404848892088320
29492747
3082157129
809300192
2954177146
15102679
480654903
32490996
1394909232
24841698
838607054268948480
17378581
2801832928
755490038033489920
854528323531276290
2916909384
16210068
2631825845
959456683
2211356904
2339179946
836788887192121344
780575384311959555
823338671822737408
506228902
313172711
23726088
61868777
3310803258
754827018403971077
760270238676115457
120806450
20665235
2637943344
806191336021983233
814272593574395904
281807752
824351783141199883
1852782056
147645146
857306777955729408
32296403
2687431995
805111670846668800
832973485492154368
3472067174
53525552
2460279166
769652343382151168
787728243960844288
859421362749919233
877294431170330625
20836364
3013507063
2359337692
27485848
755539647866867712
798905438
137040556
454838187
889585550717538310
23876026
867818426076512256
1061475000
787778457346318336
30362684
770497879387537409
389069984
458377940
2716975151
45193863
15545122
569496652
177719112
4350647415
3243006365
552973851
203527749
76170499
1473474332
928749428
32597512
18698555
1032265524
798572392981282816
708786509479092225
549894602
350509998
3695853373
2535428173
824460816
2413996628
881224320248201216
29528783
801549353227841536
754996945018585088
825347924750061570
818655995618594818
52596894
2226615308
878393306874609666
827134915682660352
705613169872478208
2806413827
800033138726445057
821147108627611649
143660061
2365005690
720216449134895104
61223147
827506541876097025
886266933276008448
799640809003945984
17633850
1047059040
2983250529
703237811940540416
881310164879634432
249519218
4759803413
775483665488896000
818826854253600768
888845479554973697
828847499544653824
822838836371881985
24038579
882794756060741632
842203460372062208
798675117672796160
267905600
245075258
704524912656973824
218974684
20730692
881542363570552837
2248724040
826871032913022977
44101746
731156448764366848
197619337
763204765132005376
785553167387729920
872141362375806976
14095589
25526748
795383073026101248
29741482
21663432
220935584
824244824001740800
237120400
862780810725916672
14111373
2221851215
39715856
3090280011
875375652060282880
192216034
433861339
2967765959
18930728
857332702047068161
5940642
295285502
823592008090423296
20846121
2737406525
757311624118083585
368552392
789332172406558720
885369665958158338
3187848737
1248759402
224844196
825094681923055616
30414118
1198995704
1023287209
825776310790266883
126181918
736032844351311876
828255766905815040
4468946052
275837260
716727076275900416
883847783429656576
3305584764
1086813230
314096765
891106213785591808
758324904014020608
117896091
870140138604691457
537476067
108708410
919938306
826234752009109504
849119923918053380
818994464228114432
325220064
181922278
868875807451746305
832768588813512705
182722893
847777236
373089354
831577691719626754
826101886390525952
1321271178
245510319
857062901621735424
885868789270798336
36726020
819218357065052160
885719524024107008
3168174997
2548243027
16076748
10289462
941620945
16549769
28560301
819135838587977729
4883976963
188942752
826582750958231552
127624661
49388157
703406992635797504
235236506
774454202932273153
2840388132
825918165855055872
824315019680763904
814854464968372224
1167909811
71698134
437911286
831242143784071168
888910920751226880
3245566770
34023470
842915704911347715
879886416335052802
838127097373573120
2816440097
825143318891917313
296596437
22676478
195166704
2834297017
18785467
4434111615
2796076452
46451072
2231990060
2167241273
143159404
22804865
2858193750
716072847622414336
731922811
748709805666103296
19083876
798980040293748738
1708695000
834479367250182154
253679696
856194735995858946
839300788702875649
2211896856
790165412
3245558097
2214589590
886344144821526528
31499603
65452707
4057356801
17331851
752178260327276546
859411501928636416
4896347681
267836128
763727181591764993
21672656
885340831602941955
2203426855
796913836691521536
838942964600688643
860522078
888650520
3303710186
827654988935610368
1012494566
37929101
826180791268950017
2191568058
16659005
50842822
2227568833
823209205578403840
24734287
805514847467302912
4275821066
880526655877517314
387364842
809915001473499136
49222117
841713120653508608
34383891
2832475948
3687202517
823983179392421888
882801194078482433
949821883
884098078025826306
872804930213597187
310835332
822158225596444672
841671718821347329
419904932
875553708590776321
239996287
45966035
822695555675684865
196171116
822508646877851648
820867316669771776
2236554402
824395857625808896
440249848
553889273
4893725500
869635952804745217
824045453092208640
4691390214
739606317321605120
28225322
815343226232172544
176619668
35579976
2857592041
147875160
2279334462
27706958
828417234267615232
23935082
2358234680
16459498
860701598
879755318653100032
883483685521149952
3416654495
815104591725375488
715936819368448000
156860669
48165428
835653121703612416
4584282501
788112748567724033
448612166
800508822905204736
1250078874
874065317173096453
854057889907998722
2712489396
2717834801
870682093889531905
51886238
36117153
797101164017975296
712477493425528832
562618672
16187817
837561853
427931555
761448506108370952
780392670510186496
755960322003832832
1877403668
225283361
556970371
377023913
2347699541
100408600
4890882437
38462820
708356664819208192
2832096234
821812704822185987
820441649645907968
372050829
863466119591493636
774698847821893632
3102620614
18006752
815883325650956289
717361303896068096
297198318
2471058719
869200390126006272
604974411
2965089353
78161129
835518764779188224
829788066441228288
832969189551927296
814969529466056705
750012859
850875183820935168
483329059
32773513
777691915227631616
808096675122147332
4705280144
730193349106384896
823171093854912516
3039404895
162452290
724323235177750528
808851496116908036
877056764830732288
732767937170284544
489023231
2953994784
17450061
278578977
823163616966901760
1451868714
2961548462
1278723385
825469388656480256
42747906
876478059414728704
4194513621
856979756604063746
2773534969
371901658
20352497
839254410136023040
847226236552085511
483189991
845594674941382657
560661427
826581812973621249
803384680984838144
817454033958936576
780523427362770944
855567777268027393
776133390122622976
30626499
18538833
2353854200
750453002247426048
834552092752695297
17328537
43538460
43530286
785313443847008256
2933849421
872507473470644224
876856144874045440
477906087
26548315
774628898491527168
706671402066145281
478344501
741314892
44625946
138130580
851678533374136321
3682895958
28890012
560682638
4038173219
770834951000432641
827904054554562561
278146739
803771177558646784
1901928318
944549821
2779180736
818209058335424512
400089636
259129632
218396108
872605532217122818
774483262693527553
16074930
47140395
44428771
15784401
981858932
825194720192299008
1010347903
867920480942133248
29816407
821531432619229184
812546026951286784
383719352
735297696982925312
780601311641251841
788855729067143168
35514031
804157540892221440
65758693
4191691813
16587942
195857590
36426272
892386096
575815317
32740024
812694983119695872
878621711641571328
850765289641963522
25822421
828323539900063744
2537639761
850099098736873473
1452861104
861718254238154752
878410455580127232
2440337784
3072653847
825030330302214148
138034355
853684577369509892
15656663
829842792503451649
745422001141997569
855124158560206848
18086309
759555100293656577
2304836501
126676393
792821519365840896
774724653881241600
30292065
768169259365269504
32879813
29275869
2677096640
30388768
3082994953
43650621
817661279758209024
824877094236680192
252353889
812361923304034304
4219456873
822666495440392194
862470633086525441
836654785096884224
844008201863544833
68128274
819094652523462657
2300355792
739934175382413312
71599731
17686959
302942119
248436405
780867731050500097
574228016
16178191
1025187769
800547215060004864
748529833823641600
543649046
407106322
765277167768866816
874846453
759537423034441728
702881049936703488
55044457
814130011343093764
717081401137500161
1105002432
32409048
869166656110682112
873911832045645824
773121561633103872
23012399
2460749166
596450851
854785479786496001
3374609883
828019084419674112
30679404
759878181289533441
763471889289187328
450438845
816789845490049024
43987148
398687783
161140039
2395323950
825300648170242049
827671903422791680
160309767
3794584677
721900651416924161
720734736813953024
813174916401025026
1315775232
823662379389030400
1382627982
37790455
3431813189
29983641
798642748735836160
698919881547366400
233291124
38712583
2541510076
4896474971
187879693
829576036622835712
2320374150
826981946760630272
875042805919485952
844145445580525568
54042025
3603903382
875102174824542208
838308663957852160
820678094352777216
40874240
2990513860
804352589164855297
826559703991853056
22928743
33784607
4352460033
750811385831960576
91006345
144402222
301795932
57474396
17060507
822277092284973056
859699772726419456
16471324
4854332050
902217337
785303121165594624
852507798931984384
3257460577
2194707888
829594600910106624
818160710635180033
504706779
708072716
88509419
354970356
325346424
852842671
2323335038
27778816
268865814
170296342
921567085
181731262
764493265
67511538
496975264
2860842331
824773862512533504
2179095050
853302038423363584
19396625
2434294310
75977874
1220038958
861766590945267712
821681572202029058
991491583
842487577743708161
50188360
825019113948983296
357685049
21974005
822236270059487233
44253771
807014648247648256
179218353
1190716129
17204460
874002148211777538
44959505
391415885
924558600
817834811905560576
218526734
822992195376398336
2918161040
791576052279672832
865243251254607872
44717905
49478496
1388523024
811740481193267200
377576446
25029303
819719052901969920
219126810
450266680
744968505376702466
525595860
809842109339594752
501087523
163299688
21802425
427707249
824288350991302657
174150141
797617218511060992
1017817249
826610755638136833
806744530170982401
23707400
706225427413655552
246570766
845833560611340293
3354440327
1645844790
1875347071
11101742
3374752644
839722819
3420717695
773152516062060545
3258162788
725418981855612928
811121437
780173569988763648
837423016879468544
821543906
783843239144980480
824980762713870336
796746771208765440
270460938
225189494
825229333778284544
798224046483734532
761454924500574208
789318201687482368
200692926
1908994309
760676457681154048
2332662804
828090918905393154
822838646461976576
796381380892655616
19722723
3307889436
4694417744
514507812
20529532
1305818593
863161360129159168
797150621707202561
355168040
22402658
258568443
2363076128
93817949
826390766092038144
19788060
31194753
745039403391672320
19770078
802995063278055424
4822842279
819535337886191616
53803499
364702553
870397521482444801
843634153585348608
801172797041082368
835209728556834816
812031040609021953
483448012
836227816064634882
511388120
19679818
830509072503955457
1460800082
283721629
759859458608467968
22387277
844695996428959744
814876509651537920
1696503140
974509802
787092446727380992
176503136
804193653493235712
832777500166127616
294559888
867016797903519744
198056419
72603506
17072707
869803598045036544
2157387439
784770859252658180
560483970
712793922632716288
825481375457345536
15236710
822124776026214400
829101001672060929
635467994
832030099046268932
1541946110
2826844928
42790254
761983062511120385
259324336
720054910184787968
3463241362
872415183016271877
826982179204915200
268582569
2478705061
2938481446
2982418410
433380606
14373622
708447318475812864
275714700
4827054673
824785784897036288
807073358978367488
4134967269
823898834816421888
32640164
2156329321
868988700205731840
828314392429264896
788098575058149376
4270802413
1947549415
817592449841459200
815871284
294966279
830182457039286272
942141732
24620662
976628899
717836709271052289
3594505933
835504393508139008
18146892
17692273
36143907
93777935
21527329
16132258
845139871282823169
970225838
1103193133
22165261
34491026
3349433536
761089548398977024
331398398
2997385201
813809301177278466
713453071637090308
203765012
1325331912
4832151241
3298726720
614844676
574166517
1380181963
490401229
57755615
711439062519910400
2476801104
2334732225
457743272
391091300
2967132341
840816423676985344
71715641
2491964094
256322163
385826640
843204271575355394
69430791
833777334528331776
23077023
964892246
24891210
61171581
344687656
828051385
785487766930927616
346225460
864221926537003008
275877695
786711016675606529
3371900770
418390111
235766068
714754044
702387168858271745
759714473556840448
1117091864
601519183
185279440
810200360874868737
977660786
3001511
706554952156467200
836113421175140352
34472215
2173135652
821845354043817986
1560273834
405896507
385029275
442366289
763162385326673920
278142445
190260040
116504222
729698192
1290142435
822278482499551232
37584419
819686577810993153
16226652
821372790
2566312566
72122447
28654816
821235792559427584
829058188678828032
49208641
168239508
359080538
449128263
878597622
247378337
759205132391313408
39643733
33525761
17222332
80235953
820659070831132672
484347423
18907301
34794255
842840377799467010
321583100
95226118
185723734
2902931482
1548714900
241599694
567422544
4379939474
869725729390559233
707203777313382400
821314101498548224
318754754
704428508445962240
803600791261024256
330488403
2571845868
746406424121581568
17012039
393654944
828101705267027968
66171696
22526411
2334633194
843589945705009152
827208348433006593
43758222
3384695291
3029326756
960967081
17693765
4260693073
826657095923691525
743211191787368448
322802128
885706658
162419546
824704724117057536
1952510090
14541184
803813274
44947688
3077615801
550423777
28926547
66914769
14206115
799017918012919808
2814972830
236928181
893630742
3040030648
469431672
2866639611
2414503706
49629906
453178437
830176660829806592
344812667
21431950
749920928922869760
33253412
15697325
174820573
40132419
4750353794
154657052
844524780
4822119385
2597500387
2513097204
1160336713
704696823001124864
798435889332494336
811976075945410561
22161784
283323982
296571098
2428129975
292929271
896321540
868868361844916225
758403501470822400
860688922464190467
2745887578
1584224905
3931123641
16514204
250433326
734300342331006977
4646423969
790105829412376576
3048382230
39993204
23119795
760791781395013632
824829980097945600
26152900
2986275926
844047746701185025
2269619268
89273033
147425395
770608744526819328
26742293
1851981464
483330559
1255747724
100150576
3150434708
4847043236
519905951
800493930395484164
2414073730
1924171789
3706994834
752997415
846439433872310273
16286033
1869575251
776198590985273344
1548756944
4878780117
16066049
625206983
797833897472036864
4477378121
1108071056
824773997405544448
1465990938
1547309407
348478575
734764580484878337
21048844
847627361566695424
629359957
629702508
798592051675885571
703615920
780955609394884608
827856654951538689
94686940
536603103
1901706618
461713420
2645582078
5471172
1575301334
51063139
765763200
111690672
1017278816
242597627
74510308
22504438
1881598274
719375446748504072
805094082863394817
804677905150316545
77902948
48497926
813881653076471808
790340450
3227276122
1284956808
197404857
329918977
66384855
4183540876
1695197929
806010811
831630185451524097
829847699692384256
465992018
824501132793880576
2340698592
50833422
848276549308739584
1467881839
109464496
368560714
804096814806945795
796554805229580288
714932797975171072
834950942139248641
45505601
19636774
817453551102267392
4847793004
269200179
861927176
12314962
803840950783053824
783459062604177409
37035913
811377348813721600
2743901041
312195609
169183368
774009293200916481
2471632388
71563277
10196912
874405711
2490576044
756501112140759040
754133257403322368
616573748
231547812
171395167
213165537
31442310
832408560390791168
774224192
20839937
796362384084439040
3611013914
16592565
2701239444
249739297
15149546
828051037810544641
1934770050
3153280458
840686323694481408
117104543
242890984
843556423548067840
843238902068662272
45571759
795443894037123072
843310827331575813
628417129
853429316272627712
2319167748
843017399204954112
8474072
817931640429158400
822974861517549568
2149915710
3258872755
863079729229832192
1654190256
1070242490
4212430005
4896734493
737632452
710816250155302912
866062841308164096
977578987
411270221
28606058
3519434294
795022220619825152
2390831965
137328500
758050879354175488
4428928697
863079249539772417
1407808855
16942658
1969346438
299929232
740488891078221824
780583961957314560
857761223567212544
339436446
199330520
826467066937016320
2735569132
830280201191829504
16700601
2238059208
67364035
704469311339962369
1590982405
802649176299466752
480928357
819405910678212608
1199052942
805938644649246720
589448567
37549249
811704830
735103080
194355896
737717173754290176
168524035
152746136
818705040
1094114329
301019006
796936815869509632
713091735140708352
337183037
703738045984591873
3000889809
40795552
741058867937841156
74175586
98203875
4097985741
1414627170
2316496189
2252299098
626681544
702135728021512192
796907311
828917833534894080
53056010
813317718199832578
287818581
796931239013916672
1683533647
844026759968407554
831337926596378624
15548278
829665272453804032
59849033
805807750659702784
706666581741318144
777322209345843200
1634552636
27971300
4902714075
2286862575
326130014
1370587322
109658696
808441955118186497
776159788182999040
707298116366692353
19511386
796909639791235076
129396067
17272615
847082901409705985
190025697
3750468313
853565910
2939397649
3262844619
17099112
557438892
15880390
792223519
801632712608153601
360285166
829977013888782338
848218266770313217
831711011694583809
3139769353
851671302943367170
154918058
353448367
2955555394
1018560540
824255224302944257
728017960057507840
268468736
859101560416202754
552309975
503437704
827165816110080000
784741782294716421
87480406
33537967
819707386466160640
3180817098
4538211017
2835396615
4242967601
829428896286310405
824402890584367104
4474124001
279360261
48316506
2305606903
297107396
23890856
833486580941611008
855109542639751169
847052620082679808
17511593
825457288257245184
79062359
635336764
858049142844772354
848987208514252803
26346508
1442070312
834027850340630528
16191824
824737888600485890
1561348519
829108773696499713
831667966882217984
23394376
891978900
813487941238607872
797103314718621696
811604563291553795
791750066352578560
612057704
146644080
2213499980
53838985
2897026271
718695653065560064
249881164
70499835
785523420016418816
2869056617
729401711622770688
598547376
590256479
775122469996888065
164150430
1612310400
185350157
517255949
705241168586661890
830228931085205506
846523378487853056
3949720273
829756492819660801
186568831
833076235999735808
575925999
695074495569068032
1074775441
762780150261911552
4771137884
334660170
3237478988
796828131642392576
43126499
28908903
819085509964115968
306965846
824613412525248512
150763849
50069799
2938557212
803263064824913921
76058560
41638784
3764633896
780586280006524928
801041350842056704
792790628
3138553615
1372512036
799424284686839808
820819505009917953
3255014123
758772487060676608
819209883954413569
823059449262657536
20852175
20733757
797969438930857984
94367917
209202204
168829030
1584789493
715715785126232064
827249134620913664
332999634
3167058077
2381410237
4633235559
801458691258122240
67899097
16123077
55425945
25207598
14542977
609959733
26369152
706180554673106944
71232154
708787665450172417
127254873
759129594880520192
2865726690
23685118
31601858
210427918
825562970872647681
831965199011815424
386543802
1688748530
18868163
4826677880
800161018861076480
818823731837485056
219445010
20853339
1209041552
745013906595282945
746512154057015297
305921401
816036458335236096
4615594696
2485572043
229993947
22807017
34455099
113243806
3000400970
734123781292167172
425580285
489975747
139832676
276266427
1706203484
811231647886475264
2486311429
4708521556
27202261
803748705849450496
3145422852
382589255
1918788540
2907576134
2367571697
961214442
2223789247
2373857028
822187847054598144
19038210
145862955
763046596095332352
829513577061085184
830946630819991552
862927546081435649
1220065236
1645711441
1046114347
904859090
266326338
802244013990375425
503663007
3198896307
1604464490
1163985324
748580825046757376
809732450733740032
2401704493
344747525
731203060064653312
1109981646
824369683352604673
2869858477
3526256423
827137989658734592
855445797751730177
3871436237
23621432
829912548132532226
1942453848
48854106
4591711108
22083052
825747424849301510
745301898907942912
821392313020743680
2910414138
824266579877756928
829866626136809477
822260664920133632
109656095
843795934181912576
2427771799
2193135944
19360844
850301208971669504
1962117602
234582693
2389077738
67605986
806300736598339584
2745966796
1486461811
876065886
850773179584962560
28280620
833158477665157120
224817011
862245290967003137
98414915
461296462
3908374465
18220818
726161607034818560
830556320130437121
18298094
4899610029
857167467721961476
818995397146378242
319436171
751812318959439874
1612067526
758849201518194688
3116882325
26214873
828593134753886209
3198924868
2923132752
262420136
981238580
820649201570816000
801222132499939328
1551584785
814893953954758656
22644491
800191637502595072
831891230237786112
4780784385
1862092777
838078647516999681
702036133
712734180275265536
4924437246
3914425845
1942475407
3257382372
91743765
509111140
21934974
761573034259996677
847545582
75116472
731946761862979588
860670575374516224
797326284045090816
801100959652970496
801117768984756224
4488460935
797215904085975040
339996742
27032207
827934520112472065
773860291679514625
50332490
63160617
785291299737919489
3762755057
1598574949
500391228
851997754113110017
16548855
15159600
3531209417
370135213
3884878872
779720144658595840
833821659148722176
22765448
841047900108988416
788965832126631936
37191390
2783296501
976570982
856077967
1408622646
498167911
363760052
1436037758
73522082
843595546073976833
762984797899747328
834977394842865664
2979413433
2333566868
3305406949
800106323224313856
737967521005895680
815975718752579584
722573792590094336
978335670
762718542991020032
751800529
742129940263370753
189019490
799138093
2552925459
771068042151288832
797494791785381888
261019817
3407971594
814668421916950529
30372536
930489908
20639694
707276683
244263378
588773946
351153307
760053765210800128
23726559
818619925480820736
1942556058
824740486724231168
2826806322
797553658657378310
755455172093046784
807443805855059968
832365596444618756
852699748138184704
733760092508676096
28695927
4847157879
3744281
796839635162959872
748761679
253311018
725388086591426560
404233543
730611540
16192524
2595431574
1624046510
50400440
808480622175985665
1633221266
812726442513473536
976734595
21688801
702081073
378844127
354923164
67236659
793577262
794954059505696768
53030284
799641775530856448
836615276779143168
3058713120
60745624
822488340805120001
700723240793088001
826980174398828544
2183406984
857447150333992960
832430076109033472
989210029
823552863985082368
783659793189928960
3316388106
32917190
2987823817
26254527
739844197935644672
760652482645155840
61962622
18179420
724077790492913664
3473325507
832723835761811457
354169288
29918146
55887469
809604601280417792
2394482912
797142613744877568
780991657961517056
845465022046232576
758597687860076544
508006873
388310964
46316567
816077815997022209
459287059
31608060
717802419225112578
2746644052
764225745770065920
825758465268314113
782292383450955776
792442371963293697
846934487355273216
820872926
3352698438
801925555352276992
714419097262538752
431022166
779153256677277698
846391090676744192
21027387
827878438035939328
1344713761
15368940
244328801
1585983950
11104872
2279225400
854512848231309313
863908188
22181755
817923454456373249
3953695528
19613894
772205260982984704
840598709385719808
199419058
767198582273368064
3676581614
1201535478
2190901956
824061679411470336
293088091
828000482677268480
1522461378
3406500304
3197770658
1462903616
1708818446
1713527208
712691718353649664
1608321360
474489564
286680865
1530987500
820413772829364224
825347352638668801
1569358110
1746261176
849410927158054916
242602560
789913966910836736
23983382
525022850
1924071992
276842152
542947234
20695280
901667341
705299120
735594241561403392
915765078
825495434261049344
749405905393885184
329174746
2431161025
842268127526182912
39337069
830467270015082499
41715094
35812477
786914412531769347
2857558005
835193067187683328
4656972496
796807918121259010
367904905
784994658996871168
2871899817
302881437
15692855
25896141
822292355931848705
2956244079
27461428
3032145463
776903357390688257
3184516231
800121497884901376
824082055864709120
847942138545422336
766599887932850176
3096625956
163194830
3017400805
66302067
829389163745202181
297191567
2736359780
32819524
359079779
104865001
799748204963065856
1053690662
805862149792923650
32680990
1252520990
850311699253088256
22080404
325930577
843570348083855361
1187944056
793201526294532096
26443215
373042824
702538484679057409
330721266
767484720724647936
814300070392774656
806794262004150273
851939887972368384
731159200743612417
1319402083
480015865
4751882834
127740077
808203029052878848
1013466666
810178352871047168
151621776
55472950
16146535
784480040046080001
138639829
22721937
56271936
479562736
26925172
620291951
4704369878
834497947245150212
718193927136759809
2991978347
20353477
726872852968931328
277261996
267328643
17503642
203188066
25159559
804767216717725697
816333202335862786
4891517475
49320629
21212683
282280659
788417346092183552
623083911
361196178
3241707920
195953942
778283990017081344
10362072
84502548
825518870421180416
164346642
2920868647
1308926647
429402328
1919864550
14139469
794906337146707968
4228873573
90710620
804845449588850689
795270955245457408
717546814623318016
766866242086981633
892575421
798907270037794816
3103213542
2179007708
792176684266954752
56561168
829740747951898624
66616282
818667611009347585
754698636496347136
816821593154453505
162118905
940857050
20240083
332807597
791555256786165760
4071696148
4831124783
741270822933782528
131018989
22831232
825488341197942784
757118699212009472
113949650
824611548488466432
15835914
42447494
377796715
443844472
16384269
745098025714933760
844289134994898944
474937638
35040082
352584903
838425935204462592
139173749
809299807303073793
180653777
616737225
799013937433952256
1941136946
32645123
206260416
44438054
843571300098625537
1603288999
2975339066
825540755854757889
56038149
508163912
4657915273
251352230
712854945779814402
98172698
739086070457962497
2575309712
792654752
18501567
848908558620078080
1620010466
4722204972
396044297
1597496460
3153694555
841381342885625856
830872949464903681
817728729896067072
71776726
840293910257655809
3312840571
3077515383
1477241472
845893680
1428245454
707401013443997696
132918446
3573336134
785473702217523200
612789121
826134429605253122
2876041031
20729327
500217624
22204106
482973239
821941122427555840
805231095591485440
2244668096
814155727342211072
61149653
26015031
270929764
2489892516
343324857
778334206145376256
25817610
2761592377
1892315352
2507966636
833559776101494788
2878671064
187206562
798703395343208448
798182763631251456
736935466604363776
131757521
823815870187237376
81281442
777890548132687872
762975339110866944
44893
517226304
3847188015
801131857
762068060932935681
842353985243639813
514009705
781964834686533634
1571239068
21957432
291774022
166624682
1388303107
38570287
3279945986
776830741984444416
829733779010883584
161383704
3250946606
925666188
1056724298
921533490
172252754
893338705
933653886
3309978409
459269265
330502336
791425629468123136
14645160
260476938
22645697
374165464
36986138
35475934
473494360
611952043
368806984
100832012
360959995
334937812
3385199859
23123716
3638439075
2562852312
35104212
2788972943
796470619
2931809172
260335091
436314047
451662665
830330036
291544778
823219869684498432
631816995
323271922
901160826
844989536232910848
18372408
435564722
803794450157735936
798360561264115712
281695815
1658663401
821043721701494785
100880543
516447380
834717726094540801
58348748
17010163
735854895593607168
740597986846203904
994053811
728344211729186816
2287017818
594116718
449600949
745770663944683522
32671625
3236488542
132339474
823729085318885376
802145597604106240
830089776468471808
1700152183
21705181
838537231849619459
30528507
248400646
376744269
836537327686193152
4410984580
38214128
807079262087823360
800128123274608640
34521009
821810393647611904
410172398
319777415
812023361723240448
2428776326
832137223264927744
610480810
497342803
87445520
825413904591360004
2916011982
15476712
2563777934
798936281954668548
791705701894590464
797103046824226816
4490534239
2173054549
1702121725
2933700645
817919865218564097
759500976755703808
47552706
496056434
708124405
792972973284044800
522026970
51169942
3138454448
772535353722953728
169980486
796899792127401984
820129376494723072
818331608126197760
3078134492
724826673896669184
3795709814
25571493
16744496
804123357662814209
33336454
2732944034
836119165480144896
831864054151012352
828151841980555264
825459641618411520
766807738630275072
626002498
2330788770
362095678
4868688743
319954656
484158909
757683923648385025
794774642867060736
65117601
19088288
820796320277360641
800263955411136512
795540465521201152
80660401
760594856230215680
812010571323174912
4280247381
795933663229857793
31888591
801157070741508097
799178454
818509336934748160
420148179
19373532
3086932586
575032752
128763579
30909534
817957488167251968
827513777981685761
414480406
741117017613336577
66066411
165594981
41670593
116048117
4168176903
2353974979
485423388
828805717184348160
1229007625
769878574052548608
379927084
48719150
16226417
455537870
803810059490709504
553921006
179703126
564074974
42362189
86131132
739091223110127616
261035490
611690464
932159574
4259652328
1909087813
15886633
374817258
3300931691
343535198
715922499930832897
149984992
797485736782131204
15991770
2950306658
346015198
777825700870959104
1885203038
1454242734
524709597
2190334998
17756037
800375946775707653
774703880705675264
742759797645291521
832384754
763260388750176256
3432075634
736221584742961153
828250698181664769
1012329853
1380395310
17194090
607622157
1381088924
808093340365418498
27189557
168838692
395197897
15554072
1934787661
744927651542949893
39906399
796943072772751361
1928290020
824027563328737280
2400901568
818526113144115200
15744134
4850203191
178362634
109854452
3158571186
4850268548
3414559738
2939332289
1380859304
756250953322491905
764128023838920708
3309654696
14098909
3630367764
3188352661
50328079
4491206236
32283017
61104689
80956994
16363958
4476084275
389405947
3920426061
93111391
3256697005
2904200866
820321211670560769
40342316
807066798877212672
5827
559245943
1325239976
358340087
811226476750262273
384285603
48779872
2919859200
788959435230183424
720300126892261378
145367682
1613838523
54139139
115742802
35071716
700524957621587968
486277358
4828013916
810123569925619712
822157921970749441
202121798
169200280
1328206963
19570960
798577750445592576
4561487784
278071669
812351747343679488
816681466759254016
810619093749559296
766318102577577985
811792770121666560
707106657
783445779923013632
2793522688
796513067618209792
741286249550356482
757199333381042176
1638638695
997682274
34252574
28568533
263528349
820075695120547841
102504409
260686639
3110775388
2598881534
785327755214725120
278559967
37990581
780269431
817863639864672256
933788114
285914459
2169254929
782640748642480129
2173646835
82967742
252684779
4327242015
771701183346008064
282836650
1355218452
4741763907
16711026
795069880458481666
716371621380890624
2775904743
4064511322
797613815265366016
2838550910
631141559
243403984
802329805207244802
800573073476849664
771718605176246272
425310081
3167508269
778933753150251008
249255137
798974972219756544
19140677
799147041209217026
2513770272
759570314879655936
785559825807581184
23746411
80419148
204356919
797190673187426304
3557484147
241160788
459689240
779147967328423937
793630593766592513
24176624
512417432
271030180
475208972
774690375126568960
779429033180364804
3846363435
44883942
712787119
525925642
206308575
540472551
781383021496668161
785283497774682112
1513958744
3455796672
1958681684
349803020
53019309
759724886021378051
741677933920686080
786767497680805889
179732982
66393504
709477319543431170
38350954
3390254459
288981065
2473783645
401070948
739779935062089728
379789473
1423707932
1491304592
1640929196
754752692732452864
16489581
782399393974538241
311215328
781313016860143616
107553354
78037670
322865349
3229506722
246220722
32168059
858921774
67638477
4794182534
776969486205194241
149230663
18382184
2421067430
591297698
801226004
761575074834952192
9840392
765656909919559681
19607639
1566569083
1508034840
104459389
3578216232
4069820847
2305967983
766547376
75412048
18082945
849169945
30231573
37131103
868856461
720281941908463616
766719206247108608
1913235571
3131367801
321774180
743167075712008192
24608067
181638022
2330252438
16573251
271983868
331317907
763583215693025280
732515283902943232
53503202
4800796580
755808822506041344
2667470454
4925188717
724677137802756096
1216789842
3161074631
545474475
3012462963
1003130904
754135908
87957969
50801833
760486148611444736
992081976
125184430
371950796
482274576
3859273932
586853452
726827433668804608
23094875
32260931
580312540
146160591
2985591897
3625037787
3357437507
976857223
1351436389
1108421683
