4207961
460382676
454071012
1358695903
2429071362
15675138
16096056
2800581040
56243144
159644097
15836200
906987785617362945
27581219
11439652
91122542
368172393
189342660
461505624
907325308726075393
2569694468
47438401
976434348877602818
786309892990574592
14529929
19983965
22181587
19940347
357538496
820378690920058880
910492003359760384
580224794
858466264875900929
2382106993
561516853
41212709
45009355
954191227305406464
253830702
19085357
1887375954
50317463
1901369977
15220768
1561264033
1058520120
2654652886
883385865812267014
453319164
32671625
76744905
23604166
2416249737
2223157392
233364902
2467791
18812572
385642004
876949301762695168
870704494044037121
2750369134
239548513
545235190
750331049020952577
845743333
309282144
36743910
741053436435804161
22187085
923678023555125249
898990420767588352
893516312592384000
830171903985905664
48497926
27027979
15667291
16017475
73303753
766318102577577985
39603710
1051451371
4596203772
20998647
901433374748717057
159950674
780460218346070017
824363707312570368
225436217
760886990887714816
42790254
50393960
14801219
424412391
167976565
89820928
91478624
5402612
15224867
843235081498058753
16513335
834081571493785600
61149653
35334558
109025212
454035605
2863996955
1898934396
66409312
103896637
11348282
4091551984
18959988
240928547
2981312501
18776942
85104225
3171093349
108619944
30249306
822215673812119553
2899605678
435316184
46335511
36265397
1917731
29442313
55326534
145298667
407166837
82240115
18000919
265028852
816018191650529280
7402662
56810941
22771961
25073877
1536791610
1027672093
988105963
389841834
28806695
813286
41266136
14944234
16129920
17006157
193377401
46197784
9855382
17912982
15912891
576794467
20479813
15240085
758846300439715840
468999794
237845487
115222631
21866842
364988422
15659248
16251599
515996646
18234004
941341550
43395239
14647570
176328381
17396376
17323476
170720282
4907360671
915726438
22179991
3676977562
68810921
16474108
489557256
159189405
285690232
756900369880457216
186791043
20950239
3262803972
713149681698779136
338017890
22595217
65305830
265652034
307465379
75345275
310673079
70394648
