975000510
702175912377380864
805732743388794880
958904165366927360
847293467860410369
949661425617731584
1402988305
949931323073888256
769777129827373056
928319525585534976
874265612393922561
948106463330709504
953273548780351489
914153250441404416
432841998
898261263905472513
870895803170041856
3435336672
962880819537772544
998788296657563648
860125431164395520
827196494952304640
812024762230710272
3845245752
4644517933
850078987711918080
735832942585339905
981207673914908672
926680717286715392
947604823716884481
835297634780909568
859483417775415299
1356473264
335141638
816070077921562624
977408870082428929
965579894049525761
1636381632
2543536463
434567546
3382486565
983192852879429639
986117935532933120
755262002386182145
859462840469663744
976886813066489856
887467277242703872
798725042922278913
967599774429077504
825925256560967682
952235413212561408
990219134607732737
802993023089045504
915310251750170624
915865056885092352
983973653825097729
3191837228
944780139480547328
743107953658466304
3230941206
954103385770295296
906654594134106112
913369193663176704
776821392192966657
2880120528
190962843
878100143534243841
881400766187147264
881331592697749505
823747307329961985
2797168100
832408159213940736
767527700302929920
962828868125102080
739626097
719714301154562048
949827065829761024
986239952278056960
923324602473897985
830861369339686912
837426971638444033
761755191871885312
985465562242269184
3315639841
791351362424537088
987537528822513664
996846429154013186
788554229891764224
3347048380
987750460265254912
2249056255
4870853459
260354399
894173802141282304
992735991873130496
791383537479880704
821906510804643842
977223433439367175
904423271826939904
958532744233017351
906684103256428546
985945533666775040
761532957509156864
978629702800887810
995153872896196608
924486652776591360
946810304985534464
923560359457447937
328754182
959500004904919040
2990275617
4086013341
1001536915005493253
1255631934
630717176
908737565188116480
151780416
2983084289
125108507
756223728002953216
756325516324564992
813747723266498560
871914241061728257
3230942936
954887105347452929
914411145691258880
1513854438
730550181242920960
732926369743568896
926643059756060673
3111817826
764359069
759148674655989760
632623835
485062192
4350860354
950894094703788032
804166556569608196
3190493276
805556172325584896
907388843418177536
208485011
607072006
879556758355574784
2834879516
882070473332359168
953800081756606464
2669946973
1510063200
782830015058554881
706939896318070785
3063065625
844275699703840768
804897031705755648
968759653822803969
1059779545
968992251434037249
419038460
334927674
128466223
160650487
50460475
764309359438524417
754851968384983040
568871711
914423875802296322
717145958639878145
1855732825
984509945843539968
758091349
4848775840
937320933978546177
961251460448006144
909812145994502144
275206959
216201838
15846407
965450380929880066
981363645832720389
944832223202734080
971769802086809600
2173555472
765795577766481920
820009899727974400
4837049790
992868832703336448
1323474072
867196960415068162
964508479590490113
771192769763094528
2932934466
920486385764548608
775756236037828608
2187507234
3251864454
990395673194434560
987708154875187201
771934020905078785
995013142152470528
1554717126
980558249018740736
953945779919519744
542619574
825852199477661696
862700667193917441
274757956
817683244120305665
4741764254
746476419195121665
2844208619
3476366054
990696989582118917
855433368728743936
858840193746563072
943319678100918274
972272574431481859
379408088
920160588650516480
739784130
278662460
370715601
860629674887704576
949444674309193728
2227119593
967795412127100928
2737091683
800077462038155265
3405057430
957447403170422784
954595685285924864
887874993077403649
2844415343
859127478719324160
867100664375148545
2731825090
783796224847704065
941027962144555008
4728272269
815221610768699392
859876312017711107
859442805869076482
817582049217363969
902897974728110081
961389529
241740739
760894922140639232
831591780919472129
1959538262
976582387122561026
713837213323124736
789127025407688705
3465993792
4454898088
904882463050170376
958466319279587335
1459223742
989004627977887744
730558185057058816
920019286676172800
850722646169923585
811560793
225219356
1878450026
956637612990705666
1432122212
824393103150895104
830197924730638337
941292564883427329
3285893994
957431731237412871
984344790723649536
974722047107530755
907647446838398976
338523230
968608000909955072
981618362349481993
849027328151871488
909859700669378562
933291808557236224
917858430026645504
4895506273
939939905161121793
3157906203
948660693984784384
168683422
3180761973
851802466211553280
615232937
859116498304077824
879523494983348224
870400074240724994
390202140
868882044234977280
779486434210242561
930803157076148229
980287708814823425
3366722457
894537112225067008
1409798257
1007298607
253755500
212746249
