887756534343774209
3266526451
757378022387294208
620935281
2894538429
802818403459330048
324499951
502278764
19021551
112745661
17485384
2776004147
2416063094
17405435
35476723
758669647361220608
384383379
190357155
2995659500
2515318310
811976
12076842
212019982
963339652160770048
2257670173
972053150126440449
4354879337
823335972
877487715364818944
1492646292
485816169
21632543
308078844
888779458584477696
47983058
955503098188804097
163617288
149048016
1131162524
18630708
29758541
949228016328232960
14461227
78354184
25811618
744713
517451910
157438443
50658998
412493357
2873672135
8515632
817812
212893053
831331657093435392
76966092
216758514
7032982
14598463
130544574
397450344
19646332
3362131451
45138002
890980061473644549
2373472589
18613572
107515145
728972374452908032
120789095
92956019
3490900221
1440556952
440812383
901127383050223618
4151089907
19345106
102301998
451029756
793072502935326720
149099539
815882985606148097
50277539
873148800898150401
47973638
1119942540
2411499757
20560729
720343826
3023164421
9611682
770265644520443905
736186926861045761
160538535
131122922
781385786109329408
20757469
854278892546379777
847101932342775810
826493591941955584
3293235761
149150670
848902675366334476
244179399
844135620515692545
50636347
69863630
337724796
492677033
17835336
158423249
2967896361
405695859
25284510
17208165
15353498
14431213
147984827
388443367
633791578
203127269
21922656
67279601
2162697578
13137022
2967471977
840691656
2218364348
316541629
2868226919
791963093878222848
2982660196
3305810951
757616743854604289
761638264218542084
20190725
298962119
2404095706
46476526
2530573304
268950069
21519632
222417214
8592732
282754619
209513951
558433570
50046831
2408406843
200118720
20234601
1083231
2232170215
14494383
884639222
92480061
21352271
1604030431
172723658
1416265032
4845443236
982450927
199893073
712215883
740177281482686464
3278651520
4576842438
20775032
22256627
707152180030148608
16719067
91619134
295795953
87735000
2186488899
1324855094
3899537595
731168005447618560
3163920045
38888045
152348706
4588038442
831257220
448415328
51803547
347881467
3068629263
1598544426
465335433
21208792
272639293
19280016
802573088
14620332
207919965
331498890
20164138
12089792
45382786
3065971233
29726352
252489656
546029291
222862967
2165801
2435178565
3091632089
209513920
140861920
4735357397
4603338792
504667697
2900600110
3360655089
3308799562
621003098
17945305
145696610
4354953563
125642850
26774382
902219359
41345461
159252915
8224892
4274465836
177132991
3286564074
33979523
2665539769
219103227
317310182
395381820
1621271
74970296
3400317255
14172908
303941384
1128794958
605754826
135900357
401263926
3674885955
46158604
53862880
17033412
3126785241
1890088326
377223610
394036215
62565464
39451174
14138601
3287712828
1057424826
2984340633
3345460972
2797501226
2610589190
564610997
77577551
567051586
3196899018
21192703
2228536580
218481662
1119741
1020014838
18731194
2293315081
556837762
3242911108
2868356327
73401727
18841817
3131271335
11757482
3001104289
3012256745
178299284
74200783
22148063
150406449
2679457908
381203
1378974631
33287667
55797861
333978144
20203483
2202084955
209108887
2541167156
192226931
32542286
2322216685
21804059
15661903
76594352
300249856
78875962
19914997
356105569
171419895
205770721
18679210
51696620
31227784
120273774
121239479
22988800
2987504927
2887639666
390767688
2912312688
2517619956
16592166
2427789879
13891022
1329179646
15385234
72869011
125512325
17365753
11473832
2888161263
23774208
90843786
20424111
277120302
2815383942
172347116
52699824
115440147
14356909
17577666
346756048
18974003
109603346
188912866
2307266072
101535044
2320877274
2725959391
20678203
2712083401
16111720
2292799034
2421269288
2751633406
47586279
583566521
6658612
16212250
2460896511
2721513898
82935988
1367035033
80392419
217586483
2690624804
20503420
2348408322
1667854369
218929205
2571662048
2645576934
631865146
2627191805
2217039590
144458505
327573708
20015117
247911088
1653516756
2500521101
562919075
301574565
340188418
437339850
17439117
21229590
142310647
26527090
20262091
100956003
425049817
1725633062
781759759
257600962
2509059351
83161021
1384660988
21998713
77155719
2205306038
36315466
19539183
1127447040
19871716
956324017
216750349
345993851
178073887
168475267
449305472
522693065
115692945
326664838
199761899
1474248086
352640154
1187083267
1686058568
614582747
2198538833
1097120126
532909928
363919311
963121
2194338684
2193170107
14245695
41118393
262770233
14431299
42609957
192911782
351736184
17385922
1001408503
20678316
16233111
279470976
124535273
120092681
1485704016
91595106
349041634
11844
369054037
138144331
38340498
328115384
80699016
27617549
213718312
600273672
1492864393
263160998
19120831
55806000
156962107
41094453
410171258
20281540
241491099
22926755
211109709
89165675
1090213837
43091953
224395256
604778489
331753511
301847117
14452764
608656050
180733899
16096448
57583575
318922222
1251373934
245356257
1193237936
260178646
138571563
1217777214
563041789
1241543150
556914028
24390195
19570007
61513444
52054126
403315130
17713721
935296514
20685542
15143542
14828635
99221356
312910113
168537772
202261677
72851093
978014983
97483736
28573040
17847464
220785762
271974974
200849532
107354278
18684703
14606794
569993280
15699602
625425837
57603464
30908675
48119383
55563104
17477864
13389842
6123762
1020162306
14799161
22289643
23124744
34075658
1428831
165369020
101787237
326064601
150707640
101067053
970762728
304572237
226563455
33462248
5848122
15824978
