2370235530
4187699302
475668116
2974670819
999278391642730496
988788200570269696
989799953085104129
3339786773
989109746207772672
3295875473
986845764033941504
2624030122
983733850781216768
505799071
117877973
986191098757435397
1888076449
3002385860
716009788497338372
962413262338973696
982161713687506945
215964809
14367719
3700127849
175743717
757375232646717441
928862938496106496
973641533642682370
817758330391138304
773422127668137985
959587877813407744
3299147397
705854180037156864
3258192703
773862182173966336
905477846147190784
894209241669664768
21360354
218380768
255492846
795246386774216704
944690655632216064
2345446096
781284917380513792
948882281929814018
6528812
395392825
15210670
955530230080376832
3353084590
932013970784911365
770698954539433985
166751745
923716266434510848
715181852642910210
349132418
941281705981370368
908386551415046146
936645939942645760
855972614845673472
894873355249233921
374058162
711795222842380288
907019006967762944
289026055
915321266432876544
3313131787
719132933
710579292506365954
883016013968793601
3190083723
802441086824251392
898950771806490624
861480615669096449
332047376
881720307043753984
469972235
906142991961686017
1089820705
3104628291
825373436490850305
2706251714
901864293767008256
734670032
2899018631
224940210
914858133339688960
584678406
900449226999693313
918929819265617920
802529272623726593
4332764121
81305054
848450639776681986
916578309353426944
916679171937570816
1434261499
907622273171034115
882871648835260417
347354293
232773047
2179443268
1210845686
893210886667632640
1238616889
382607212
911141805961486336
884199647849267200
911966661267349505
816657515580706817
909347060406726656
854389653654433792
237987575
192171109
485475104
909211865359712256
908898722213453824
885467359858896896
857292297385496576
900826633958981636
3978183592
729990466310176768
907165157356396544
2540430028
847931547403595776
901069704332279808
881236901667250176
903935069873737728
725349150267703296
903541561677533184
833649059453861889
25458378
766257585255309312
899268712087334912
2765286335
2799738706
824020708959326208
178909157
2159970682
735800756423557121
2832978568
872480264118833154
774604952257912832
625344131
703758153792430081
189250109
757227364443049986
2149347061
758774529607004160
864776197288415232
997526826
824193196230111233
891622241875750912
3300922546
3395576645
779909303905976320
2492026135
756570617021890565
1484651521
889184605701636096
3390795945
858380598011932673
3937285757
779164950
280853987
822750002028179458
2953110813
880192831960354816
4806278548
3261070260
835901210578178049
297623424
821143768170692608
839936716043661315
3043999643
722608575407894529
734228939132964864
427302333
704646445635391488
471954035
701310707648884736
585470623
834329666358018049
802387183663546368
848685587796197377
3151308149
775005781875838977
820030428618911744
49789469
818171463513571328
831629249652080641
1506903313
192910100
813851455866146816
495019774
844104199151542272
873090293888819202
73618743
2979519538
866102461534261248
711446071
870751450892308480
481376138
21360280
775106718279823360
365945068
2574205180
849619910347108352
831031396999249924
866740212696829952
743856512
3253270644
3298585465
153966123
211659198
856614324906762240
703751975897161728
2222133437
3261123452
857894383018004480
838047214538801152
725809806095859714
853688344408141825
774893842780696577
784471523298017280
1966745467
3425510261
848476315053371392
883113487
818480307989086212
751992552
2491395174
146257185
43192340
374744888
3351152440
847147458543149056
314544762
2797000133
836080697320275968
3344114121
834025078178340864
821081296562749441
832999588118265857
834010391881609216
833357666416201728
1402045500
793744386538504192
4871415689
831662002946781185
4567849032
831496230576463874
828194574317281281
830878299350036484
821063253623246849
1299005275
827505363972808704
3015273017
115681686
6398152
828809491273519105
737530355230507009
824191416490409984
827353526326132738
826043340860882945
827648418638155776
787728920850395136
755475120081305601
3382022993
824633452263862272
823813081683918848
744150240136044544
24935003
809495311911710720
2743114312
823581026249277440
719476092852154368
823356862762516480
3366166707
808934275882119168
718832991938543616
819530017008979969
1850674628
816375522938658816
819750694173474817
3353156735
818193753517293568
57756600
754429577200603136
568608900
2716396878
3233931019
806755532396560386
816694772907778051
718117519152783360
803205946134691840
769129094621589504
74485565
3430357269
580857186
1565938286
3436000606
810503674527150085
775954024801509376
809840781745864705
813870136050520069
3389195615
773503622390882308
256901144
781096698844184576
4579734405
799145642035703808
4467901817
3098223802
317223956
711596741364031488
2731465275
3981722723
764009382040395776
804336033177468928
757104929127469056
3418777939
2887465954
91766875
3368159537
48293918
2423555979
73036995
738724464041562112
799543180693827584
778303677333381121
716651453
741184122505289728
2714239686
781511788659638272
4584407654
3353213543
301579240
782831400529657856
242187443
780297554911195136
882092916
18296251
797411777743093760
4193857049
789395424092184576
2426400142
3883129641
761936494391091200
211782505
794665075810463744
794881822215782400
2773820450
534054259
22523182
2398906360
782957256434409472
790556494785839104
4902153257
768727362397675520
789463068858314752
3435909045
4766541321
2453314077
3834610396
358697457
406144853
782669221255786496
2148332881
739106268225359872
737435824476807168
4910251161
776426622698328065
782874976512831488
771547715087896577
298502247
2833943296
764662496179421185
742149367562264576
766410538146562049
4900981710
381108914
732842225353293824
3367332125
982992144
3343202801
769648946918658048
360723409
711393889731657732
759478384938319872
49709066
760351874092507136
4000606408
4707839723
3368946885
40066886
739170902437330944
1338765866
752171137652654084
3290350490
765142911700828160
3358669396
768957004903743488
999860240
756628763824287748
3397223379
33075317
745339169719844864
751393473371176960
765435866584154112
752818324686376960
746640006454796288
752505233394327552
365182629
2753134785
3521555955
759435633244897280
62121758
98957509
4122746500
747754041866862592
758650017104203776
253937917
353092925
4656763654
754109691702157312
3341073867
2960139599
4786938262
158681840
2538033704
498176456
3280348392
581499659
334673041
2187410251
708799929397936128
745309651194023936
2448749401
15363308
3054781411
735127612687831040
738747302655971328
719064593126043648
724015926501335040
3659632757
711641632102342657
3986258985
2162374959
4884108885
368641685
3377713150
3303161452
3044530314
2873768027
3458754196
708877567
3031324396
2239327657
2464990570
3434061551
2727962818
3398865573
3417512105
3342807545
3333421887
3353305643
3181486624
2535637325
2187057960
3268722421
2929401903
342021513
2799289131
3147325772
3341358741
3284737597
3355930540
3380974691
279250829
3306730047
2411974163
