348157747
2276896620
997464283654033408
24308805
2178880831
18417822
1048365710
3732745458
876977438
26103029
29599598
898561680229249025
823280389770932224
823291560934723587
3344331155
869023796
186221333
258458627
879383985155174401
788819457355415552
881279678312525824
92652686
4457050877
3316289351
391506786
145117885
853682184313479169
215718094
224899705
1713962804
838118468209750016
4759924992
1611902954
20086184
790885730197254144
2576272501
2981054225
2559322548
66678730
2608925537
4416991539
14708817
47324284
1386145014
817130399507841024
816166115680329731
3252047750
120656377
23153074
784176777535090689
633717174
393552938
774203919064903681
284888056
749457497568739329
1969575558
784852698998845441
3292931244
786358804061433856
3381872097
298713284
314504667
41041371
1289298228
788896702623342592
1025592648
786243502631899136
68698703
782329563900678145
545725352
27486101
1131704142
26927139
926282863
225588213
739831500972118016
2858993482
735096501630820352
75449201
562249340
3329660463
714387237081845760
723975104863064064
353060311
4124331148
3345412043
3191140216
3364850441
211392525
77353780
307415981
449265248
21623932
2203996598
1599479376
99629148
30813033
4861047684
708576014
20043682
4726112293
18836674
2920454296
156835173
766401031
2472447814
4513593562
3348113363
2935696423
2798259600
461380943
52016273
3303560577
365221007
26175726
3165959816
4083668236
274839589
247795457
168513309
861637002
67203327
23225191
3736910664
831118495
2293619822
25172475
2728421485
1374926329
47979925
3048570514
3762124215
2802350211
3645615323
459340900
2399192935
2899436116
339143341
3052355070
1648683294
32653557
3492169096
2309707388
26579258
2926971742
3333324575
1519333237
131948686
429994358
2605914469
423708109
2731580897
36225409
42791768
476231525
3140948388
2901659487
3035970827
243826611
14304272
3164577181
562766354
3311147829
791638
18371803
132166240
70385368
376918207
315825780
2848085821
2148595997
2969871772
2968185805
15358329
818434026
2306941483
539149087
2975129282
2326524210
111411494
3044884731
1007072299
2920394627
3007167738
3044776187
757566818
298103515
2575910287
555235964
2987108663
2279060360
2361514592
201501640
2238789392
21353210
49694720
1941851125
2598129524
2540715574
62032905
2424314281
233085082
1555216351
2203882095
122184621
21121282
1452814735
579603629
1132329643
