756231562358886400
3315671601
3309963568
756235960627650560
1868726928
1649454589
3019016968
3038671051
2391182001
2454087492
817931397956509697
2764396142
562961530
2161919516
951320936619233280
870814678473199617
939892375576510465
974956067745656837
950064793519521793
815640869537595393
964441456499806209
2542163849
87158367
979725264824537089
3116831406
981219999367999488
713760968468262916
1001214655086260224
464064109
972580460432969729
796155478275489792
2528055381
3214467373
2573763897
578244147
966801784420421632
2505073171
980368727446380544
1006910784
2892324515
2778192921
964425023552331777
217858761
996446314392113152
986332812839194629
849880229707485185
977472865527390209
963968228031680512
2964528838
806107773234659328
925068586900746240
886324266052046849
938736841
255617367
2638379615
963242522272202753
2687689388
973050103593398273
738206933954400256
906907745151893504
3637120515
1077505381
2891300452
2506955581
2884852725
734678706564694016
972765912783900673
972601385278754817
3635969596
972555897036771328
925145643663970304
921382338990432262
953380315069865984
3707524395
965071864916668422
1890813314
956990255814660096
1623694807
1028900047
1943046366
934310529337872385
734597992674660352
3269912215
780964535331016704
777938789977120768
882876287844360193
968995897
859595708
957424191774568458
4407333508
818100611459776513
817305811747647488
955515895585021952
569545519
356608374
742756581121642496
2267267432
835142573211660288
884529371456909313
732570102776795138
716738846193389568
3237058289
798470366221828096
505998109
3146118559
920091307879686145
4007784013
595188742
3160238904
736208155810504706
2585975752
137322787
875868912910553088
1364334534
3047087000
3397377484
4613583316
3122142418
721364415
948552628400685057
859047751212040192
2861789157
829043647702253568
947492121971478529
2252478195
771595615687946240
949211450857332738
944740242468286464
2652194330
3316535850
946458606903484416
2837815924
827419718
4774169718
854431416284741639
404264973
885511973609328641
4717038854
2170892027
746879004049707009
3192554693
2581182727
4826061364
1547316811
286365602
4770483286
885552136649453568
337004203
3198103159
2994998141
874608366257020928
2418379048
1081043532
504264837
64145959
793771068
479098040
910919797482934272
902763970171416576
1651400953
882314359220908032
906573590975447042
882532838888878080
895103956493496320
906669362710564864
895101598283780097
893186378762203136
873723508739723264
1295782873
743250382814486528
905768525242830848
761165279258738689
624304229
1465663729
97466728
904305165771173888
819327872858918912
900295832305577984
880151784618172416
417044437
232351504
762704752018939904
1193331296
890331866468950018
747072615240572929
3098627452
2240064743
2247175150
830358903372312576
906674060
888043774982664192
2599445118
882932607109001216
882934118169923584
731061856606027776
884472280893587460
885789793728294917
885431680672169985
736187743101820928
890393223272820738
887654944526004224
886725895934947328
2910019497
796002470984122368
796002927185973248
796005453738233857
816384325918855169
796007775830704128
775677744663388160
852931462433300480
4392711016
2330823830
882458991934230528
782784216
3220882110
882733111103995905
754894904627568640
4086896118
881592090974670848
2248252431
797395517185474560
3230308968
797401472044441600
3016955651
797393851337977861
797397356920455168
3007908943
794182013343236096
794191643331031040
794183211681083396
794189461793828864
3007883192
794350063753408512
794345898746605568
3020951827
3000041655
746491286
1301508559
3988089333
1100553516
3229747844
817236289045069825
837663923297992705
3251048082
1075054358
2417535206
869225598442512385
2812242554
2468378288
2357761611
2228986218
2228956183
1929735426
1897749606
1891654734
1875297470
1875291614
1875274224
1832519474
1716305318
1714475509
1711378753
1700037722
1281746239
713429313
705564112
452550768
827115104
2457930318
712238229244743680
2409012430
873631903575834624
873533336588824580
852614336669523968
872547960231534593
742040143247335425
872872792659808256
836746757140844544
2520949671
871864469449834496
864242101508128770
824352139342442496
846550459863121922
861975753856045056
2320315056
1260104839
2942604838
20512957
331953702
1705988647
866011172629336064
2458113197
865237742531342336
865237119391981568
2855335964
2869826609
1635256615
66776516
853677828595953664
863939658396422144
851997768604372993
855396969799454720
861273637566808064
2322200754
2357109261
852937299637698560
852949800089681921
859745552313065472
859748871773270016
852929317017460737
859750191741755393
859750793188134912
859756038731517954
859754388436512768
852932425109917696
852933827597131777
852938502656405504
852928772173070336
859744553154301952
2906909719
843347342640250880
2566984307
847385881866416128
845845705348431873
824292301908430849
845252595354681345
845253507561213952
845254192142995457
736576739439087616
844664640797855749
2970724540
293650724
843480431467118594
838218481275265024
841699538486333443
842450538893586433
842137680381149185
3400690450
829025543303593984
835895040207646722
800413667695017984
750387852987408384
776565675624173569
838159740341452800
3282652844
131979992
814695014282379265
2580848452
835303231760789504
743579782621732864
818626552418201600
711257847691153408
725735054996021248
725740952250384384
725735605527805952
820060369997754368
757852990409547776
757852603157925888
757852194695557121
757593005293535232
757405447334813696
757404793900072961
757404315489300480
756227360559501312
762301613088317440
762783497400508416
828038664685047809
3008476070
752205474251075584
726193857076072448
725785436577259520
725777313514831874
726898568657813505
769269898920984576
807014917593104384
786298032971255809
813144897461092352
3850883307
3417774256
4573579403
4867765641
4470263836
825098267964895232
2769947253
726181899136278533
726499730801438720
726459916148416512
4198042294
723840459857113088
762775301457866753
4470161307
811031152358260736
713891179767664640
813145152818704385
4137746415
813419204716220416
726461232442646529
748294034624495616
752205131949703168
752038921782034432
746670547661099008
4557207574
4573109254
4465515981
746560490885812224
4165963816
759947356720734208
4198012456
2947852492
785963231638589440
3879296362
756824579688071168
2832582933
756652224470781953
3879728836
733955574765879296
762784534463127553
725754862823182336
813420523644448768
3879556769
737738315462529024
765705906877243392
726498630497099777
726497910578397185
3879413427
4070050763
725791889321025538
806628003186954246
4658125336
3349566352
3349524425
3349469811
787808285588090881
3349063383
4289363955
733444587042287616
4657947615
741407549644255232
3431335570
4465389257
785966756208709633
4197919581
821758945459142657
829375797542658048
717175307707539457
4465423648
4470180389
829877558271426560
828709126024867841
828708855358095362
724511138101256193
762774698514063360
737204683991842816
701902473146068992
741904712404983808
741923903094820864
3233254226
3050939054
4197910419
726504228492042240
4485547409
3150426049
3431256275
814859727708557312
756651444347043840
786152526525632513
785963901494198272
785963545422880769
785962858672775169
785964262414020608
806493520190173184
3431428085
4321838201
3408954628
725762188485484546
766086379415756801
4465475483
4470112707
815992078270394368
4279749983
4470151397
703004077328887809
816396405174636545
812401847097028608
825753550743539714
827998620213460993
832748522525097984
832747653293182981
829092116097794050
832733373672148992
832746272146681857
828208987753549824
2953879636
831847544556777472
813018409
832083038263652352
832080101684637697
831813564503580673
831588416018063360
830220206081454080
774945872505339904
775786939496665088
2393840870
4822964541
829308221210914816
825401812991741953
829046842306478081
818625159036665856
821970219065184257
825714940442972161
495567860
759740683481559040
824849718027038721
799932056750866432
3298628664
2151904411
825822974309756932
4469030314
825857663368101888
825761944950956032
760914111396012032
824303442260795393
823963317538619392
823245598413516800
822675755981123584
4537047154
1857887480
795970973266743297
817647367025528832
818058110891917312
890494910
811782134558031872
817029992517345280
817031477124853760
817113052793466880
817113900013547527
817116317438328832
814862984191340545
817029355427823621
2497964475
752002144174215168
2805164068
805461131447783425
814818429614096385
4387322596
3306623176
750008811633582080
758287576952348672
3394433409
805981423740055553
2495455440
2885321424
814841684794163200
4646826703
2957845560
801485828191092737
772454130824671232
764293848537395200
772446204630302720
772447858687635456
773719539066499072
772466509369212928
772468838973730816
802171252999852032
772211337472729089
772451207344422912
772210780641103872
772452251663208449
772468449725513728
772209770585612289
771455348662210560
772464799389196290
784769406832414720
802698572894453760
772991302510182400
770995054546681862
772452928061931521
772469742544257024
754352673932148736
772465840784609280
802169820984864770
803007676020129792
772468107705221125
772465597263347712
786180573777715200
770991729814171648
745774624709943297
772473098461470720
750683575729713152
750703130187300864
772467226943381504
809084927383900160
739500476778053632
779335013527646208
813655024400146432
2766328383
811295511655358470
528347753
4451688107
813843918697730048
457683388
3078146482
2465593597
1460883559
789516520779120640
602730558
813304754256445440
813249678192103424
812760981332000768
804696775617552384
812760321807024128
798719683172167681
812539574756970496
3067513883
791815772364472320
3346753041
765686761146179584
4634719815
3854556269
810044049948372992
810031926597844992
806935394273083393
812072375038738432
304706671
3190492830
810224646108938241
811238114832351233
810757400726794240
777675695849897987
3177539198
2999991719
806529153348632576
415823390
1850171630
725687544327880706
728269460218511363
806254133745479680
1606507681
4659311246
705587170871021572
4824140121
802973823796645888
777251918888497152
802442602033266688
1112417646
762170579784986624
792005348056072192
2959270799
748924886081499141
765157297589018624
723758070443180033
791547337046913026
795097907309453312
747810843711184896
797486427701440512
793808598203703297
3039530517
1886980302
794820516754227204
781154189040902144
783897968680144896
778294355027038208
714132262770589696
789470157391495169
703331994336432132
787011512531582977
766127641325887488
574080832
780219269657296896
788629002630160384
787559251409448960
4824270231
787044834389491712
1601050406
504871353
734418727890997248
783087904293842944
783087177106325504
783085939568603140
763631038144839681
777803454731448320
777625512466407424
777622615611543554
776394086391709696
745679183234359296
997359792
773156318249115652
772503046219784192
771486272674107392
3457577115
743181572447285248
757282373406953472
767805026131640320
3260393446
740170704419688449
4702772084
4382313437
712181992079626240
767415957966950400
768059087506575360
3939191296
703920593582821376
765896937438601216
2835447837
766766706878480384
755789343038529536
2930499565
3366116764
1230543716
3851896577
766061035237367809
4658559859
4143101656
755786391263535104
3390907919
745383089132736512
2461473672
764218484154851328
747685134921531392
717629623417376768
3742319295
416477241
950121416
3025170929
177934949
2778467555
739740352039518208
2921044573
760659828809142272
4850155193
763578276115779584
763476130468737024
763308704557064192
2167613496
760877297050058753
762775771098320896
762506807310819328
737803253698723840
762386746927611904
760881890609942528
756995474075230208
761828342807027712
744808936805543938
744807732142706688
743821722839834624
919409066
1625455688
3848765773
757703293736984576
752238667654062080
3556191075
756181209022013440
745602324156948480
751840196501594112
748488703564259328
3343162599
754202459900252160
751497356206546944
752877748889190400
731449622586068992
753698585561161728
753784952538468352
753611730178244609
753608113442418688
753605548730441732
753400602214932480
752302588071059456
752230147059806208
4322667255
251149904
3498695594
359921045
749800366032715776
2770345959
320637873
484677882
4613046255
858561470
746001965088444416
715999985452638209
744981867011641344
546898103
744040412948627457
743639665685594113
739255930332676096
743514514604187648
743360255518597121
743357934499880961
743355769106505729
743176352346497024
743168402940801024
1002099798
2441489839
742837466319720448
4916312664
741665088231333888
3690987554
741450945624674304
740235804820316160
739982730977411072
722220149504249856
425337366
739122776036904960
739582114996224000
730081568396587008
739227253024952321
739102114719387648
723350850609909760
730549164812144641
3490090037
4657301055
4657343249
1710522920
3490119916
1959295746
4657623934
4657393649
4657387229
2957551996
723268761466363904
737149131358113792
860805445
736585348747251712
708392804498583552
735389195225665537
703590427321094144
735219529425522688
733245085173710848
717132639157809153
4824651556
734089039301709824
3297410330
733367850438668289
719882935944523776
4727234117
4707509675
3408903603
3408712245
707620742716858368
3298408434
725391256583606272
731898671521013760
3489994335
4664982502
726385116113596416
731702385366736896
3229441586
602714946
708278964633128961
728458019927789568
731474450340806656
732972540914765826
732222247234998272
729802219621654528
732623927797809152
731918542514323456
730446490988994560
1074197852
730068827267076096
722127568237944832
197271949
730151542528053248
725775796590153728
729401518219124736
721355860514062336
728989688778895361
3323095911
3021161845
726505836437073920
726410121404887041
725787944494194688
3494390669
724436035657076736
725026450655567873
723911129269977088
723140654553952257
723138974005387264
3988694835
721417788959637505
4398566962
704683384870719488
719152317078048768
707472708020408320
3577245079
2840583428
716925664129982464
2820886941
2574929698
712401477206147073
3313611015
4839255297
4697136972
4789988165
714133815325798400
707051135715164160
708946206412529664
3027705049
710516316516450305
706886486734544898
709355921030287360
2896545526
709627631956844544
696982852534022144
3880593619
708003731988733952
588630461
706689153451356160
4827743966
706590843516403713
2871522893
2218945639
706162220531654656
705868524066099200
705309024351342592
1578391964
2785770837
701441043657596929
3347685268
172291901
4766633300
4903716252
1865523769
4882079293
4890999245
376631045
4885368179
4850397040
4849502532
4827564006
4874808496
4647243733
4739227146
4833465356
4861790759
4832119987
4831859414
4748172641
4855699642
4850759159
4776750618
4844779551
4836219196
3176283012
4636774217
4836797278
4775420652
4711623857
2883291958
3678705674
1626392186
4798161393
2424468830
3244519436
2180720790
4751317634
4790235639
2764458773
631472797
2999032844
4710533833
4615823956
3664113434
3664208353
3664087932
3664198459
3664223653
3664063092
3663889044
3664345039
3273937110
3273844862
3664233494
3664242194
3664152799
3273877879
3664011492
1573106160
2778229432
2652022465
2310038364
2652038821
4683187280
4683225619
4380141854
2778231868
4695302892
4695457189
4695388489
4695478262
4695309522
4695399326
4695328950
4683197732
4695413070
4682898644
4683202027
1572421178
4379937258
4695917030
4384481174
4384503553
4390417094
4390417693
4390272978
4396611264
4390430305
4390324214
4695378800
1572397632
1382859554
1382848488
1461758107
2738248713
2979095181
2959740706
2925213642
2719307739
2654193052
2795522327
2795520347
2719380207
2719410436
2651892573
2764923075
2973588539
2780351692
2798537338
2867556028
3023511529
3023457253
4444602629
4444574854
4444617742
4444696222
4444644016
4307059457
4308909621
4307114775
4307789729
4307812157
4308780801
4308898043
4308920477
4308888435
4307213656
2778177459
2778183845
2778204851
2778179289
2778179147
2979943743
2979944487
2979943425
2979943581
4655593094
4662017952
4675211372
4650236052
4622978066
4662092118
3433216139
3377763521
3333151583
3345501641
3334831269
2941347413
3741969735
3741879376
3741855135
1615913156
3378235414
3377788330
3377754455
3380214351
3077944155
3372412749
3226087889
3077945607
3077981357
3068516716
3226435733
3030053254
3077525487
3143839065
3065486709
3143810943
3143858763
3226143238
2897985016
3385102253
4757491335
4757533523
4757526335
4757577796
4757508857
4757559646
4406426715
4406468729
4406523574
1650516571
1650483450
1653036157
4406435357
2980012558
4414715549
4728764783
3902048776
4745083276
4736951722
4708165169
4580873733
4707634396
4704184968
4694628930
4696063220
3495000425
4539917652
4669913414
4680424417
3082892784
4670379044
462327933
892448743
4630722077
3395479282
4626130695
1858842529
4623548127
4616076195
4564209721
4651562173
934470540
4559001226
4574107462
4564201695
3321766351
3319261776
4574565313
4547895015
4466424613
4596895040
4528756162
4495285456
4486575082
2605232919
4414375959
4404907816
750489067
4368724216
3813068233
4459459033
3658146076
3140371924
4010677312
70417975
4332772948
4320995931
3418918460
3606048858
4251485907
4219707381
4272356233
3305176533
3788008337
2446832000
4146774629
618383670
4170811873
2272171324
2388740127
3268374248
4115513116
4115350695
3925933513
3228562567
4118678015
3159502660
3252992575
4139623814
940803216
3806347455
3734505613
3829926454
3430227105
2699401999
4062785714
4053232606
3428605197
2459502716
4008108614
130762194
3244847722
3028434035
3364555949
1588798255
3890664737
1317999583
3871454536
3855596201
3840728175
449641661
3832086693
3827818282
2308462113
181166440
1575373430
1556559121
353996233
2853748339
53724966
3294574919
2539236209
2946344708
2586324096
3324530915
2451942625
2420344409
3079007778
2746618710
3632602543
3671082552
3753970516
3750936736
3393835758
3648148392
3074335746
3634335854
3431568107
3431448455
3001206620
2269857709
3453781456
3666744916
3527767522
3632758408
1219623457
2418724634
3330950012
3534235032
2651438013
3344448357
3483176060
2284291070
3531024016
3588457936
3278158051
3389309592
3569632695
1480089452
3548799077
1002590822
2389723434
1452270390
3050544661
3515369776
3515187693
2310492320
3250934490
3409961172
3447985337
3467491654
3316163396
1245440402
560048300
3234569533
1047835622
221020007
1032446821
3142517143
3332825234
3254669428
3435802101
1854509754
3389629781
3323551010
3430369006
3435070139
2415662556
3322562467
3321746432
3381941655
3331526085
2891198763
3430295469
3430593873
3298816439
3430497585
1334590530
3429358054
1692553195
330647520
3380767773
3270363858
3421482861
1643320548
3416829311
3420150833
2951788358
3415469699
3393468243
1325351252
3409540324
3222080293
3308962782
3304518277
2962474850
3153933387
2412749561
3379667567
3379944881
3402109295
2971650567
3304289562
2857402954
3367169182
1711520263
3178840651
3323237307
214673268
3386810759
3283690922
283517565
3297889681
3376206941
3293898337
3295929690
3082134746
3259363068
3288248533
3262643293
3287177071
500083956
3385917897
2470320558
3137709094
937932547
2677632098
2757298085
2324175571
878418000
3294515320
3382007831
2916975993
3240739577
2920774702
2993119925
3234572255
3316474701
2993542240
3244366132
3027534028
3006762719
3001805698
3010071352
2914464963
2236646491
2237373278
2916520625
2916129803
3099498285
3319675713
3319511170
2920635521
2999031766
3242579753
2943837699
3316480131
2983570474
3027539938
2937538293
3037446625
3037442023
3037427444
3037450243
2996826616
3047913171
2996735229
2937517401
2648797962
3048759333
3316077994
3282575857
3375191482
2273290867
3290195541
3320686521
3320754899
3126246489
3012743945
3362232303
3126287446
3121221955
2525221224
3355130007
3323883550
2573634705
3290334616
3290274010
3290265885
2562665626
3320946525
1062148850
2395053954
3355279901
2990181765
2990236090
2936800096
2936818654
2936912740
2939643711
2936760669
2729429898
2992873301
2982907006
2482156446
3341382365
2294668495
3341425486
3341586268
3336479531
3236339882
3236345876
3315370625
3297864507
3291363454
3294326831
3322935761
3313118794
3364162913
3301878219
3078022738
3375729297
3331582053
2896060240
1577115222
3266999022
3268153844
3266999160
3269010062
3242071844
3255859890
3365747260
3268469672
175292966
274079284
497978335
926517793
1517854362
3369932122
3079284077
3181420568
165646306
2863610352
3265646378
2740645304
3118351968
2427212735
3232859707
3074622069
3111998059
883389000
2968991301
3252115122
2882142868
3243014900
2577819049
3242954616
3111829123
3252173648
3111751158
488749730
3336012453
2818501014
3252546627
3025350387
3025405300
3252654532
3346021355
2573762455
2767684325
3343069845
3333540561
3073663550
3222248503
3305687092
3252767512
3341610820
2518104674
3339354622
3164567500
2988236811
3333535263
2743193428
3135573653
3325341371
3336538282
3249290174
2891485080
3317316604
432937752
3109230480
2615376563
3305881499
3325202757
3324454049
2765577905
3321593567
2966026292
714138925
3227717054
3185590254
3104284020
3054250718
3058966010
3091375525
2882198006
3313430848
3241510180
3216609445
3120127013
3314759662
2595037844
3302000117
2361230868
2953275019
2989420090
3153237769
2987994737
2972181987
2948783789
3089430173
3122928151
3131393537
2972281000
2951671328
2895034412
2867168541
3047578977
3054564247
3054375462
3053759070
3038778726
3039795578
3020022374
3013336343
3010550541
2897378743
2763650292
3029304280
3027089499
2808882472
2931900797
3003628159
3003743518
2974326951
2550235690
2988150063
2983131969
2960514255
2330446509
2950738071
2971982529
2907662289
2959133200
2955638105
2733780633
2776826043
2938585936
108718407
2945325248
2939956923
2466698275
2934231818
2937316439
2940008982
2939245646
2890034092
2911582618
2911652633
2908317027
2902599573
2896145811
2896682637
2895812854
2831035311
2188004765
2887810681
2901052146
2874182967
2876008204
2872858451
2845844707
2887961436
2778249718
2465544241
2845748266
2848002418
2290055376
2867696826
2777930007
2818934999
2864320322
2754637430
2865964734
2860736142
1546297944
2684067728
2668989887
2841489782
2828796566
2841869772
2793393015
2831544626
2793269740
2791060079
2787373986
2790350523
2823403100
2778997127
2773349169
2787608007
2827617780
1366936652
2823367202
2276464388
2777018626
2777324398
2820314220
2820135259
2601285453
2774685687
2773822367
2313987050
2435872128
2442821035
2758680622
2768479797
2764844518
2804439091
2758051810
2796549368
2765197581
1285191703
1584370010
2738539624
2771410483
2233976364
2787579362
2790715254
2747235905
2760903609
2759278372
2760734380
2460774338
2758926688
2734595458
2759445869
2753912498
2756056865
2772479928
2598902664
2776318285
2750486890
593739336
2506230716
2742332123
2445514911
524323146
2766865844
2748851207
2448230298
2761724102
2760127254
2756876576
2755672969
2750219273
1279372699
2755407216
2604592114
2738441273
2749764183
2753328164
2748143289
2749021815
2738915192
2745095502
2748424449
2750380248
2746574699
2353203473
2728192858
2748240040
2614096344
542772086
2747705787
2745597458
2743930081
2743878710
2746915684
2743329904
2746032797
2742240843
2739054584
2744703827
2516307712
2732643996
2743646847
2704468012
2734593319
2743164263
2543766637
2732362014
2665490019
2742563427
2729586330
2740828421
2738733238
2741249259
2740263863
2740191850
2673163821
2705982596
2727643604
2665912695
2736635697
2724242059
2589569601
2717742487
2650676053
2739364457
2728667501
2739048783
1495519416
2737086711
1676288666
610537460
2718994458
1166824154
2737770359
2737296141
2737540811
2727471093
2735697285
2736354321
2736218643
2494037042
2707819650
2735446240
2733860992
2733235473
2704614642
2732215097
64317441
1933225070
2698516368
2729815648
2729422937
2720057871
2728951277
2729041877
2728621744
2726547471
2335833774
2726858721
2685745476
2726473187
2725225497
1975700784
2380030034
2611961258
2725551227
2680354368
2720618577
2702588913
2679411115
2679051452
2679015103
2677981290
2723188709
2723118389
2705441663
2206456485
1202274835
2660688296
2567347891
1657538370
2661092000
2663967722
2663448708
2610892003
2717228404
2716272388
2501085012
2612257058
2597393527
2714478310
1902737065
2711801865
2711083666
2711019581
2710646872
2509122452
2638392953
2700177045
2696326606
2324226522
2680826548
2697693449
2696205273
2695106135
2605023924
1681927201
1612457588
2465900956
2694369280
2615021797
2693043538
2685265821
2614059734
2531703948
2691307803
2576664233
2690794947
2689965279
2595002959
2687237080
2686498150
2588283121
2684434516
2682206284
2681984763
2608832689
2608663710
2681415293
2608507146
2679409419
2678911149
2582368613
2677403883
2606060238
2604156572
2603012810
2600964529
2598728611
2602662488
2602388503
2668581287
2600309587
2665912691
2664426171
2644670633
2664988546
2656263544
2575289994
2596617036
2553662551
2593626560
2453560437
2647182717
2546829867
2657200985
2596627742
1558267394
2595334921
2593655844
2574754223
2591871853
2594998760
2591895102
2481987772
2651676035
2651350618
2193069538
2206710086
2650270180
2644781571
2592591852
2591112169
2637574834
2647485081
2647483738
1611918878
2637010624
2643691163
2573489730
463925498
2590760287
2570981910
2645084542
2472367506
2590033099
2580301502
2589157093
2579287537
2641664925
2641704083
2641177612
2635006516
2638491465
2586075049
2585586763
2637151307
1901636809
2631599085
2583944118
2583656749
394513603
2578713132
2632556266
2542500926
2632257748
2631999593
2582559463
2631497710
2568908856
794734759
1680007706
2628977662
2581159868
2629639187
2629624900
2486456758
358955727
2573382740
2506182247
2512694125
2613185950
2408385110
2624071251
2622803189
2553720422
2617750840
2401117933
2615099134
2571615788
2615032971
2567936586
2570120623
2612603921
2548800313
2488474435
2568110948
2569409551
2612063861
2612075134
2569259058
1683380490
2527319492
2566386308
2521956830
2607133348
1369793520
416629040
2564871284
2607032535
1370914314
2563854242
2602000023
2604081952
2563046810
2555454806
2562166680
2486217048
1205557537
2598137931
2598125889
1284345552
2553884960
2595735940
1189139400
2510951908
2555774630
1569638623
2531897646
2202344194
2554785313
2585265695
2553230448
2568536585
433446857
2552109390
2287330910
2568530793
2531053957
556029710
2585230277
2549223055
2585419498
2585232965
2535854346
2539466304
1010087922
2538893520
2547006457
2546475786
2263933982
2546939401
1541605309
2582770336
2319341196
2578239868
2582513602
2517783859
2364098670
2576013851
2581196488
2579635864
2198641890
2578966474
2578378197
2562562918
2490609020
2352287598
2559545651
2574441713
2538251834
2261178630
2468226410
2418229102
2518448653
1323401594
2532743030
2534279911
2287730629
2533844587
2533467199
2533456412
391667720
2510834497
2570134485
2570477421
2532556244
2549328136
1091677310
2528381040
1959505615
2467250048
2568015623
2527988761
2521580174
2562079882
2519118954
2525637468
2522835139
2501371314
2448836659
2562705502
1179865969
2478833498
2320130441
2561206618
2517435217
2478285229
1541512316
2559619738
197644917
2558891169
2559123916
2514044612
2513894006
2513662062
2556064997
2539589097
2512864422
2468399466
2390943978
2166073556
2511006258
2510885048
1561264820
2512798636
2537288105
859386954
2509121707
2537631443
2394971810
2508083808
2473453129
2549325754
2503634930
259478870
2502419179
2502873132
2502118614
2348901528
2549329072
2495889402
2224533553
2500339760
2500305841
574419294
2477532649
2475006306
2495925888
2456938038
2545481471
2545413629
1978752475
2491398373
2209882938
1669870544
2490066187
2489706925
2477421541
2411918294
2537749456
2524102126
2540385399
2488290133
2539497845
2483576924
864213667
2486778978
2323040576
2445731259
2472694816
537528663
2482661178
2477470896
2337142190
2535188625
2464170690
2483767013
2458868071
2479559916
2480140394
2477847728
2528372943
2525316724
2525155060
2465605435
2475098666
2505308817
573303554
2519814027
1919556626
1511829709
2459449593
561476828
2466719161
2512481103
2460485947
2464872876
2270254662
2509399666
2177089320
2465139727
2465064746
2464970304
2452289600
2440123266
2482230239
1291255052
2463175496
2463029310
2212070205
2462184140
2458486674
447919093
492974556
2348391271
2500233917
2496500261
2446460011
2432822448
2455185696
2454367788
2437775246
2454084242
2484819016
2495573609
2453216642
1797767354
2444722736
1457231574
2192704275
2442264967
168421521
2449883840
2448061154
2412269714
2434375844
2446897490
2431070493
2446346424
2345780763
2446273405
2291713254
1563820843
2486222355
2238386966
2444368171
2436070284
2350741704
2442194569
2441854231
2441640018
2441478433
2440845866
2479070950
2440209534
2440214144
2478662915
2298512407
2210836152
2470288833
2476080095
2434425636
2437750862
2474899613
2474784219
2256946994
2472030353
2435565210
2432639551
1647468410
2284458720
711226775
2155942421
2468231865
548618929
2455207539
2467593941
2383816273
2356652732
2393878814
492491373
2466129496
2431037580
2400841837
2383490086
2367057055
2428646180
2419224037
17478928
2459803533
2320547401
2292068665
2440447655
2453580161
2383065078
2424218408
2372305114
1681031186
2424037328
868367414
2453167228
2453110054
2420921412
2422032018
2415778027
2420699047
2420951623
2417275836
535410177
2334593154
2391128395
559906750
374403622
2417979930
2172768840
2417685170
2262031860
605459094
482845520
2416772293
2413472868
2442400678
2377653512
2414800050
1941293972
1871939808
2379834552
2429180818
2415342311
2438303615
2430923823
2420495501
1343305016
1482464856
2359680100
2430813915
2409251768
2433667319
2307566079
2408434326
2408333653
2407963158
2170685797
2431807300
389651512
2431762089
1628622282
2396721697
2365722170
2376318952
2162017879
2402126826
2387588899
2239738356
2400364879
2402021528
498063559
2403372402
2427788631
2361492188
2402237653
2377479793
1652796781
2427744682
2402154726
2402024922
2389531358
1666788589
1592411599
2401052191
2266754893
2400570782
2398658485
2238352530
2204179934
2391180998
2350271367
175473492
2359575960
2334779969
2394803023
1275537098
2424601307
2421293872
1873207670
2318099360
2316703297
941576798
2396118775
2216865361
2226728121
2418108634
2392829756
2396075335
2392333243
1849718958
2395210993
2291965176
2269755913
2418611931
2394667261
2161163177
2416347623
2381078748
2393326123
2157103962
2415457402
2416020629
2397046409
611613242
2415423274
2243744363
2358135901
2380602087
2392156604
2400927533
2387746399
2391697422
555208832
2355290141
2330067361
2381004969
2156878957
389774058
2411557511
2385590857
2411456302
2389981620
2357665422
2227515052
2389135908
2353220173
2388071168
2288637170
2386929084
1601401488
2187125804
2241715395
2405942200
1959166856
391005861
2385171708
2220239586
2385123277
2324108230
2183252989
2382433615
2402420193
2353798388
2383608872
2339264022
2400595101
2366354193
2343852286
1283843334
1959169488
2367242640
2398745884
2398664032
1622070919
2197932151
1520417707
2387972836
2393928849
2380739040
2395918006
2393657103
2389135966
2380345171
1562446309
2396215576
2332194217
2338505995
562289644
2379421489
2183233736
2344117829
1368489936
2394760462
2394593373
2378806878
198850776
2370337704
2377898588
2184332903
2377571928
1603880809
1894942795
2338020544
478861384
2391592918
2335011918
1864690939
1926107442
2386444222
2182847828
2375539946
2375942090
2383593856
2375733080
2210779274
2305542817
243309537
2375167297
2386836177
2374487432
2252569006
2380302465
1709509976
2374048646
1445834750
2275725367
2368310947
1618934036
1921847491
2360057168
2372682642
2369592931
543067865
2339948240
2228905387
1529206849
1890032966
2372113880
2365200693
1669137746
2380860807
2258559477
2374267150
2349856264
2337687787
1965665419
2369478648
2370410438
548936526
1696918134
2349904632
2362203030
2369549635
2369186457
2369383112
2377073015
2259781620
2364166656
2369185986
2369000568
2368980230
418136131
2292280557
2337190344
2356398757
2331800900
1678266056
2341464690
2180079934
2368530535
2232537475
883705700
2329342482
2323460569
2360424355
2374547866
2316276470
2327307863
2175633647
2311929536
2367608238
1517820223
456708627
2354912824
2355220394
831741102
2298272498
1631136145
2334537216
2264790129
1061115996
2366668502
2238813145
2201908612
2335560990
2359230168
2366418384
2366209123
1856127313
2358494274
2256881931
2335211088
2210826744
1921526414
2371697367
2280984619
718003084
2371540276
2229057243
2369998937
613400742
2362011300
1685270611
403255314
2363686393
2363856976
2361394079
2360998260
2359958245
2310524546
2222851233
1702276778
2291858202
2357224344
2333957469
1459550688
2355763869
2355768358
2355767337
2353754814
2355160744
2355151306
2355104975
2354592021
2239752964
2354164797
2352210512
2352947038
1958843784
2350880246
2352318989
1766198520
2315930477
2350171481
2346967908
2349085853
2343981506
2347367909
2324479070
2286984728
2347776400
2345918619
2345920223
2345674412
2329738839
2334996345
1116627018
2344557868
2339204295
2338819608
2270794981
2277669343
2337252834
2326757793
2336074072
2303763769
1596676339
2335662924
2334283918
2333488791
2332543131
2331886941
2331878735
86356996
2331771887
2331770452
2258370801
470545847
906000811
2326463814
2330643275
2330512793
2332181696
2251988500
2328672837
2328617073
2327310893
2325468045
2324654159
2324327847
2322300531
2322262019
2320629399
2320584544
2320163133
2319734385
2322959990
2322957289
2322584486
2318197851
2318183635
2311853178
1641281761
2316464077
2255697474
2315495413
2314735585
865219062
2313779750
1543747501
2258480442
2306592731
2312360959
2310737708
2306017702
1621273118
2304412636
270430084
2301864658
2304346414
2291388685
2261413865
2269631205
2269652427
2310324355
2303573997
2303547855
2304760824
2301686437
2302061799
1282066568
2300399387
2300276850
2299761969
2299779861
2305481010
358394542
1663688713
1656673975
2301701772
2303577523
2182649490
1710757945
2302692757
2302575872
184950588
2293456805
2294865109
2277694136
2295287227
2269125008
2292298414
2290864037
2291703011
2296853138
2219958585
2183479129
2299090674
2292527144
1961221958
2298706153
606431737
2295263749
126370504
2286747181
2298156938
1375704386
1717556150
806043240
1721673565
2280559719
2279333384
2288647262
1965721123
2288356452
1046165155
988022120
1766034991
2250475455
2275148111
2263209060
2192600188
1609058694
2269486843
570101772
2267631018
1442109500
2261565918
2258027881
2256693643
2256678884
2257429579
1597442203
1669555470
2205128358
2251762848
2251763833
1621652593
2151667188
1963198128
2189770867
2151688255
1327805941
2189739444
2219023339
1454573869
1547391523
2263364940
1963021777
1946692950
2275690086
1946843797
2275686260
2204202619
1946756832
2275710253
1956338689
2204149663
2258700439
2259968689
2275701522
2256778548
2251282010
2209462183
585516662
2282805696
2282908189
2278966957
2162347603
2282789348
2162344862
1683311786
1968276517
1495027129
2251770079
1340802384
1862402774
2282959982
2227410697
2256450918
1698518586
2256441216
2171642342
2274312578
2254800726
2275895394
2179546482
2265451766
2268597085
2255978946
2256460106
2272915687
1443506623
2254840088
2277155587
2281873988
2256252631
2256295069
2253211914
2277488161
2257300014
2254662150
1853373774
2265669020
2273759958
2281743116
2246976787
2263476510
2214755718
722013272
2214758256
2263458612
2248143504
2214754369
2214762326
2247775016
2263499922
719205036
2248470277
2257378640
2214769579
2214770660
2214769358
2248142911
2247784753
2282651683
2274063846
701005132
2282135210
2278055473
2281058575
2281033746
2267219050
2280006180
2279727038
2279106373
2278384946
2264522782
2278053859
2255337457
2276869754
1465731853
2275391580
2261351121
2275469568
2275193106
2275204280
1912408238
2268590628
2273340211
2256297897
2272600945
2273160625
2273145272
2272597346
2250567802
2251076751
2251167057
2272528722
1869875610
2256815663
2170544780
2263572326
2270906101
2241450825
2250583588
2270642108
1320804145
2248909435
2249059276
2251565891
2246100809
2232189636
2268565622
2239160942
2239151424
2268560929
2251001758
2268244868
2268304039
2268223693
2216480362
2267979708
2267284154
1870199852
2248982537
2249199357
2266682694
1895232606
2224200910
2263292292
851527015
2225984078
2265461166
2264954353
399644350
2246891985
2264789082
2252267287
2212944261
2174934916
2188817168
2205284883
139539038
2162521477
2258403140
2238461242
1650567320
1267324830
2241068462
2259869227
1433675856
851530874
1852840620
1551036468
2213078145
2190521937
1681887720
1681935355
1681893444
1682836260
1929922789
2258351131
2258373638
2258328133
2174821548
2238849869
2258180618
2236733808
2257825914
2237083414
184284149
2234725887
2234594165
2233725321
2232765269
2253034267
2231968282
2229735466
496934876
2250199807
2251243512
2251218619
2230055859
2240002502
1462817964
2249766385
1626392179
2185019296
2248865155
2248086847
1890540132
2247715310
1571999628
2247488798
2242596199
2226528587
2246348456
2246309238
2246084064
2208146367
2225974697
1721125766
1957764996
2244401754
702958210
2223442355
2243222862
2222556447
2243093712
2185269167
2242732808
2239839816
2190573865
2234837538
2210864840
2239892881
2216303135
2239653475
2227270939
2239388598
2217403179
2160754768
708302867
419239005
2213859593
2216476629
2238002258
2234146740
2236532263
2215241051
2236832214
2174942092
2236807326
2236731654
2236551360
2236513500
2236496112
2214432778
2214420947
2236482450
2214430516
2236463766
2236454683
1535036089
2236437584
2236429663
1904734676
2236417087
2235463254
2223739165
2236343035
2214283702
2214259385
2225531408
2214244989
2213323570
2236290715
2236275384
2214202883
2213420458
1961533076
2162602333
2212112333
708333881
2234392196
2212601326
2234782274
2233929206
1971830010
2233934538
2233675819
2233522849
2233510020
2233504363
2209536825
1563864229
2210766653
2233213086
1363273554
2203177156
2232447146
2232434964
2232427902
2232280556
2232203791
2232186289
2230828111
2225917956
2209306253
2232029102
2232016178
2232009973
2231987802
2231998800
2207584456
2231814470
2225938502
2225936348
2225942791
2230756272
2230620169
2230603440
2230593536
2207887329
2207875257
2207854541
1976795754
2230108418
2229042726
2225944789
2225940180
2225934726
2225920548
2225913810
2229003390
2228958672
2228954293
708270340
2227428972
2227424431
2227408814
2227148858
2225917951
2225935968
2225868924
1416508099
2203861036
2184572735
2203846037
2203828827
2225559206
2225490908
2225421104
2225395422
2225368616
2202735802
2225344086
2225324929
2225313794
2225296938
2214127122
2225288401
1106767453
2225278645
2222436450
2193980872
2203283746
2199818824
2225019415
2224995870
2155574485
1970547990
2224171543
2224105824
2224016594
2223994452
2202406461
2222484067
2202260488
2223551742
2223500112
2223363890
2211308988
2201186873
2201783789
2201642675
2222574889
2222561024
2222498606
2183717951
2222237438
2222230975
2211000146
2222117084
2222131068
2221751743
2221872828
2221857800
2221838760
2221845774
2221694354
2214902768
1387067101
2220986616
2220954654
2220949789
2210336034
849093024
2220318638
2198867146
1457684582
2199719843
1952630552
2199829025
2205636595
2220286538
2188266758
2219902692
2194658491
2193323724
2189256306
2217169658
2218825866
2218799166
2218691138
2213028384
903776850
2218428386
2218220082
2198074905
2217670664
2197157789
2217165811
2217147284
1798132680
2217070404
2217055892
2217046039
2217029424
2217031326
2217021582
2217016568
2148148518
2151582559
2153589272
1737893568
2216717058
2216658338
2168279397
2216427859
2216289721
2216261155
2216089722
2210990887
2215146534
2215120256
2215111416
2215096496
2215083031
2215074643
2215058246
2215052965
2215039544
2215028946
2215024250
2215019587
2214941430
2174968123
2214880674
2214793243
2211672715
2214847368
2214691230
2214682976
2214700478
2214730586
2214705493
2214537013
2214462314
2160295298
2214364790
2192482955
1563646698
2193936405
2195154921
2194737597
2205406657
2213268481
2213277679
2213134788
2194631920
2211621385
1266147775
2212965097
2212771202
2212754246
2212608408
1867360885
596221747
1610185718
2211624200
2211601621
2211611160
2193583912
2211801637
2211788832
2211768612
2211735211
2211677635
2204396629
2211519132
2193339669
2211442825
2211410455
2211379220
2193234567
1850415049
2211140214
1868389442
2175873568
2211141121
2211001670
2211108356
2209495201
2209469642
2209466503
2150005547
1587507289
2210792510
2210780228
709699492
2210706822
1736104159
1722959431
2199651433
2208358364
2206644859
2187151548
2209909526
2209927105
2209916065
2190857020
2209783783
2209778336
2209769216
2209764144
2209792004
2209772666
2209797824
2209789729
2209774920
2209776421
2209760492
2209489747
151407031
2187968811
2209501896
2209506480
2201885348
1956673574
1959115440
1563658320
2191087687
2207994792
2207928224
2207817534
2184934018
1641607158
2207641116
2185364308
1388171467
2206407392
2202027230
2205771289
2205526338
2205510710
2205506264
2205497244
2205488190
2204992782
2205476438
2205458924
2205440646
2205418747
2189399345
2205448776
2189169304
2189171085
2189166441
702533939
1873266643
2198265456
1973845266
349490310
1961006010
2204100128
2202343044
2202347190
2204046817
1388368388
1720881270
2203953643
2151598147
2153658462
2151587474
2183798541
1891557146
2203838131
2174003344
2180957799
1655323423
2202085944
1372913516
2202514568
2184868209
2202954836
2202850736
2202838490
2186223603
2199213883
2202515443
1976707327
2202349464
2202350730
2187268736
2185220254
2202204380
2202275119
2202261902
2202252859
2202229812
2202204234
2202178002
2202156354
1648410602
2202022003
2187531716
2184638746
2189834119
2171495773
2156880095
2159632353
2149328091
2177762764
2159632047
2149324143
2171491448
2171488687
1948797973
2196370927
2196383184
2196396500
2196388616
2165620478
2177582720
1946241008
1937580696
1936491620
1936232990
1850968530
1721888810
2200614871
2200601208
116314244
2177190511
2200317439
1715786886
2178745600
2176159252
2200232533
1836335358
2200178725
2200061148
2200088682
2200088112
2200084657
2200071319
2199900367
2199889602
1615803144
2199887214
2199900788
2199910243
2199895596
2199893298
2199904778
2199905538
2199844910
2199822301
2199798002
2199788838
2184622024
1957764824
2184107631
2166507039
2183878701
2199374600
1974493844
1563593647
2172677130
1865583877
2169770465
2181372539
1582205000
2198802109
2198722820
2176076522
2198722273
2198710597
2198403829
2198667248
2198667391
2198661036
2198666131
2198395742
2166379359
2198410202
2198614434
2183859671
2198417966
2198390592
1952450077
2183549685
2183541729
1922118379
2183510045
1417842481
2180785241
2179920297
1940456420
2161002162
2160999235
1940460224
1940432412
1940439000
1866308150
1699242042
2197844857
1699595256
1699281552
1583398628
1699347379
1581435660
1892051598
1892105744
1892142805
702201897
1942366284
2170810211
2170813024
2177091507
2178962740
2178974847
2179540630
2174984453
2179596773
2181458885
2181461674
1670926844
700663017
2194590062
2194550413
1696840525
2194576951
1944375606
1954822117
1913574703
1705085132
711151252
1941190076
1962339307
1948072982
1938814686
1941179838
1962336079
1962305588
1941198944
1962322344
1331225438
1476610033
2161439264
2161433670
1476588092
2161447964
1490010037
1476581924
1489983494
1361346078
1348138484
1348127436
1348143541
1627573656
1517281928
2170682400
1900259042
1519177334
1852298725
1519881996
1900849328
1520561942
2169746046
1854855013
2184417841
1900216334
1900898582
1659343848
1862587556
1522516338
2170705134
1520740866
1959207768
2160883584
2196275394
1863934332
1522746553
1348140584
1494042194
2168277438
1525690549
2166040207
1893226212
2170319791
2162215609
1348124124
1627620253
1361379301
1438410060
1627616329
1438398660
1438405292
1627564662
1438387880
1627610227
1627605847
2183562931
2183613176
2183616937
2183600083
2183615611
2191140996
2183561251
2183616200
2191135472
2191142617
2183561354
2191136930
2191143865
2183559572
2183613314
1608302424
1438374462
1114542134
1608321590
1627611439
1596067964
1577306666
1577335885
1866950466
1577349763
1468266956
1609780998
1357320998
1358629788
1357278834
1537885249
596401980
1024084008
1609545452
2183239425
2197559844
2158397812
1137236300
1245000973
2193267415
1958618353
2182458989
2196716424
2196718531
2196672421
2196671911
2196670831
2195080693
1209096895
2180812235
1604301026
2189050164
2181165862
2180676148
2174476193
2174476396
2180369282
1520236525
2196436914
2196433686
2196427674
2196413568
2196422629
2196409692
2196389119
2196368904
1799079432
1718971836
2196392756
1718974734
1718980908
2196390247
2196397867
1718978394
2196399024
2196384318
2175360647
1584701402
1195000621
2182137239
1402142526
2161670753
2182025800
1494287377
1535092753
1535095891
1862022547
2177361667
2170946646
2169480834
1609225944
1966093333
1609292029
1609255200
1880735287
1961519588
1952865907
1952785254
1874303094
2170961568
1945884446
1609129052
514009682
1727323099
2182557140
1899536899
2182569283
2182539410
1861983427
1862000395
1861950288
1862022890
1610864948
1436619456
1436678743
1434367604
1436670404
1434403321
1434375360
1436679518
1436741947
1442069676
2180716984
2180708836
1565152112
2154506811
2148481882
1735358328
1815405061
2151315826
2154525795
2155369205
1691172313
1815873654
2171406240
2195459730
715500388
1403451402
2181287037
2174970107
2194855957
1885845734
1583956490
1941368436
1440942962
187062262
2157476134
2177695146
1865142720
1827479191
1766325786
1766048587
1755719137
1754939916
1754617338
1754478193
1754077141
1715894454
1708547202
1385953904
1459746164
2174232267
2173538662
2173531384
844224356
1525226708
969786294
2174237147
2173533515
944495683
1389830948
2164259510
2193473652
228594808
2152274128
2193284412
2193240980
2173348511
1643868883
2192588947
2149257033
1477245660
2163139667
2186890700
1625965316
1625983909
1625933712
1625932272
1625980315
1625936066
1625973721
1625971147
1625948132
1625975089
1397929784
2190579722
2192766960
1871582550
1867994575
1867946928
1889736414
1867919149
1868035928
1867883532
1868094721
1889802126
1871843760
1868078491
1889778498
1889762184
878227422
2161033754
2171441604
2173465549
2173478550
2188092704
2188057082
2171559325
2166156775
2187905154
2173296529
2161007942
2153210162
1968791791
1953905840
1952275981
1449432438
1449421254
1558672951
1578519204
1578588506
1578571434
1578602966
1578583705
1583366132
1952204232
1940417378
2173638647
1940798984
1645873646
1940643108
1940621858
1940501678
1949387382
1936691952
1528412288
1668612793
1643500572
1528415924
1919528359
1528439521
1164372151
1637213191
1687165747
1699165909
2151265784
2151215047
2151213115
1901024359
1900940054
1900931113
1900818288
1900864861
1900840723
1887010538
1886994692
1886993059
1886931679
1482579985
1498850406
2175937570
1612672646
1488196135
1482209527
2177179743
1485302978
2177175801
1498884055
1484694913
709500419
1719531025
1485329257
1719510734
2177179397
1612676726
1484712043
2188880402
1498969658
1863584515
2186920068
2179296909
2179272706
2179116774
2171454700
1703239681
2191148479
1967289571
1727004054
2178794758
2172509653
2176907286
2169946619
2191079977
2176118693
2190678764
2176305239
1706383706
2170669734
2177498945
1608709135
2169925793
1720152259
2175825527
2177279329
2188925004
2188915224
2188899764
2177160395
2188867994
2161120713
2185508719
1568506212
1956418123
2155547037
364829245
2169915449
1694281118
2176435144
2187266581
1618985700
1881847074
2176124447
1884358195
2186672947
2175919654
2184529321
2186504972
1442683158
1442702798
1486376634
1442430092
512459911
1621123464
1627789789
1593432116
1593368970
1593339102
1457241450
1412404716
1591797390
1591777278
1519428156
1593413768
1593353934
1366165236
1459795452
1894622288
2175744796
2175736179
2175732405
2175730433
2175724683
2149420122
1949554244
1949482578
1911422420
1904549298
1908355398
1979103067
2172587443
1920952094
1861284744
1908347665
2151411246
1908429692
2172591878
2150570934
1362750384
946590164
2185383590
2175110920
2165462485
1626393230
158470617
2183154546
2185033645
1937115457
1869869750
1869855770
1869865628
1869835448
2184692629
2184687566
1963184658
1598237376
1546056036
2184474482
2174545132
2163389068
2183790061
708276430
2173932688
2183250206
715368701
2173554575
2173738019
2158641248
2173669888
2173196310
2173540493
558091706
2173338185
2173304122
2172911309
2181370026
1646751470
1350674377
1403479560
2180951564
2180935820
1537238875
1965536102
1727921966
2157933874
2173974170
2180311232
2172137583
2168310782
2179127659
2155270137
2178971046
2147988798
2166261826
605522880
2155869754
2178372805
1953604087
2170902059
2151785885
2177700488
1075132741
2177245885
1746832999
2177022624
2177009149
1942481796
1961089010
2176643798
2176667053
2169712929
2176476344
1657365246
2169503249
1121668734
1389106489
2175305191
2175198062
1851536130
2174672618
2172970392
1430294064
1414229972
2173918304
983447034
2170970906
2162520789
2167831169
1608252170
2173275648
2173249734
2172812593
2172958586
2165495909
2166990965
2172800479
2172802304
2159590448
1584012708
2166883642
2164091214
2162558229
1601904938
540040939
913059372
2166350321
2172129998
2166296842
2166288023
2159221591
819720738
2170365307
934092931
2171177731
447564689
2171214031
290070019
397285118
1939162118
2155121973
2165487616
2170501970
1733595876
2161229159
2165321987
2165096595
1936031862
1374850994
2165250610
2169579883
2170317385
2170300538
2170286504
2170275301
2170262971
2170254499
1872143100
1941118880
1941086580
1013381976
2169480954
2169478824
2169475981
2169424632
2169421567
2161704936
2169417428
2169412878
2152193526
2166001939
2169405338
2164176509
2165730102
713367893
2163996165
2156559828
2160820391
2163453814
1696163701
2168780208
1899389498
2168700830
2153842620
2163520559
1827320246
1710258786
1916611182
2150394601
1601023466
302233349
1884670249
2149823003
702120981
1960713036
2156881295
1892763588
1477029998
531830794
715930761
2155251003
1888923224
2153460705
1340037494
702127979
1914016454
2166901309
1628447245
2166838346
2166816996
367275983
2162859636
1526378630
378376122
2166564582
1875795847
2165763674
2165782327
2163566341
1645121611
2164161283
2165686466
2152162352
1713959462
2157424397
1864549357
1869022068
1696905666
1921366694
1932892572
1711679028
1317931248
1924130456
1074786824
1898534131
1880325679
1898444670
1891729470
1711741722
1382810276
1699684778
1920753840
1868996197
1920747038
1630782110
1898468108
1711832395
1865819502
1411254864
1939590074
1891240142
1345094143
1880984646
1694568284
1696748323
1696894916
1711712065
1869133820
1924729766
1944952994
1866049550
1921388438
1884043788
1921418407
1708854571
1924107648
1699731319
1891100528
1694516442
1895900353
1944958243
1390324604
1931376678
1898525180
1944973328
1901974454
1921437884
1921336974
1868909694
1696811406
1696785547
1895868084
1891776955
1924728595
1332280050
1945028149
1883951184
1611374095
1390271875
1868709973
1922163721
1921431349
1385935616
1869175212
1959874567
1696945189
1865467183
1922082486
1942566942
1905051516
1891218343
1711760419
1686079423
1866206641
1344956010
1325541648
1932911114
1865484193
1959883754
1099042975
1880596434
1692532513
1711679911
1696725223
1865647874
1891669002
1708689936
1686009798
1629792440
1944937940
1887995342
1403356080
1898544734
1905071418
1223053843
1939507320
1696493970
1901140921
1865560878
1944886062
1884055525
1613960130
1898462497
1905059040
1920814370
1939571972
1921444207
1932882438
1884087625
1944993799
1864337820
1901014968
1920715904
1891324597
1696793000
2159965406
737449700
2160941651
2165372821
1729602066
1708024268
2165410328
2165391582
2157489280
2165112175
1957400209
1458220808
2165251394
2160619372
2158447865
2160508876
2163256676
2165127680
1528754598
2164958190
2165004842
2164943701
493249666
1698969500
2160296961
2164593518
1560633746
1560624410
1557790022
2164136532
2164010276
1624740775
2163968971
2163954960
2159958943
2154198420
2163799344
711240719
1716256152
2162019056
2159358999
526146110
135752828
177464891
969345384
234497143
2163423787
1538010620
1891676762
1891580960
1268608999
2163647796
1403418619
2158924703
2158410098
2159180517
2159190675
2163559472
2163504506
1596401180
627359082
2161306387
2163281299
2156886118
2159258316
1563682778
2163090835
2158739031
1608799770
235537158
1973619470
2162895822
2162705120
2162593586
1457070074
1975752506
600030751
566071248
532623789
2160113683
1738067480
1948553863
2161725744
2161974072
2162071796
970758661
1658508626
1666799306
2161856960
1064004488
2158922622
2161766562
2161763466
2161759316
2161756801
2157844509
1961353093
2157782583
131227995
2157745911
2157726515
2157693070
1729939032
1871019637
2161439209
1302507620
2161390530
2161398164
2161353914
2161344176
1626794310
2161338612
1668453102
1582158936
1322940673
203669205
717235288
2160995600
2160891061
1533955490
2160825212
2160826513
2160820698
1358161675
1471773170
618336955
58208754
2157003141
1874983272
1954642454
1698753637
1586508342
1957152896
1938478284
1710009235
1731754327
403920600
1555622786
1559196775
1577408918
1555592064
1559151948
1559182970
1555642741
1557772932
1553185074
1553175006
1555494380
1553178174
1953323396
2159212550
704269563
2151892182
416159470
1966714794
2156174027
1977234320
714951135
2154558629
1124388103
1856058858
2159346889
2159335604
2159315108
1648381837
2159292751
2159272200
2159241740
1976046571
2159224195
2159195209
2159160169
1889725664
900218136
2155738245
1680322873
1146030619
2155672733
1885246506
1885299937
1726843357
1888146228
1705419217
2155845961
622482155
1885264532
1489588003
1885349198
1705408801
2156105616
1885281024
1054015447
1371099601
805664874
1726956787
1489559682
1885343276
1891412767
1923126956
1923181921
1923104940
1923110918
1923168794
1923216788
1923125443
1923177254
1923131888
1923112368
1923165566
1923099228
1923136614
1923176006
1923176922
2155436296
1967621544
2152020343
1940810197
2157870428
717071643
1914495702
447125082
2157510782
2157502974
2157469435
2147684249
2154720863
2154601852
1793758772
2157124081
2154487540
2154249078
1739904620
1677448230
2154412768
1885814382
886579682
2154324527
1875506767
1958698758
1949570438
1930992902
1931030732
1964593021
1866371893
1962512436
1949587261
1657455084
1949550950
1962586148
2150926751
2150330292
2155727659
327513479
2151635146
2153176925
2155130696
1606722793
2154631764
2152341857
1925654329
1941635162
1961137290
1920606158
1966900508
1975678177
2153672486
2148920657
2153541217
2153364758
2150983402
2147784595
2152616360
1954724473
1968732662
1968717680
1968467671
1968436850
1968458233
1968426026
1968423343
1659513908
1396383846
1339299246
1491626682
1491653419
1491622832
1491611652
1888427108
1888414975
1491600762
1491649682
1888380792
1491733423
1491664951
1491713318
1491642043
1959632952
1959745879
1959752048
1959627966
1963786188
1963845242
1963868851
1964135449
1964084298
1062542917
1976837275
233770755
341222403
2149965245
1719636726
1369860409
2151023294
922572564
2148906111
1891991826
2149830800
2149827558
2149825050
2148964396
2149768891
2149727406
801098173
2149735273
2149725289
2148839541
1868129084
1975765416
431119799
2148660033
2148509639
1973687016
495453042
2148286952
2148259495
2147847947
1976757709
2147945125
1863722084
1699286377
74452613
1959500768
1976645821
1659401684
1085861850
1977071653
1976911002
1976625877
1976861677
1976779962
1976763624
1967822714
1787115223
1976492066
1975643575
1973808427
1975389714
1975066326
1942596464
1621348088
1028659128
1883864210
709706746
1966148162
1972132160
1970562421
1973582893
1973031234
1648502917
1972799210
714682913
706679547
1694344729
707117512
1970224357
1887303998
1613616992
624947901
1388002992
1971792480
787742148
1971870883
1971785202
1971747056
1971663847
716550707
700001091
154063263
1970791890
720766894
721274380
1970306816
1970310044
1952794118
1969788367
1969748774
1969769143
1969732970
1969711490
1969750291
721383801
1912943520
1959855866
721234689
1483601130
1969319436
1438302236
912619142
1959279476
1967355866
1918208454
1969026295
1956603456
131892040
1718865248
1968253316
1736915354
1967450748
1967515465
1967626242
1036055912
719797863
1552176007
1947910351
702915945
1685555690
1949433721
1725501895
1725482977
1725479569
1725473473
1725469279
1937111592
701958178
1937105142
1923998257
1923969290
1902988718
1650442176
1656136632
1642808490
1642783644
1656147332
1656180565
1638409160
1642778190
1019603616
1641402631
1902985874
1903006873
1902976562
1902934476
719643238
1949442571
392648684
1965108840
1965133904
549693861
1952169092
1694269982
1965580346
1965572816
718064313
718065993
718153162
718150061
1965591487
1965566785
1965227990
1965532652
1965521954
1965541597
1462965019
718002447
1963730418
717639621
717720137
1964865828
1959324668
1958002026
716748489
717717447
717697767
1934130499
1691151672
1722749502
1651515031
1546038498
1545989526
1655515026
1545963780
1655502498
1545899730
1655541589
1368926996
1655506526
1268389076
1655486414
1546125415
1651604587
1372320433
1963886972
1963690770
714977897
1961277379
1963568106
1959906247
1961255509
715026387
1723798910
1467743857
1636406683
1046484626
1362823544
748158061
1894303729
1125300974
709316547
1140813481
1432862005
714818458
191325577
715886111
1486348802
362992369
714765904
1959944664
1616660076
306609721
1948616659
1961525791
1957674620
714760473
137109011
1920563143
1834389770
496395057
1703756910
1961210210
1655832210
1961224915
1584355609
1961069984
714624166
1960913594
709583063
1537018704
448084063
798343446
1948718455
1958740567
704335126
1888341439
1959498216
1859453552
713457623
1959455893
1930078855
296415108
1959339906
1532212255
1959333619
1959291698
1959301292
1959309901
1949665232
713227648
710878611
1944972708
1702794072
1945166756
702308746
702085787
1720241923
1894799419
1912174352
706959129
1958728928
1958614326
601916534
1949605278
1949591082
1949569986
1949677669
1949659028
1949565456
1934479172
1949626771
1949553834
1937765659
1725735044
1879401222
1367835895
1949616769
1949627366
1956703008
1416336680
1949312335
1954977924
711346065
1912996140
1683130584
1942950530
1939337094
1891537015
1872499206
1549122818
707997231
1616346266
1616372863
1624786010
1616309586
1613540078
1613526464
1613441462
1613443039
711189183
1606953966
1605941292
1956700760
703814212
1956717295
1952260326
1665098190
616055394
1908085592
1908029304
1908101557
1446098642
1908092628
1453897340
1908015846
1521470492
1433044460
1908133651
1546700442
1612506343
1612504735
1612309884
1612324987
1612320894
1201746866
1612268748
1612540651
1612307348
1612301712
1612344709
1612317782
1612528286
1612452090
1612544479
1612533608
1612314450
1612530836
1612494583
1357310604
1647428780
1370209063
1362174288
1890845976
1882138261
1362140322
1943860381
1362123199
1721353693
1944325818
1861343010
1944460483
1908360031
1908369174
1954528722
1954546495
1904569832
1861421053
1908439946
1459554416
1007857692
1928011356
709981821
1950301902
707019891
705236404
1873624429
1632983532
1632998882
1632952458
1632976951
1919637774
1919611464
1919641376
1954387741
1919654401
1919593958
1694652966
1701550694
1637485998
1624642314
1691231185
1899742020
1690488126
1661835416
1899756920
1661820840
1626809820
1899797281
1899777032
1701543938
1633001130
1661772662
1445274685
1955628690
1445253410
1445245790
1445247667
1445225318
1542651906
1542687553
1892904007
1892908483
1892908382
1892888744
1892875892
1461681049
1557330781
1461196176
1461699072
1461843583
1892870744
1557375985
1589959058
1461403999
1557564289
1461812792
1461292260
1892865518
1892876269
1892839808
1940843012
1603644918
1652807232
1700787480
1700843960
1647097298
1651812428
1082573689
1940859464
1656702289
1659364969
1659222492
1654465902
1936782031
1936720692
702733306
1934368092
1955005284
708383344
1954262762
709698652
1952047872
1797783116
708089951
1932668198
1947997908
1661503214
1932682771
1932715123
1932605706
1948016593
1930675225
1932697292
1684229648
1948014158
1719885294
1888435758
1410223166
1718572561
1718506530
1718562847
1718556751
1718549341
1718494489
1718427774
1718420622
1718449334
1718442488
1718392638
1718445169
1689812563
36905166
1555104152
1555092006
1555158524
1555187875
1555154382
1555215211
1555214600
1555153291
1951727293
1498333321
1498271828
1951644942
1369249944
1498304486
863036502
1479652495
1644408260
1644349578
1680037634
1690453698
1690559906
1690522873
1464935864
1402519298
1465400948
1863529501
1953244825
1953177390
1953214304
1953170298
708608363
708596710
1643926129
1948109714
1941518419
704055946
1949876887
1721346002
1681718706
1885893205
1885829148
1885890151
1889283277
1885824084
1889595463
705154427
705072093
705036723
705114311
705033897
705150779
705032865
705141413
705109127
1872010027
1871929626
1871965274
1528624940
1583195419
1940697312
1652777772
1894984968
1917003056
1653334945
1895020070
703868699
1648966082
1871989009
1902395863
1871960258
1871916114
1476879846
1477317474
1721120304
1726264976
1726318495
1628140404
1628099928
1853890952
1551646760
1631415811
1710739760
1628279072
1708127246
1628189804
1853894048
1869133158
1663548044
1631942940
1738891044
1460717335
1003629121
1600841809
1588163928
1369371096
1495923368
1368856428
1580298678
1548894632
1937167111
1937160871
1250073750
1293704196
1950243487
1926969968
1937765851
79650494
978181501
1648055023
1949567408
1949589703
1949583829
1729782332
760462946
1932652800
1921417446
705744573
705821482
1946794038
1483055520
1870196431
1924971224
1947962934
1947876594
1947902594
705473909
705474844
705475427
705476807
705397413
1947669300
622165443
704355185
704274471
704352214
704349856
704327243
704326283
704326786
1386019082
704240007
1604751228
1621809036
1485743000
1945377792
704128972
1945231231
1945191840
704000609
1945126561
1945036494
1945030662
1945083572
1945051332
1945093124
1945051142
1945024638
1835039455
1927584541
1901673608
948535556
788976780
1694621708
1577731885
1640984546
1938510692
1658133002
1864638474
1678240963
487407681
1854253375
1678811474
1892868174
1678806732
613300294
1678168435
1944691724
1937037342
1685531694
1943579263
1567807387
1942625256
1942510386
1942470151
1942302668
1942323211
702960975
703162570
1941889603
1942173926
1335686220
1941602532
1941367788
1941453422
1899279878
1644416832
1940348598
262758429
702865180
1435870628
1719156998
1652792108
732883843
702060281
1937536758
702063124
702063418
1501766378
1939399807
702437901
1731214500
1938774236
1938628376
1938648481
1124120826
1927668110
1938479264
1919404230
1726093460
1726081736
1726055407
1708613946
700845981
1933077758
1462511905
1869456842
1869481514
1905660186
1905745753
702109066
1937597334
1937478468
1888319322
1420603430
994240398
1904608015
244087783
1590824977
552726293
1936733131
1091877548
1658857442
1872154411
423922537
1708616551
1708558657
1935933476
1935775056
1921882099
1918291838
701407065
1932629186
1934498708
701290997
1867591730
1934505145
701285439
1669776277
701282535
1934456930
701270697
701271850
1081603201
1885028509
1921928503
1921921412
1921929176
1884998588
1932560179
1932437352
1440239738
1376279124
1347489716
1347620514
1920737838
700261155
1876804658
1921208809
1930844262
1883648052
1930526899
1930280972
1726411748
1929752498
1925765978
98454113
1701180943
1891480254
1924976058
1924974566
1697031541
1891521236
1891470840
1924925658
1925767760
1928348605
1894538486
1633018675
1920423666
1858935228
1912819423
1927504405
1912790732
1912785602
1355900246
1864971740
1817096466
1695019597
1726816969
1733458104
1792545390
1867345651
1687663616
1869050556
1725180710
1867465320
1687680649
1869079926
1867299054
1865851646
1862575026
1867571509
1687587990
1867552057
1867312854
1652010541
1924942446
1925208558
1911743064
1892296898
1892192856
1877796553
1708473229
1708444062
1708531489
1869469760
1708697425
1913405700
1913449916
1923335052
1922173916
1922126539
1921857176
1921822795
1697958985
1921760196
1921750867
1921713938
1918497404
1720198032
1917641749
1263160561
1691529145
1851847488
444225931
1864989990
1919429118
1882056908
1918848288
1918702542
1917726290
1918251553
1640734585
1918151029
1910109919
1853154277
1917768636
564718486
283857861
1539527930
1539519252
1457612666
1457635543
1535260490
1644588428
1554033660
1535343973
1912886018
1562670020
1517724822
1537643510
1480507016
1520332399
1689900756
1352818394
1350773276
1917503040
1906414303
1906497823
1915437961
1672053546
1648232072
1672105039
1648224985
1648184898
1668353714
1703671716
1648213910
1703603492
1906342716
1648234586
1906362620
1648211768
1915417560
1906559300
1668356528
1915491121
1672058652
1672088276
1915406124
1906442689
1906508690
1915438172
1703632981
1906334953
1906523918
1906319521
1648228381
1906279056
1668359246
1672055304
1648272829
1672106282
1906503930
1648188858
1672071744
1915403858
1668387199
1672121305
1672110368
1906336632
1915390788
1906288488
1703534508
1915463156
1915357422
1914559567
1140856970
1725635094
1720147993
1870222747
1891918597
1911526200
1898597828
1916007510
1477731272
130725728
1856119375
747408900
512473451
1621881770
1887705008
1912464169
1721160019
1561031388
1849618074
457175111
304288440
1550849288
1475028062
1578546031
1575066115
1575040364
736353378
1688429130
1608218131
1592646523
68006888
1913068855
1911277897
1912366291
1420424078
1726136863
1542797928
1911909978
1911809900
1911964417
1416407851
1340350778
1911486685
1901487020
391474840
1756375939
109751327
1893139358
1510733442
462839186
1655264923
1657630514
1900768920
1716305630
1359892590
922961160
1910180689
195199274
1693081171
305142832
703191272
1021320247
1674205632
789131988
1898250001
363634860
1864241731
1689488552
1684506204
1674830930
1660821206
1649390994
1649408924
1644816307
1644771470
1441921081
36311994
1685034661
1568878855
1538269514
1624178509
1624170361
1593821971
1588522892
1588470212
1588486778
300564015
1894820750
1901227022
1900842224
1854229182
1821634796
1885222754
1013685680
1432762418
1898383130
1723246470
1876392703
1384689554
1702433084
1636301606
1874398687
1894864657
1571562170
219299171
1538640012
1720129404
544184500
174260270
1552257984
1552287841
1480144874
1469555725
1435986775
163868543
1462085436
1838108707
1446315722
1426093752
1426131092
1725813212
1536848556
1426179679
1426347439
1480220491
1727258185
1537078477
1717609616
1566908018
1537029590
1887740906
1579473182
1579486711
1579482685
1572007572
1890490897
1564089439
1891615567
1305083726
522459079
131880858
254175013
1891066999
1711614206
1711509606
1711560108
1509978044
1685709505
1709977206
1509959395
1685636492
1709959514
1709952858
1711607444
1709999552
1685649272
1711650182
1711585999
1510029246
1711610833
1509977539
1482159942
1613766030
940681951
1709993742
1711645987
1887164528
1882210400
788061613
754552052
1868811480
1351738556
1238609826
1390385186
1539558607
1451433788
1431378757
1238587171
1889406361
1886853734
1625064343
1858062926
1858056644
1858076563
1858011000
1858038428
1685922288
1685972131
1685962849
1685930624
1685611987
1684555063
1887642414
1883397049
1723504153
1708634406
1464202526
1680643140
1467154082
1467128028
1467126252
1467122070
1467120024
1467118536
1467117048
1880784768
1872973496
1879435230
1867350536
1872550442
1872532146
1872504206
1872529268
1872485563
1872377678
1872394818
1872375216
1872295434
1863855211
1870482552
824952031
1722651122
1869577308
1614904375
1614846158
1338631747
1525458870
1595415019
1862708749
1729817192
1862361709
1859137556
1736939100
1682372430
1726702746
1855319160
1855252969
542252546
1852819106
1638660949
1680679574
1609754136
1834150956
1806744553
1832727817
1732074361
1732052054
1398367772
1553884346
1546693927
1725854678
1732450164
1733847222
1733801748
1695572287
1681882520
1723849196
1729884637
1474386078
1731736658
1730523584
529582535
1722162206
719154307
1726728296
1694152154
1694679590
1284153674
1649280271
1609820402
1535255528
1725663902
1725286824
1359738140
1699823346
1661149044
1661188381
1661163116
1597392026
1611785270
1723308020
1722744414
1466015167
1694581454
1077521815
1523958487
1656210810
713310440
1721735359
1721652241
1721681840
1648894794
1719132643
787656403
1716815934
1684244082
1663294454
1209960398
1703446230
1707148284
1566710563
1365830328
1614271561
1702517090
1700140982
1676199948
1614068394
1364814997
1675893918
1594676876
1691039635
1318454299
463894421
1684520053
1684508857
1682904602
1682923813
1682894942
1682854482
1682899771
1682832554
1362252884
1362253927
1362236378
1362240661
1362233101
1362224335
1682198023
1681840411
1681659829
1671522229
1681602342
1671507397
1671501721
1681680535
1461428809
1561380067
1678316172
1655418744
1659576846
1673930354
1582679305
1674752761
1641857222
1405564724
1405513128
1393610876
1393550574
1393468584
1391131148
1391121752
1391091480
1391106164
1675587469
1661677884
1661122386
1518818958
1625968147
1564969927
1564949983
1564942837
1564930387
1551730884
1551700992
1564936724
1673148344
452300007
802532533
1391059356
1390922017
1486652101
1512760909
1512862423
1543004383
1512733724
1512717368
1512686382
1541483846
1541484283
1461683970
855381169
935893812
1102911260
1483717423
1559095182
979565412
1668875640
1669235688
1645671943
1632506966
1632175045
1610052014
1640683896
878462372
1591123249
1669350187
1671323245
1671239574
1671260725
1611452688
1611437298
1611347280
1475428146
1367538625
1671429415
1616432406
1618323871
1618271850
1618288760
1616582402
1606195255
1586581586
921992035
1586551224
1474622077
1581606102
1579350811
1477366586
1498559725
1579331222
1571912563
1571910463
1571864010
1658061332
1658060702
1666114411
1658080021
1666762848
1667807618
1668462451
1658078425
1658021766
1658053412
1658052422
1658014632
1658013546
1658016828
1467112230
1504383656
1251756894
1389752106
241941366
1379431255
1617785630
165808571
786311089
1669064528
1381048705
860373996
1664245856
310480646
487048272
1667574529
1667505834
1641823430
1086848245
1095635076
879824834
1663014984
1466370019
1662473486
1662484981
1662477721
1661306178
1553473248
942813474
1608631154
1499108640
493519731
1627407499
1632454190
1654342328
276527949
1651781822
1650838308
1633920134
1651746812
1447100827
1646761117
1644522913
723283441
812046325
1308223004
1543906760
1636307382
1466180677
1537477538
625634506
1623789199
1601670938
1623373562
1105380715
1618300622
1581703856
1043050356
1620731034
724069608
748160269
961522639
840173810
956197064
961506522
961499448
724064706
1302271590
1617568028
1612968319
189981155
1531758931
1434527695
1475615815
1608758322
1113110976
1607216562
1528905001
1578957102
1579510850
1579469274
1579475030
1579440636
1579459682
388059205
1570289869
1423119072
1423116798
1423143278
1570262472
1420766952
1420778532
1560709902
1420796814
1560709850
1420748556
1570257366
1570297897
1423143757
1423146847
1560719894
1570293235
1560753529
1570312003
1570277336
1420726146
1423137799
1560731186
1570282172
1423130102
1420770055
1323541728
1570714404
1570678064
1560745045
1366768590
1366808515
1584807775
1584755340
1584780314
1584744918
1584789199
1578205417
1578204715
1578181898
1578180722
1578179630
1571681156
1571698045
1571697097
1571677988
1602166860
548664321
1606964245
1604757894
1579096904
1419304116
1601011273
1600742238
1600183537
1599060402
573190596
450839678
112234238
1448451306
1593492349
1583310710
1594827402
1594923536
733292287
1458208832
1543844191
30974408
1580152987
1554699644
1591022426
1495816256
1589177244
1566055645
1373342749
1582673444
1473292855
821844548
1417497570
1571286458
1523759161
51893636
1346712612
1166171215
958901394
1581415280
1311067471
1575152594
1574239171
1547357972
1457873797
1572088272
1568806052
614037442
1066313144
1431887928
1566666866
1466393827
1489969057
1327705345
1447666135
1564198442
1564175395
1533742806
101488451
1525597916
1556524922
1557752022
1556527154
531663429
1545628266
990441222
1541834186
1551815078
1442532547
1511291047
1548420319
1386608624
568554521
1444264579
1444252088
1544285190
1546323296
1546296907
1422510024
1543888969
1483751256
1369818528
1450171530
1539475356
1538241462
1537448761
1029521977
1532885048
1528970258
1520454925
1528889336
1317722292
1524729582
1523480227
1427057174
1374621650
1472938555
1311599767
1385896957
1375569632
1191838141
1488214027
1422854624
1512129774
1452859784
1464428370
630286668
1509875658
1470785665
1506033002
1490654960
1362077508
940579957
1494379549
1498202977
1396886989
1352156174
1495908690
1494255727
1167585570
1478137994
1493765323
1490818789
481281529
387192387
1422078433
1390804453
1406774910
1466371292
1474137536
1474107396
1474140199
1474123478
1390784960
1406785874
1390796378
1474129615
1474084902
1406804809
1287094657
1287107017
1402582909
1402576292
1402640497
1402648303
1402624224
1402648730
1402631040
1402788564
1402835131
1402811244
1402941030
1402971386
1402966020
1402959000
1433769954
1433756616
1433777286
1433760098
1433694956
1433696905
1433495448
1475531413
1475495978
1472440076
1472387874
1475494080
1367827866
1301214823
1403524476
451367596
1458063374
1466499362
1460492863
1411561166
609175789
966034285
1455355730
1454568972
1452893317
1433765288
1446035870
1441729759
1439480161
1432541724
1432400306
1435260350
924424704
1428548768
410815075
734052624
1424036557
1423785054
1245379296
1419378110
1419070926
1418897707
1414254241
1260821005
548607949
1414416536
1409163781
1408932470
1408896584
1408862958
1403866321
1403135150
1401846294
1401922806
1401605443
1394044446
1222734829
1278904279
1386535758
1261179673
1364656656
1387702526
1389578221
1383928723
548942771
1387566889
756150774
1376224646
1386349075
1177039410
1386198577
1384575318
1187568894
553085202
1374957277
1176351463
1370402041
1370851129
1378371241
1058829636
1350747990
1373484145
1370811950
1372967322
26170034
1370558774
1354112652
1356160940
1354130958
1356108883
1353892472
1370080117
1352600971
1181884122
1354268107
1353046556
1008636872
1352810665
461934176
1349393342
1348465002
1285975592
1066319984
1339741158
481502545
292095947
1343491532
938657858
971156006
781372627
1337978462
1335302468
1007768226
1334218928
134323311
1064151050
265508294
1327410512
1328038040
1327694892
1276120435
1090864171
1320407414
1319970469
1319955218
855373152
78198782
1298789816
1298317544
1299025418
956829050
957081122
1074884678
1247386488
217131375
1305592472
1302611989
1283934020
1299307572
1297383638
1297318724
1296953965
1296893672
1294498554
1296661626
1296380594
1296470226
1296227504
1296098172
1296056839
1137800756
1295995226
1295849233
1295873390
1295791788
1295825738
1295750700
1290974126
1294823191
1294827967
1294574257
1292080662
1164545276
1292213528
55680212
546275825
1064474563
1231444974
201886146
1288834698
1288672640
1270833451
999513974
1118227512
542248734
1287120571
1187810498
1197242467
1285815830
466421939
1279449198
1221978684
579448147
782800520
1223397919
466074663
796534380
1265813617
1126043064
347549203
1125954360
1255471345
1169616367
1250133872
1219690554
1235560310
1232438593
1240176498
977352236
1169453724
956643144
1191627512
579362625
1237050367
593167573
1223039276
1198938475
1073841410
1226048484
1164042492
1210002510
1164158642
1220575736
1234907394
1144056458
1230897679
1195830883
972633846
1227379398
1227203526
1209760057
1222442030
365522029
1219873302
133808097
1219724880
549823235
1092984240
1016543581
1045728894
624308246
1136611002
1211172384
1210688624
1053945073
1181675881
1210031562
610984316
1048777549
955799089
330260364
1053752456
1169510942
1064909372
1185640310
719893177
566842967
974193390
1177562444
557186295
1176922194
1152570428
597353655
1173490962
592026723
1052100606
879351163
162228554
579662593
1159247635
1135145982
1169462611
867274399
353734875
1166906250
947692717
496094690
613780214
1165498519
632158236
1163856942
1146617318
1154855449
1162852232
1162811581
525259611
503609058
1162047967
418545595
184582031
344914840
538308955
1157436228
1157452387
1155885469
522107215
1154390442
1154406145
1154270606
1151111208
1151123383
1036337004
561653930
1147906279
1147413330
1147398102
1050744224
1144987470
1144039693
1144019406
820940166
1143085903
1142618611
1142610716
1142216390
1142218447
1142210672
1142222474
1140818282
1140816368
1077720402
1139973770
1137917850
1135126909
1134399036
1133924672
1133924953
312344166
1131662690
1131661747
1131651500
1058783779
964716822
1128710636
333993194
1128345889
1128320550
1127708694
1127707038
1127704980
1001218867
1126996662
1125906200
1125888348
1125899060
1125777230
1002759690
1125373777
1125350964
471622611
302103956
1122930913
103309992
1121025751
629118533
979659506
1123711008
1067035530
1123261326
162884742
1122914208
1122900990
1122899442
1120594321
1122737557
1050908372
1122706092
1113147626
1056576319
1117228951
1120567274
1120439923
556324708
1049372281
1118430104
231089198
1117313168
1036463924
1110935502
963221090
1112547554
612366158
1098419875
1111065096
1040368376
564799575
752670139
707307601
177029888
566439560
524357440
700106616
422932511
705655062
618171329
145676714
768338623
713553577
787510489
902305219
439131913
703852776
355860661
419841271
343443345
376139399
723561392
1101750158
595986078
501979498
857603510
466516342
490605519
1047882216
307366984
108945134
622010598
1104117374
1011810806
1104806443
1109334198
989617584
1047200964
1046844235
1093804310
1051016239
406225553
566677143
362683784
811379653
554568670
616462818
846428834
392167715
272788606
999951536
1107990186
595717782
1028282324
551568474
528797950
196645289
1107743521
829124768
484684119
620309112
1107631662
475295747
1109065430
617315309
215023547
597108316
982747590
583942027
594231003
405830854
1053070170
1041422923
454123525
129658380
705406406
558095432
813762169
1021187808
337570389
637010469
633177525
1049932483
428551516
1052345322
1103671734
542305288
345217001
604961659
1067963304
610366015
1032387073
746724542
410418017
433982792
1019478684
396461092
283936865
370686626
605968895
1048899230
498717192
289955115
1100164771
511658392
337779427
253743696
925466815
293956591
237466996
724809170
961062476
511347371
883278420
1031714030
388083544
156010525
444245018
1012591718
1069331210
774459145
584091993
513828411
731653284
726122425
587118657
1042263956
933371280
356294148
234956206
816127550
598906356
572172994
819651552
550763010
550397108
1016572464
1003114574
120683345
985376790
439403962
1107352411
787883816
860580091
986956808
622658318
386722140
531454806
491836964
58223994
314966704
903242917
922531916
487310268
1033434547
500173446
825802704
198324809
1090569722
1107306678
325032300
796254656
1107325015
1104342547
810965768
1088009940
1104688086
1086198901
566842347
799708662
946471058
842669052
333808764
1038799148
372451593
926187559
980979776
552647805
622423276
353270477
730756698
624791252
702158064
974393521
354976666
948706585
551861181
1040830843
1107106872
1053005125
14202304
355649352
969661538
887043925
1002440059
283675572
928697366
621460388
969265964
245509495
820509570
1107077576
89765831
594911141
571134602
626928516
411993639
1104104406
1046519485
578576039
234365584
632428780
455980009
728724272
531206251
856559054
372469623
714953701
611295215
421973052
1041012416
524191588
1016615564
429876186
818121313
808019142
517736703
1034165444
429517493
47861031
241211383
1098120510
872264120
997379305
857051857
466897171
461484940
909435470
150228638
180556175
90272497
987249463
715655792
904730881
152705649
200331949
1093033860
928407998
537801375
559987328
1106936203
703107212
793535282
567305290
775835168
635179052
1084805197
920818944
154848966
1065125300
450601197
98140221
869028966
970371648
1050512418
112221016
623101004
985755973
565989306
620685785
1039171351
1087384320
68799385
1096321836
1062562782
1064879726
766776073
352114462
939391566
1056658784
599221553
457915549
272123331
616148629
954443054
1064399810
440270359
620580882
522478295
578297067
846222506
1105314043
553006516
1072474603
256867673
632963806
615769947
341724140
258549140
164698353
241564992
635040909
1057297100
1013901211
249029807
600494313
604116161
586991584
323450760
580205250
756277398
443953649
634976817
870536203
438861078
1086418556
913782720
764782274
295324338
1054205731
466901955
618418285
1099720208
374716953
718485102
783264890
581298764
746523344
622381339
1104321420
1106720796
506459670
633307034
633383948
630417289
894237834
25032293
622175584
604974517
604570718
1106611638
1087041960
1104698125
479887014
374596743
1093558584
1060806740
1090542642
743391998
1084444548
505730058
928300848
426067743
1071544820
1071404467
1005380108
953934325
891395168
768351600
605044520
1065732606
1064439482
749480994
925900730
1050576158
875025966
1061784822
1061440718
610414976
1054838766
1059196849
634789978
1055705059
380002302
1036324964
398239978
935355144
894206587
700409394
868720028
33947320
1049018766
944487162
1000892112
607595992
1052414838
829022485
1049550745
1051544642
1050326324
1051505287
274482647
984776172
1045967713
1029676932
1007360088
1037233524
1047847584
963572742
1046620440
1013697847
799354765
1039950882
1015566252
610967335
1043366658
900639589
921704366
909293359
1044575976
957591079
1042524674
1011633570
547519400
1025577998
1035948902
247754548
559923125
1039302500
1039058221
998267012
581858926
1035223142
1034820457
341696643
1034322570
1033833360
987916758
306447024
400786027
1031809998
605068901
990430404
1031395075
480695684
1029659521
834956054
215519622
454162030
1013891401
990099230
856351567
562788019
563665290
159095833
963066206
1003249848
565638182
403636530
559647768
1017513781
997093056
811508910
859527985
442110563
993540079
561769913
1018566068
1017658051
600326448
268195323
970742972
943884446
611307220
138976844
1014821132
764169919
760269553
865267700
575805474
571623451
184697848
965816648
851876353
947930743
881529668
600345700
908207510
1003287595
403528263
845162317
1007082871
971854609
1010766685
463802636
454290448
1006434385
419929217
1005352123
1008272028
1007196882
1006080140
627666756
895932356
292459556
996336278
936236197
966945151
603671497
518346953
611288019
614288790
941254350
790856414
540749050
969692396
824265060
349940110
768374304
96918166
541163734
337713875
819543962
969245610
876990187
972923317
754883448
564814211
809432851
490903708
11018442
948228721
946498334
198119792
618586878
627008543
991046972
714568944
865563055
821641842
971035796
536439538
245308386
436152682
754947920
227369438
946076418
631109350
470631872
394454198
965323015
925521289
807568357
326357419
983389556
143400823
591974135
980288232
465725386
433440373
826156034
867047540
628292221
598406613
564011204
973354698
978258950
964225604
588569153
968796818
975390865
305697509
932643271
800673223
950151949
116576884
970985858
541794715
880984039
974156306
920962627
921624169
881477610
375818375
790416692
620637842
625003419
420585312
426827241
613227203
969207096
971049931
969254382
537716801
970933855
969331711
970982923
358726106
970903915
935923190
970800126
970934822
970926518
970941157
970961935
970896200
611140559
970953859
970930981
970912441
970902655
970879176
855765806
970651272
970530062
930781669
790250792
927992310
446707709
726925506
966745044
400203453
233687099
917619217
777299226
969470214
969385026
969455418
969389917
969381061
969283430
969326053
969326990
969312277
969278574
969296060
969269796
969259532
969212316
900781860
539235575
855255788
73406718
770162575
842600113
542160825
962702574
332840758
636866777
245388583
874329186
609598579
880855968
878305364
893586841
451079099
843887504
606632212
570476212
822923473
419909770
59483356
312148372
606528132
174338010
554607032
954057942
501206767
234680912
268853824
843309943
862370947
625610420
963114883
194069892
907991383
628494246
64006222
543328487
631750055
961480843
179341682
613881178
826079930
292326649
46544734
922174376
957628130
590804438
604462552
828088730
496561281
942287348
451555725
952628755
627666727
895735370
954185576
635656736
748191660
586593418
946918910
954225949
848145697
954585506
840447115
599604587
938021544
756602292
473367842
409874112
761517818
953571469
953376907
752079860
923115548
922960490
835222728
618374657
331274084
631506264
578390494
496474223
936751237
943601550
163467737
789904507
716472734
834419514
443681640
946107182
584070755
604750521
924120367
946789081
448063171
309406163
506369786
595469054
853982886
636496687
908339869
860987702
929858767
39971886
329544907
940282327
945534098
420527558
800384137
482733740
941050435
563137502
945717787
433817337
316432094
937184611
774075499
602235017
559505740
506341952
105261759
913536398
882762930
527213777
780566138
531155076
788008896
442844734
613743012
821010500
910708525
575650921
940932871
422956469
895201826
900525397
924187153
590644568
628950511
887148738
402622359
910285680
919794716
783660715
926474131
764007722
503343275
434816532
858892015
219492433
631996762
866410056
812663510
924245766
172866293
740555514
469883885
403684576
600870201
551854376
636336820
293543664
602744849
861318660
625225820
877390740
607893344
915427280
342606440
260856979
855322268
847540628
628284948
599309749
770731765
913196617
897396812
264345743
856493341
711461604
906653400
911749020
844394197
911098062
911005825
909407694
624175977
910234363
722229176
753754224
635780961
629526232
573554838
256241800
781874388
909771584
769076539
867410520
898925647
614407093
878514925
903245726
366527182
834233408
898786280
764366432
128889188
786808201
790686578
844947007
622355528
811635732
631528195
605907296
634341915
564759923
780993674
849150895
906645036
548059119
903930547
895417213
906310188
440615979
256115299
69675098
890196908
476707639
246173951
905650652
900092180
400946707
554231491
904364396
556954036
372424118
344206276
390357685
330094269
839385834
425410188
598955592
498549198
712222783
897767448
897060127
742522267
894708523
857283240
567570187
749976834
895956121
869900059
545363223
614993750
136239323
31557437
166283845
555452376
178862822
459151994
714937388
323570452
893327412
632939500
891852121
261236624
61540857
212752533
859459070
97057330
622691235
865250258
347456007
254134963
384212760
542405384
607929865
610485407
123911030
809844308
99722237
883553851
428547707
868264944
549744494
601778891
863032020
853853322
882987306
881075168
803799589
741419318
48306933
136690669
547818117
95931285
778350396
601761136
880257187
180736526
320810649
858365426
622714379
795139244
865795615
619745505
878616096
820080434
280668521
232846320
794795988
63364416
636376577
503319313
245690847
714711722
294610721
86817163
520332041
195809990
739117910
865151443
853555466
381826435
783783991
870847291
868882447
820450674
763532792
560356266
865707673
576679999
353082604
547430213
864893940
865556876
864943130
815543143
610422035
429027102
631933479
807196692
453685866
809481997
738058712
161821133
744957247
767573965
778057621
862820144
290617800
538408604
295705148
702583135
775691556
786501001
858095317
578602603
560442198
615544087
757095066
845339695
860309636
385345502
519830049
285746957
173447839
855156656
807316573
774998970
852039644
755041532
716127026
542377837
540315884
609233133
619238223
617673372
634737472
809279256
627926319
272078328
100068340
425290329
165763354
756693270
592490272
544363078
565316519
552527079
627270047
799571106
853143948
547471235
460421796
489751969
733303238
494297801
855762012
855827762
854655007
404621157
125093422
842540792
776523679
852107491
790002840
794546456
633457392
134283359
752481799
630054230
720362990
746848266
849332875
635626692
847058486
440777955
520996546
838241984
519950467
481903159
738045439
801442153
577483738
843256502
484085156
715607954
842636198
620811465
755831894
737726408
629622320
841689037
323483254
383875506
749156065
625212815
839267652
481221666
744088836
252647260
700523190
836092476
785693689
775496364
836342154
790184869
785767550
751625150
742250150
812448596
350714846
774122287
477730814
742517250
383873720
797096984
391850418
820168946
831619207
750300662
831008820
464276332
830867286
620945569
473692705
830149836
434429914
535777804
750442908
798385045
827137813
804686544
634648260
825312697
373516502
791330287
826683560
826612915
242587237
785690928
747370884
825431354
723858354
824995903
40628819
758653591
787168290
759642812
822688932
822812923
457139868
801293360
613799147
701262642
710318022
594554245
728336160
286638500
629311806
517235597
820542673
585259866
812206280
750670112
819905719
785390100
559337825
634545583
728516071
513993160
786474272
818244426
817992020
600890313
214080021
802369256
209216710
782859601
536169669
535366692
600851582
750625034
751295792
602530438
547604761
800259860
247424594
712360195
793192591
632708363
773461339
788560998
598563996
364594579
546613169
617045269
607939956
732753332
484657595
434078709
601862043
802967407
811930044
813882980
766468740
753464707
510915950
438722433
73900561
180733155
813121286
813009386
434701615
712737332
290510784
557355739
804151062
631215555
174111851
192325046
803554123
609340740
808955023
732884485
220279529
722187362
536139986
157887346
457192297
713938740
349730823
734182009
496060972
802495129
757586059
585100123
805325185
780616819
597879820
736821109
521182532
589923726
762271314
443587599
757510904
752366497
782316546
749697571
743958924
484254273
615423964
635392331
773468713
324886214
365939656
778419302
479922558
295977985
160141776
780754825
517999069
790940342
233287059
625036584
607095051
629923737
740415008
803428418
799171794
805452697
383581096
781624789
795026935
805604575
807792116
703391538
742553767
637026358
144082066
531824865
285225546
631471019
797096214
348485237
796769018
791812628
785016499
454244350
739663916
409493782
809295204
710949672
764864598
200817292
592289578
376182547
204039505
757866745
736219435
598059444
205480257
594671808
808633256
400764298
416705309
603655545
579724526
747648128
574250450
756759835
548809816
609086992
798651068
629293165
449616381
736084364
540719349
568102886
763721665
589377935
803161236
294891865
700855489
712684176
798658116
763217977
783406044
463496396
770461832
59148581
209303572
312107188
794487314
602635696
739053254
399922822
603911849
603703012
458020194
