1004123678899097600
969795590883364864
3966855853
1003925435393171456
1975167708
1494126930
820981476342853633
783040408444145664
751467188389810176
984337235284766720
1001005108052705282
901302552578457600
802542067264225280
901516824143175680
997110475786776577
885174523531800583
877348166684770304
943957976536309763
1000029688805371907
739092140844847104
4858814489
3295588812
202256022
3339082594
752281202
945621378472054784
1948377799
740440524293869573
3919192888
878393053291008000
877913302973767680
985344885514539008
4857902433
959371881794228224
897897691698663425
804696935835766784
990758011248443392
985473454639124480
983396511131168768
831569028376313856
984831435080073216
989063296367153155
797666744579956736
969299010707165184
772923493830709248
809033520719007744
989212046993580032
2845297790
900553662036135936
1260712716
605065551
867113298545848323
711548302932574210
374170627
3335418627
932032113272082432
915429966963027972
960658018114285568
985337734762934278
938202043495350273
927303563822419974
767595978706739200
892134694631997440
895745853004156929
971784557451235328
970611559465709568
4658865761
864245801069031425
978012159908237314
724409508936704000
863473700351488002
747231205297389568
885567633562763265
3202805987
981133559162384390
950505109255008256
791593207809335296
3021834271
837141334360215552
1004566891
1083450967
929457950305017861
979280838444572672
979707334040735744
937862606613811200
2780576609
937822832
977959509170839559
1137792408
892430408712953856
792355841252950016
2304035530
857005418354274305
897197847409561600
2466536774
415842616
974240480543338500
786873482965491712
335012327
844723978614833153
3224602814
2983902468
937820372036091904
948519141136216064
972622442882576384
972601076984709120
957595690179407874
944690714398674946
945740797500063744
972477305468674051
28889521
718583240580317184
949544826797637632
755547899690258432
746779277127880704
4658522292
893499889602134016
2247796207
922415917224644610
3375705106
4288787439
949428115649867776
865407100804972544
967418520861659136
3037563268
3360978652
941823110109569024
786780062355906560
1081192460
966100921611640832
933831404974215168
717432864233680898
853574161
891118296237518849
928516585144295424
2955189606
800411497990012928
904091846472736768
2288379862
2535671457
227806151
3254212192
933835113506443272
727316007107346432
961694139405553664
2302265521
716835834960347136
2740977155
823339283167772672
932395374148571140
2727536331
3285212262
944031365619703809
948367752028303360
2942344577
2489036810
934031312385642496
952024911765213191
743468289616056322
3234379784
953317576100274176
950005243542196225
760844659061055489
949586582054621184
944582896198848513
924646314620719105
948120331020988419
2901004851
2867542055
3167216272
118511519
796127685906956290
2159218796
2712522314
4831029375
384493747
717495517585006592
952377397885710336
951952684646522882
857727409642029056
880305397659086848
957785345206169600
853075124421054464
737798841819267072
725181603648032768
949553066885263360
2927208938
929659572024901632
936326711003701248
898308400932503553
245547073
31290792
744305616257191936
517726984
926439431460007941
2980771009
910544648078286851
953719265609375745
801597868758933504
952905296992784384
926667394210254848
769523489053216768
734530302878584833
862477916885495808
902697751267483650
2909263254
799345836907962368
2575503774
784612756876124160
871563496181309441
730103643643482113
929697412746235904
904973575106568192
1046358212
952405224479711233
2264607157
2370900589
2269736654
698685956509937664
950968524914049024
751177242999287809
3189194377
31358253
747078169031811072
630207355
323071790
947350607194619904
900062287482032128
885209568929775616
784892785858142208
833356776229572608
860229594762399744
949840192080351232
746797944557441024
948564012886839297
4777163368
779787440588460033
379158680
881672515147489281
927523263844159488
867133530786148355
2157248840
870758170251194369
949401543136235526
929358098309009408
416842759
905999190945292288
758553412824735744
949710231864561666
949530605565423616
3475341257
884615829610008577
730918447673040896
938896048294121473
764092828389695489
890998894015815680
949106505537740801
240992176
76665708
400541690
2897680305
948432178370793472
1649219376
877230407128948736
948300788505473024
929696277931134976
947618815101362176
3344008179
946782089713733633
785444555847983104
903994475726475264
817182946276835328
3199555275
2568397461
945722995330383873
867541791754604544
907755119713931264
945704163899576320
892453035108179968
941835340213575680
774426118405357568
942188740067381248
929719608638169089
945694889806848001
945695110976753664
945695359724085249
945694213869580288
940330227531644928
945683222184148993
1140643976
945688647998861312
831263753995943936
932278923802669056
945684280537239552
914503930054348800
945674098268614656
945671312902709249
938888526308941824
841020652471627776
920740872882393088
801763308877606912
918232713039138818
2665150665
813412535198248960
807344781173067776
2676605277
853766998643400704
944212607178891264
3352775368
927538771939221504
935808331251269634
868989725239115776
814322052844818433
812522773234982912
943045195922370560
900600404970491904
921905600870490112
941819435672780800
939706287415283714
939701439319953408
869307385256583173
201968569
832783743500824576
730842798388355072
915016957413425152
817130965906681857
853120630845169666
935298225057161216
936868024484814848
768415596241387521
841690894524940289
789518607457914880
876443959383531520
937204807412125696
936824433796354050
936760116459855872
935661845930749952
4884687439
875083903140327424
897992977842405377
899263202348851200
826214865475870720
898293461832658944
3138089136
927675222399922176
933383383610286080
892512614676406279
887460963808563201
4270246289
2206277749
913931388428144640
904527350288662528
928227718147268608
883039106955083776
890349568172462080
931731807443316737
885657614746517504
927937105996763141
929582635998990336
847981358962049024
930923981749784577
812439492896423936
920092154646601733
714894214765481984
902879145956446208
742239872987987968
897030435066327040
897029588487987200
897028900928335872
886503418776440832
895794525700063232
895792083927171072
894832570411745281
889719797373693952
887100951030624256
886862488553259008
886861530171678720
886504718679371777
899386259038228483
900923820831379456
901681279439167488
902040649763090433
902042410758361088
903821929609605121
903851633712521216
907042624623796224
912640816614662144
912641375988076546
912644338009694209
912645372471889921
917223713250119680
917269516928897024
924883631084134401
918188610230390784
906286323874488320
901222521655017473
902193683881177088
891463013483589640
729815567062929410
3396051723
784130574101479424
769627294013022208
863556555282812928
821576657538519040
929535355627458560
823001965777080320
860946123984384000
846461188640772098
826856599323103235
722573309615874049
894377448657301505
702590037821554688
4769748748
4251585732
1958888768
846901461506125829
919332346406559744
923930135874752512
749779787661455360
3790305741
919632263096209410
2728012517
3796279452
826132128446414852
790128889825603584
789129265786662912
788406893794332673
791191772575637504
788974188203651072
785445549386240000
740595839907696640
788976164618375168
791190375746547713
789517091435012096
910298095182901248
615172026
2825462667
911056104200839168
817978764835622914
808050843505348608
819280081872949249
919308469123022849
3403480120
904691011779149824
918903735513780224
862797565527543810
769327375419047936
793896671944052737
914124672291262465
918710561814093829
2353291701
4205845574
917958489644982277
843928960320847872
2798932015
2349071096
795098111257387008
867290597496901632
876996869360033792
700828960884707328
866359946958581762
916764294380957696
914587699008479232
783871594791833600
3230165797
912498357158936576
782841670328983552
189764627
768459953333948418
738095955241619456
145049762
2360286830
905139933337108481
793066080122114050
799774165507211264
818247962971226114
741905782707392512
913132127645872128
3006433515
762160244612960256
2612351838
2962363881
911663655229562880
1381175448
725709926035763202
1325432431
878786704261369856
2151647881
896441810687602688
853868601564172288
806366649473503233
880435340737208320
872646791140962308
2279654473
717158933048270849
3013725638
581798375
832670071688458240
752295583629582336
772821037780078592
907609905863020544
903642062767181825
853005376865882113
906250973932347398
889265379733843970
796128139420299264
775873673236451328
761012433540362240
840579229565759490
906757288349896704
385039748
2859815920
750491197244923934
887721590170857473
840339385497337864
2300510179
871767122254467072
429408045
871336682951495681
866439269887430657
757250866453876736
770353927539855361
870063347231842304
763869410339749888
760919820783144960
858487752492552193
830420042605088769
770782629083815936
890208190478118912
726996405122797569
904427365815783425
805412936365867008
705596564
383277960
751228008258830336
790260477670461440
185019826
4578661360
903756146443395072
814989722107908096
835537469034627072
3158323780
710445838829379584
893713328823951360
3191532271
875920283953238016
895793047316856832
879606816434409472
2724045878
834153322118524928
896405769767329794
896772300883841024
899452950904438788
899453614384656388
883676757861294080
732377962792656898
900472814158983168
862802938791686146
834491890171052041
867461571307610112
706999562033106944
889742468488601601
869355860316893186
3362563323
894629612692664322
893026583459446784
898786506353111040
2460585557
898621734328217600
898456290594242561
3109243153
883749575818752000
883753453293404160
997562083
887659771762950144
887749105698590721
896788428469092353
896789475740729344
896808159435673600
738715801251917824
892369619868160000
897488043560640512
884001790441783297
2887150993
808395696172920833
863395369509691392
859784653867282433
885302331503521792
896839185998512128
840779682391941120
895843715197128704
896250660852813824
870593892885741569
879924456633884675
857101630042406912
895972300025204736
895971189113356288
895754186607951876
895036898841956356
894458241333301248
884070748075294722
764251991014903808
2269634688
743795581672390656
828318846339649537
2895284417
893259864167796736
893575969637847041
894665664975310853
873205998164561923
893549051911733249
4626181757
890323340086435840
886382485784985600
4921357821
893040466798706688
837724691699806208
393711339
3350322995
854464475885449218
883975132460367872
2843115110
866718122455310336
892290769364676608
815304724056522752
891056058076213248
1374931718
3338222074
891796042508713985
891507073078448128
891505973264871424
890270821733761034
891505262812704768
891671382286901248
479927731
2901895519
4864556901
1344517176
851926461724413953
2311126443
891005350228504576
820496816055709696
2999905670
796859821886607361
807362032555229184
2337595831
773192040087560192
882806585688551424
750778698081579008
887017565846999042
887019029340327936
888146813932507136
888306174499721216
888306739623362560
1691471772
812328470122479616
750004620290846720
888199253071474688
3008661794
888175415600304128
888092775601893376
766716858313474048
4687965025
831195174457995264
887157079622004736
746007291166498816
887432985741414400
801276308865118208
2262941056
887386592800907264
887383070080479233
887380291651874816
3331565260
887372374764662785
886642367557709824
887344559554007040
886906129493753856
881580937275822082
887341612183035904
887338500022050817
887319556900966400
876557613139406848
829535684302086145
806668843066200064
886367729237807104
740712130886930432
2291926345
824069135734714369
871152060074532864
814500659361939458
886949487993917440
787067177635573760
733387841632370691
855417760020652034
259404451
871144063143161858
845442486252126208
779817189805285376
4874862018
1454407088
884225073930018817
885921499412140033
799670371980935169
878899612316250112
812390169496186885
827947613408415744
779855916585869313
862813408449753088
3215252446
844578638410469376
875715512247955457
846226164767227904
841283286827708416
865359818717937665
878320972062793728
833327591486545921
3139490516
3294026789
512132957
864036869306175488
852474302217822208
833155313620680704
4355946973
2594562853
4733963845
799177563859918848
883112423967793152
703043192657043456
879499292729163776
821473232654045189
717536646875328512
880435796758671361
880436525925883904
880436803886514177
880884655754534914
882997108550377472
3111267285
819298161256710145
799792335982772224
805183238838878211
1429199058
2900961271
226021111
2598307012
3312695360
880856606451408896
2436414871
828164148286541828
779187341785202688
880216527672356864
874246073937649665
840313239879745536
770104817729536000
724343030589841409
866134418414501888
880219122587623424
1713239652
878454522225590272
879067347805511681
878362180210614272
814519343568580608
838576014531969024
820164000575000576
875796337463373825
866163030249230336
877679876924297216
800803326002499584
875378794311372800
868191152817577985
2853273705
4469824167
877399021735874561
877398139937980416
877397787515777025
877363084221984768
877362525213528064
856891839693115393
849094573511069697
3182182076
821980699469066240
876238059435548672
875906079372099584
873345129368694784
870355104523849728
2945445827
814047013318717441
840682546224599042
841148467212890113
841844989860675584
842769280580116480
843516581007319041
852629934392692736
852749200383123456
873022464795836416
875036791232790528
729532566311555072
3705759012
2427789247
2243114082
3315437375
2763713000
860363811324350469
872129383766540288
867291232904650754
744733862694125569
869044032785321984
856319096610107392
764467300577767424
854324516520054785
823704155403550721
711296397467848704
834481710217756676
867886909510561792
867887822468001796
867888142157787138
867888472908079104
869424746513010688
3378845813
736778454859845633
869255531889913857
869253955892760577
869251733427507200
864980550544707584
868936534778630144
829124551724433409
868515642089119744
818026035518246915
785496001180303362
2334664400
766961956376969216
832061320576917505
800013510201802752
867761268844879873
867172918958186496
866972646382194689
864963774570278912
839612944006664194
825936902821928960
843321666876981248
824060405991571456
845472415698300928
853298594971037698
792398344853139456
2784849679
834235880600698880
839092369291104257
750826245659688960
797618751822663680
729730446
3037279111
2193135508
791359251876868097
740216117369667586
777158417198624770
136953451
722203085645475842
856225822960693248
855937425708912640
4171111033
839965709291651072
3022525624
83429997
1097030581
853791287702454273
850841144816742400
4847684534
2865629234
840617605740281856
3399577648
850692963332116481
3243574020
4655874562
744359720320917504
840679636023533568
820809086111514625
848650546630217728
4660236737
816437460779601920
735296505368748032
1655875633
808363687266447360
849994720306765824
491485038
823935493536645120
749525831123398656
821156817665409024
828718512273235971
825070180510240768
3263657577
847993390469971968
747780997
810545548516323333
847299053163429888
749953045459509248
833038235668406272
817997427646951426
718247547433807881
833136606571798528
836126543139176448
845688329274306561
4437596052
1538926670
631131505
3100918663
716281706555125760
837443712024211456
290216616
114224011
826173559961645056
845686328763338752
766330664048361472
736954328351674369
753669512076099584
709459552400310273
4879237371
744979525524664320
802261310662701058
841799977433198592
1745729053
224023366
4453781073
836765526168829952
3570309256
834073115420393472
833715991829938176
1661272980
3294228223
2227800884
825045413086560259
785638450536017920
810933528502431744
798964324849090579
762952465910210560
777357716595499008
799993566504374272
801783490140372992
798963032944738304
3934277770
4853098585
787177337242591234
779712347946491906
762573643226419201
785900077277741056
3400326117
785714557163565057
2155794661
783015601807691776
777849960129757185
769168957890789376
715701832262090752
772504846092083202
738454178717151232
778000313026437120
3167278797
3137177799
772441665197834240
3811481180
773386392525238273
773307250953682946
746436520093974528
760288056448540676
715617189999546369
758574858469072896
772441241124347904
772419223196925952
770598191334985728
754763415407632384
738397590929084417
2437776494
4813253180
717152093555920896
707375559727255552
721967346328461312
3051023348
741606865126166529
739881254909149184
3895475837
3122320842
721438178645639168
1555538888
724635549894504448
4491287413
4879730229
4722425297
712568861351145472
4818916883
716493845685358592
716344087322959874
712422375611109380
714484904491352064
3241748912
708879543361081344
704137338222292992
4851144953
3244019445
4431413495
3082556885
3389826437
2254154432
2967013498
709120754772615168
2825073982
217535298
2253425708
2223285277
2886001685
3013538125
3548594188
3666278117
2878597058
3402035596
3319848792
2929384368
3014995240
706176597368381440
4173384493
4175226554
3399655863
708769652739022848
3712399093
706130707899420672
707712938597965824
704344873705537537
706622411274235904
2914271442
4680115770
3242201027
705174992548454400
706574273666633728
