2505224349
754002404283183105
1002869057245339648
4469112016
4754535060
4041109702
27725199
3321488099
783214
986006614502232065
950305099728896000
972781078883676160
19028953
427893257
928383214590332928
828170366107348996
4918738512
2657625859
894956337360236545
1852644804
4727057286
760986822889639936
996163134179237888
752133641254363136
3181792341
928987749708943360
345082666
283536838
26465424
2395307967
754953449272291328
2789159477
73200694
950425481224089601
922645776936812544
818182537
1035316164
741592897951268864
2306197283
916615290011705344
4849995970
303475497
724686627050762240
2881746799
891145765262737408
379408088
1337693210
200889851
2715236487
854258684096008196
3356532568
34507480
3376042887
4091583983
3127776887
1035229448
904413370174115840
3364620743
2597970055
1320925830
857008219
253650329
1595122123
420494788
1904505146
2266368205
741114901196902401
2683322160
3268422582
3371588597
890721628128251905
99596327
2968717781
269557104
3700714761
557933228
2538374666
812239162720010240
1705065756
2432017215
966764124968488961
2244751061
4850891945
738465729926815744
4078439175
962884685062967296
935643327042670592
848835889728040960
926765268889518082
924416596315078656
3307749191
3891919033
745106482086084609
718461602543087616
751146378886250496
957672117654433792
3223046826
134880825
968513930132971520
2886328533
812592348081377280
767180658028400640
949247682802937856
2717664533
3295671472
489840107
211211308
974652991167979521
850557639599677441
4043317521
937445799205720064
16336405
156718986
876569945605320704
863382159444254720
976553402481172481
341953976
3271207410
3362824701
882661063409504256
1483001473
593984150
592399596
468045506
921940821565255681
777670207695261696
911590617616019457
1320907092
1873398656
885644111994380288
2276463281
964494913911042048
890560853086482436
369219239
2341545273
355109548
910982318885625856
3626487676
53338746
4156801154
2854781687
520745717
2972210139
955895144267599874
940744447846952960
1267876140
2175964108
938507887713718272
890223362370408449
757626685
53933574
780059861862285312
316553217
616283266
956258335682121728
843093144799526914
380399508
2393988111
953362094937788420
41494279
3079707406
939463286684348416
965015705123930114
1226678023
1336876092
968549163976790016
3265583304
3203022928
871072451802918913
734354475314466816
36399384
1135877646
2436334839
4769794276
2577001188
331625215
800601734888333312
905090092649328640
850697440500035588
878565356050292737
760669646630649856
3832739356
2928010905
895785372566900741
732247296092610561
88442109
3358739307
1021984136
919657271638024195
880929094690643969
2335904875
3311250055
1623007261
909591959953661954
891295349092102145
960846914840342528
929478583378169856
726366557996081153
3741837628
855676542
315978752
3257483380
1223137304
951934601949270016
2382605228
3041482583
792797203
731899626769547265
877278892087705602
2546852800
1626539726
3415239417
4123534280
852025386
493249666
417847319
895368976930398213
2744896324
1939021908
389092682
571639052
713021295332462592
751718127474540544
732899298
859815823157985283
30416742
266336410
405630385
336134775
903382004959514627
895615223415148544
903585529152905216
838869020107505664
2492487179
851986200
850148974757634048
307426028
560515523
824543046557691904
739784130
89766565
341174683
837000618392813569
895351271141642243
709033783564046337
443155972
495074577
30974408
126370504
951519362216812544
1114869991
952458971666960384
457157068
2658233711
2719060939
4644276981
755440904
335000645
3222685398
328093634
4844016713
1112342928
311470902
2709535507
811927004169830400
727243718827331584
63289251
4050034763
1296990157
700979737938759681
887948432807256064
422678620
2553092429
1366007545
2217717026
925154280
876795309363482624
872164444503240704
889846463701843968
2838354350
3221851633
618336955
311313958
3930304512
3071765443
979468424
4354946963
926217057913405440
950808449620692992
782670719876407296
914416921038151680
907189213598285824
2156299840
839172886753656834
731649053872771072
4851134163
2337225944
739910689364553728
270102740
348103328
851768613736501252
2937276845
3411272506
2568778573
944231108513816576
631594784
1942010208
910839105226932225
154101116
3097227912
860578606300495872
787412912298201088
507940553
211631896
3255021199
1052853649
2565261662
2661835675
700789056
272561314
23578046
112457675
937128506361774080
3049685136
112289040
729032110829350914
2261201866
581770219
176566242
796435297
711676374646431744
2805662018
1024278966
927625260761042944
2691369397
852958152903585793
602272903
3431884420
46084647
3234221032
814258452847587333
3292572082
703758308369235968
27131277
386875275
2239935415
215952307
2835962353
23375688
811957852634050560
2529002313
2535331199
1951894622
1488297752
167714664
3306548594
728567919186186240
20350008
831251849042882561
4578903487
3232301403
2306075375
3048571775
4715059395
789105902095781889
859680103864848384
900096803877605376
2394110077
845784792520015873
753067633788891137
870426803936145408
3312550411
830479984900861954
711368092073336833
2334000619
900731355373371392
930803227465080835
735302955511910400
209708391
81901622
3224633758
772344232875003905
1164024673
3168639655
730828983768469504
3474104594
883153158591188994
174416608
3286004797
3133594017
933408639775371264
2761091105
702558276
778997225238200321
158314798
105119490
84279963
181561712
