186385522
3299548371
349699379
705378489541783552
13567
2890046292
2597399170
851789741049643011
45891623
14733360
35269543
456713831
67941602
823518894182846464
788193738891759616
920240592235515905
854932032
6241952
237650650
208620738
135180251
747509011289899008
2627485930
2575351538
14093339
955537720025153538
29052853
33104659
1259776242
15196090
252069689
2216245224
47325650
723581160912248833
371391064
835157915694739457
612592720
3329589203
37254334
1482581556
4783690002
22239898
17238110
393972233
3064347485
22474349
21076408
2845309105
73839357
18814734
119282907
365495044
14188820
13440802
230025585
12354252
258796308
48093881
1113541
89227119
14620544
3564041
275686563
192589318
419989099
308151547
29236793
14711619
4171159534
4428703992
1117226678
3648055819
140148415
894036494096113664
282629224
876256867831492608
23115284
1864150345
4113647331
466570544
111019435
47313547
26964113
24915641
122981076
870364054044520448
536087812
35767916
48816154
14128528
14378113
25002538
14514804
2530476584
68768975
470427907
813512
80361540
32493647
85935707
83895276
17825445
17889970
59157393
14097392
18102284
16248319
14231246
15133557
60308942
18239795
40767944
15865878
214622133
461500208
16892481
742143
3108351
5988062
807095
5392522
15522756
2828854611
14844272
751881524
22970952
7144422
15676118
91478624
326821147
14800270
334984155
140108198
1059273780
14305837
5637822
863109518
220633093
150501034
15675424
85935901
18754728
7608932
15051371
972651
1344951
816653
17091923
2009571
337714510
7268612
2919151
145599248
47340407
3760488922
1326439262
1908417307
16144082
1813571
18812577
6688542
21625098
308663679
19739636
20319539
622993275
201320266
417233517
75896448
866128902
18219475
1104501
19404944
3334364662
15521075
20632170
60933288
28962963
4742714607
3842354907
2645602164
3092629269
18509815
20133926
41079443
80618068
2744567563
21201351
417804422
44553548
738401970482876418
773137629101645824
17490331
3907382243
28338375
352650591
1450773104
928474448
53410783
2165787805
3164880701
44930587
21913090
712642114681704448
2176309836
4339911
14995813
2306579816
31697976
43327155
29163055
374655107
138781058
17868090
19706979
540812894
1398479138
2185
16812515
41569866
15836200
169171972
20715956
14792079
6580122
1206164995
33857735
2800173832
402875257
326220100
15237935
12819112
29093157
224631899
2255340865
2513822461
17078593
2904059188
144972081
17217488
23084493
433664531
25997546
15258320
496094137
19536353
36025571
70479083
9089032
1946971004
396000141
27685957
54889245
2790546893
26441031
54856459
185667152
262665364
16045268
1236101
128316780
819851
24895580
1178901
897811
854581958
189065376
50998548
1433601674
26207038
487833518
253588542
404710459
46342393
1246397209
133796480
350424151
148815591
117376676
15859033
82967815
555967172
1578043165
119401334
11031402
15190898
252735965
14330959
38365159
