27260086
784564637572468736
154101116
843463994509840384
942642144740864001
2718227310
2339737380
3260709289
3292434866
810488532590534658
949414458845261829
1089421662
948592188119797760
3680494273
161375991
862048443660812288
798217766
3167522709
62187218
412910626
719610709668012032
923406205069926400
2150327072
2459470746
2714997212
3351046901
594421673
18916728
4495385740
905065630998695940
707313019123007491
771510466753409024
118432756
1919875704
2784252335
2244681954
2584945396
308535023
2166393124
710300737981394944
2315775968
403248032
711560039450943488
24215769
1209041798
4830083832
85127415
814267296407519233
591495557
3653776755
841008887344054272
4903134250
792521369321926656
797886673292001280
2151061681
760172962519523328
2875000857
21142926
305297346
3405059637
2471530693
547002326
759441718886428672
3392881317
1683187207
724989967798292480
804240115165822976
3337055589
504871136
84468621
1277848932
847560574581981185
705489222585573376
494671033
696687103934144512
788275118736707584
348831039
170625858
1894465472
147494022
764468054864433152
2968463711
892888033233559552
263914081
879501926458675200
705971208
2751721797
2844462281
1411065529
3073408905
4623417321
262521830
3123720981
4659629421
3368183111
3425047955
3788026812
3133872733
25231077
878341902629777412
158532102
735603091647700992
2555358811
872878230
3236828475
764415474662797312
757279938659618816
735596421932404736
725988962418962432
2924137372
4677049100
712322517231341568
3460740317
1651261418
3025446479
125619366
882808313460789249
402394836
1405344980
1737152023
757648693990461440
881726319024885760
861098665129148416
830435155626037248
273064731
523447678
3491461583
3303035929
66699013
2958397370
878275332733841408
118499413
3137384794
4623611535
1545226939
243221194
3219907700
1278407238
1423445184
90661198
4188365379
924305562
311338317
2450767754
4664872654
17881816
977285929
339146819
99688215
2929567575
986732354
4417895717
859579430179622914
700683083356438528
2906071884
777693262433886208
835622846089023488
508605584
150615087
4778210240
3339119339
867098449598193665
152027081
267425413
815246225846902785
219159980
3180113844
4632936137
358338010
57107167
847584886626033664
2496893054
2259586592
40981798
461410856
264474408
14631115
132896688
263838766
1548902586
850331269057568769
842747521260830721
837879635434176512
372849816
983844308
2593980158
838127473460011009
533485550
4820267897
854326446311038980
701106835672141826
807003567605227520
1503435438
1143398707
456027352
2728591991
16231318
2321254596
2295356317
2424091388
143536939
735959941161353216
762297374945443840
740308186943610884
3355217339
3461057237
2334187765
731200423785340928
2778400298
4689795907
277634488
21656811
1330567100
3050927122
2318168235
159225370
2447718088
810871958757838848
2266118430
2258937916
88170396
845725874204950528
730498619044958208
3004158010
835274509120843777
739969991366311937
1668477822
1227985814
308136181
778742901312462848
327321439
2366200039
852679989115977728
1428288150
711873768654827520
2540885759
482935610
770355852209512448
850106178608791553
746522064274788353
2955648697
738709847781281792
4892905529
3044624800
3000824282
4196983835
2952107055
2743467082
772557702253928448
1601934944
155475904
741025089269927936
4187472677
788866568407089154
2217717026
198547663
3074706536
110128851
368573600
4321956928
772153058
4317502156
3214301592
3035955072
843262157848530946
3387710968
735153382558687232
3214280036
1410809504
432653174
2992632389
2876306808
848895146007683077
487096685
801932565951217664
804034598661455881
700355270086512641
2777792651
101904360
1577006378
2975699694
723998900932194304
3472043055
28971294
1656765638
1349558400
3875548281
2295511306
1476229652
4821026536
808730660919713793
1306725290
792923377862336512
289890046
795059086601715714
818284082
2469746205
2164815358
310729533
489170234
713795762363179008
2595366481
4737456963
4675548258
795607381799411712
2401416728
3158277325
831142688913293312
2186365983
2778997917
948082538
2942998528
3023493491
187867758
3062495205
3220158716
774769824
580433087
4927990217
38192086
733693924276109316
1708961250
212901343
2978099219
1536272137
799924659936460800
786238409836785664
2574046839
3214479574
816026450381991939
3578586915
4198999492
760264288288251908
1531618704
3428101186
841388651913347073
800052026
801172217769902081
739507209181134849
795086266094276609
716770846157705216
1954448281
755563937869893632
2362804241
4185715545
3430665695
3224374177
1344598093
736326339960184833
3018035124
148781366
44733150
3334601722
25458378
2369335940
22209201
2717706274
26806104
733452370898616320
291428614
722436893003132928
1411401618
1428232459
256202232
201079055
726534025
789874224701771776
1581449490
598540507
1055633580
704930139877076992
985400317
733749682728505349
1544294910
43782779
16712746
4867833574
1106144958
1466510112
96091829
2300106786
4465100772
2279610453
1861457766
3242604797
156389011
1033088221
947506082
224628092
2760725518
3781617257
2813000606
1101314629
221412285
2485042362
72315040
518975293
499352678
134668186
92464299
1292962826
1229560135
2679989365
3398771409
1948138093
236105646
4855879174
3304737960
477893730
879828138
2569539256
2245752564
3893431576
2881691249
1320251016
3215310851
3401487777
2537348227
2215774878
4755165982
715565754557530112
1394350902
196415460
3393765374
560500887
2252478195
2284218793
2296976534
731284050
586678959
3299190076
2899667573
203021016
2163814330
1615472791
737946326
302658260
430280519
501439680
2242530806
274148412
4097526732
3086861367
2999330349
579185597
965069022
1338944281
2506576412
1241781180
1112472224
356891349
2500125344
2891340394
1606720382
461486844
1402842252
347115839
2167617079
287835169
2642079905
3433914453
2201532029
1113437575
2669806172
2310331202
2157420648
2510710258
1167339584
1258217959
1011761634
15913300
2559041207
604773828
1476855247
1691783353
1142066336
533778373
2455366765
58163596
3959618956
2909902244
888656395
1031228354
1540923560
3382329765
1583855270
587210707
3154144481
2308996884
525265282
996224378
1231692102
239989486
2777143996
2204045424
1216668324
858611520
488661974
471263731
4098262612
1026818694
2289653262
1066371752
1867482133
742736312
2873725504
2895558037
2766308194
2363299739
2288336187
1371916806
1712384935
1911340770
2169059527
1289656724
873234446
1659892015
1697241229
2880072189
3245658931
752803778
552980184
3253455422
3070537282
2906302525
2448211171
1040679367
1939307646
2354234783
2282013662
710969175
595200874
1277049547
1385610487
2818441199
2570673736
986208294
3225540405
502108076
2393129988
2372317400
997182192
952334804
1370637902
321695858
3130913235
2765641357
3107688197
2356290679
276302103
3206923997
229985359
193021663
625178544
4063298123
788727822
2208113402
2396503058
755229410
2439927374
4041986493
116350139
2608152528
1187883751
998917404
3146962629
464126100
2941179692
3279084245
2555507238
454092518
2752478823
32947079
327992849
1080223160
1601050406
44197057
546940103
2286713686
527336732
448306842
84708371
2409918000
2847102539
747793574
713397333
1718971370
837629088
235944992
3522169875
75861491
996562268
2436176798
87403396
542904425
619926785
18266559
1175557578
3062783500
3267918550
447688282
229385617
1206738102
2545667038
1658544842
449078130
204936319
2684179459
277582865
712900304
950684839
338438031
1557122682
379907579
79363061
460011007
2959986780
2401390362
998453022
1900143223
575526769
973889922
3048187283
513503688
3244625649
1913561611
2870435902
2368382544
756936206
2569521757
2313429398
2790029582
2236167152
568681767
1348485878
2871652350
1649239537
704956674
46884287
2510892564
1336883604
2809481257
771649188
284645262
2612157184
854302584
1678895676
1544387473
116929959
562589414
349910153
2826837284
247778277
390210458
480048718
613410641
428420992
234407271
3053055810
2342899704
2888232784
148493422
2566083968
181631962
2242484167
68634888
2923424747
2170922837
624304229
2594532866
2191876449
2770523676
2755422337
959070332
1036180218
2844270714
2557149793
2756706419
1351805930
1024968102
1667937391
425116010
31354874
324873487
484877967
209003577
739784130
259435698
27776098
363972381
151186133
235325880
872374136
