1005110761042169858
1003776092136771585
750503347862532097
967014995505680384
4106218520
917581173932531713
309445038
892285827195084800
168683422
870188817537355776
820296842608930817
992600840958631937
878204370403250176
739250547790860289
947199180535197697
869875390465982465
865899946373001216
988537409288667136
952488880401416192
871914241061728257
953794300613193728
4884469548
747914133497085952
1015192003
3357947662
3837031461
4798280326
4853763820
750785290327908352
719586944624291840
766492715345448960
720075795603980288
819160624009740288
720013717111500804
975000510
719611553465692160
808068833613414400
943595478951825408
3308576432
720549104405721089
737120375813722113
718571516787564544
872617165995876352
968496799857201154
909510606516039680
896829632242221056
884378714
963368684994605056
964626876009414656
847842143867719681
961711240711163905
2612988391
4811011050
859297966581891072
3390133696
3385125854
957984328977408005
710916045
1409798257
335141638
3374722913
939865379790381056
762777815616020481
795198619263516672
2513669916
905198230329286657
2895951210
45709328
713863615074463744
1138242193
706495256687149059
2842954795
802821134953525249
1132522496
