899608703921512450
1116385232
4886254462
751945627198599168
3066085450
972586059644260352
1908673278
898623828452093952
816215745491337216
952092817584807936
529712945
2183824510
993780332611624960
800650415771512836
3434813759
1247542478
552659401
1378000488
388879809
270794286
891363555034923008
722504987566284801
898328282143371264
2504318154
705215780
452236423
195080100
599987108
908630682364149761
708715061964046336
847017228033806336
902937576952270848
2147736012
834009601133727746
2814712989
790927615557267456
3021162089
3429723952
893092602437939204
778597638
1124767201
529532043
2482233206
2685056022
906991370694471681
1247580181
3420054099
2749027328
959131565283475457
794355123229196288
3345391720
708974574315171840
743774089
492404491
803926641223368704
749048914020405248
2796718545
3226401850
711682916783362052
25460615
925027740893564929
930488422833250306
2277796945
504604581
3372645221
