826244370349297665
38256988
71320424
881222783170228224
798953701972938752
1262099252
71048726
246939630
16459415
18713552
19418459
860138982033707008
1915033663
879714351321624576
292083207
171968009
964481775606140928
33919343
56552341
836955550315384832
755057897583804416
21116401
739836929278156800
2316383071
21346619
216099617
1923881274
2314254361
14211946
201295531
933328747738091522
29501253
59429275
11522502
2334193741
2400284491
10810102
68457742
28426328
20794662
325001316
1148208943
117232313
22771961
43910797
388403214
29769998
40358743
462143773
14307287
1651522832
218975278
5988062
3315658770
703808448
130617778
31611298
21628223
14780915
389841834
12874852
278124059
871523165972910081
21059255
825484762659815424
47438401
14377605
150078976
14437914
12133382
259395895
760424898498035712
14677919
92186819
32871086
2856217393
123322294
250492272
263292498
763046596095332352
56596677
22992724
41488578
47747074
39155029
301048344
817166972764962816
761340504659361795
25341604
540826478
3333055535
19568591
834081571493785600
172699700
15976705
409486555
868234340421029888
14352556
824981114834018305
5392522
248735463
3167508269
738767160395321345
158426909
62513246
39769631
2903183172
15220768
297564170
15914126
234865212
16043238
46662359
42586998
3731167812
303361757
215207998
746387674286559232
66409312
817516077810847744
15441965
21331143
65167734
14573926
1058917562
810590628727914496
72198806
816438390862282752
623083911
15934747
757303975
49543861
14247236
323929567
138168339
806906355214852096
995193054
16469809
815733290955112448
2555808804
124087958
15012486
36686040
78705963
16174267
60610778
2467791
69231187
759251
807095
19346439
14159148
144611647
18510860
798773521014870016
373564351
14260960
251330015
248495200
814417015079321600
779416353019203584
824010746090704900
1009489969
3240143771
796893974661365760
14615871
304392714
612473
902971052
299802277
727521491382718464
716435110845808641
248795646
36771809
1536791610
29819203
798022657526464512
158414847
809820717793546240
775516606281633792
2205024632
802587095428542464
39241726
2762463461
4091551984
1652541
1020058453
23642374
7392352
321530702
24768753
1732442586
24190981
148529707
15667291
20715936
128763392
814386200
17006157
621855606
2173418911
1077214808
117501995
800465706143756288
22999611
118735458
2445809510
18686907
19942371
29920021
11859822
21867341
234013833
140543843
339347496
50374439
16303106
382468624
69181624
786580814691639298
288452305
633980404
18055737
813286
16673982
21394764
428333
742143
17004618
293131808
19402584
361499356
2816294443
15633626
25101704
4493052875
529623923
23484629
930441667
88974843
52758588
73402979
287789223
15898172
20174852
18964696
1023347084
48741164
57052844
102713637
11447852
355321621
54730258
15930616
209241489
19816859
124275070
297048233
130268977
124352120
21774485
46236831
39804362
45436858
24067213
416512916
605976164
173992307
44949890
2984947506
15636291
379358070
21361624
17057271
437598848
98222986
57093552
174731724
339994408
107752324
963000816
46011057
74008723
14717311
389974502
15492359
512448385
291325557
817973234
19945640
63987387
