824467746436120576
2863996955
109974187
932047991405363200
822491301484576772
426578718
887704019296276482
824123782520537088
36262503
871523165972910081
22187085
16513335
975464419483271168
789959215
341190477
28347470
956938214861815808
2592749814
722195069672009728
755835576
824698825499701248
216065430
872460123125448704
929399289436147713
1911657864
33773592
755773710456487936
829520081616900096
824326864407822336
8548612
783869289061167108
30451813
288363743
284602316
14515799
754775250
2835276183
826780051777654784
842398676714676228
312029696
19910041
28706024
782973815496192000
1976143068
17974481
1002037376
824726751209066496
824708876868157446
142594153
757303975
825153022653128704
856551428512333824
797673241728970752
149249831
536904693
824338843327361024
950531
443215941
336937775
49226019
878275094711345154
817166972764962816
15441965
372536101
47475039
940675464359591937
312860399
980560951102537729
961792879713644544
564861472
20106852
975548535067348992
162563093
52551600
510464011
901564781009698816
1969747861
31171669
225193809
14298769
964032914626359296
29472982
41135906
1915033663
965266179836252161
3157736703
22429979
52392666
846550563017781248
9763482
342794853
800942537083068416
345522684
186755547
15525413
1266209922
46775436
368196789
874397960489975808
23645988
160244947
2382106993
1055907624
860555190
14247236
166669818
3227267930
50966681
854159477477658624
22129280
54730258
292083207
36711022
493714995
825518870421180416
296023958
804343686310088705
799047255378391040
878739731219189761
910492003359760384
821387408
870077183028604928
40302336
897917110831140864
784575415457308672
3333055535
14173315
4242967601
65770439
22662175
55948054
158426909
1383272101
54861430
1651522832
225265639
97040343
16170860
29769998
45499837
298503082
79923701
1566746503
835740314006511618
4535895672
15978412
19235973
20748745
459872442
824359737055735813
848148994102611969
4282171
908503947429650433
186667011
2334193741
53297035
46233559
519072324
36712233
28049003
24203482
26053643
3223426134
808602626090733568
768486347300626432
33276161
132496568
21872269
12329252
454313925
1546792790
787373558
1058520120
822141524863553536
1413698887
19553409
546029429
1966814653
1216789842
824981114834018305
16149614
825982044014514177
14834340
830908366377611266
16912124
2840227643
136379708
875029068223315968
250188130
21059255
834081571493785600
51241574
1652541
5402612
807095
15976705
4207961
4091551984
871466086293794817
20182089
824473943931293697
821782476515409920
1051396218
1548489476
23833641
2248872301
343452680
187289134
2359926157
2316383071
19084896
17629860
839420851099471873
2889924959
14075928
30364057
810590628727914496
16129920
2421067430
15209763
116472471
824405906486026240
824685875099533314
824803611490271232
824797212425191425
14606079
2893511188
2233154425
86129724
824190260338954240
825151045869432832
449588356
2467791
28396329
635608354
460164882
1561608704
102737967
8953122
73956951
5988062
3108351
428333
5392522
15224867
2858510960
15220768
824505616265859073
825043982006759428
62513246
13393052
24824450
14260960
825227784389804032
95241388
36771809
419103497
130617778
824320219866923018
3240143771
822517901294845953
396939666
15846407
16303106
357606935
970207298
304392714
139162440
216776631
29442313
17382932
409486555
939091
1357975226
171968009
22771961
813286
1339835893
800109657406590976
812347954484903940
5743162
960848401
770800781121482756
29714523
731968519051612161
149449090
3309375033
36843903
392455229
4582188934
3224615244
3103814838
3105581293
3074541763
301982599
22477940
2414834689
5658692
2806036475
1912589269
1383435746
2545174768
602317143
237845487
2322972073
170335503
1318643280
1123772772
1325100566
2163608041
974507892
498402839
190679249
2151529694
15190170
19414815
9395832
1636590253
18393773
1544065880
408970770
389270587
62488992
449349346
346424856
94567377
201070833
540227970
545349945
598583
293852848
64131302
14780203
14162111
12259982
35981445
131351549
110520327
221856766
304365414
14534344
14231571
477746259
318571154
1502501
66242447
351781608
106799256
14311340
12131132
16837154
1835411
14861285
15212527
471543
43192807
76461866
33423
27457788
10760422
74594552
18462300
245006227
39363841
6716432
19155670
5771252
7169272
167182515
1922861
4519121
17104751
14749606
116136857
90420314
19836692
17186632
166369152
14169916
137302415
80273245
119168161
7282592
18035420
103984087
31715672
20812257
90983105
92175278
26347170
44764761
23783361
678953
9491862
16692291
22929741
14160600
7803862
10360242
2960721
801488
816177
6594572
14267762
9493862
14454753
14277756
