136102085
806554779770093580
3381404974
486084278
15851250
996913601578446850
998991851054092288
3273778675
519740916
18112970
959026002776145920
928305607
989492996403073025
350259429
316257131
261330050
3110775388
916458451697577984
887698028357877761
284795553
960553777412657152
797899198645538816
42447494
826996469353771009
835398026894024704
934483093863456768
470587261
444910937
748946826972332034
78759700
940821543852167168
15894017
706778446110842880
776098444423430145
4501434974
220317014
810483223432040448
922873365202845696
748446473868587008
879765236097699841
765985990397812736
12874852
744261594008399873
740895281475145728
906268478386077697
905173474360135681
873885393372028928
1560620874
480642997
844506936783581184
167574432
132339474
779201295727157248
133938408
752937367149895682
864294992323514370
18519641
851652718515159040
862861616408174593
848187282276462593
819294551743623168
820349906854510592
843472711988994048
19607639
19088288
3328636996
804242964390154240
800884577375907840
808391772791513090
808321409718095872
805415543939305472
372050829
808066604772814851
868130508
808082175933501440
798674161795289092
1389824197
21705181
61149653
732237478397149185
3222832111
790589195324624900
791234506242002944
2441489816
2723855487
32671625
781172254574989315
775050822723874816
444804260
330834323
752981160460824576
752846819512684544
3515064449
747165744698269696
889456423
2935327434
2901981402
749269693018628098
216845189
709751638458650628
708109978934972421
3179307010
373528074
3062085207
715865341847580672
728696221481750529
709443668722057217
3565638081
69628430
4889113593
1973257278
2424440299
960854550
2367739188
3434451977
700680004808499200
3234289683
568731694
4570872615
1225978303
97307625
218648065
4393008137
4451003969
4691223547
3270567122
3418860132
3402727942
2361492889
4049963003
25404095
2466508087
2903674313
30106392
362260621
15650766
785134926
2320622078
7543062
3108012301
3385912666
2151592346
2842891164
710219113
3314607393
3300205365
261798725
3397798966
2379897750
267413528
2497306832
215808136
3241931810
176570368
2165745980
1704796292
3192797490
2962428895
2172879259
2390034074
472571954
3008562728
308263239
3089545986
2663902358
2402621
33537967
2809419443
2578791996
1596407040
2564289834
1421879372
2218502178
231178138
1895359440
24081135
1861561675
2405723812
2370129733
17504363
