875711857696395265
973018333527322624
1129885076
990612467100389376
1689882661
923643660104847360
2817070047
1004203815455862784
997689584652779526
226325141
1002530531844739072
731705354657144833
772891119424331776
218027755
308997977
901176328984158208
818612851392679938
1347419400
419662017
864614802475319297
34916539
2463021791
51766068
232879394
881152831176155136
993194068241825793
857843317769478145
361859989
247981000
2687764388
1873568736
700717089548439552
275221156
84860555
1002665924388847616
3592503441
864628611579564032
250822316
29202827
998721934551592960
4707265562
717627639159128064
825495573730095104
825415023329685505
954707450292183040
920006546829975553
75933728
1315836344
1001867998209167361
16296683
4183085298
2832071262
397468039
998717771142893568
363307821
141918939
39186860
4915981217
24004390
981674763100786689
3568526483
1225689498
964205877308940289
821869160317652992
41399055
889566793
243084105
969684165292683269
2195073912
975008730206130176
931985688177905664
548228645
870308247147864065
372449148
992906813057130497
985659978651385857
102044480
371184537
904476654302580736
2634593540
3052099927
3782785696
974991414894497794
1970835943
768962209485615104
955628749
276452562
345461364
963500632442368000
769551489803116544
17344775
251873240
2357142594
802985486
792214751002714112
988846694736547840
117252361
26278305
746927667681734657
178866229
1016706877
1890265316
781405694
33843727
383125195
67657700
2986657973
458169375
893857977538682880
243745639
800430378863341568
3307875003
755229485419683840
1039994461
4765364386
49260299
2641993872
941922400748343296
977215160640331776
451741356
749437963742961664
534692776
747203794719612928
998718419628380161
717529891680313345
564256342
784065173497716736
718030016043466753
841421638109413376
975771907466448898
997179478265692161
788055459169177601
262881038
814541534691491841
3417145427
522052782
1125695096
215987262
247424391
1016260688
876185533256519680
779041364684238848
3383903883
923368757803847680
358545917
431071870
783482499099918337
743521179558809600
2849954968
935288983105388544
889926796740841477
83484465
1273633214
172431472
94436427
878087280321335298
1629035310
2330590446
121574367
349127547
752062471209250816
982675379319132160
2218177956
36949856
117977173
718950130020458496
86378821
944065611952406528
825831336342614016
37920978
22055226
963480595
516303735
944388972175855616
982669918104518656
785689923311460352
44417425
929886989498937344
727672002106916865
956575941991587841
2848049341
904726392910249984
624306656
54739201
731467068
705419616772820992
958744334773272576
305979692
820383298467794944
752796367572131840
15170286
514485691
65159946
708522042
175853060
862718426757779457
107892793
388413509
782269112160444416
42819029
1627096298
983839772031496192
853856892
924594604598611968
3430297912
816736590412337158
758729592672653312
873367940984324096
1419629526
953668314399756288
2298722492
171734207
32890854
4187872816
33529092
195878415
1237813063
3233838455
940523494286045184
838213237158129664
336868319
297221137
27992398
958737683005747201
2948453912
2147969643
993649828549738496
987134587129270273
882275244819570690
370329931
988960980548931585
820883159889940480
2575608192
53070004
2187938202
4851204699
720083238543323136
839867862013603840
760249850562740224
801555575687495681
2413093953
2983991113
21237646
2764402421
2545786681
609901685
825880042601279488
903324907613937670
990723073178521602
858998558
897311237901492224
15945496
2965428507
950863186609160192
849087560890634241
823345645226496000
752797328206139392
613272756
34303397
767960339547774976
961716640013537280
794934675462504448
4130538973
795554351477620736
632192806
144394897
1724526038
243937484
2379680730
2995014525
835565281351106560
1225778983
30644500
951495758125195264
2190330965
246864702
959521392172572672
932863866
953796196631539713
1000369441
788090494735618048
3248715393
825850178926235649
826471917473366016
2506645070
936631354963439617
815383267918643200
2996456926
878247600096509952
143802861
2692125771
932357054836105217
504888247
430853722
720707740578881536
893140955397853185
741226682414141440
579415654
24975816
990496088359653376
882285006793527296
33946981
835300553836015617
428588070
233933230
880563863632179201
3346333522
149433931
534055591
473523572
969776806860476416
36686069
1195966064
707190520183988227
1265697572
970271982561452032
706092880255913984
3284112337
839637180758683648
197996907
461522834
517098987
955664098485731328
24281455
830216861652430850
708415078907912192
974018476758024192
4808913389
3008082845
526601851
961413974079299584
844320672193155072
904174470172033025
64559820
4856996010
886269224481509376
886375283665674240
2312678198
925840473926914050
1206881666
901451546
2696141629
2767312012
783447079444160512
727850502101274624
986615726541688832
4563974475
934160454867472384
2319067908
1923505015
3316081506
935604816184668161
839682010222247936
930575720
4312282894
78661568
911710488047898624
3405962098
9427572
2795404498
850036892
3687229034
737289682573103104
794233193406742528
16185983
725888218458165248
869976631280099329
725668591559802881
803709161556971520
1586490487
961709064
882947018
784195632177090560
983687195411103745
899754471110189056
870908840
2391591091
706578898851483648
269904676
977624116890144768
956006968367476736
36655222
916796671866167297
755874153090150400
2177395602
260567394
3167724105
937785844697567233
742889902728183809
2775218044
709886000026099712
727751964063346688
2998672193
40908010
928122378185347073
886042169621987328
954178088878866432
786283475871551488
430775674
991038814327005189
951248685127651328
855874060399648775
748505470810230784
903703629101760513
950137584562384897
787660822302498816
963110402996490241
971430338806329344
104891939
434940307
3344781497
963968298256928769
836636215801757696
2765290225
836329236709289986
4063966107
810653855809699844
2582907644
43105114
862517418848952320
2232373717
391784578
771726030113542144
800175372067213312
837521357906849792
785549741421568001
130777004
919945377691860994
2831927269
29618206
96442308
2530020672
754901630101753856
907432893676273664
976863473383755777
812303482212458496
902535966967169024
867982815467421697
960169536556322817
2324778534
4731552114
277355403
701170685796818944
1722845456
788040416008474624
1067374718
167923560
843542154530164736
529564536
738178692044718080
146127375
526824449
248755135
4883801255
800392915696513024
1942446252
967280393685749763
925010933360889856
932342519832162305
4305818178
914882245827076096
243179624
749985391059623937
2812250968
909909238847348736
825305658497101829
83312898
495196813
990731764120211457
901867723
2995070166
381219670
963965961924526080
4837156769
215179987
988902338764132352
711954696492032000
2780589253
193751366
953181480938688512
912464294071107584
3193066396
482418139
958064770019741696
2735889614
895112314860339202
952295403030040576
882102972376862720
26997254
84219973
1112144912
3984965609
845923910
398169353
364844072
582501111
4783143674
934298773328728064
845316055064952832
826104850194653186
2468708726
823571457649184768
894465693755637760
3250141399
822901284655210497
2953966608
455566628
888204066618306562
1546656000
884372312992227329
913127825544269826
339067405
933478190
969128854559182848
974431254991970304
152837318
863403028937924608
2255306193
975954401654378496
990607240242651138
954201896251723776
1658984442
269494264
2722206410
951965474904051712
709085280377163776
982425323097686016
572399256
55910287
865027205205811201
785458822412369920
259960412
873617564856967169
2263754155
100600292
4401768028
742851683978350592
34663425
882281863196405760
868170528804265984
890256738175397888
4463229917
974103996817379328
1256753802
845808831502270465
3436127559
344362966
2305853304
3345957741
829838902429097985
973302870874324992
755697679234105344
4465374196
317556407
928380340812513280
746898365758246912
850403091123810305
220411395
103559101
3375673138
770466974149337088
709776633243242496
834489915845001216
708769555326181377
709258585
3435554675
724051582992691200
884828832
1216737787
703014623067308032
4735616514
705935908608937984
3324614036
2355934348
714955981969498112
222644440
707352000686661632
719686463529611264
824453513266728961
822974123680952321
49057307
857312767522385920
982254298686939136
799993428985741312
40663997
24894527
894349049905766401
46238640
762070938464706560
710666532913676289
3247188550
4902369955
2859702526
862716927696916481
758473250380849152
848193493407105024
813426434819715073
3947076802
1674142795
301094557
870043832485806080
21851024
759069400502792192
976979165235810304
1225439204
460262565
3988327353
2880197418
2302608836
2605774730
983516074275737600
51272053
434701535
198032284
949593007233421312
2282942550
76376399
1961714528
3400894919
892531374
719575907166470148
873753721666125826
826290821116764160
2988452115
940044047757983744
17478809
741225601688702995
4799346261
774538964
1109310122
481304417
819975441704452097
723940934287646721
892806467249623042
905990047299641344
800852231893360640
53332427
74641095
723339615009034243
812734040352624641
825746114154549248
788454774916075520
1436768347
765203453580681217
2461538374
3493863496
4513795767
596591919
702641876294209536
40908168
443304640
304434668
281290352
822456588460032001
914987851124584448
65626618
757703840669904896
1547483466
803769030
17086735
896937365477797888
3324710323
3903570210
2937602114
2398047932
923395031007817728
4903731792
822942727847362563
4325993474
3315855847
17758458
23025131
867581221316046849
801550237013774336
2361229620
803724613083688960
726985133673193473
864934909961523200
2741713975
927434217377505281
773103382768652288
248460010
4922868578
1239514435
4671191282
950162772817534976
842395701178847234
2273683867
2251362296
868217342970429440
989357786659213312
914879246987927552
789613490403237888
812349312646705153
3331835352
4197484935
15918088
895384991043080194
816806920543571968
864842987272101888
887165763257106433
853739435355242502
15266657
3598750759
913147353288380417
2546287580
863609467245670400
3481737495
25397241
941854298547326977
117811114
850065940305895424
2881903133
811546879
827713095074148352
864517942343602176
23353278
456289175
111992008
342521658
1514780328
917427470265143302
16193222
41160276
952133469869666309
799117798295371776
478113709
2784632127
2600315432
933864051632951296
45994923
703062904300396545
732087800913395712
2781080976
969260822944993280
883131176084549632
861444901
903821937205501952
955915308480585729
505450952
2907448807
978060566424993798
1690933086
952325806998605824
3140757383
4332713992
34247411
361003801
792374882654834689
2463708102
984037907454418944
915781714953285632
967794732108800002
425512164
824420440282189824
901655792084033536
1514239045
39544295
150941771
141061832
805643277387104256
18710344
105926308
831788331604254720
399768137
883700061674385410
753405164816523264
741305819501727744
965431311488831488
971554113229082625
241696772
970334512642060289
910801566298451969
751099546873237505
923503600034373632
969242994653057024
119233419
874612346
754035737205628928
822514805927854081
825117504674603008
960907606452613120
743446100812697600
959095473603792896
3042448767
966165845071233024
615328437
928611943
706515513082552320
846832811260743680
2286763243
924165211468136448
788837298502668288
757596279866290176
3309088272
836960245079506945
1390318944
891435303961067520
864717199960936448
816692173462786048
851907139
763402945383636992
979815922826403841
26308591
824115530734981120
731533639691964416
118003642
2472013136
946227151656882176
827886950199750656
841490070993530880
984377010028822530
926878886608203782
782623376548306944
243464401
119195187
2920031580
41677388
1491394459
3325083552
44365200
885272654013497344
816503505322209281
2324993199
831083505325010944
757642475523698688
871182081992392705
2986412740
797912624310546432
829230743155007488
822668168493576192
3635023273
789512359693938688
3100846987
30618849
755231628964704256
838768781073735680
168978357
204073619
970463921332158464
725064846056640512
901664428617195521
989580068153421825
35318807
2384196410
18572616
2534923119
943965641010302982
815026387191009285
954239889050128384
965420030950125569
746045044562530304
956222676783132672
848566069258317824
3411140663
870009043112255488
709821426937692160
979460058651283458
20846517
968187662711574528
989016561955540993
988419896605331456
4501155257
941689475956117504
53762268
3195715148
347976255
535820594
401389464
56184695
20859174
936316234957762560
177309292
2256965582
22342196
16703058
783668708447092736
171516677
41922047
768980142819569664
2389719242
898252878288179200
899648533510316032
979433460875120642
818758468538683392
953616483912966144
2377368404
1583545832
753785798328131584
741747997286014978
510071323
837576334733799424
987394739875000320
932085592330067968
744680737350160384
17441360
1269962292
358508008
34661283
2877123289
327601938
916307141643984897
601535938
38909352
953613718411202560
358464377
169686021
935851822073503744
3508811473
970463810304729088
1376536760
329345563
856238287756947456
37630113
1593818184
3001575177
33575622
976145657844129798
119771879
932742794317389826
785645094867128325
2549039971
2374747068
4323360799
3094576717
820363149073416193
889222072001597440
824094965340848128
3505273155
2973263374
2823178165
983711056123121666
966692898044567552
2949272362
795054505180004352
822510151642923009
824084628310990848
268458687
980274994512003072
962764111640694786
3929038325
211971515
21604529
933674651397521408
824334765516058628
944970156287057921
2351934614
465754852
4408824333
954182009236070400
2854245509
124469485
759782695761248256
975905029587718146
948600743849639936
845968294767136769
983483059428261889
3372773119
965053300600201220
954712816828735489
232871496
800789535592353792
722590183573430272
65089460
263216178
55652140
953681501287264258
4818208875
979473846238629893
877505943973580801
942567088543223809
4861841438
169596346
384291112
797227784909312000
18646108
47739450
4269249202
838114538868342787
4865498327
625525523
948350554249547776
782620709977661440
4884814474
310433836
3318078050
561654065
4856105655
946942275929690112
48341114
1008807960
2259636032
124455128
111316745
966002473969307648
3796909696
58028616
830970003390361600
701154351469867009
103913011
828265399582126080
853986604582653952
28663283
839290198324293632
758283854788427776
898577623885819904
41630344
2327400218
898267160
1368236850
474531313
2271066080
605963171
704999960
4551720146
958417529537515520
170516097
274147809
774316793036939264
44139498
768540862875734016
817228977341341697
800501342653399040
872351116578758656
785844610404904960
980265140166643713
882784867
957691085576396801
898247427525836801
817843229982859264
528914103
2455430526
978745149944729601
958965712797618176
2327873912
803017539903029248
139193653
983766825610694656
16453712
806010806
817959636699582466
837855982155878400
3765092843
4188415121
929218087487803392
823007284360085504
927319495345131525
886346911736659968
346924655
957290515879333895
854121167405371392
1955132936
980960562522804231
946409530853855232
12953952
278802252
211778316
854698887927525376
892669033753063424
102404415
978773409466277888
282366050
746120682
1547241356
3566477775
943538192283815941
940649143533559809
2329396765
784912148891856898
708803925504348161
573053124
4833141138
107721194
1202205522
167778891
2683824026
928202668203528193
805146278204153856
815642625139036160
589128515
348785149
124335068
3319254798
318694851
256184059
1216651544
1415594922
157876270
1219144500
196871565
774091826215157760
741977462028926976
45877713
3047722897
16740433
4692100694
888941363793989633
809532486728486912
1475843268
38266703
2460208056
742108295532412929
131196643
32626129
25422900
923620715487641600
3619634541
792468332
890319316327047168
823201042670108672
87732473
979818510514900996
14828860
39753444
874636442290577410
2317865498
946540589004226560
953055165254373378
68018314
3081921375
89258328
4597801212
377074300
1160559673
922950337631096832
464315202
838575091403395072
54081437
567607876
779146731254493184
346384148
740737373496049664
757274031519363072
899115298997055491
913837347078332416
2278351087
832763991487164416
450235955
237103627
915231714724712448
1493233116
3372278975
831758815825641473
721764949492690944
4213819287
425496140
1960899390
2885257698
967870534271746048
18299237
897623110563885056
815288374827352064
874731654262255618
2315698776
2376185485
891101580623323136
877985300466745344
2858773094
905527581709086720
537092796
2244840272
923994874713722880
2449650492
2946297981
866311214770528257
2377690632
803645786114269184
878403261522472960
389131962
880507791235989504
773172956277174273
40407057
1179779472
826888311176364032
436215417
612931307
467228161
831855967864098816
247591270
188905991
955962758
20857273
63996778
3242780149
4201535656
2775866878
932764592698216448
803677403184820224
3919971612
53745076
454513795
2495686176
765616871567568896
1392951560
352211941
4496497823
4911105927
34898995
35440664
577387565
244351421
2989323842
419864983
2562234445
802574212040916992
2491850088
764919311219646464
172972380
3303915050
3951558381
28346523
932090185398984704
2937613910
1078252470
265588622
38917331
914900893761441792
473532482
947218673726451712
937007598750109696
834451693685395459
796876042673786880
821476751523971072
748624081650483200
953226300407341056
16725026
945068285896167424
327715590
872154980307935232
1226489804
68478502
916077678930857984
28338394
111987407
2367940466
705506254500790278
1449790411
973493306108739584
1245382261
931561309480636417
894901276315705344
17461978
97049714
1024519177
23691853
247723476
22000811
765648732507471872
758101519891914761
63291287
221514083
518161080
43277789
18983793
831623481456459776
707560992658624513
733339372968239104
826191066478977024
352429706
3075562766
133420513
298633547
31869934
928670541090877443
1594739070
2800199597
759108911513427968
441389311
18956073
884902192729251840
763935668284239872
723566018094878720
826132118
861026825216159744
2198298228
962354151639273472
954364133234835456
190589983
2927284436
734150959438434304
887277855721312256
2903069864
17116963
3773780358
304061756
867467498
780231537715318784
633365667
950728648042172416
747311943501807616
368120569
3424990769
898550597812498432
931034636289036288
4810053920
773597387143180292
34991028
707380228004257792
885698196122603525
14323188
281021483
46419102
112789392
2353605901
17235172
36686472
16780392
20542307
172199866
451065610
2546883019
40058724
26656498
12788332
177927463
16926081
721349580441460736
55204737
591132490
62854484
191977160
308508145
18021210
937979400
106600554
920031173316882432
577105810
847706902658076672
1164818214
364577508
3383501817
1224941113
3161579893
3320934634
25071984
36440665
751813002308022273
878322668621004800
90114840
700630947
1726761056
570961854
3882796933
2368191728
1409084934
4146082816
949741076256092160
15353946
806947201775583232
872433747752366080
20700176
87601634
83023044
743181738801762308
29981528
823878500746719232
19205786
783514198437400576
21449066
799111347111751680
733257872872628224
3400552306
893915960834379776
362638708
1081566852
4584059913
870103857917026304
936890111492464640
22313851
3223025919
614432797
1462278134
25677350
836361828494094336
781333071299768321
2902585625
966036237541834752
929505278432866305
36819511
879728125839650816
796451479779508224
851072629
3425187802
3225502508
20545300
948464246064427008
791019449440694272
763394245008982016
3178536802
914154046382051328
786681055789088770
871826997818925056
813466712
1651736258
745460419
4824179093
4828189779
124069045
844526042622689280
373668532
867908994
1978611301
919929824503885824
3017731087
715354673553805313
905660356072230912
931876272514437120
4918345812
3199192864
1361076439
1363449445
910942781463564288
19821744
36196022
760148838719991808
2828705712
817060123956813825
873256061091717120
421460415
1952636125
817815096076464133
968571322233012224
830538315036229632
3230694903
943703618930196480
959292155582808064
822988740905861122
1113677119
925892059663302657
44357820
1478259486
2753220014
967612769238503425
862493306382626818
824074842311827457
2905644674
723187723180363776
76662445
60462488
4521330855
15113565
905392584180326400
342887079
830795961442111488
888433015927574530
928163087127064576
112047805
119463881
927022530224783360
250757326
90651198
35039490
72882689
537709549
372372537
946091988356599810
815553548398297088
4402158198
2316246829
826124051869528065
2964664061
967162513447153664
798276181917368320
146569971
475802156
25429371
52136185
915606788355043329
27075946
60455217
817158775610179584
2784117132
940430173517811714
42318346
3975060974
758685294145245184
714852537757622272
1463546244
822921337446375424
124553053
3323238999
3210489785
808078641670148096
889854928444944384
874847566248243200
867245421256749057
2857313947
786270715502665728
3241007092
2384394751
261534681
214924095
78014431
820824865246564352
2246299058
881483948341243905
751630650
714040749126344704
34827986
1247857681
61079268
101395252
823720829200584704
806347865073315844
233484761
2427039463
3313664840
842028468262989825
265245636
783471651962761216
834849787933491201
247590548
955118355022663680
243324920
951226008123920385
826965624790335488
783409938601168897
755851153703862272
495518212
621350563
822587864458338305
555695664
313719442
1051376118
824339837897543687
955867675590144000
26643629
3409166961
873808737743536132
3318238316
884189887892672512
715496304777015296
1238883301
22560262
826406978
2752726022
195002700
375434404
922923587471888384
491461409
7702542
194563663
946513284261470217
15897226
3034574101
795101482664267776
752957209265311744
611986351
791062131512709120
880237465
943872682025803776
398349799
803810943062810624
1642448551
810760453806821376
789588391448940544
876495563461623812
828292228216819712
58007320
887528874342481921
2149211726
792163519395270656
345562309
18557659
954589053097189376
123036487
952637684626919424
854506229179088896
2693406407
734168909553766405
379690254
84457849
24822993
841778599644561408
2308701139
105355215
28585321
19400611
138809881
42670638
825813135424622594
928289839778291712
799764016885329921
888031054141022209
2336050548
404179950
953185826573373440
890980517855866881
8795772
625639945
20090273
16543775
116544702
237299871
752121791947169792
917025218735910912
817661098988019712
3580248555
909923225252925441
933131102947917824
3006015921
962443392381784066
731608385645318144
15976697
714234573345931264
931961869992161280
1222456670
266173623
2530041143
818948638890217473
35362828
40324721
1267395170
1009695398
264933553
3672584544
2834620568
214639199
733751245
18791763
65493023
52620892
817057643990843393
20522624
158725975
3677594795
827504035225882624
1280328260
384910109
780470830698524672
937481659972308993
937772525265805313
801640934
812503502039764993
819369344752816128
350379608
919954735226073094
782838547376144384
865189695508148224
82273837
3797287649
1674315427
2334193741
1961936341
23769223
18805644
272395158
56749157
22055109
825020380297453568
3320712379
955155203413569536
17648725
27915028
42447494
744944552872677376
786059588571455488
893376000905687040
912222665867481088
943695167181197312
3130728035
763180569345654784
2523232337
889176059710771204
21517481
835676806455832576
4827286170
84489844
633299317
950540103402905601
66885445
782410333096902656
585373512
451491354
26183714
705204981645725698
881175794009202688
800918657757020160
42627068
764529791168950272
951948410617294853
814461304064921600
356286051
4184457737
2950103415
822908540948017152
939893866882269184
865023517200228352
824322536204865537
36417257
942779242470936576
750091701734236161
955940127817195520
857501450544590848
842135804155691008
44294700
941354604008177666
3023125087
288432289
1860783619
875189851565502468
125128723
836889559778615296
497747503
1581539826
946897320477712386
49311062
795245115061235712
2235026959
25582182
864988133661847552
2860251984
421772747
347313041
709786874798182400
813259158061334528
714479834
802356223966375936
2996932043
917501529480765441
2208055124
275276082
594886554
1341347394
4878610324
940288222441205760
955252314515927040
837810424040972289
820937411572154370
825451101684002816
745717336334807040
91272139
20118767
4727181052
822348163
15051691
802954256202563584
3092154496
82432490
744776017739276289
861246117689925633
17983365
21647998
801923601230241792
901998796128874497
953759037761388544
3101613139
4175166177
289836894
914868081876520960
25320639
3295235697
28625375
879928798052982784
38803142
783507200018755584
954467375385997312
828113462119116800
754845211176554496
815038279288356864
2308560555
862750829945782272
48485615
2664944520
2713427480
3906860543
945370324178268160
832262381837357056
241634539
554532173
2711791104
928996263957352448
2155491151
898639333
1497002244
934954517757595649
821399667833380868
829684808
39076082
1876660194
889693051333095424
83932539
806680045389578240
14055301
3985438453
823528762117537792
4057963617
4431077596
447200783
3297022953
3406938525
46681100
48459553
800086706678419456
4156719615
3881238198
27311044
931239693534093312
2864429747
3306660280
935692681912770560
1659267216
763119618537902080
939985878201618432
803129760771637248
827703150
4102376488
858066056786694144
3301029022
788080209304039424
902306761
18978862
278145569
3242758916
2897913085
2367729500
2477776868
935148134505828353
921035226469535745
920580514318348288
823367015830323201
292929271
4282987814
17307429
46233559
881983732634308608
4817792593
820330943890288641
3960238888
2981931988
4921372709
616311396
924096926777090049
3434763483
3408279802
2868389650
812498553423745024
781716136266268672
1584051084
4686567074
2779389582
851526166100029442
1928255778
1068500113
19739126
60317232
1058807868
18166778
523248016
2583268333
4265299414
823575687667871744
615217292
774631928745951232
212248844
185635130
22183443
935010846467530752
2409113354
36715753
728617212152455168
575603300
761799487186735105
17677016
1917632858
3308456234
882056719228182528
2316365802
2184841256
779476491092434944
858484488
875850326691151878
202952121
25549634
2931498373
118756393
4221079785
3345659901
763127590932602880
830950389231001600
923421733
36552440
846416484394024965
761480143940583424
716344623501811712
883461342358900741
719662077934243840
58377855
337391608
245441097
2316003960
18266688
3028493620
823545391232798721
1904708809
30534072
31035800
255845888
864357586895753216
558294779
802846422978609153
317246039
3464860760
817203546126852096
21789755
893881482959175681
849991615620014080
704003885850095616
257026627
20685158
810522605077860353
242030522
39007389
823873267865894913
39885001
20445389
1074480192
217543151
37666984
422894799
2855840411
254690767
709265212990291968
102862980
2859415838
3134411065
1531974344
227580640
852532016037990400
1053958502
854715609682235395
2897693669
3241559628
829168884582334464
746895365320941568
75224769
407290914
1595013763
876040219
18019121
432895323
4822904303
270412323
2369625584
854332542509559811
901857120085213184
344863502
166751745
775625838385569796
257614760
19778050
21536398
388983706
38272228
94112393
131092144
823731993577803778
504877341
282741821
881225175760556032
70156027
917821026909786113
851821239840714757
798268153063161856
826627129337012224
885205027907751936
3044574459
865329090148130816
168280744
262756641
232901331
17995040
10615232
52493986
619604096
50769180
819334191624101888
25202268
16157855
823693635564802048
14504859
85985754
29216764
1209417007
630538533
24994219
21010214
3006081057
15513604
43919633
405004997
186646579
18313747
388555493
2448135692
3195591187
170861207
4871096265
15416505
223585972
870521911997939712
88168692
795029178764709888
15840909
4179017596
155718531
3167970557
807310114571091968
20975060
5509762
574750544
20686232
171632862
195271137
15745368
14839147
334053327
1350303332
37764422
16624180
18247062
2921008274
506324535
73181712
829417819582451712
3171425491
837513086714011653
789103706167996416
14429823
23447531
16205479
802001579855478784
54412900
818646077414969344
28628850
225884010
3949049181
25101996
16097702
793899953466658816
801475306976579584
146717314
620467192
631310817
38495835
3415442164
802591505164533760
18757886
1645274984
175484213
33191848
223970563
463343416
22703645
56561449
273542042
819597487027712000
1528106130
1339060338
972909709
24578794
82447359
829321777067225088
3313131787
4258675815
826999426958884864
205835478
2184024872
12952842
41346792
975217231
2250670454
16826656
30008146
38435380
2417586104
386028702
734777272616550400
462104542
4875977234
836594633996177412
741348287093964800
822127086194348032
16074627
2248872301
75541946
23970102
2232299834
818876014390603776
818910970567344128
3079759801
709028843772731394
818927131883356161
18916432
3518486666
804883120193466368
192538987
726140680003690497
94712225
37562063
3645059122
15986565
15207668
14344823
16989178
11134252
4749909968
160330750
34098226
22538859
160562372
19301805
760929028383440896
425050631
770781940341288960
240454812
782693901513601024
858830096
931286316
4917121001
67813165
3227554879
783041834599780352
19173608
2923345308
4594870951
893856362
471537637
750905187783544832
3043931737
103729364
546537304
14669951
91882544
313024334
457984599
18643437
773908973355425793
592730371
3309169489
112761288
714785010440515584
35880417
29209404
19072472
61270808
79877196
77648903
3017752532
774047732277321728
787080406944342016
786936482166632448
717803408518938625
4761064634
705829910779006976
379767285
222861547
977339869
3004232801
1356992605
1076406170
972835308
502474118
759081003168112640
471672239
14592723
24236494
293294124
23954327
108471631
729676086632656900
18380551
419735656
20713061
270677119
342664294
621620724
3329834421
616297361
2783752108
3295715749
15985455
22203756
4851612852
73432292
1384403300
89973089
95939689
4751498011
29495409
24595820
26850918
187100068
4005375497
2429083328
214358016
221277556
3241779670
3314535722
2975468251
3277814538
697644280144359424
126082864
181199293
327071763
211899041
4547869279
3497865853
69519762
728673283
14278708
1157861690
14505245
620571475
2887465954
3386688502
3220851492
3293118434
4121225056
857001662
316422588
4828336415
1128075277
2911039074
17327882
18956212
3271255423
3332044263
721753029301575680
27508334
4898755151
1618641848
3242641892
121656624
2574833642
632099341
293056140
940368062
52544275
39344374
39349894
29458079
545184673
986781648
3356526207
2303462899
112897540
4299241588
280704663
2359926157
54645160
93882967
3019517666
65260323
227198606
2485285513
3031942490
2778608971
2862885949
2877572644
270375561
15433693
3039761475
2990632949
33079769
181762378
1933042237
440688620
2895094386
327908200
237348797
17879692
461747789
18462961
2781104845
282210549
250708329
94607882
3366868625
2302134816
164322849
176336596
22759706
317505061
1418783502
1516714670
19479214
3238124448
1931562048
2574956743
19069222
3747568934
25169797
95558225
445906934
2790694010
2916305152
9130702
36681590
31395001
27086783
424927514
33600887
2977758552
2776689014
554335063
41634520
242618658
214908555
732980827
45845303
36719581
2378055060
118845216
21829541
19777398
2232536197
55381813
1493267851
3092757712
3470996714
347627434
373703200
2588109960
409658798
3310106389
114597809
25252457
2916072397
2774165010
2469867211
3244937845
2792409146
24222640
118567491
67612434
379962842
1654698733
23205346
842010494
256628776
1919944592
2745868903
756059810
499584878
577214178
2898031104
2658816661
2440013852
264470292
2734469658
2390954771
1195904112
16431622
132450617
59971188
91129028
3196453645
14575220
3308952466
16814500
17061263
317693123
122245904
3248141375
316275381
317469614
317867123
317439848
166827413
1857606169
392562986
17881816
355144150
56413858
2994190738
759159061
399030175
2984270410
30018058
128393253
45843450
822215679726100480
20557892
2289963908
318108052
28587919
1180379185
237403203
2466951337
56223278
2425830823
17093617
13058772
15327565
25053299
3028823722
20562637
493747387
67358777
207186967
34732474
16186995
174652355
468583731
16225240
36728196
32002507
39275966
14885549
2920036826
39384517
115749048
142157505
17326138
55451197
553351753
2422298137
18906561
6375322
332638587
1330457336
5392522
282735852
51241574
11348282
14173315
930223086
24797315
16032925
17844280
28785486
42975190
14511951
9624742
9300262
69181624
14353392
193929442
133880286
15485441
78008716
58278438
61759711
119349123
50094643
216881337
78523300
16589206
50446312
20179628
70837868
39580052
1367531
37344334
25103967
21161888
15519293
216444984
14920785
58528137
202726247
25073877
268941928
818909579400638467
369505837
287413569
76966145
6017542
42871498
106597684
31310158
8775672
54885400
10126672
15647676
16669075
25104363
66369181
96146377
181974088
31927467
413487212
34036028
259379883
221149010
822215673812119553
26053643
65153014
21675625
16042924
17629860
33627557
43283406
40908929
15846407
26487169
7400702
19740592
816653
783214
