57796572
284188758
513704992
2975445085
3313116423
866864551811321856
735550504420450304
2227231045
983483059428261889
850065940305895424
20846517
4765364386
975716078495019009
531488249
405195083
317075657
262912979
232108392
118756393
18791763
938834240636104704
947623153773240321
167778891
233337115
979818510514900996
2697757255
920021135231553536
1071280824
617692639
38895345
756647341025656832
2912264426
1700622810
753733787712909313
2925017463
1000841810128834565
917374664510390272
787880760627695616
929757436185075714
997924592445517824
938152602935726081
938866897239625728
27024441
798276181917368320
758101519891914761
831139423806951425
999704048
249219895
3300774721
843542154530164736
815967534449102849
393469195
937462149605031937
780589974773043200
64446330
800511985318170624
879548970082721792
1368236850
810591421191294976
17685258
4865498327
943884076691443713
2939825956
24413079
1023381835
817173422002216960
1282414117
3994117520
995663210446577664
796799208091217920
33272139
958941022129594368
727691917
19222308
2833257757
803017539903029248
2701640767
999006449966702593
802623208704741376
1449423386
4865796322
388413509
1209936918
39076082
874377639892570113
40183366
269992801
157876270
24105930
49120470
831158096831471618
1514780328
940295677283680258
989149178940002304
200785205
2471692340
991340155108777984
801640934
482970785
107476039
4855625836
995689130582577153
817914393975345154
931541445944672259
98835146
779033886902792192
86177206
2246299058
3291037958
179274592
18393773
106753602
10292132
16163639
112077449
34756550
35873420
18290234
802022315512823808
121626258
885566406502211584
765211201324187648
714949505720823808
860152754764791808
758431118571876352
2199629797
41393941
1967216306
926529377801789440
22956220
988573326376427520
948688862
148985022
959793152725893120
992143497988837377
816849656802058241
842491043245314048
284628567
3484256298
812757689415716865
989151636806189056
838045568656101376
22953572
881925932398895104
868005990221750272
827782546171637760
46808996
36760838
917972406198775808
2393323908
823148468889939968
879335374857940992
383125195
3438614458
188760974
90114840
881948430494556160
64301672
4840654073
783404381337157632
201287829
2215048717
591505507
939694365525540864
178999981
4724492928
86382285
2262160939
22902088
2950841961
2480268229
964371388952801281
878141600
926931802601742336
970994586
932863866
4922868578
382618383
794560230805950464
976726101304184832
2370108617
2218437631
2683941920
768700861
1415594922
958805877817069570
4567558817
30387315
956063596663975936
125471278
2397468266
702644040756555778
796212094140030976
88074260
4700376662
805552999
872278789321089024
2425632716
281591242
982862891488546816
32400683
897709569539006464
4897039492
3268675369
784149515079184384
974933143034716160
35515778
762318823
824900464491704321
2361229620
815288374827352064
939893866882269184
1311727176
985903064317091840
26241138
961699120011296768
765332195892428800
4172468495
3167970557
2389269121
724294649662345216
1441234915
902294513502363648
818172192147898368
29792625
725355654467215360
42318346
826077992149454848
983203658090340352
773969827618775040
47804650
590375230
963992213905526784
15754364
138517877
28214185
36819511
3654152234
80413587
975663086051971073
2291979392
459471568
913485003455029248
784922728906186752
4856996010
800501342653399040
272944881
767265482848305152
817810205966798852
60438558
256225219
2726311681
3092504170
969294985198682113
3447710843
893644579102052352
781178431
1629035310
919074083559452672
468122115
4710708974
703028057947430914
378273505
982736773884317702
966692898044567552
66996886
1844541786
526431505
879737141948891137
713745465309667329
952939944707796993
822529996417892352
4674191472
7164852
752202871
858406296868970496
806347865073315844
980793339573362688
1494481902
927978035856510979
733160213189005312
217543151
826318582011277313
613272756
415836996
884845076
596050685
712194469735632896
554913867
956317284997521414
321779709
756581413193998336
913154925965824000
962081565089021952
901655792084033536
4241357892
921592240820035589
4102376488
519587089
737839719183060993
544517731
26861998
541213195
965397922908123137
1206467454
39890390
926288552278806528
4780629722
2494624340
83312898
951938242110197763
889888266920402944
495196813
1678941206
2327428716
2372732904
794741394510254080
475361307
948197130782629888
900589437574410240
956173918619889664
971567658670968832
1973097782
20215316
968491040100569093
39199572
512533517
49365402
710173780979687424
748375629272354816
587909086
2767680652
4686802422
15350736
503777276
701978627479621633
107122961
2877123289
970732134951342080
819812292325875712
36529101
947294264806989824
3168268775
270501898
874016108877029376
333228995
70189689
2349249432
928961883608047616
755141170288693248
743527070
755417571885588481
780593867783409664
24249934
822225526702145540
22411953
794934675462504448
182254769
2173945241
810898260
40902001
949804041957240833
916851950636978176
397558067
709384122163208192
32423076
34993057
1008492163
1947055741
766046588707991553
967042969466474496
3006015921
807808818646134784
9376622
212369811
838597511157800960
2412826622
2986089359
489958688
875649141837225986
4260554615
971985059509972992
225081438
757703840669904896
954079268383920128
823553613062488065
972152011331440640
1957816716
2909237497
835740208926687232
399773533
782707098635436032
24382532
16278368
807704710425808896
28338394
65548926
246840103
49402903
777531256267378688
787981196
68478502
923368757803847680
775789238549819392
2996932043
259960412
14432483
1553809286
705269873987833856
620791139
897912869907562498
816463958387359744
974640336487280640
946554550290350080
462534226
833218608
926817440960524288
14164972
773844088848285700
758029297865068545
812026450614321153
1402978555
843617356920344576
809048271440281600
713033614406115328
771706258567168000
164719280
3378870819
37146068
3122217677
4261157231
4833141138
826867021086343169
74749000
2867253812
866311214770528257
2194887440
751816649687179264
1061797044
2365500713
897966420239163392
805473976277409792
831947079471742976
955745917864378369
2330478312
601535938
3011711137
428360897
3382567000
319448593
703897354689056768
969465903392829441
3003665654
478367964
904304628
915606788355043329
2905826842
16155390
51738464
990085447
746156358735585280
898426148194926592
4852460309
786205425280491520
50721942
59234904
744497357325164546
1462664791
443838701
2746041570
4827831013
920338135199907840
24515580
904874626639175682
391089969
859430009097789440
759162518921248769
321475924
3324688334
823330523120402432
262218898
1679811914
3323238999
614432797
952592261249839104
235318885
172972380
799111072959631360
357029197
729132587462070273
872210966456352768
2757695505
27020468
759928434088738817
960637456965095424
76490413
1631350892
604809334
243464401
892133369965944833
936044737664114689
879158243150278656
959728924275236864
926567578868310016
1341347394
1180823262
949088403412410369
30705570
4775336477
786036040352010240
970335442926268416
1901482416
17075338
950550992726216704
899282490862354432
889154781796745217
2941351219
972970809949122561
1627096298
825524240174739456
822518273547837441
132600964
712665171697799170
4161673277
881963422249869312
870789016173654016
3436230790
820466154514870272
825706233457938432
785277097447006208
2808059955
162623616
480876388
3260626747
706680791879671810
815677025012842496
4821206233
748711844286726145
349502603
877672927751229444
557770240
921895963647791104
814108961544740864
3091296991
877879587493085184
2950290165
278228939
836361828494094336
2327400218
231098065
4739845481
4563974475
611052628
2271361868
933480574685270017
847637962732953601
793076286054817792
932357054836105217
764990872542777344
23213621
2152956020
1352292624
156259840
869584484416446464
244351421
3512120116
3424711689
4875977234
849862741
3911057572
705187111981465600
2271813558
1219144500
399745111
1216651544
75081190
2495686176
4498577661
972578446638542848
2358553368
4041044595
960290747328032768
4003739769
971252699072225280
752924934200975360
896121971989262336
1289937878
818612851392679938
325290392
793872409002553344
751612478
828631407312457729
34991028
756506044856094721
3283526664
2312036022
951618360021729280
810270931767689217
61079268
37351017
21904231
827944764062445570
780007123895934978
3875858292
27800134
858470205755928576
844879189698326529
1935424308
17759437
636328445
970590683382865921
113758100
96592594
629705345
912316033989562368
3178522736
881140690599718912
896566142965297152
862298481339322368
202623684
890412427472273410
19073020
4562193613
742007817364602880
190928730
797114246945505280
51779155
4687507512
919302803234918401
1387798632
2954349753
3635023273
358962116
937698234994167809
2366429623
757642475523698688
138225977
880846980695576577
266237495
878417361879130116
932423095675211778
120935923
788578353989099520
914154046382051328
948640112929370113
916382668224204800
949093099
819056605048225792
571693463
817930108732342274
1078441448
897311237901492224
218303352
900498889924653058
905140616044183552
822670453990981632
4693651052
51626695
829978640716816384
901148045722734596
389747515
918275664784052224
904026377455890433
1656376928
526964734
701298519093567488
932103350
196234641
762433839201292289
716344623501811712
896504311156424705
741546248
771512996526956546
4417631620
2263344216
833000496
887482399
934166998673698816
825862822529634304
2910491329
822498304957284352
196769365
905498159056646145
948198491876143104
899144939552026624
928432608626774017
1129167188
860071052
832047050422251521
887939905
41483772
2242930268
933865534524977152
40763571
921472729471053824
868190645990678528
898207814463569920
783022049702707200
843500103092461568
69812830
965886904527933441
782720001455325184
2459332026
914879246987927552
526601851
788186395596685313
889947217
822670619812757504
2949339839
943960299971010560
3894920351
781284825965756417
67657700
4405815912
420146186
929529254253129729
818299994683928576
1717324226
917952475050795013
812683693768769537
705235673586925568
737289682573103104
952593244612845568
470645152
2671166208
36240617
68731210
774089965458354176
946480707836182528
2661235508
962467211783831552
892417674071986176
964725398687842304
879416319652790276
760269257729011712
822593412687921153
87462634
832949477728190465
64770674
812427976931475458
521464524
1286510467
370849691
966367957998817292
775432673439338497
481304417
366068240
2719556213
4810053920
34057982
951760158706884608
957943895345811456
33884147
962394426491441152
4637042115
947075248385486848
2490186745
870355173222137856
818321213265047552
354340981
25158148
236022603
3313804706
1488171858
372449148
3509598744
33724282
65193537
971696342870495232
28534205
50072011
876558726769123329
2893307777
2465418073
912670903749812224
234501582
885659631946780672
885248501499576321
806862790770196480
1853002753
958582032212340737
368120569
22409500
2898941840
2302608836
791652056654155779
4827632170
4910058137
84846698
953723010946666496
511806716
955994293918937091
20031160
901059749436948481
2176999141
773498208
33321526
808078641670148096
1856030857
35079382
36319779
1597487929
822921337446375424
845802442801369089
784105193063473152
3424990769
4693602139
2266168763
802688617957171200
892880061266673664
1066366129
936568183187759104
266128866
703632540159053825
942965482260500481
4221079785
3949851501
2526110360
41604376
755697679234105344
2439923991
1630963890
499081694
802954256202563584
2181681685
860952650837315584
59108330
304691522
1717401421
971421853293129728
185995161
17879692
830816778649497600
23268382
963480595
2750127259
603394351
1314509329
64181820
790629208275976192
970520402777735168
89392036
860938542603579392
801555575687495681
829684808
15047886
109441206
862493306382626818
40797142
801463213833547776
826132118
549100206
28239343
876465385003810817
1262818375
950091039993417728
439384590
36162923
969280284721020928
837106524715507712
969743850704113664
709583380162056192
964258307560103936
1361076439
802309869248212992
15210670
839828185
348550696
731085220355686400
2908213771
717116482941923330
105670262
2742514407
3280016527
399057818
14195611
40504902
218950362
314069933
967043734356578309
2681213905
930715414597898240
940365956383215616
900838129489199104
33563565
413541046
731274479003959296
27075946
3430297912
3145379514
899648533510316032
944584683886710785
302477338
23131938
1957546310
952875084150009856
19191894
475174557
908740727336660992
869262350603497476
886385764153602048
4862342390
61684295
34766357
713136731738996737
899047578997862400
792173743
882625631598653445
825811777627766786
898611292985991168
826215680974401540
944357170988142592
838748354112811009
378321466
133442846
67219774
554487306
762341258689966080
193188455
2240142625
892511269055594496
1424105202
729482190078251009
836731777322467328
753770713039900672
922540098641711104
28346523
1911916754
3312706424
950378779121090561
3881798842
967914419534561280
703971353351696384
2715307940
789311482391588864
898809503780438016
921870206808371200
965433431139147777
807067962674810880
923365296748064768
243082212
347586568
1512234564
930224066224586753
100594799
3952890974
719258590469431296
2220884369
942834760589639680
4114836339
295646776
37075973
39789671
45422282
883353784780541952
923257180773433344
2464887805
786298499235192832
822796228647755776
812127525887496198
20638151
882381967324364800
41165751
825151313960898561
1426792856
831078683532226560
736665409684951040
4009109554
4043345250
948287527458353153
3541005196
214291865
2451867288
1709237856
884566890244440064
942240143833841664
72898476
2701497017
758685294145245184
4752008837
854724300942659588
2860251984
848730354
948637821086167042
3316515485
24271465
889566942402453504
783442443454779392
3952418663
1931585845
958737683005747201
801879713857892355
1972076252
3180036562
3723374055
811308998108573696
469619611
574834262
2292492709
18261890
801456656143896577
822797217761202177
960525234360201216
961413974079299584
2347362847
434857744
803011345251762178
907432893676273664
4847603174
58599860
1905026599
966251017879814144
969336803323920384
557468072
900891711534059521
3998426733
818970581546582017
53524865
814503101138948096
3903995910
425218851
967612769238503425
710230517191471104
909909238847348736
25172565
2342300126
3040740563
781550531684827136
701852521
38442614
932125918679785473
969439571741171712
4902551469
468940401
967536126842908673
36675035
2463635192
856408498208260096
850411759190106112
612640031
2937820887
817844565809840130
259394437
942550401743667201
951555942251925510
770472700544421888
608236864
330637191
945845659130843136
950728648042172416
769685962003718144
871002840998842369
37324587
33521599
934526329650909184
855982180979400704
902303180641505280
4810875497
27317534
2334295476
2273683867
932061915106377728
1300395847
892806467249623042
4860773571
407172652
865023517200228352
733315234820063232
872889308
715474256889384960
831651493329580032
940018834618175488
764529791168950272
2699310366
1069646324
959229686017531904
747285264846905344
730814559892742150
855873290015051776
907588285299654656
830285629434978306
4193942273
2809948213
424769541
895423000060674049
2735195061
4786146374
787871388099018752
22533298
1691781967
2977965461
920794246860247040
827659748178853888
757190661049348096
909145164869963776
409735484
368984859
124069045
3300718742
949407894394556417
2737558478
75186939
759069400502792192
851072629
714895954185469954
18882686
381602095
920167475307618308
28573074
786189822
954441542177042432
1586848891
4027651221
4890021436
2999324461
779125868622860288
3397401585
128238815
320393496
812331150551040000
2749829462
366930788
55683888
856406161
252401599
3192613796
3199192864
844812998
2735218297
4716376879
470033007
817203546126852096
270560355
702396709297635329
17778160
954197978411094016
464315202
461522834
237140311
3314153391
232663465
17906606
87081270
958276449122897920
1013455002
615360297
826124051869528065
823692063317356545
716757802333696000
851782632929083392
935325840144965634
792727705741627397
966172106693099520
800918657757020160
961185196044365824
352462668
917129483022360576
342840818
1244763499
896119431176134656
2880197418
928361240245698560
1589267491
36287043
2772429247
724940023657844737
887332466033295360
2716062531
943638457641062401
326891196
880842756322713601
1081566852
819306934453096448
914900893761441792
2444377934
343681855
945216955232825344
812359225775181824
30865717
1702969784
3227882207
18315975
952384707303559168
4185870568
842725171597336576
3164721766
1600881572
1429199480
954179273157369856
902916413429448705
820278083592785921
4885405884
834496533328494605
1372235592
838466653784522755
3001575177
799111347111751680
139830968
928996263957352448
1281140462
4503313280
1690076502
1206980798
917501529480765441
3798312976
86378821
966896463635623936
1616743322
930777623344631810
987220009
195738913
923255231101640704
883130484871573504
905915509199265792
912378599445024768
748253412064636928
93210790
4918345812
883474605003821056
719575907166470148
2964664061
966427985548136449
830970003390361600
781249885509066753
790465903154651137
37343086
309418741
765634361815339013
1734921174
3084760956
2753592502
847845464489824256
39505730
901582961526665216
2339677490
726206237797281792
929179668921634817
48100522
2364026722
3403937658
25705038
955865683362922496
2427521119
709412284335005696
920420268740399104
35979866
4885817839
50146728
531792834
30604083
1691006022
889301844127821824
958548394296971264
788040416008474624
915231714724712448
4818208875
342289303
789512359693938688
877747105
927692091110633472
713583198026997760
848330495771516928
1038333847
821261692076232704
2806676274
828047352879525888
1894067342
705674634
169864743
49609508
3481737495
853654222323073024
829230743155007488
926490750438727680
3425187802
4860451825
1247936395
126014458
1544920574
379648875
846531326706618368
933182290804346886
761985912456613888
3310958887
59338587
948569968676950016
817499882273538050
2778792654
1398840546
764956573009534978
907244288681136128
799263713211584512
558994371
759883133567197184
784859868364673024
760935700862758919
587891491
1409084934
828316102354673664
753594430330900481
792508569086205952
865211622322778114
870021064755040256
4700845381
194160226
914469348403826688
966307998980300800
65685448
44041065
726907317577474048
2753220014
883433816416759810
733081499054919681
4872195863
2225603870
403889433
794577577218338816
2376137988
759140401
51054423
182606087
2245635728
1913368447
798893543058264065
2573925348
4828769349
3003856807
828580932273786882
885813180248846336
2158652031
966514287857602561
2990940297
1173135816
1447839254
3794736614
3062451515
1327729784
2757255915
1464945781
280697444
2361297186
3247368589
706515513082552320
766742697117782016
966479320779710464
2620382028
738426943742312448
901958222558498816
792761767374024705
1020636320
847220252945469440
178015932
766470058289860609
2278047080
770615165603553280
3375032158
812755660534386688
945770142297939968
779041364684238848
430775674
328325681
1262776610
1012538726
4013745015
119168685
828948230536839168
715033578908868608
54739201
828032298
139438330
962855498990178309
863865127753457664
29981528
4085864957
612681531
250742944
159122016
907294235606401025
76538013
709886000026099712
75840925
3223025919
915591758007894016
62144828
344987112
1199461189
3421386939
942567088543223809
211370570
58654886
597327503
704737694656520194
274147809
713371030056779776
782838547376144384
955282114785759232
934160454867472384
967750359019147265
943596052153847808
2826887437
3192962633
815988156461969408
933894988148215809
732976058266464256
802138847601639424
834018591766933507
863154244811096069
4794336834
934545272293806080
4865218797
1007615144
800173620626526208
1968438379
955988314225393664
1717219453
959246403213160448
1192060766
878773692242767872
3522138913
262497363
4686112616
750091701734236161
262493461
15986565
430883587
4180352153
705450548359733249
72434725
75204166
364246609
96055024
553642348
830880609534816256
528773963
74791200
123406938
1369703395
713774847835262976
786346433486131201
886066660951678977
713127503351713793
951400394688778240
404463989
53256310
1645840550
960199507735654400
785458822412369920
23875654
910242129389215744
2278261956
874678015
532630773
760015724341366784
746045044562530304
3296514445
123316198
966341696710524928
3081712403
912720674
3707527515
2502463908
791049134925049856
842021004608073728
906996125160407040
816610103986155520
772487185031311360
20929393
953586544371224576
586172061
82921732
79088296
930881228
898564909
55996537
830600291301081089
730200158676389889
46806111
31579226
770693300
1067257849
826191066478977024
1177442160
27278966
914337987466612738
3507100335
265710819
4710523183
4310820208
782393876
704003885850095616
873808737743536132
4099594407
19204459
754455369888305152
48528011
792451140654886912
4891884334
23558547
372436704
3752196935
64511469
2220418404
764276028135002112
701154837841494018
787798245229592577
814299660
31228313
2802824965
4785281413
826249312531263489
822875569931124736
291481777
813849597940482048
787969994495758336
2431306084
857232270704480256
825701993247342594
1925664283
1561122720
832103232512028672
2950450665
22777526
837820477636759553
812367193044373504
754316904358182912
796236623251808257
786261379137187840
258564630
1538776226
515563643
3482043801
836304883473080324
783507200018755584
803037151290130441
797575466119032832
186335801
878487472023511040
824273834836684800
4893752842
132396686
804107117967851521
825729786500755461
871434435648004098
836786722637770752
875366031140769794
2921820397
107462027
823246172995407873
41044751
47044094
955610356184961026
761360517441007617
839027893
2500157240
912365730972258304
953842731712905216
33735629
872076896573333505
4170204321
1171793868
953803660542095360
711667371782459392
751492170889265155
831636585884033025
952516903494397952
147306782
958369727994318848
967808389668622336
2391345684
3241588123
901664428617195521
799022044776017920
214639199
857332459360452608
930355490382598144
3133599926
966349503841357824
19921268
1575783204
717693354520260608
20791408
18460100
739605407572840448
767845682719838208
928328685718867969
4837181872
3292501164
713596213564727296
830538315036229632
75892899
27379401
869154817
74231060
707045987546628096
790189208
517098987
915025437071462400
58348452
26278305
966138793920225280
45666183
912770520688594945
875189851565502468
447200783
875824534858944512
906655260973953025
42936725
262713455
761303416782020608
861538670888747009
63847477
870330099232538625
947513142829092865
955155203413569536
947541250109870080
915802906019823622
870871600865955841
789588391448940544
783344248909422592
752841330120941568
967366242016350208
453643483
965899709507289089
902023397089173504
1029877729
836411333537054721
3161660191
3588945314
772040821751373824
21066826
714878737381101568
884328368
720375474581450752
1265805326
117423707
825710055370653698
46681100
384910109
3629355252
4908204462
196441822
717070921689927680
28838371
844126753
20217064
948613519
3067190079
838537411793682434
18292048
4874285380
3331609092
1513937287
841674363275530240
715897825888903169
889474596
783469361856188416
794614993413087232
792887564847943682
821883326881497088
805635385296494593
885648023384186883
819960684444160000
2894111353
758116173154230272
869945016407293952
760074090719879168
272330114
890706962362634240
823696950490959874
757031613565763584
728711333546430466
772618228124221440
22863927
974908663
4189308280
50862498
720320967180877825
4568453987
850760671348371457
89751947
880239777727094784
735985122130972673
885700268050059265
837576334733799424
41734916
861537582
750009487
1628447328
379767285
967543166198059009
909923225252925441
955628749
287610538
968127793463672833
838932232505028608
2989281194
1933042237
38012558
1583719507
822580297795571712
2422095462
527047159
2288796403
784985165009448960
2798110052
3346124981
36577395
227100417
2934785467
837200388902223872
381319309
804905441306128384
1585580743
936220186528636928
269302679
894450550032519170
3931847237
2949439174
884083985181102080
825747937527357440
822594904455073794
946009506739343360
27063389
917722535613132801
15290947
749359023225446400
223197801
951328844253769728
82273837
505192786
827525641817956352
38306311
751834539933200384
940077822055366657
785084495019978753
2823178165
822348163
842829371912151040
3587611155
820024873661636609
4711619733
892507292419194880
15243435
783829221806313473
821206447627390979
2769585785
822191812840460288
766370928699777024
703367671597895680
756106926
922800501233799169
864863946733494273
832114407262060544
1053958502
832763991487164416
3250141399
830996244801613824
4542527896
822668168493576192
3493863496
808131576559177728
3946915763
842493042754043910
3711366682
3419294291
743869197273292800
1216737787
698562318351863809
806709214190206981
4410217103
705557193773457410
2220380616
4183085298
34238686
703062904300396545
2461538374
788454774916075520
765203453580681217
2958201126
806122520202055681
596591919
764845383319158786
843304809050472448
1436768347
816503505322209281
2986412740
831083505325010944
4431077596
825746114154549248
834489915845001216
4718047119
828032228332548098
2931498373
16156157
4817792593
45980764
531487443
4186710677
887036327589535748
916321278
455841613
767424168669229057
373932544
876808883330727937
825069400524935168
805541816024047616
933910276029677570
836613991984205831
373011154
751892909075537920
790231392810524673
744665461934129153
2850284986
823215635249381377
809153748341817345
933010095776116737
849991615620014080
4223134762
953780887908487169
1609603213
871885564802478081
29027457
284820716
753774780759826433
785153115339173889
4899628432
828780581697761282
947287112293875712
721136159938764801
709104113217212416
943250360004571136
825839225010425856
861573895505158145
3307618601
461489320
4790397316
1216957579
3301847203
821899986774409216
1290206220
29993565
818260324717563910
607751643
951093207634341888
856946910
824692472798384128
936978532189732866
963241083227557889
769411603703803904
922511637411651584
31009722
2619163263
221381937
1355802542
3068411643
2460269506
2962280833
23891573
950536725310316544
27901877
887263798251458560
911682307349794822
711768753344675841
2409498410
344349680
3383852069
704319395862937601
45123759
944728173777911808
948464246064427008
775523322268413953
403706917
187059363
67915601
314059037
835882182
2596305751
1469419212
56864112
2936385884
451256477
760639552491024384
875467311939018752
950556479521660928
963030464985468928
2859616600
822517413732229120
828754744495702017
2185360068
820786129138053124
820363149073416193
96021946
890180563285553152
2191313798
955962758
797645451260469249
285445441
3714444195
822782424488742912
874692650728861696
881055920851214336
4847226773
3252291385
775042223763324928
914868081876520960
29618206
13960902
4824651802
784912148891856898
69368179
414430624
886269224481509376
779612249048567808
34665063
810829815313895424
853405850
533179194
799037677454684161
300397169
829837435517431808
2804580158
707190520183988227
82251970
814334508627542017
781519073343447040
4611138739
1355514109
2584333725
22314049
808466311110017024
839221449210626052
801927108608061440
539409269
60455217
881983732634308608
2986748559
168626646
829168884582334464
882713221244833795
871443590060310531
823662428500226048
4645598232
854437314315116544
814205984927285248
327641229
903017076192940048
4415355809
808747645082763268
36552440
2474279864
904557168451518464
253182943
765978736290304000
1917632858
827713095074148352
822790693169090560
844526042622689280
737116508564926464
715268232
761425819721871361
703724985215356928
810698204375293953
4918885219
4325993474
6321192
3100846987
2324993199
26701846
1904739704
901399120866357248
3182205378
814639302655275008
896024789776814081
824322536204865537
920580514318348288
817158775610179584
867947619661881344
823272803566813184
4853549680
31603691
733815024368525312
1162122936
714290778646818816
627053327
53745076
530923847
801276851377143808
167603204
894436309
823571457649184768
1931084401
725064846056640512
2480887080
826104850194653186
4128354688
804561963430748160
967869724653649923
921108710268825601
115604864
815388229893378048
795245115061235712
758412843582578689
265190816
24645354
952993805418065921
895528619501645825
783875414569529344
909926850930946048
1531974344
1705723650
918534858871377920
254732884
779091455814012928
3837403517
4130968888
4893792232
4125064225
17424987
731194331189612544
58691526
1113478698
723987935947792384
2920031580
757274353889341440
951226008123920385
1692698684
61473986
954186918572388352
731361834
867467498
823679880277569536
942460699640508419
705499966433787904
1332589392
884897456181334018
1366894494
2174896739
299239037
941482577843638272
821741999770501120
1429245848
918537022469533696
880504496455008256
917518907744964614
838798224622235648
360652481
961981023662825472
746699402979467264
2566490573
1902930638
800057658241794048
797072899
3241559628
709265212990291968
866110653941108736
1254645558
894939050255290368
895286614431346688
553224712
1114631166
880591202520846336
785844610404904960
811717240030711813
779688318703284224
402854241
450235955
3193066396
778517023
2808451328
92267344
3087030093
126698490
823214039266377728
3189302545
3094123783
2821378740
2391645242
528999980
830424165236822016
945109395058421760
104275768
939849026224005120
816467748184276992
3008363923
1609564021
315844446
2937150214
608902570
2204552464
19552528
1886667756
778332655100231680
3141860969
1206671856
2775218044
3012295343
27080718
950768025304788993
3210489785
4832280332
906595219
925765907644854272
960395745835745281
803795140645187585
953616483912966144
174805440
932721061053059073
841714045153611776
871396538668298240
309804899
1415550662
216587627
4883801255
817758728443359232
1871434562
901867723
3280184970
3409166961
1328685600
4288328778
827886950199750656
429551608
2792845554
822574710475096068
885873862646345729
947024822327918592
234049568
340485578
963257006067998720
815383267918643200
790705621142233089
770767371086725120
955697601772511232
793313337001975808
31034563
59204121
934940559612968960
817353835429687296
25816088
1575689569
928953993576902656
916846870818902016
305979692
2190330965
816907362288148480
27001391
740698103624273921
2780589253
4902369955
950938172296519680
1547483466
1396939398
512327871
25475958
832616961464938496
130574287
821752764
28207196
539514875
946592033451511808
777697478233645058
2461935756
49729812
1135414069
537070244
63104833
889582208557731840
15619273
4825111888
793953507703275520
851751043515826176
836611041945608192
756257202831233024
963545268774981632
16190609
14196618
2519063076
24699531
146334568
23263297
825151829969362944
32956032
888405350239653888
946962585189990400
15576967
950939219299483649
749953408883367937
940430658094141442
953370515770556416
857028763837661184
962067189346983937
3688724834
960576242381619202
167623458
1967758842
3663450081
760174923906109440
965371324959924225
123271149
743557237906542592
25065527
3003765995
2996908511
705569479384817664
35499564
752170662865858560
874810881070297088
2840062227
851211143238602754
867982815467421697
67503749
2180335990
715226815393054720
483432623
812744739124604928
39403686
923198160352268289
817815330152128519
801173700838096897
961674863688765442
533470384
943507639274758146
814714457838321664
904428048631468032
42122579
1499775464
865316441104494596
707456624789733376
115773444
864103842190942208
3039924159
1561077758
1249831310
954404514164961280
34827986
712802455466082304
2447804871
944719413860696064
4761564793
3566477775
265245636
856942468616650752
367529999
1225439204
827565361629257728
783471651962761216
622936640
2169830941
2208055124
552619880
1654175143
2720432066
3444360494
82160933
512709279
252325607
3261827681
2716941601
861331648532680704
870238088525737984
934141798485843968
966090056149630976
914899735802126337
932406391188443137
69733172
2612834000
870063639373402112
928380340812513280
966349734159044610
794067385
4188218308
392773457
37981913
328599949
3798332354
3951789633
822916627104731136
3315464599
357628039
889854928444944384
2901984022
946442993208299522
966327106295795712
725076888561979393
34818346
3281910150
774003193328046080
2917490567
822669005227835392
953181480938688512
812399667866697728
42749792
4497771502
3298217143
200213441
880584425456762880
967092221664165888
823179478956437504
326616439
817382752731463680
3325382900
23839835
1587237776
79490490
22406781
928641672048730113
1724526038
4516834936
814669876560281600
508998025
897970796705890304
67421626
33528800
772554912697815045
26568368
1546059487
3064687661
824152787202310144
763381609013751808
856697157616848897
49577208
866156172323110912
4191127000
743228464065503233
65626618
747056589488553984
872854461991055360
710489077393395712
951870435825565696
1041297906
393048573
758810359952125952
806468240734121984
577505565
2988876530
3515798233
32990331
808071043248111616
762409577681784832
835663119426932736
854008153956114432
2963455081
27437432
697617123137429505
4491176726
216533743
22016301
903219569107578880
167059234
850995728868671488
756256693625815040
722589401822470144
878353910259437568
947247642651881473
4847424813
2925571539
853341295
806690643502333952
780918931494174720
723282978101547008
3237524137
72022158
806157465415020544
789738380
770926704
4216922654
857352882718466049
39913580
2361192649
3017610993
829934668967337984
821568853192871936
898522015514087426
20778273
3064148434
2205076161
484171825
442426470
3327646711
4279970259
3076756057
819705219986718724
1658757204
1963631840
193342576
864812520
1061345084
37007392
42935108
932690096
917249672850284551
1260838123
850056838666211328
494472573
3419318626
37271689
799374309504348161
705465675884707840
2719515935
443203590
1027064312
825159168306905089
4491049346
817421858387554304
20526756
67719611
390833402
716115588985200644
180973792
258675012
220676969
48961660
958072061150167042
377706496
792145361074790400
814995114908991488
258173948
946697555840180224
943241734179389440
14464961
1179779472
346149895
889913511589150720
31960088
764565157301202944
41109410
884491036466302976
256481089
796853283918938112
798588917612154880
24233368
722699766598090752
915165657112698882
4164286468
263062626
68543202
888108183339671553
798645930450948096
3280969368
18919080
3065326404
105578992
1011644822
384538391
1909383696
914887680604872704
353539116
881436007144448000
815577854780076032
799650938613010433
3409755688
1973688062
4597125434
1156208251
966346795981856768
891101580623323136
391774028
395734119
1280328260
36937769
212248844
582501111
1142465479
742834352283734016
921030055085641728
881491522637713408
18004170
896179964
959834202324783104
1408298005
3105543649
1325337348
823276771651047424
781911014690451456
835474853998264321
3385133135
759120478413942788
1127811338
882648784622235650
882615488894746624
478757890
803330505391411200
878403261522472960
370182558
2381446142
950788781111590912
2321272902
821009142626349056
148628139
841421638109413376
26876136
31457503
962165073367195648
823731993577803778
960770901087342593
719154940875177989
959220904051003393
956290382605770752
954096794241204224
933233839119376384
877810576533204992
857845078093647872
779416190192156673
4330311072
2532127677
1659267216
317246039
209462424
105355215
90179085
436360631
33410754
127941629
47739450
18664754
18253799
962026182408421377
781223415256461312
962049250258386945
743311013747920897
714234573345931264
4469532553
32652452
3302805846
926163797890555904
890764322242052096
965313518353420288
2335860865
905990047299641344
837546539547426816
708039673684295680
1009520335
764574111842598912
751552860303683584
819369344752816128
29048557
825762257434976256
114770420
4357732275
912082522426798082
17494010
1189304569
4822904303
827273232801632257
960285302899298304
3057954007
4158758146
4429195462
710659733233905664
1242431522
2772305715
862750829945782272
855517450317828096
930455998967533568
874515552
529590556
802007700024528896
357632276
4885097979
836398980066119680
123365617
961286503593738240
3237940072
957278246189531136
930931975145361408
2208329164
4766588779
702346243
920439186225643521
2335305944
838114538868342787
22977615
834729023204896768
926567269609672707
317364093
713235209706086401
875821896331296769
742023819464822785
2370759308
29393050
3795114614
817228977341341697
573692319
2858773094
26493202
814963971337895936
1383207122
2899568855
838434725702291456
2920659436
198032284
215179987
576508504
81521870
911975643134545920
421772747
928334484289622016
758316984891281408
895112314860339202
834088797985964032
825886581454172163
1343351467
4925156092
364071491
953399773725380608
1093487455
429166101
866059628240678912
2853443310
420438644
106585885
1130244464
31837254
826221749100544000
856242591175782404
420029823
18757886
4508317473
805894538032070656
1398126522
4847474868
785234767587442688
822514907434328069
121775095
4785071500
816155624249511936
881285020987441152
160690031
264935205
762457243350552576
723889888098017281
114427707
704320229321662465
865970335195295744
354922460
23769223
888771182844968960
934228228583108608
14587949
819949184782630914
931000562
832965832837885955
959585453296021505
83148068
49372625
952001734922133504
67227970
23360808
3075562766
342759343
757212538773901312
2728086690
798250483324317696
713218818
10615232
818948638890217473
54412900
63277398
908555298
361003801
69190453
3130442041
715265005763989504
3226158258
3387493743
2283766542
127280411
803461642667356160
830701948303077376
872844616294219776
823426578
821476751523971072
872782286
875456582468947968
911950450232086529
799983662263627777
86390172
901630334499991553
888941363793989633
60319615
103913011
2903069864
4584059913
36985886
22283739
869746496765181954
50779737
2335426680
816787911265943552
846248226
2474555613
846731394927808512
16585101
503585510
702168623402455040
1733257164
4847044154
864614802475319297
756988954755395584
755544035469758465
817839617378488320
1129885076
396572282
827350292568096768
4833920213
255630820
17790116
934962310443126784
797912624310546432
2252163905
791459710947954688
1373825996
3937790773
913962811985870848
922619034465693696
28934470
1327491751
751281974
801465343
164328492
513390438
789238828473081856
700039100271702016
411133602
4064513057
805149251344932864
780231537715318784
264933553
842429336573628418
795885534690373632
721241231
571958472
2367940466
249551619
911793178851905536
914104931761745920
758078784453152768
812829566150377472
250822316
248753219
2850598990
2828158805
414563038
408023195
877033111342723072
2612742381
796494625221541889
748173209397305344
1014606680
2181428540
110490342
735221894853591040
1602276080
475447456
854751559267340289
4639413136
18005085
422894799
48117116
3015178005
364214133
3006600919
202952121
905577523932786688
830179079852793860
3151477882
825345517043453952
3023125087
19185114
425662846
114150911
381532454
823545391232798721
28559660
794874894949502977
92668150
918836782858244096
706397249
9915312
260101360
3019422647
795650829285896192
757560756825128961
747883651
1374960906
756175868272250880
1322465467
722214946071662593
902267642475671555
945305911568019457
950389488781492225
721764949492690944
728450073017778176
742043212144095232
2465254284
708480956957646848
3002527313
859453621586546688
14052480
25268310
35365137
940667507349716992
832429719907872768
721126764
899823425799176192
935938199641362433
804388955810566144
724367181832704000
37101089
915054776798162944
3407373401
3404611078
593292039
55829777
955940127817195520
708697173689413632
2720197073
2910369714
110581386
2174665044
35261177
1520197118
4520459661
953656169578598400
2910092858
839408611164028929
907095392772411392
753751820250603520
900365513640902656
953324831218589696
341674560
3295254114
956632707102117889
55767731
947578402457964545
834483753842044929
874508724274114560
1904708809
29128560
755972471476461568
570115053
928122378185347073
823262119625949185
863991053195587584
739830543609536513
94132483
2908545700
2331226718
4172925628
713685253533995008
812334516115271680
15918088
524737603
785982940006129664
47765402
812496907918540800
324507238
745289948052369413
871155322198441984
4872095711
815597663643205632
872827599776612353
764991253884919808
814238899660845060
1483883426
1623308912
16157855
801923601230241792
92408522
2847221717
888385734964596736
14895030
34755858
200799685
2429348892
4830477591
731333997628788736
1630672904
892183048741146625
892403515
897226358597857281
711806103
4875418094
872010359493713920
102404415
937349563148533760
4259148751
162301746
18071459
38266703
798088749221613568
874636442290577410
702705429017706497
822901284655210497
2468708726
718332223
4496497823
3405962098
482418139
744070482832596992
612791926
359403242
1332367184
878247600096509952
3216919929
158769098
9427572
895814938995957760
777243721238654976
702891291533668353
41500006
26183714
913539750149070849
865027205205811201
764925179956912128
745681473416605696
945579787673890818
376281205
787376669938024448
2310922832
141624272
930663547234848770
779476491092434944
734168909553766405
16155881
853068569546039298
247138663
2308560555
729698771123245056
726098156270800897
890665008559816704
42447494
929588827676643329
933007231
777631829042036736
630673071
778801036186136576
745717336334807040
1364478211
321954654
64400946
20118767
379690254
22456513
634470885
757078971590651904
782202723269767168
188855808
715705347084824576
271160889
408806531
891243528046735360
800086706678419456
304679484
2834498138
707938453
742826933075877889
530930220
28789535
82514625
269120499
202754356
808505895856537600
26102775
1309205323
892513250667106304
706371655342399489
742558704801718273
218278506
262756641
111671624
859219800
801098073866989569
2716890256
21536398
817661098988019712
18050303
2948864969
881125873
3995778614
761455354278535168
890319316327047168
842823382911664129
938730179878424576
800890231545270272
4649932459
854065066479673344
114494345
783469655591620609
176858081
24935003
2922729958
22653145
819531482544963584
835676806455832576
812498553423745024
717746159091982337
2570051959
921154292647522309
882370341888286721
803454353252241408
13817822
841320337333719041
2239761030
885789871
143332770
842525537683755008
25320639
892469822575050754
2940254315
479144347
190821375
779066700490682368
823238304183283712
351382533
3031461639
4068969256
789906923332116481
134240162
198988123
723187723180363776
934443084263448577
309119396
61309849
797062295138336768
785867439275905025
745200955600347136
932739203787616257
3108351
804698553578913792
77648903
1058807868
18166778
19300225
2239548626
122455671
2600315432
880018682
705453237500059648
89258328
355969960
728617212152455168
785836889974644737
192047877
192667890
785112023025745920
708095138879422465
81708203
786059588571455488
1955067937
940424988
781623830288666628
2998069120
308793266
1860783619
892188990991876096
937490494954885120
826993439661187072
3456496461
932764592698216448
760959309064699904
925072203267432448
739295963529912320
911439743690317827
2711867643
1947900744
21666240
18956073
375434404
771529979846766592
15891430
918654151650955264
978780686
72882689
739610364975808513
324236072
797474872339398656
945170972
899811760919769088
928291502232625153
2164876369
796403983476736000
830328793743110144
15227791
1537114890
239760871
172511244
186506052
928151282459795456
56050543
872218464563449858
2912940855
2835276183
875267091011694592
1283083940
733170759829327874
898904244
250757326
373657768
926317914
159009432
828348622697750528
16031927
89869801
1475843268
898567206
4893988426
50450192
1090466042
273542042
2985335882
30238204
274074181
3267456386
7702542
244844283
247723476
18089606
882667807728693249
3291793433
709451112739262465
2319339266
3124986791
717627639159128064
2863774500
899460920329478144
4911105927
3257146604
42171187
24822993
782620709977661440
19899980
55976554
18983793
4312282894
2853461537
130684893
895411770105491457
331376866
856288002435420160
292423442
32329142
120818659
2837546052
864338503022198784
55388433
896051373120401409
820313158279512064
24447788
1345822466
904414145000480768
901277190733664256
388122292
823643241455243264
908567789912256513
2729536219
126103416
711391554770964480
74498487
90684259
898626568737636353
780545209843093504
1038912013
279744953
2950103415
777915898241757184
3317808374
864988133661847552
4134259887
765898492787195904
293267862
593360775
897912669600047104
2897107518
829347541481295873
882043154249252864
889681622907240448
547969112
796834612416811009
2736592965
830718485906886657
597046933
2155199132
1546656000
21931305
48952344
197224469
17267779
904782144324722691
783836435799429121
18061294
917025218735910912
4872434897
21888595
22677397
986781648
770781940341288960
240454812
282695161
46233559
21439144
427781006
765616871567568896
33601080
21021326
38456605
16396368
15593696
26303146
1093239036
818429288307363840
821362524410945536
543734505
259103154
830555080059404288
756300303423504384
2749465331
1606463996
3145468934
2510362008
34663425
236677801
874679561253990400
1876660194
50772918
893918154707152896
30488898
2171412551
810632009668247557
4214216901
913464274328199169
54473995
807714953536958464
575094396
912871850463592449
2329435819
910990179929935873
865743891634454528
894465693755637760
753736831586430977
4884814474
348575563
856991644134068224
756864591607586816
4707640082
1253602142
4821375853
25429371
872963870
172213895
58120509
912042697959108608
777893790401134593
2908170952
91882544
828360843121328128
852300659508510720
841623655851405313
3171051036
284241195
553991829
867908994
2397270384
896541009106149377
315142269
885697994
461747789
834421576233803776
2417844248
112047805
43350851
121574367
139499789
61008839
455764741
1494835716
149913262
16336098
49263032
14429823
857501450544590848
19091173
732779507506020352
42670638
4221892522
940368062
4037081052
273995734
2953094792
744944552872677376
60784269
901615345403875328
26265419
374274991
792531286426431489
4671191282
2257946473
43105114
50836292
107585606
1398194666
17536486
735498205052297216
2596351088
2302085310
2798656723
898321821904191488
3034574101
37969058
192083031
15798689
264361128
785649571787444225
788571666
3740303232
43268046
307460630
101021872
3837213803
252124100
1602462715
826406978
879513466578509825
832049078410285056
930244136
764785538981330944
65455370
3618515293
758729592672653312
203344437
827930784120000512
814987365060083712
76184375
3406938525
823589731443191808
469999217
237103627
868554637762342912
720842903375884292
848720207224815617
50913224
556984887
317176981
3092154496
24493104
2996768938
431071870
313038011
269199676
872688146554667008
2424016218
36715753
736989573201301504
39334221
15654272
1604659484
775128047397826560
3024501973
767694208945778688
849673406106796035
2496377724
890591674358874113
27968428
771768274728132608
254225845
69707519
835695217000865793
808014258
5820642
34852681
764676625
275276082
757997840874385408
247374262
813866664320266240
3195712757
888862648007262208
766393840634884097
2922345639
883520581
2175089487
129571843
839099917121511425
74841347
3309088272
787426957872865280
2845681325
885372795571523584
784410571638657024
441389311
29769998
3192441942
109623426
21252618
3009028587
24578794
49384682
717144530
3293916789
794397081427394560
40189359
78094182
2353605901
840119809283051523
21363569
819261511872942080
870550315
182362719
1350303332
2302134816
840409243375271936
885733974
863178481483620353
3320712379
864502423863386112
777840825732632576
814508407499661313
835902191185637376
274777392
873354467281821696
1447529352
804886579927842816
2734066113
737036596382334976
15745368
17454769
14730894
10774652
10168082
20791372
18266688
18247062
4826912636
591161523
1242163406
1955132936
24921910
1948811262
1125937411
43834885
478855762
845030431288414208
55156962
351976618
3241846306
33529092
101022303
1642864238
58098851
863030299680284672
829719293600342016
766411449119932416
846801557060538371
4136069302
492833134
881684460650901504
868192748138049536
4653073094
3381940212
604261155
120465860
6742412
2713479871
3079336403
15455253
821510670285836288
4224750852
12912542
796859730320834560
810096875663720449
2429083328
827887640624132096
886712407451729920
1018168909
704778449706217472
23028288
782973869653012484
124297037
442366289
533414140
2872332330
3518486666
267122769
2927276992
3951370763
58505197
710570010205237249
33589606
768163767376936960
720120361
2660101566
808165183
3145706092
1447605738
401476997
370128703
4061222357
823150102030258176
874759992
327035063
360959712
887185454
830658083273601024
22631445
2887440653
76514412
710808924
854200111944966144
310580814
17719672
756667245036568576
886293492921651200
413503321
36817828
371072641
1008847868
2260877996
3288237638
185034929
2577075763
817114947205283841
2968479527
1896007220
850037744092856320
340786611
47151185
813926455545470976
1627287726
18222425
2400746396
866658567675400192
2876016699
757551452927721472
18090080
3356662759
1400943320
78777205
1884444552
784813082371588096
760098153307701250
740978421593833472
62820234
745853715194712064
21647998
768517647713570816
125640659
4188415121
807031580006957056
1370732948
4285877236
881331526985756672
2565303782
100369974
43186215
702385007940247552
3317055925
1674315427
1487510586
493591883
397590229
23798694
728222719356047361
2935489123
38238955
833663976055721984
27995424
211918431
821511862881845248
842394138985213952
322879013
902200087
52944689
454513795
24544802
589128515
277355403
17586038
879484102428303360
842424305237561345
2148332881
1146358172
42825230
21677872
43919633
379392612
3306240758
747128208550690818
1636346348
3984965609
782794521012801536
3015484114
1066693320
923633629
2450202811
32816955
34367582
2289920960
719276823809540096
2612951631
46705928
2883216705
1043253398
317429844
313528590
722528529716383744
194272236
185425059
2369640619
3315983471
2153342610
4668690253
878426154809647104
5644772
774074669230071809
753385398718521344
740874799
245441097
259001548
14813584
91206778
108593067
750377949065535488
202086424
46566402
845681715066613761
27187343
875823289939222530
875474324307812353
563364243
1448900724
567284416
539357234
767497303204790272
268143635
270412323
3744922102
1873568736
19261258
2254554986
2468243844
793529076
882343185216933888
1059439951
736959136164806657
31530628
821215017261481984
987661393
867379759721926658
2211112023
831568484
869712439503466496
542977127
826780324432576512
797152542547410944
982468681
2581758266
469194846
34900333
1618641848
1592061668
815642625139036160
3580248555
783366801149325312
1360202497
761077078229864449
15515169
963647047
873577399342043136
2716090164
248229146
39308549
36407789
4510755552
19400611
782711447105273856
543599092
871183884788150272
825125197955080192
554532173
60357436
2692843108
290097255
3024402747
203226736
1564676498
5509762
783786992517550080
821154555094126592
3110353779
620571475
503883768
309205240
21028285
26151998
825174266320674816
14845337
874289525182390275
183467477
1363595460
187995023
25707834
27102556
11104872
17372211
842119634052603912
486205523
321528322
877584428746362888
898878199
70511174
308520434
885699636
2801177472
742749379623165955
3241007092
787589187247697920
291874773
34428229
582135529
21506324
71129280
189649747
725090455336144896
232029310
1357707792
840247569791967232
2734528474
4228642894
2242487442
720927815206641664
3327309634
32326344
950057683
43432649
118284378
752868826757423105
534213616
884304968
758116873343033344
718330301
856923191926824961
855302281494904833
822558852612849671
2547715294
32425899
3038705131
763130254231756802
61011257
3309626478
2902347709
838169699179442177
2265133784
975217231
441063307
57049338
807780127945785344
236487888
21951518
878008988377505792
82432490
82447359
4552716375
2845849081
209274991
75541946
811241759732707328
222352057
3050583555
266420236
876684278490423297
3464860760
822462665910063105
773947672852045824
3152472437
826535356598255617
2157658278
862842467128836096
846152152762535937
824304620960747520
745319037677211652
3282737226
851162901209522176
15673703
3757015887
572011637
709519114562240512
31666382
3266122592
752853045537538048
177436265
274207288
3319956996
3621556037
784847158071726081
54754760
23022687
1074480192
20713061
15416505
931286316
757683962114347009
804543143890841600
871801500800045056
4258859473
3309041036
60314781
712788142613479424
2784125485
826560010155094017
257650833
624419139
861812730352873474
723117313419923457
3498448812
4686693072
824614789943070720
1710705968
2357142594
2574956743
784813688129662977
821863733664350208
54773913
1074412741
1679636449
741082046337056774
714713686707986433
421991445
1673237683
394290383
742396324969127936
69608224
714955981969498112
3775944373
3308822353
4350976092
760303576287617025
1356992605
741769252936372224
2728672957
1369895352
3229908828
590211920
18380551
14505245
18643437
2795404498
850036892
16989178
537709549
27895304
751510293746839552
752121791947169792
39482293
740483180
873585542142754816
24233697
2393063119
4196754560
704089422237597696
2424925891
789564449665548288
176336596
3764909057
3104088627
90570778
70156027
808202720180105216
863558110195183617
855597617224572929
718132278279274496
2315583427
490698728
3154590338
785264697750777856
787318013817155584
3376718313
3837629183
3914047581
3293118434
4761064634
2242085304
32626129
109065990
47293791
3318159007
820656369019670529
1503886063
4649286132
26520948
17980523
166751745
822332659430932480
792181011765493760
592730371
130242319
823717304932462594
30707905
498716177
124787479
25864669
816686216447803392
596032049
714470540740722688
1519530739
749617020820480000
23277531
825537899374342144
3305300831
292929271
1673773597
4611349096
822512539623944196
811289224397762560
610555811
743891775580946432
1657738520
33083874
729676086632656900
857001662
259151718
3297022953
228747444
47285504
44914646
860901047308623872
49422899
97298718
25413556
2564283464
4603626500
358545917
138182116
39753444
19417492
1408003598
39433851
181292375
20686232
3179662599
11348282
9624742
15647676
66369181
73181712
828613457020870657
37666984
20733972
822215673812119553
39349894
246500501
108471631
4121225056
252398355
3006081057
2316003960
1392951560
2303716045
782278385812799488
834127580089446400
885613333
74904942
20776147
818927131883356161
7309052
713494070862155776
806598620736851968
278145569
468646961
21148293
65493023
715044396
17896154
608471241
15020865
121358387
2596413645
872954089
28587919
16710420
21816289
720388840595329025
785491546900684800
18916432
124853159
15513604
223970563
27744185
29216764
2834620568
247981000
375721095
364477412
754710014032351232
854449775202246658
831307291517386753
801225039081312257
747432459659317248
3640734136
388983706
183767243
3284112337
611986351
141084952
17061263
19211550
2864156895
839672661189939200
51530584
19017675
237403203
15741036
801200139155214336
387053908
805862640782217217
360083646
1370971824
393190233
410076442
999453985
261749735
129235890
732980827
2352548334
232901331
823693635564802048
171632862
50462805
3367987133
2991940225
3537940462
706816179701051392
836984385366704128
14669951
457984599
462104542
56225698
193589482
788831920452882432
831129733903458308
31399634
56262575
799887873076064256
527599017
1543861458
780571947545440256
764993204773158914
817855132616376320
704839738675474432
2957533234
227894398
4251850093
574798746
808456873993236484
810537088097677312
18254316
121947660
369466552
822979707239104513
2279713111
466144416
823096215675899904
826147004
2378818687
777591641930465280
822834355181453312
487623009
78523300
14946736
15207668
11134252
39344374
3246042158
216881337
394826630
52544275
347627434
954124423
16589206
26053643
22771961
334053327
14839147
56561449
2417586104
2887465954
2714847813
818910970567344128
21360280
31426068
108620946
505520697
850899262850433024
90552683
25202268
754845211176554496
3217404384
28628850
22203756
471672239
118845216
29458079
27311044
43277789
170861207
25101996
26487169
166990746
801349680064069632
19697415
15976697
18646108
50769180
41634520
23970102
62513246
216299334
818876014390603776
796431922939494408
196168350
48459553
336116660
22703645
26585095
38495835
195271137
753799953529659392
237348797
17800215
1029889710
25073877
14173315
1367531
51241574
220922265
822215679726100480
1536791610
500704345
387352949
170759111
14532539
297077583
38234856
19362299
521321191
519565700
75014376
182467989
499098033
25355724
51263592
488011724
245545259
277148157
16806754
160703118
111627615
164727325
224221596
21231815
29791333
158184001
27821859
153865070
58497343
319262173
42074707
274481486
243349277
19426729
17022871
14485153
31447081
35131754
42987793
203093897
21447363
14230524
364455943
222365692
50532092
19554706
21814236
46791060
57770460
26642006
18517634
96821645
68786791
45993537
23505298
5768872
21879024
6449282
23006794
7861312
15163466
9930742
