289236003
751283435382067202
38531995
326412173
36262503
627119336
81107148
98428164
21120847
64088396
304679484
243679064
297100174
924347822
6730222
197869772
267856525
9942272
489218573
313091751
113064158
247114704
1588068188
959676464701435904
984665712739454976
20097201
251918778
34681960
368085418
70987052
30395567
195826487
825829081866436608
234186830
19910041
22737278
44196397
20764031
939121727581208576
15433452
869228646518710274
242883110
270453567
3949525095
809887021
15279429
484386120
804015436979277824
55948054
12231932
3924002953
49753604
186755547
19983050
4207961
729302100631556096
18199523
760594619641933824
16378486
1580742392
76131066
38936142
14199378
14848513
47724293
871466086293794817
372536101
17998609
1161474126
592165197
2202246284
3882727697
41806795
14982315
2255182597
3893195542
3078134492
454071012
17813513
146252766
217284148
37982492
18208368
288363743
2316383071
19224439
875029068223315968
292549803
722242009
15576928
373689086
2223157392
468753412
321574104
461713420
18948541
225265639
100250921
16109188
1383272101
510464011
7855062
2382106993
1707281120
579747564
364488011
603025587
60610778
454099919
50317463
884578187392544769
830908366377611266
186667011
111053011
28162211
48999435
62513246
4248211
26548315
782204784
21312961
70529694
21619519
187289134
21059255
2167286587
29501253
2863996955
731132367058968576
834081571493785600
325385270
4226557876
2370283937
39000115
61734492
532690100
47101500
14529929
804314352136441858
738080573365702657
19988458
3301972365
22168210
49698134
16721452
44678417
160010755
795043245751435264
2573480784
1051396218
4091551984
604940737
16012783
1220645714
15464697
47379354
17698956
84653850
47475039
16244449
40711129
43412697
17006157
558360059
218325695
71048726
15446531
105915404
237845487
262856460
87271106
15816098
17579312
326255267
546135718
18686907
89820928
259395895
48120914
19173787
86129724
382662522
352548417
87679233
19568591
95463107
314780676
2800581040
144408677
58569513
957306920
198928424
19084896
970207298
459872442
983322181
16017475
25709609
44706837
60783724
18839937
19394188
2875400679
2359926157
106470258
428333
29769998
449588356
635608354
19636948
