283161604
166751745
545235190
379962842
999150756895821825
875856268056969216
996782942125871104
962095591307309056
859254355161231360
975905029587718146
977174489279750145
953334087745490944
589128515
936243925
2201132043
974081272065789953
961913982620717057
750460683884474368
977527285325713408
870352209673728000
972691037717229568
624376674
766411449119932416
955371752238051328
612931307
953677526282457088
17327882
937423608007315457
936201779527782400
36715753
912382733871124482
912380384737931264
927807366065684481
903678539484073984
15772453
4156719615
822629276684025863
912896491957735426
881236901667250176
897214229870194690
4305744493
37599351
1629244514
893061241274585088
311724491
259689332
88981690
750622781516214272
846481256925708288
2402241228
4102376488
2829760466
768766610790289408
186813890
700669352454942721
4888047849
1598444088
168616798
2873875116
4635038355
4237272923
3972023692
3678165988
1584586674
3424005106
3292526123
2408685091
328922640
621120522
2726473192
31456665
242718096
3115613884
162458164
766383926
2215743134
910504338
516385096
246400672
3059541910
3046924816
2646503139
192396529
2571041445
1009569486
3000963426
1142174593
2992327965
2956693815
246495563
247710307
987001375
186789176
2184857301
2834363764
844510381
2614716228
388784609
2761667450
944801239
2706969522
2669023896
1376738035
104092387
1193595782
2575227998
2611325033
1594687340
2532113601
1588746648
939377988
51214487
16085058
2311804436
2311767996
248319232
356088537
2195843398
306973668
169008211
1583600636
290929222
583612553
70368028
227992165
36276509
1670441587
203094998
181326065
480528369
1530834673
380435820
1201855573
121034660
266507765
184971382
1229821440
1206951564
1157968699
633786201
23742864
630348946
727384016
962945480
135126837
50039987
976653151
971221765
57072279
360458597
890370708
350300169
872691144
184703584
919070587
39083270
346222084
864586472
630020440
522056741
457432597
598740483
195903809
535523398
550610138
567411435
534431615
395424674
127031439
423561101
491627827
