48281694
18170845
3516837432
202952121
801640934
999828611891949569
800086706678419456
3950215709
18005085
878087280321335298
220694620
270009186
992962265459625985
47437206
988573326376427520
185046643
345562309
21822997
326320315
730121169194655748
4639413136
169686021
85684661
863271069729275905
878247600096509952
921831385370898432
581999965
847815118415159298
2866022840
895716788
36760838
743155992997691392
14504859
372372537
176020890
2316246829
982677656796848128
449405724
901526632300728322
888031054141022209
26183714
2378119826
313591533
903031829313105922
863139830376550400
9427572
59850640
480739373
856288002435420160
3672584544
898215892840062976
793043295614021632
3125154047
537709549
17685258
704391334128394240
63291287
181366160
601535938
21829541
905028905026846720
720843893441306624
953366360364601344
2344061090
3362016513
944629363991044096
58579942
911268243167338496
2516164608
949043888144224256
949023014347268096
21536398
1322872034
33908800
1683907286
2330590446
3268247754
334715818
384910109
786224869952323585
735645005079928832
292929271
18266688
19370504
139499789
37666984
217543151
817661098988019712
824438495599005696
898182922620088320
54412900
34329929
1449397549
10615232
135575282
178999981
935543239599419392
1905556350
20243128
39076082
921035226469535745
736959136164806657
765077504
63150856
3756121400
349246690
828613457020870657
26303146
4717892303
2892800704
856991644134068224
842396875122724864
832954205430226944
165586474
50772918
20791372
350379608
730693248147030016
894748894789115907
598601483
39753444
1561077758
817354313399943168
247981000
98149955
961445378
3222909799
3895883337
24578794
3412642223
211918431
421324707
203537200
822634402849165313
23022687
882427756126117890
882452083055767553
3170161394
17701099
1876660194
19415893
47293791
856234525122232321
823693635564802048
42670638
138809881
43522180
266800454
44204171
23970102
216299334
791249544801554432
857001662
825337281405923328
3282704666
4764976694
1308317708
2421080683
264361128
47233194
4041824789
19139963
1209936918
17896154
763789779775344640
323255244
92680363
22891214
530923847
25202268
3080953538
35873420
41778159
21951518
216055083
16073043
27995424
838525297343479808
2200356241
1078042598
274699227
16190478
845158560
823575687667871744
15513604
785309649931214848
707231479047315456
837907565929365504
835860570561777665
18572546
2764631099
836539766208249856
827391980778819584
32626129
171632862
823360562260230148
388983706
18379614
422894799
30158766
968650362
748505470810230784
828799530439155712
24870433
2492095741
826884088279789570
115681686
364488011
177584156
61283362
774074669230071809
129235890
821511862881845248
818927131883356161
818923424517079042
818876014390603776
822215679726100480
217749896
224351791
2471692340
15110357
273376463
43834885
20776147
63769373
83567424
29515247
164070785
468646961
2790518743
3075712116
745375187055558656
4316769252
798978841985372160
806401995397623808
804883120193466368
73381015
86374592
166990746
1849938847
799764016885329921
783836435799429121
4239270258
4835333710
4505795352
49736166
599530439
74820061
798195585824104449
2417586104
29210791
800604686675910656
22703645
799697080172150784
770781940341288960
798681172519899136
767960339547774976
34900333
4048561634
39078695
313038011
56413858
138182116
156411211
21439144
27067705
3346278028
1531238594
274316654
70024758
46386780
97511601
547975938
2308569325
219273976
3139898299
33529092
2990929306
730040442436386817
324236072
736750781093707776
2863774500
783041834599780352
441063307
701131037745750017
3118705906
611986351
3408847582
349632099
2795404498
4686567074
1041916772
5509762
44401911
132482136
3092154496
47851616
4734316675
4705335097
757505944095948801
39672692
153665596
757029661289304064
2715103010
723167125272027137
583456963
972909709
3286922574
244844283
29476670
784523868694253569
22152577
771406274
784126293545582592
740685626635227136
2369640619
3153745334
3096776641
4734689232
4041846647
215504885
502255227
208155240
2510648068
38497702
705333567543504896
66019768
34916539
30699754
703149621900488705
3327646711
592730371
103998011
735587466506166272
4746879038
3412599687
746652844334391296
3860504239
4102376488
727472528
29108260
562255311
3914229792
2377725654
57721915
2894032402
737450550
59482886
3411313300
765616871567568896
3270559782
701961799931793408
774047732277321728
48534642
728629238161547264
41203685
4879771865
729676086632656900
16364399
1539490387
705902960967094272
3022045469
3309041036
567911598
743142244706848768
599181271
22802420
279167748
2432310906
3951304403
55263400
764572319872348161
749856588492640256
374284455
4289460455
713207568609488896
2321655144
2865078826
165039823
2853461537
4826510725
931286316
2778732133
185425059
463765807
634311710
3293118434
16193222
252398355
20733972
771529979846766592
291874773
735221894853591040
18856867
714575249128423424
712730920760029187
24127811
729681031377342464
101856262
590211920
2882467303
4105765714
273542042
182398325
722915993731747841
19017675
409445148
3307277274
716434717671686144
24314803
1592061668
240454812
29458079
66643970
720710699283046400
3624657255
707718853
764642566755213312
19358947
3766154363
155718531
39344374
19553409
712391107439665152
19400611
117626131
114547606
471672239
411380833
346313311
80082384
1566680442
459871609
346722239
25314325
31070593
213986004
82447359
539808666
121217779
4871961853
3383049855
744912907515854848
4162145293
494895846
3131092071
706189400829513728
259001548
716326723814629376
4510755552
716403427576791040
844764660
281614756
124199238
707239740811124736
1534167900
75541946
2996469091
3623796676
709560846163296257
4397830395
176474136
30534986
704034081898668032
3410689588
27915028
119099353
28506683
3306629815
1543924651
3068667159
762389795037294592
2393323908
106804357
55312746
275276082
35039490
130191851
16564066
701188590169157633
742749379623165955
896258742
14945261
359403242
1433558988
469194846
3974665634
225444173
102488708
38284349
2402351540
358006156
18643437
2801177472
902200087
704461436001656832
3498448812
133371829
22203756
16589206
1618641848
582135529
475802156
711188856943411200
266894776
20713061
732980827
2937602114
2410866554
347627434
22677397
17980523
17874544
4292036594
1720922491
1537114890
330528867
4340605479
90651198
233761277
3378101476
3277814538
3525770662
4121225056
61049859
15669672
15650882
48117116
1009195424
250922773
25429371
457984599
3981225735
3389073989
3914047581
90341899
148365918
161977776
2990729241
3975273381
418830106
52544275
930625267
108471631
52136185
61249886
2908170952
2916305152
36528126
21021326
1180379185
123975474
620571475
604486877
57338175
118845216
1000262514
97306684
2343967045
2931029238
39349894
715044396
388555493
3434177986
284542517
44135635
21888595
3284112337
3274774916
41634520
196168350
18280993
245630545
473093652
17061263
25073877
2734713482
3104212962
16163639
25825267
986781648
342887079
175485802
14730894
1632772304
343171266
90480218
14839147
54996176
487976585
64465025
631310817
63717541
27382597
2369506560
86177206
69773058
16083346
793105171
722537568
232901331
178037576
423561145
49140008
15787430
35218566
149913262
20982910
594376322
230527949
2757288404
208931294
378933826
10168082
466645191
195271137
2314075110
17078632
4923811
287413569
29216764
16076032
4816
42822396
1578519660
187578616
2687575482
16989178
1305543613
1265305506
46220856
18576537
94784682
6742412
245649240
127050046
43626400
27245742
481676119
21426423
16366471
91882544
56727144
22229397
64534908
95717760
237403203
9130702
43277789
48029066
525653834
78523300
629834583
2279098645
50769180
47739450
237348797
18247062
16157855
462104542
613990408
26487169
6724252
44174550
158769098
48459553
15976697
14669951
247723476
203226736
216881337
30047168
189652312
1488886736
