1887821252
18910324
17844280
160334363
53933574
913812620
14697685
2400646032
80707584
848745134254587908
409713189
701725963
944835650
171052482
907053478568091648
872136352296443906
140953784
16364095
200889851
186853975
704881118000971777
2163760689
184866881
4206492575
900543861331591169
32152579
38476490
715941674317438976
53184267
610520294
1925157330
738118441060700160
895635280710877186
253890884
719921479412895744
715474998433947649
2859167786
412806234
175180732
2644697608
750567798
866664676892917760
1102496594
732027915894824960
272837956
15228167
626696755
2946061365
624056226
4165147814
42451620
3317220703
47363263
562492281
262894550
614732049
625100144
779100876
537047549
518811137
1021360064
1514722946
1025260488
299947796
846403051472785410
154101116
602955418
38660877
769682578739720192
71093106
736039267
544667332
500231605
46149641
40709942
184878590
269979823
3419080035
806548477975162884
21891609
2924894317
4918738512
3117314104
75206471
59553554
526682349
1513026644
2254628006
742713627023675392
734463463745933312
3024212937
392447726
1952576358
2836016851
70722719
1223169240
573971237
538899999
105296447
586934276
110396781
192326624
462119058
747267457526693888
498117117
509469954
2893511188
1521220190
529641226
1051707050
21157298
29956911
18028996
738269981247307776
3295833445
3938188937
223047786
2904727191
630018197
930709561
234980063
3004851935
723542892195643392
1250543088
4121134173
1202352193
359581878
492399548
761564130
529700123
359694994
2828748705
2855753321
158524126
3311048767
162749398
23912766
50089673
337881543
379408088
94011029
3154973631
4128658212
4663424786
2878889807
2265327894
484717385
14417243
4547065861
4401723570
410610095
4547637503
462060357
2619723381
3932082556
548746883
199912662
14780915
278065408
135789579
2151665958
119564447
387453291
4396463423
165577853
2913362619
185019826
4251646221
3344664733
3394758909
41070421
4192975577
3052989180
19294897
624953558
274001708
30973
100300056
3295785335
148469993
24665054
143192279
175316760
3299900309
3153980538
353815072
1260456750
2202500321
2564680333
3406361027
1959556592
3297731576
2961252699
83691020
3342298491
709221331
3742265061
1128745104
1161992929
2574612093
568698550
556312149
2926506397
894260106
1084251210
1086812556
841873304
2361880644
413485609
2424622866
211686253
278328390
3539551155
3297609326
350512140
3400193119
2356290679
3506044816
3505092981
418172525
622525854
1155349627
10418
455510931
702489741
3307730157
1053263580
2293189056
132289988
2316185911
3423016750
624611469
700231836
1899249174
3426793660
1724027767
3247111939
3390249713
3416516961
1697746880
154280902
2369376380
2875664088
716615353
3267475182
241664325
605037562
554475618
3225037453
3394740118
502304185
3243264274
3379242315
1325850570
28644174
3185368973
1873398656
17874544
1571747389
1015694094
82134568
136152668
2853138044
2463499796
958902097
625022363
1291084398
179756181
3363355870
293793948
259399482
394962670
1608445796
110365072
21493194
3082722699
3251393654
167064551
3247600267
2853590063
3308649928
3253744349
3096645818
64327406
3045530981
3091088432
3301257550
15225275
254632706
409055353
3296800408
796435297
23775585
47618120
3158342417
1564177926
2515644085
49712658
278072240
338654764
17216468
88223884
131024806
960138720
35787166
3154370213
3149055592
2786377701
3060456507
2633547502
2601832182
3104211786
3118243178
1276341824
3115975819
1260634909
57135667
234038385
2395190514
3016960466
88065862
1345354416
1691822892
3100184318
55216489
1713703536
2771755435
237548529
3075557913
954560538
1309866655
32751269
19636948
59142708
23544596
3038295012
21148293
2918645326
2566898039
155620016
1551918348
1620863690
1658897605
2617706756
2683824316
14260960
1232384809
549597608
2177485388
1898809969
2518411038
558109036
21526685
2956829762
245789728
473498440
715603757
585324236
2919885322
2423193030
1205974434
2944796380
311663105
2743113943
39689218
310687757
18689764
439467848
194307466
2921600980
2922223702
2919870951
2919753023
29284837
2929238714
2779798845
20542967
435921103
49636886
216776734
1535055300
93756678
457554412
2712871793
2544448082
2566252346
710655880
1459714873
49838758
796737133
746053940
271986064
2267823516
535919349
2439994313
2460452136
361174737
737044801
390975084
102666678
2427746955
1135885880
2409751351
243442402
2398924113
1099482961
76854624
9524062
70957640
57972602
30351873
2292019028
2323327896
1455892946
2290462339
122046636
2286091494
106262376
554530730
1086704443
2181570060
2177404959
2280573684
2252954443
620288087
604261082
75876607
1352684659
2252725628
2267574500
2252595246
127910704
2261176454
16171898
1542262502
227324947
2238631029
1520142606
2252952488
1395733440
2251987844
2171617627
1476492072
25806962
776451552
2236390884
32698004
65992743
218613928
2201317936
1892536808
2161937408
52076505
588129502
1559776404
21137035
9629222
33225239
362419965
555589586
233574681
605822673
2177271746
66747432
602993818
31193919
545443555
174933353
577397836
1869260852
275797070
445659911
400798791
879272874
1115862672
1521783295
14942701
1559016564
1393538730
1565938458
1374723096
1308514885
631594784
323638680
718440196
357013320
515972985
23764390
519121362
1559235944
141075131
546971213
355307031
586306373
1570763364
153357550
1938928860
1939376845
103012173
1650273846
220143709
1423305200
119365898
195498260
290244318
474996431
1556063234
1729679928
577661485
290848036
325603397
1075241706
231851701
1414011338
614926922
1209752390
1531598972
1650553682
1650547956
1650528535
115988892
405771343
1618767734
522455149
1658678318
282905094
43216530
903063067
106244842
422352324
1275561050
337192893
586129497
1043282640
585157372
1561761043
1287751572
947069732
474312989
315988197
1537097209
110877980
349759782
1390954333
18949610
412649776
462993102
1563213852
1557122431
375673348
1515243744
78199155
30303695
29892219
30081269
22602256
414573312
15091022
34659094
612924569
405350717
1312200595
1368279373
599655741
1427970684
904634815
130610420
158314798
214140348
40442888
428626202
1367537707
1035725106
555779131
1352016162
1375803182
288409855
592875535
106005561
112289040
998426767
297155790
946427612
557389728
737904218
484303440
334778255
902640230
284278599
611566576
1062156354
832196623
549743122
479951293
579531762
387476497
371778042
43464240
1202620326
625009075
1117484544
284188437
467879667
634695440
247761697
205421715
556352307
166747718
91840421
259313347
428815221
782620669
613513628
360990454
468522241
17474081
203927754
388438160
583356858
67157146
232163920
108965777
416832919
111167927
584216729
450875726
549565034
501220112
612330497
30686649
476278594
835364034
148136337
980478252
357200346
40511475
50515656
46186400
734815398
296291540
729858361
482622606
520950060
1107805357
877946102
575939280
229854522
135650002
9938852
548279265
829555861
560776419
527944450
25969395
352338496
44207541
406360701
1046372695
63398758
452942786
289433847
811768447
810144792
102872654
135961750
998393936
883078604
413688432
397400299
74452613
578361884
484298707
16510838
536598299
525973132
856930526
357838639
375777625
423590412
45266183
148811538
393488321
224998049
271988647
38688395
66618379
267066927
96609073
291684320
209994211
413487212
49110693
14230524
84279963
176566242
105119490
181561712
