9427572
3836008983
17454769
7702542
803129760771637248
1000739286206107649
922668876889956352
2301990517
3092154496
856978948965769220
879548970082721792
938139949710405633
37453344
920006546829975553
73119923
961716640013537280
2261967337
1005584101938638848
47739450
707550043
973493306108739584
928023592989855745
4092210313
846566528103329792
1002163341517840384
1002137195820474368
25650836
15986949
45426316
202952121
786507714264440833
101856262
76081768
113758100
4903483001
393375338
866284857235656704
864934909961523200
832612650173493248
965314350826295296
1876660194
2985335882
18279320
785229607385661440
24787367
989627430234087424
537709549
978634180295761920
81549508
853639441520263169
939985878201618432
741977462028926976
896258742
523248016
384910109
2452348848
1517191172
862718426757779457
169686021
1931084401
162301746
407223771
894450550032519170
108471631
941689475956117504
832336297641512960
15379902
797165223882829824
970713428296810501
983490943151149059
449405724
901526632300728322
3406938525
248113252
57049338
763935668284239872
800086706678419456
862493306382626818
881483948341243905
935692681912770560
21536398
878247600096509952
18166778
17685258
965062552794222592
4357732275
27915028
2750127259
867223526822096898
3167778719
18005085
4536215489
48459553
190401318
920580514318348288
4686567074
864927706324111361
701368057990524930
23769223
941457150055985153
928163087127064576
3558102739
857001662
771529979846766592
892880061266673664
195271137
830328793743110144
2716100047
636896104
748505470810230784
856288002435420160
3389073989
718332223
25202268
14842061
172511244
38495835
2815850443
789177639558713344
2790518743
30699754
25101996
14839147
17995040
4175166177
32626129
822462665910063105
19091173
1209936918
805449024602075137
786711568797016064
19139963
462104542
717627639159128064
185425059
2369640619
2596413645
61015562
129235890
3284112337
4761064634
901857120085213184
591505507
359403242
488998711
897232745574825984
2922345639
34428229
78094182
21722318
4917311502
69190453
3995778614
4121225056
261749735
2714847813
888433015927574530
15976697
823367015830323201
54159671
3124986791
710990834972233728
2319339266
388983706
244844283
129571843
1146358172
56561449
16190478
127941629
954124423
185868832
203226736
22703645
858066056786694144
611986351
3171738157
823693635564802048
237348797
63291287
3410689588
695536710663434240
1947900744
1209148250
33529092
3318159007
2853461537
708471306702823424
592730371
4847548282
750700196
2456819246
252124100
3383049855
608471241
273542042
4510755552
3498448812
21089652
801962070
16589206
2916305152
20776147
818910970567344128
818927131883356161
823575687667871744
3376718313
3837629183
292929271
3293118434
837427761287311360
775898124942503936
226194552
334715818
835860570561777665
232901331
1408036723
282695161
4289460455
14669951
45617221
24578794
739610364975808513
347627434
2542186205
3154508072
82447359
52544275
821511862881845248
468646961
187578616
732980827
2887758677
722528529716383744
714128911823724545
797311126325235712
18956212
818876014390603776
19017675
41634520
114547606
1338765866
4102376488
822215679726100480
3890345237
822215673812119553
78523300
3292463759
3221357514
264361128
803724342781767680
20118767
396995725
25029495
240454812
30534986
804883120193466368
736989573201301504
634311710
2417586104
166990746
26487169
18247062
22958891
3170577155
119099353
3118705906
778989311601631232
17980523
29515247
16989178
850036892
457984599
783041834599780352
24263424
109065990
18643437
118845216
91882544
478855762
22203756
471672239
208155240
729676086632656900
720293443260456960
29458079
711188856943411200
138182116
2908170952
25073877
36452050
22956220
15416505
20713061
39344374
25429371
50769180
52136185
813286
620571475
10228272
39349894
196168350
