786309892990574592
15760637
23396440
223166587
19670226
24599758
825982044014514177
920455609056559105
18247062
15764644
833168279300608000
14772775
178295566
2567365058
755057897583804416
21059255
46775436
29275869
15576928
55355654
13493302
26657119
250386727
31939866
33256849
965266179836252161
1017637447
16129920
930633384837165056
829712720542830592
1640929196
14353392
828302764371542016
19877186
14681605
800490859439370240
3931928594
1391003946
864066454567747584
19570960
785751451557584897
33983694
898937053
270203083
882232731979198464
587536673
246939630
1787201851
1915033663
20710809
304679484
368196789
49698134
30451813
65707359
17546441
2906951273
30354991
157785801
36686040
13393052
452854618
15115280
4091551984
824726751209066496
824708824800059392
2225917730
801159713035612160
2863996955
824437258941980672
824797212425191425
848148994102611969
21792170
858924511
825153022653128704
824473943931293697
16303106
237845487
2233154425
16665960
594175899
824450140131975168
824467746436120576
1339835893
216776631
29442313
130617778
28785486
409486555
18215973
15461733
11866582
14511951
824135739512385536
1917731
824342512844222464
824810554376257536
824458752724176900
824758521581404160
826822492794798080
824270573203292160
39364684
428333
813286
18228898
19672199
46335511
15846407
824264707641057281
824332206952714240
824116562768621568
824190260338954240
824320219866923018
823565852922576897
3240143771
304392714
19084896
759251
139823781
544517731
62513246
15754281
2467791
7998482
16639736
26053643
14377605
9300262
71023061
15087120
14801539
57100687
19426551
24886570
