882773607255990272
197216846
859754142369280001
3315791530
742807091803488256
2808631410
878599565464752128
4755225076
3457113315
4128124282
907916907323514880
926338762329567232
711827930461171712
2485492013
2721328334
2437800234
998636185734987776
1166387124
102100719
930100659948470273
739299451886436353
868437334097883136
16469772
897642935747039234
2282069797
950063467167469569
752109121906802689
907882983306285056
936356855953141762
996470237913649152
1001407126701473792
718022337619099648
694878118247555072
824693941169692676
3368230277
402001712
143555395
3801121633
998949892595896321
952400443476496384
190267480
972875521175511041
910566320323694592
72507067
2802616144
864221647942832128
1862466204
635381781
2754561431
231602064
565643431
904069813965905921
99589959
906159764576518148
21805300
20639475
894534818725335041
594388729
371206196
235245447
971017506012856320
996428839361400835
933558842595557376
921010856824942592
998551763287511040
946490852
783023333793157120
281124936
4193201985
859849693953757184
3202057773
927128558652280832
984386614364377088
990642753171283969
998341010953506817
992644407697530880
904529623148404736
973107419810320384
783408432669978625
841423907563401217
562231106
968370354824638465
953736706775117824
842904303413219329
963841523384180737
736417268167548928
302088399
975293622915649536
1663027820
964709140596654080
989772563789242369
3036090008
791223293122519040
44610474
3316282678
921167770120802306
991638700403642369
995983762352619521
995576440132259840
943420176724262912
17838453
825033555478581250
946955295665745920
924242924535189504
924248224214474753
794276001970790402
981571839435640832
310766679
874945883435040768
849263223765381124
926813727877238784
135303945
982282705059561472
943135720063021061
791956850564435970
880784006975041536
973547684
309823586
822316455538458624
3120293900
807541236932300800
2659756845
987700188432273409
1852226780
988483615142039552
387673606
962482051646611456
1306341967
1149277662
3288519504
979873111771418625
937231554090168322
14847675
2467223766
1513374212
988326097489195009
160344478
1633828868
2636339486
800781273044107264
2801537155
2656722326
2656730287
2587534988
2680031864
2613533750
2653449854
2653427114
2653427131
2653398740
2568812108
2568810020
2568783948
2568598736
2568570332
2568573937
2568409321
2568384680
2568388477
2568377389
2568369763
2568335942
2568346435
2568304134
2580151562
2580113750
2580088338
2454556963
4726759871
3017611344
982089322487660544
29557052
984359307599728640
4527181359
845657939968954368
439852400
854709327025717248
976014354838671360
2161356392
1335002192
797520946479431680
977570917298724865
977568912945696768
906585633380093952
998099084
719861814025134081
969105724126236672
906943880603598848
981687496550608896
960818872654823425
552443228
2615415187
970606859689254913
964141279369146369
262739091
3269846730
784890702
962059019102822400
771029630757330944
133721190
2543835054
706490149165780993
1488646994
982789641718779904
132247904
897480134495674368
909865403379195904
945221851491504128
917568339299274752
3272517936
983182632224632832
2981406271
786696365883715584
1151826888
966015303128879104
981621768652775424
784517884408102913
973841899789438977
756965134824865793
399981835
340521333
973056838890598400
739143377090969600
975797136
9131992
981119030152105984
844454154462466049
919452769475551232
2937688112
963737273421484033
1963636122
2913658625
2925423727
843742139737686016
90054613
958095226245181440
770416449361809408
3387372250
253539469
974884802724876289
909801770095923205
976692462981959680
920706236882063363
976499885372510208
949437543518482434
2654893567
2166887744
971496255317839872
748625790154080256
977493737751248896
898175291809386497
2742939158
820828196174266368
967433253585084416
2352311736
755568825207140352
901125173008515072
2902040086
937342482018373632
1454077891
978538191958372352
918789612717387776
618118443
126214413
1569456812
211924873
473285651
2780067813
767045101176688640
968070594980872194
161783583
522888515
870983001529868288
870455059406086145
1892489892
739042209950007296
791803171895144449
387224348
566507112
716207842
2251735887
916904907860512768
2912793602
716575457
2182322799
975616810463703040
775454662094884868
512780337
2704482889
906326375736393728
2696471779
182308002
4661242381
711166414506168320
979708624443461632
32789366
840328890715373568
961194206537633792
1422147246
120921536
979579482553110529
976945851024203776
826733413369421824
952959474213507073
978905493182787585
1080276128
2473208635
843764480630767616
1047319406
814100483488903168
892098375457419264
35768240
968332753803579399
979639385544167426
980080749373247489
279886540
3515089573
739036968135315456
2212509967
969842983670513669
911807625494269955
968714166914682884
971819198459629568
769832207338930176
788034454031740928
153479020
939519074165501952
47482671
1489703012
874297201505312768
4686586766
92956019
767986290834812928
4829094922
979955101270818816
1496020477
2227100462
752325773390938112
71756061
926731414262890498
3013270510
824069514945933312
4909598477
3958120288
243087034
558415778
139083857
55703977
939183748410740737
927885013101801473
858679830
928247345506025472
4708042293
2786667162
2460492780
1381715011
889297059924201472
970321699576209408
968850757486350336
26732783
846138194097848322
96082963
905828169961361408
11606332
970944403316641792
115604864
65542076
15448953
287974658
862589807435726848
27898384
37526114
971425641844396033
940434834631118848
894881651154714624
90283136
138859000
2289324116
391926579
3301268604
40032527
831773597865746433
84981654
405207017
4535920874
392954936
371814548
4882353865
961413824191520768
2803468730
950595090
124945570
2225092939
966078899116486656
301432521
808912968
66305216
46050002
888470116266102784
114258396
2776504548
969542815100391426
156666863
99674560
816068975109017600
1693217737
1957226478
947745952688955392
950573755100692485
257563582
1136574486
853565910
931152657380716544
1246994095
3379376224
734757809909305344
111106289
40082786
15221598
977123523796852736
516206790
861251927912443906
332696199
702125877
4915976327
15936088
2464477507
1675881830
933552341697028097
2273944171
106878204
947062004287721473
929635050848694273
24896025
880158466584846336
130607739
912460635119800321
956899626455453696
848981846998253568
971399525125550080
895757451454185473
750752563167895552
2797687225
976350665327988737
37391190
1203905286
961682438186512384
96190536
324977556
952563114993770497
970643354676551681
960828395432153088
923938417876062208
972474945849536512
972212529891086337
407236453
969237787701542912
971083727257382912
959497776093638656
862204455642689536
967007689145536512
956618225973940226
760019846289563648
4870003456
48245654
960799374413414401
956389635038597120
30500021
89847661
33923443
2522126634
398245842
442519082
125808002
285168194
87257468
2422751880
580915669
1153769101
379701494
816185093035266049
817779695513202688
581178559
1601457516
758604176
340072368
340009739
393199924
919408566
454286380
1241531820
20711067
737327304
45830574
814660162686480384
478107981
394657513
99859136
939469672017096704
943158001170395136
951958423196913664
229297474
399975142
2342568697
1666254416
948049819867779072
915280209242341376
915259442609795072
30543013
1540467884
910956873796526080
838782194956980226
287933186
1244184469
515813484
245446098
803273182580998145
16954285
743133962571112448
428656651
1461604814
1391187079
1954148479
2904086192
3322068380
3192526531
23279714
3031870581
1362088951
3425181777
3130832716
3235422525
3035678102
2982236258
382214548
2797006750
1656237998
2864805030
2381193300
2719903513
1244954612
2555611219
2538314730
2530946514
2516292498
1391200764
2519066179
2507069862
2471050262
2494700870
402865308
22178241
2455497174
2455525484
2427895470
403629060
2355611294
1090207482
499059284
2326414982
2298769340
1049777126
2269431224
153997363
2223148376
1961944920
1718903503
17437303
1644606642
1653651889
1646587921
1589328792
1501295976
1489510255
24725380
1466341664
427542987
980466120
1360847592
1347912798
873141200
82093321
1283012191
1251160754
259096455
89201349
1188022310
138954918
1173394982
1170090673
34009546
1133143063
1090927152
1081147242
1052504659
166782049
953892002
935872722
636490752
745353242
396374445
853635074
406402766
768852475
763826850
366062178
36066839
737100164
20586879
708676958
632210118
499215714
88874166
532346597
402343556
406649230
560915339
60032361
96408881
552819866
250795272
455075639
488513921
543611605
518964172
535970459
534562451
518608027
516774091
78779576
505696080
303750039
171402016
460325081
455078032
391550919
237332045
324116010
118868327
454223412
450056027
134760307
170062766
258938044
302686154
372668317
375191501
92666644
91119291
305051897
325836875
326342341
310943589
212116344
162539899
311725174
238021451
241381279
297207780
60921050
271787997
156611850
241382650
252880810
222496378
72137773
34304622
244327484
174968322
234609435
229372323
19778487
238199873
225296195
233547285
129889154
149121235
13572612
200555633
203162142
22970462
18457662
24977100
14461140
69930662
47765835
47398804
31400054
200790855
178772941
209449359
112793760
197489185
102361079
26479044
17363011
134149151
202032907
201852794
198569647
197003382
21269039
96850584
197850652
177769636
34742359
194509507
177299426
185933954
118930378
91019729
86842277
190956214
190676262
190135141
185736196
190170435
14969699
167065027
81172044
87380525
17746054
181415075
21502704
89851319
186323938
42633689
143855317
127411559
118644761
148177948
171740127
60771491
183419112
28123974
181907987
173250057
179180957
153921832
176868274
14085637
166185470
180089834
16683931
21174222
24179377
164627811
99905688
175634656
175827282
159789890
156580066
160856261
174405554
174245761
166656718
143383899
173947286
97082240
160524983
171173253
158315869
146194055
168932842
169350322
169231302
160737978
46228433
73675403
80949266
167660544
167340492
167505135
95268584
151147569
121362267
159551645
31109343
161695528
159147656
157735272
23481487
159014756
145248607
130677062
89862041
156038513
84858724
156754371
111066978
71965519
156306719
155431410
149328238
59181076
146262211
32553800
121200748
124332782
144903671
150742735
129111217
147331292
26254197
76834216
148080625
141292767
147916721
125178966
119622848
146438247
81023719
111557140
144575680
143325858
136218880
139466347
41210283
140514756
95484503
78337481
92080520
138950848
31869410
107223165
135081422
137157741
29833105
14525389
106036404
117741791
20466493
40426582
134971632
133773913
44049788
81681088
131399280
19574330
102672947
16023207
132722447
132467358
128369782
132211377
57959658
98261993
125171276
45012514
22603974
69037990
103102773
130401346
128086948
116541806
33238107
45342592
91050149
34901034
27385995
88270805
84194879
127092579
20009683
119796698
14471519
61819001
120147993
81857815
42824708
21429508
24975075
101102413
96071200
112660095
95661093
41225282
55869232
15444746
74732486
92430335
33951858
91192256
20623841
111505093
33912710
20796668
44607696
85869170
39848025
57777807
108713475
40466448
56628000
22543925
43049153
22156562
80060809
105905836
25085900
54432441
65893714
117652411
52774405
30501477
117357949
23454293
53113025
70516877
45656238
30471064
37999265
43491988
40975206
62990691
62285950
63739421
29657072
40736003
31055073
16838783
41789793
31254423
18102352
114647655
96473118
31705210
20469637
84503113
116633501
56422191
49309789
88894054
20680906
84514546
84515939
83732119
25147347
26717998
109103309
92305280
79718028
36036421
64914137
14511863
65667825
113804341
91144048
15808688
81568863
35730865
35725319
35748736
22949669
87773714
23467124
45682323
11155742
28288813
102022945
23799264
100567309
23531587
109458087
107935515
83755967
28259106
99624664
43447034
96437429
72056424
38735228
97592949
97546204
54387096
26560356
19705249
72302067
86870175
42432819
13072282
35900166
86521604
86135468
59192173
64034335
77546166
40773366
46228536
79260850
77877182
59773563
50008018
77056264
75110103
75541964
27144117
17460463
61400378
31071954
74919343
73632747
51277036
73856999
45160629
15744329
49592535
73173268
34461821
15476306
73233773
72733535
64793281
72534583
18203396
72481822
16504491
15163252
72348146
36120386
27644513
14855629
66933315
18395585
15179022
71998732
71760605
71759175
66161495
32941575
65692655
22767951
66356711
38515090
60790293
65750557
65565863
65565848
65565843
39195775
65530157
65302431
65334012
21572671
47005064
61131009
31150658
60945448
40625233
60917130
55319492
60014705
59938308
15342136
18483313
54380293
41292896
22507341
35189071
17287927
14307771
19962618
34160232
16348745
40367789
26031542
24881234
37876350
16931885
57609266
14348257
35087840
50040981
24581243
34557325
39903836
49689832
52769009
50556226
43472509
30308226
47588981
29484542
20506424
21406737
18721912
19342686
20939820
41642524
15231850
