827104360043732993
918259524250763264
1003821181605117952
853818093822504960
998431446065856512
842229586180087808
963215425503989760
3209320118
962031685020696576
914680613910614017
4889371642
957803689477136386
953641134781272064
4628417307
973064654611255296
520524368
919273414405296129
3078862349
946596288908447745
772646864
794360599702540288
967048309482360834
891146178586443777
962838302536675333
1003705089675223042
3293954570
244637436
885623081645035522
839677401420476416
1003354722781233152
982808282472570882
1003082269135982594
1720475689
848325714654801920
962880819537772544
985465562242269184
986272696072916992
891106220702138368
988948680140115969
989411087337607169
2380880455
996168459087220738
965450380929880066
1000147165354905600
1377837127
860270471794884611
889274567637815296
2564338396
944655078048325633
1674564150
962762191979122690
926618158097682432
922686632897273856
2474849899
869952243520471041
557427861
3023787862
701210698320375808
997233606086012928
945505513118228480
757998402093350912
979394953766998022
975499253840834560
969239548982104065
891310184294952961
991864599216623618
859176534200000512
1909054598
987841922113748993
767368794067042305
996224101894279168
694342200797204480
996961981679665154
972906294930759681
110936556
796256380134883328
890751701426343936
872497685990965249
968516445121531904
798761525452226560
3029382437
821102114986463232
3077399324
2187212192
256038222
944055696890499074
936441433648754689
3856838593
953768425536544773
756586311109214208
996685512634126337
996825833221304320
996515312899182593
938482976379240448
896161197300514816
939929649114730498
946835055690878981
996121651552153602
955989588102676481
814283510282387457
959128032328933376
922552937813102595
996091669085933568
973580524680704000
2173555472
2924434981
930153663326236672
957101969465749505
995703475160977408
995732724714561537
906729403006234624
1276357124
1936441819
994250595333758979
895027305579397120
1048883100
859337585956671488
960244737935634435
2751324069
1090450027
985945533666775040
2182866949
960141018061471744
3479904436
723339770978549760
967773857481453568
930096953274363905
4909491633
774614874500378624
104480517
794700344500436993
780748291751280641
601213803
248440779
973394201118298112
989312564969525248
950493467268001794
3135719565
967445292751650817
1370890939
980642803729313792
1959538262
987876517303681026
982352694651301888
951140374944284673
909812145994502144
974722023564955648
910160062286565376
984579838601318400
983485424759959553
3373097595
814977733793087488
990308578446790656
891279527472766976
964929053357694976
980493216909848587
968495522167304192
989129500461027329
895840577761275904
973392397374754817
943342835616681985
990041930703794176
990051627754315776
969234335684493312
701524783037607937
4885703243
990056996496953349
4604042416
980821302821969920
967402914305232898
990052917838217217
765935321099927552
3234339201
745810209097060352
757365157
3116184389
2587685861
2806315993
850832429153701890
2424271716
893649969651081216
898781088
959931738297380865
3448075108
846203502389055488
850078987711918080
1306266588
750105767949242368
980234350661861382
824461671695577088
4398637893
955079902352392192
950741578364215296
860566083866169345
377120268
3261154612
744731676014686213
4902815362
333019765
981292402869723136
967971726888984576
777515013439418368
932039117810126848
410207282
868336837655486464
856302031866343425
942136723282284544
249406286
707100084333195264
850722646169923585
72393872
968992251434037249
972629317338435584
841139515649605632
859253152868126720
823277126086365184
973620546016632832
843638927324004352
857372184532176896
818534953856233477
943328068248244224
975948326695776257
980556153150205952
985228130628587521
984099979252895746
722819484944371712
281659266
153548543
4790354432
967819712766922753
960266512094384129
390274454
951550689766862848
2564001702
881149828104957952
872986906598002689
795019534033948672
982680598232948736
950790079299059712
2380025244
4169559253
935106311951474688
2542944656
2763977761
982339071098933248
931489858786390016
838429230178447360
834490213829378059
936809773537878017
754316068244512768
962675478934052864
586941268
138960171
979947717970550784
939339899509014529
979939768099332096
938483710919413760
220137723
856626459724697601
975858138392997888
1265310648
941216997450436608
966067083275620353
859107118879735812
3168152608
966119056880390144
957072012488429568
949533625862754304
981420233159213057
2936685097
834164666804879363
930837297083318273
278662460
983006381039960070
1442864666
982299217535389697
758724424631582721
824689978848538624
338523230
748984577100775424
965369165488979968
967485917878542337
866305370196783104
980225868491579393
973023561244905472
956239086595006464
957442356026007557
931716354637553665
756377209041018880
980367926334230528
933525734286508032
919775057236201472
956027721511038976
816516928869175296
946943244637757441
777999813719822336
739586882682552320
2556172656
2295161178
930976204705890304
637376909
884145448260444163
754100299653062657
917107547152281601
959442539165216770
1300140342
861052458621161472
848703099762089984
980510325215809536
822617317234380802
899645135675326464
2361319783
945342217027248128
838573081111199744
969612486835036160
893628576221868032
982020713107210241
2667040170
847293467860410369
739626097
766800842028486656
901957871327264768
345078949
929241366797971456
763582612313178117
1061467740
972610808973754369
961644241335341056
946196113794785280
715684208312762368
2938639634
963977183596249088
823540911426727936
898904247907086336
965080203759443968
764969682
968697013461291009
154679279
632475650
2970580607
949398564920205312
1078237141
939308534315003905
208485011
4829863625
899086892192366596
917251012787712000
65680091
968608000909955072
931331188333178880
967899707396771842
952654969794043904
2518431314
924655071836753921
779139905817550848
960731065055883265
2230251970
981156135905447936
978552847695413248
891475936402690048
769667907332763648
860908446262190080
427637898
979136442814402560
979211985354133504
974834474088325120
3418962699
913143784346710016
904697961120137216
952041195538173953
919103991413436416
2358395923
805467299079655424
2569778976
968202099598209025
860855957781458944
918962789082857474
525457411
890685619420180482
284081431
975328063444672512
962452988177600512
946896483948916737
923647594261336066
859043527698853890
469728219
228533184
849105742543990785
81142640
958198995599417344
843598513325989895
1607022091
195581113
2844415343
945808007870500864
948375378724343808
926680717286715392
141664648
952072436614344704
972840885338722304
4710858416
727254725515730945
841686888578744321
955354359784771584
447560651
951252938193801216
937838248122109953
810282451968868353
917916398432718848
3165958398
833516574812274688
963107694856097792
943328031237689345
829466213151604738
915961243449643008
3604006633
957479299203915776
972618682303172608
904391458970624001
975950868062326784
937404974669103104
975870460675190785
2480518117
2941275695
939968349747994624
220700120
962691877307928576
2528507431
883057388043075586
873737366053289986
824393103150895104
3207565714
938597491162804224
966717134784155648
963552335720009729
974773280568758273
876722479535935488
884479501740253185
953315631016890373
951822644235702273
830432830572290048
904413180067282946
965345119254691840
865721468
952021156877553664
927186938032984064
3245614849
957682170570723328
2984868957
952045160396967936
936320761962336256
939260872006012928
946928170070167553
949732742115323904
974083244986691584
934208436425953281
862478552310140928
957273384227934216
953761758644195328
941212351612760064
873995211910901760
215826622
867735409895362561
848234833142829056
921794867063377920
4902853090
2831322145
2759329252
971869841631178755
945859496089399296
2243933028
952235413212561408
274272590
879345276955308032
941027962144555008
791755852353069056
160650487
810333311792975872
450575106
521044250
943856413213974529
957447403170422784
798529955579596800
804866931857584128
967738466598604800
624056226
731913586910494720
747591631545630720
967462075344842754
745878986
3397655392
4189880417
162191476
907094162977292289
1861563241
819345368815169536
356551279
3430015456
942233677723029504
137423953
748219523644395521
61099881
970525597716721665
959261466762280960
2353502381
967681654218256384
822531855983382532
817830426475659264
3043104267
960584844085428224
3347292472
949839454902112259
730930155506405376
973769396987539457
43579909
2429257752
4741764254
1164747032
2153965446
1276310916
973218576495730689
972336315000918016
861756274635030528
970811260303441921
946957116887257089
2979401751
964475021790982145
972331022896500736
729298555
766395586589450240
892108146394771456
3239692606
718623700094959616
921101836345634817
2932837426
855845374183047169
323275982
4579258752
4350860354
942176472156000256
945879998736621568
906328200
960784843331252225
966481717551861760
4861360115
910706194389626885
956916922003501057
2975672687
701629462253850626
958107415026823173
2281074457
954535259953082368
952621520114864134
3854507777
2960964431
945980943759704065
856003424411955201
896485056851701760
2575571071
952019431063875585
944778744186667008
951293197359054849
969708629665484800
869629816001228800
930656699597361159
2777508637
2337733897
843321422646857728
818560074457239554
972963682807402496
953371002033106944
950920318528434176
2639199549
914361189215244288
863856294825951232
860619328550522880
860599766174101504
799304738735095808
895007043253415937
3335681699
1125949134
974805476
701589366662156288
2360261343
3846600149
825472534980259847
843948685142704129
957238358509486080
1781912610
3112682303
867916327482261505
946419088586309632
735265726831808512
4236592667
901914107527430144
863169425570234369
811002162993954816
963447975291666432
852658844069122049
851226001120088064
908742720650465280
851621708108845056
851571706988810244
863655583228055552
1344443767
952000798044631040
956005519608619008
964730491810271232
704798963602423808
1250074849
3299696559
2223961232
2925804940
850738919209566209
896350169561694208
884648405754028032
755148231517081600
866773513713143813
841453018704953346
961752545147412481
787839617529700352
862145729472716801
861009751664209924
969316225003245568
2531991773
831327684890390529
4197489503
898055399269650432
922271686061379584
964875972641255424
2249056255
705064424911081472
790033848855830528
853791698119536641
758323456362606592
940826827882364931
799011212369555456
896528202478366720
1084028785
707991871008669696
938003936
370715601
2354028950
775485021842997248
966855826450329600
3245713008
850365871075799040
3585334397
799032206203174912
96634419
954539043043364864
2979445054
966729827733577728
930839793835106304
859947846614888449
1353390104
805071958870290435
860629674887704576
972939030513049605
940680808519565317
926919553254395904
768215508827119616
4854478423
468920033
836198936864043009
2425717494
878418164148785152
860959945927380993
932615028913647616
970624238624190464
2821016104
709784496
4595654960
893211112929460224
3709350980
2784831675
733120217405100033
921860061122695168
966327319043477505
189530618
966426136463933440
972668349468508160
972658642389553152
860943159873941505
859331640438534144
961041468810039296
4916493754
972608252658757632
3166091677
972600299843178496
964692309257449473
889266291395227648
750427033172193280
960629442996469760
961737229503643648
972358094872178690
963904421443796992
2451643993
859262021723992064
957431731237412871
859992655983505408
757070893986308096
957100598997987329
929468053817044992
950466460232704000
968951647161454598
972523172951183360
946661674190364673
912701606914924544
967653307660431360
965369421668802560
2431391670
919270382905028614
971940241979228160
847187159060819968
276665721
949758264723558400
965982066948100096
697828958725799937
840774724972081152
3159809580
932624825264365568
726465630615048192
971557323817791490
2409185654
952281329785278464
965655199573569536
819999901870424064
956290435915268096
847879090749280258
955999040654766081
969586436407218176
945333179312934917
965801231435337728
972346420966522880
733784001689866240
760214388506853376
959673324958699521
946842977665724416
4730130522
957468252808019968
948366306742501377
946968477088313344
960636145062367232
15212604
971467955526488065
241740739
931828908416053248
957682913000198144
1007298607
868300015411875840
952006975247802368
970517132818595845
925854362714304513
866379061932830721
918669306652700673
840585169299898368
844700627104141312
731108861109780480
822259887694561283
952631012139438080
930618406990118912
183336140
913543148915347456
3242272985
951228949274808325
2955898510
2733772397
951282026249883649
1833502411
872538420966502400
966663276884045825
1048844377
358184253
890284095338672130
113144741
959826576497033217
2956413254
964867418362470401
957100213138874368
778296148381401088
181300983
970070530555596801
964975554662453248
866107767660187648
965021506324480000
958772148738445312
970662317921681409
275206959
954048306451304449
969989626029985797
961576379027398657
873893019120013314
1675390790
942295573557841920
283714652
969458135013494784
969346345336233985
799772999293419520
2991111035
965007853001076737
874399017412812801
772308812111806464
358887251
963794488622804998
961582670919581698
435481575
4731572175
293194992
1618962271
3238116240
832453059003326470
860039085087477761
3041785620
832349176105140225
734877575525376000
926569233076629512
2333975442
965361058331361281
924798933766770688
924527109820710915
928015697627746304
2279602248
919041357922099201
514878498
2938620901
968304265906225152
809237249053327360
1004751487
3950356589
1025585190
4776363397
907054992212848641
963945701993517056
828114939051130884
2600841133
879448873785282560
778734731370254337
906028375168376832
930213092402884608
840552377828663296
957820904305844224
901218992471330820
949059074997485569
964908780289916928
814337239257874432
3482958089
943383339754405888
1395218660
956795244594565120
819378012860874752
830965332047171585
224479088
1161392198
960791043590578176
922526812013461507
109923479
2458863140
968226103117656065
741254130
943623194803687425
938154291528978439
2470225196
828089131523792896
918515028642410497
830199529014231043
930459035605913600
962884826616524802
818708431
538818219
901479657513426944
2959639427
932393984227454976
895378739164573697
892187128423223296
967075363925975041
2917023631
866449864225325056
824885360190648320
867100664375148545
924153666
951881359265497088
743802343003553792
919431144516603904
2959945162
883044671303372800
2264598876
963852026563235840
957443575800827904
2238383310
636046017
867612423682801665
880884294088089600
809255240604254208
1246200229
821079942633029632
61844201
964730114553475073
2873357164
878756907103682560
852511846070222849
866576502992719872
959520119364968450
966355899207049216
934606428698013696
901205110415532032
891364613811556352
3846239494
882845849381777410
910187696613675011
852763744966856705
929613302220705793
844275699703840768
905280725297004544
797415515572539392
918515757096378369
956681848561774592
801555051999162368
182981403
780894223986024448
3342906617
817188773062725632
1432122212
954228161226727424
4705460618
858786037597962241
954103385770295296
802993023089045504
892174806791192577
2398772802
948694366540980225
906700080161333248
957243321533034496
2678263436
3929302829
494203603
926519832492892161
811389075873812480
958125840197390336
870723793295204354
859147526573887489
860335103968464897
955856571367641088
927615548585803781
452372203
761686120954462208
918194249161691136
3850870932
70468211
866394901705109504
964583428258611200
869341378148532224
916398749844348929
4330845314
966195889583853570
895503269568663552
939978698903695360
950889631083585536
966473604048277509
963024087613403136
584548704
589319578
589320254
902029246524256259
803757231699152896
948331705919778816
700552511103447040
2788027174
3418001134
940069219823075328
963915751517294592
35629273
964311492760829957
825203052001034240
3617212100
903649740860006402
831403985638551552
2435476110
863965367361777664
874461251669286913
2162165312
1163866310
962579843572535296
885427600356777984
964728936558153728
961709087884013568
942459970720854017
849677508593233921
4613526076
926484162084835329
948380461071589376
914502241473716224
963547933802196993
3182063106
476147316
962352552074465282
904115223333916673
933437582268084224
3415380503
761421152568811520
953794083968962560
964265149510111232
821775950551674883
923061302536343552
3516133157
960353601448267777
827711665810587648
919341898128650240
951944706547593216
921436819228676097
859158908857970689
965361359461462018
802755297865596928
883901544508215298
860350064975282178
861609105076736003
888407000295645186
944279392049606659
859109642387030022
962796466615013381
832395047450574850
724870063690493954
2994047202
907107839180775424
787574113078349824
4204378235
958436005089964032
863570405461721088
959974758648549377
2911246111
840768054980157440
702603466175336449
949471844842770432
857251465177571332
952741194517352448
953945779919519744
796970332494106624
2242430262
4900381528
963584638827495426
922112735915184129
3138717537
825497163828428800
4280426116
887384363163365376
932627341339226112
929522812309536768
2402637836
950425171336167424
926847497569488896
955728577
930225040603394048
965301190396399616
3422467444
914051077032484869
944979609472372736
4544795761
906318494140063744
964637776997208064
950850951044321281
2468442056
928452408539312128
937866885068140550
899836335464345600
3346655777
2867839824
958049202310918144
2730858369
2518053908
1447567544
767435302864584709
756223728002953216
1442605988
943208431892213761
880917482017611778
838451004454678528
2960444854
955448250646937603
925201953868611586
938588999723216896
859374266382503937
800130846023786496
1406306346
913505925406904320
926814754680709120
921083911370719232
3071816324
4720317530
912455475727396864
816585758760845312
953752934638120960
453528654
953445691334037504
873092428755894272
954117285127565312
741302264057454592
910908577501638656
2459006004
939191910459199489
946899850255364097
840390837561368580
4736888181
961185435480416261
957296163073425408
866831884352880640
57107167
951258918197411840
2970801981
938828460633546753
912013943391924224
961829717824319488
936459698777202693
950828344316186625
953707996433043457
2745173814
932876401866354688
887369318245294084
780254234079993856
3050205587
963998993054404608
893215975960662017
767256531452694528
942481868901011459
608470850
926478226658136065
759925784911962113
3085424407
1663867003
918565741347115009
894775490371665920
770659838657490945
1308801440
831216802768240640
924916041917984769
263859886
815978252
859192250886180865
892006589430984705
909967219798536192
783796224847704065
910159958691287041
923605855689478144
4890959699
941760139404763136
9695312
963955217824759808
2355780587
977042762
569558157
858322719330402304
866054210038661120
921206109276385280
949418029565272064
962356020424118272
865657054148440065
1625599152
338525295
946585808378761216
891446835793068032
930644751732363265
860872738600349696
4094380935
822421193122643968
930452608875155456
217190612
964138862766444544
814396318508613633
2759413232
956806337366814720
921503944005816320
909466930066726918
800853761572749312
884119484637818880
803448206105264128
816751370241970180
944017111755689984
851946428712833025
859443496419295234
816823587709583364
934635758266101760
3320330106
931398023673913345
926927973231538177
904571798150189056
751130095755096064
902194556367769600
165531677
951997166066814981
862430361204031488
2157887289
1489866055
322323150
949827065829761024
906613468006154240
927573085905215488
4865235155
3248108197
803727054
1527996997
1553077922
943264697234739200
951254609292541952
859140059647422465
2549317461
4874330741
165929566
2646499098
951646001554653185
4560077848
765182517108469764
954381282582126592
2542631767
1250764922
945463132406865925
951675313586655232
2680969140
943331249044754432
341864257
1276268539
953386444986503173
954612918355660801
929439421149122560
837853777159925760
955658497261260801
2255277598
892950375803887616
879681616586657792
879682730681929729
913988765454143488
148058932
957431363598147585
860269714928529415
2422715118
961836035415003137
2523863334
881935012966408194
806316293158670336
756585196951076865
959841172905775106
952031627747749888
1683635935
940508067929628672
946485327618871296
400927467
952466383685738496
957572460626546688
703365655148556288
958209776122519554
959937975722430464
958791253419847680
957367380904173568
859215838569783297
913971536436060160
960344429495308288
962427666388398080
863562778103205892
4749871036
954799724300816385
1678516364
3405802504
955515598351552512
955989781707739136
956512645372358656
957081292952219648
957360016813674496
957952305222971392
958789555217403904
959137910867005440
959339043556413440
959513539588317185
960296277887062019
960577953582198784
959665838549856256
1257733316
1579126226
2787879333
863637809688698880
957332643531689984
896134164239527936
848063833503547392
912754904623648768
904416828486799365
718781180695355393
2353836686
2311889569
837048243565522945
1049271848
947495772467220481
956962205555216385
935217447652810754
827581511679483905
792534716041658368
871410905480908800
914305463742816256
3253186021
917570110193315842
946856011998138369
1734114661
758769387063115776
900532510446190592
953085735703334913
1004824800
732967501533863937
859853060549615616
946416215530131456
948770272848556032
833972917
930803157076148229
935330144553549824
930551925879332864
761755191871885312
951820164131061761
3599734940
917569342874644482
838472972725800970
767448315193503744
2218647300
3366722457
955807715854553088
840262036206604288
807655665749532672
2332937256
706616818308358144
961023951420850176
920857119569592320
946807638049746944
801530316393500676
884934052112982016
917943069445517312
883456076468953091
959254973472112640
795373104591732736
782305761439412224
951665911018082304
958782715981123584
3294793877
875793573635141632
943209867375992835
4836651748
2991414591
933813146531303424
3754330273
2424326888
748208068316520448
219699219
943958379130773504
937777072503738369
198266482
1621443660
202830240
4622973972
940445422748827648
879523494983348224
946541660279844866
907647446838398976
942899198890004481
731537875901284352
1436650056
952950485211893760
961354286469959680
922177637769973760
843287116016640000
957532333208371201
883859098760073216
919271169634848768
854784090918309889
187225589
3897717193
767513186832711680
437140637
4639079355
355957658
2949657777
804897031705755648
112044004
2384686742
897219743505100801
830925403359416321
744017247438577665
915048188607959041
4837686689
932764658288619520
916304342139002880
618051403
919013633446891520
762156140167696384
4524249383
814305058259144704
1475818249
948607343813636096
957656552877387777
932796789778010112
793542779842404352
859845426392027137
859462840469663744
3302775769
958163835143192576
950535642752090113
850180167360274433
876613013410852864
910618155634053120
902737240828280832
960728819643580417
937432919282536449
858928051
742528125565841408
346767477
2869053515
959485501005877248
958515725215457280
953698676580540416
3939091935
950784001131737088
955994909416202240
841646545925632000
950835183049158656
816470374174965760
4613224305
950619133175042048
954640075639341061
919223288039124992
2793092584
956770723984543744
932758967704608774
739155519261249537
2975115581
851270527159119872
780160993464909824
2159190427
960293134835109889
860850694915588096
3143946939
831653763727425536
858147850399735809
1604867838
960223147936157701
957728514462990338
929477883491377152
893283042218786817
4541406972
917467655396720641
950605608960577543
883763803745275904
936816700858818560
3373980274
786734189836132352
954241828873744384
2468333180
3826546636
2480981923
957443958161883136
851524724916199424
1681911433
770312945607831552
959486487854161921
954523125705773056
951299695120453632
936504776497307649
2547706204
957861663201480704
944020918027931648
755964194701336576
960058307351318528
905645081637425154
959465645782990848
1963565588
2813877079
950929495124475904
4354686376
915689459894689799
3467298864
930141639686811648
2174907229
938772188324401153
952669122889961472
1447809288
583262812
935362425519529984
862439796
2869255017
837426971638444033
1634150142
840674472914964480
860638327913009153
953517952418037760
952346595709763585
955805729679605762
2793062117
990004158
726064790339100674
852582469010325504
883563409127518209
911337715597234177
959539293088878593
894025634787323904
2450271895
431099635
2424615367
856824500
405272234
957693166643220481
787035170113196032
4907807674
855433368728743936
767186386961195009
852010357
909612339300888576
807290327447044096
919313399267422209
3045054352
2998906691
956781334663491584
1950824666
955291122984681473
953754620370866177
2174322548
850782806544453632
1447600524
825852199477661696
2562451022
816075049379786752
938945178689261568
4756692014
935525957955407872
887116274047696896
4617699451
877353577987031040
958419092549046272
948660693984784384
760289876361170944
918648724901040128
884446221670154240
957820026752389120
922597218707746821
939272049012412417
930546823529488384
838634026923507713
958228860910424064
836014098106085379
1134939253
942914220139704320
771908159061516288
947648334164086784
860340414787842048
922168393255542785
954775603881922561
230761964
787368538235408384
3361435395
202760863
957298528623190018
860224082427736068
950870367702102016
838431415133822976
922663982380466177
956383857112215552
923343255768567808
945476627932295168
3431697815
734468675252723712
835552033797255169
906509065702002689
958415432968474624
901175746542141440
901886314567565313
1876941126
816034561
3319726755
953001210470191104
948565182871228416
953041045281017858
809902146644623361
943247274171355142
1027163594
934144181118947328
956252142335135747
2646695016
701203403217756160
4665048962
2872461756
955312535351255040
798204407758233600
953420494639915008
918581851157123072
869666809175212034
719642460759146496
1364204113
947311987662512128
2888525691
789977878591070208
938436449761943554
946823039496450048
926949136045428736
943615758617100289
907598557913501697
579184529
1355732640
921884129158942721
705203696381136901
919026813472346112
802307820867751936
2394914173
44254034
286381116
622192067
941850267968032768
957693080613908480
952005965007736833
754851968384983040
813491835888865280
2841372093
884444468757254145
953053753447415808
885233999274274816
937692589326610439
954100343029321728
2731825090
814359559364050944
918955956049981440
884917894265544704
946762046086905856
853040473409290240
926268182838611973
1137340016
905162028481961985
861814690719989760
940744520798494720
948050312018919425
914573023142989824
818877586747129858
4698959822
870032986992988160
730719221743792128
923254541516263424
926146937119748098
927261779352309760
573068790
2521515468
915804734354636800
956975978902904832
953059424515469314
848192398505136129
956308058791141377
153239929
896088095707279360
2531156395
876150309797715968
3230222027
950118798732021761
778034637482389504
3418683447
766409344216948736
4349142433
3102185811
840383109463973888
926301039506149378
946928979814047744
919360410922258432
815978383729364992
858838415248433153
953005117204303874
917447349470932994
1855732825
3018458734
838555465722142721
566604856
953385664472670210
938139306274770944
926643059756060673
1506138918
2398563564
845301190070075396
1235999594
855947826504880129
1426840668
929044714132819968
1223049920
955235487492354048
919665671033716736
859200769530232836
1913485238
911479948430446592
940452087158145024
907215092298723328
714638539342749697
952227595667550209
952072795848167424
3103343063
844682663445368832
915351644216397826
696492223874015233
3132094119
895083675599200257
2990169681
790993644945801216
3376443204
159597818
953919691386441728
916673845532200960
3338219428
879763015905808384
2227119593
901097002251014145
954595685285924864
206326708
769753078941626369
825827518326435840
953427438050082816
717861658048204800
954840514246926337
856624268662190081
2830804491
2317986906
831372108848586752
3225272615
894345377293492224
883332443868192768
860146900166692864
952706579383582720
3405057430
771628898844938240
2318380445
116521579
180071720
203155184
542619574
857723477125615616
2998908670
827361230444777472
920470995793793024
883031716184674305
799610877037187072
274757956
860507939903295489
4454898088
924744541449719813
944985743847579649
2342999246
948028183835799560
876339055503519744
1965538244
911272537836974080
2880120528
937857126768267265
943877184422334464
4664692573
951107680873205762
876994121172471813
748382702018105344
776152683363184641
953762968285593602
953763908648566794
884252364517060608
936398367768350721
898565221694001152
942768180900098049
810680114430246913
2844167867
865722061217550337
954102665792905221
4926004259
895682764770594816
2309384570
4872166084
941292564883427329
928450646310899713
934242827650912257
312278273
952755087520264192
112328607
866087462468288513
940466144384778240
898779030387740672
857726191410847746
951916255220523008
1708545728
1291811184
921880418768556032
3026228278
2330998880
4851286253
604020784
863211442144759808
860904382866608128
922683257560252416
768333703
818970586315530240
953090993401810944
2975396553
950522477763006464
754182822257197056
488627477
831268486643003393
894391333284171776
953049370320080897
909859700669378562
440597120
1392269256
3030158859
127671275
568871711
1459223742
879122817765306368
4703808985
873608249542660096
948677688700669952
833529571362304002
948679646970773515
942791309932285959
942003048079089664
953015366866882560
912479949507956736
946882678908956672
905961969718509568
933105059864379392
875951713923903488
3424490092
2471645731
2908279601
952717921553469440
1120278966
630659882
952978485244563456
952687221676691456
951489883096453122
1595011268
823715091816267776
845630529517113344
256773409
906648386195136512
744611758288084992
949509066572926976
909159952681447424
877708192154873856
186471345
947936844276224002
901974791808274432
830508427319336960
3240963358
2987647230
849744904561545216
390202140
950744081411596288
866488648178520064
3310764923
1917105578
3084996273
872293082699583488
911630631460904961
774044251470589952
759494199729324033
854459435166703616
843093144799526914
4913964950
793207176789569540
904078396594032640
911377314960863233
950436374255099904
806402143032844288
878100143534243841
2737091683
756159262108229632
779762509599412226
314136332
3133013240
1120210507
4828368034
774715899752378372
889511078564179972
713926486722371584
2230554637
2282850170
729407002905063425
903111899289722881
212897573
948339404107632641
836077844811886593
751113383009742849
3015047573
2873644370
3390398213
817512223
932436447285731328
2797927420
3131529752
881041968393969670
878577602813997056
914476686523088896
882664958135324672
922574864887828481
2934423981
1878450026
857123882842685441
943200651127017472
811533193149091841
912875259736371200
829939262300778496
3045639330
3027016630
873793538
136885994
125603760
2288686352
343918695
730860993513947139
4876298373
941344345336184833
901436221653647360
898041752866738176
833453818520170497
1609066356
859116498304077824
934609076784435200
933447616267943937
855903342454865920
760894922140639232
3063065625
454132312
539501831
920519286254460928
20491275
2356828278
932544298893144064
2742043436
932106990372790272
760477334566735874
795719698000252928
975000510
832791337841807362
908813396686114816
740886368058892288
842113409227329541
2271134660
3981942198
1429480158
2391232105
382865664
2898447867
1665791515
905929372334481408
3335917569
2260738707
846908366349877248
933142907594436608
823705097565859840
850542413231923200
2978301326
882710583463653376
779898516667674625
926514827853553664
859923209239633921
2887203888
3044786836
826779220831514624
933759133618266114
379408088
719545120626847747
794696189832728576
4879214867
3854119881
888773301853618176
919348509685501955
908087808765644801
4392437113
880220774354870276
860301115446796288
2880121483
795921294206337025
883036834800046080
4741365109
787983300425949184
855432494929240064
746444724052033540
842340722095284227
777214802427019264
735446766259187712
727503018665463808
4143757774
4208675840
3064724045
789127025407688705
764309359438524417
50460475
797819305119383554
2909620081
786928877188751360
838228621085065216
1036028545
741305481092812804
2562464496
4906249401
696773687970787328
808068833613414400
4106218520
4164593188
3192603491
723941582072872961
3082338689
3889536500
702175912377380864
3124399687
907121269
3308576432
3152671638
717145958639878145
3324347603
3404774427
1375257373
784760750057324545
3306221056
804065272806146052
776100007137177601
1866316212
737422424338104320
708489221506355200
833148801896607745
3653841495
763098109807366145
3601497627
838669725936734209
472220467
724100280158052352
137034706
616547188
153657620
607072006
167025026
4711990820
4742360526
3176894737
4345966393
773162941474406400
930858866979557376
748579398769577984
3182183118
851461635277455360
779486434210242561
905633395971117060
876234774
1348548314
887903468656009216
910909487757844480
850948575580241920
870938775869808640
844026663050473472
165033159
215952307
230745429
853327665255919616
327657740
844573527021899776
3068970700
821541223781568514
1184513642
1566669386
867140175473848320
722239202780442626
722585112198717440
786303358999011330
862700667193917441
814197340990935040
906959482600779777
923646174757765121
4448875632
871449782698467328
928341334091583488
796579760893784065
922172231513493504
702360466719444992
1494453786
268485186
377573929
1491413815
603439428
257142075
794780851779211264
773218019677835264
920019286676172800
919768702282878976
920160588650516480
918577054144065536
870985349861961728
909854928532836354
922126807742128131
21441186
889526068570402818
914639562424459265
901180160669601792
721916654771306496
3442656072
840701397934981120
862433398635233281
432587869
145440728
888545416832274432
2983084289
884155201636241408
3230942936
726156501597978630
782012606223638528
3706248372
771192769763094528
793881283634065408
875446463572000769
739609955662057472
820849439015399424
744648261131087872
884604668399276036
3184223874
17659206
918286792926695425
854467292213559296
753866964066455552
860169631125917698
861311874771628033
3183463580
904845009052082177
903369778038841344
860017675765862400
552341149
892898875341770752
916038898421202944
837796266956378113
781715209492672512
4437187753
3067479930
829311692039417857
913495596035649536
916405328035672066
2912336186
845729614337101824
2429097384
855241596262068225
900432557787033602
799413982025175040
907302551296540672
820833575629099008
4827267072
908837951324307456
814697039707578369
573299587
910192533669629952
816764829520130048
893628579250139139
888490703709515777
2438500328
4322723303
865769158889398273
716013616986624000
909470301209100288
1955066922
762732680509165568
910614478592471042
714975503124275201
723919755791323136
3542302459
913619610213273600
581379821
863893515444539393
866448861966893058
719537130737942528
552449739
913591104058138624
909933245701046272
1470310322
900460250645618688
2950708829
885917582124957697
4529402905
3394306840
3157906203
865983621257191425
818941485571854337
2745844093
839350794423955456
4053265517
947287837
717724804367802369
744268966198030336
731048486787907584
3131710173
855544457248129024
728657307718930432
35636411
812023764477157376
2875951367
894615791500394496
814221534399238144
839585633777684483
3488186534
3318379177
3378116609
2753307625
886230308210712577
800475867935698944
355712117
2923961128
902295207554797569
2893429984
908737565188116480
879763734557753344
882694147198648321
615232937
757123203303112708
710440060315787264
710516215412822016
3168272239
794520084605607936
816817088757137412
716610474125557761
894537112225067008
3251631217
904064374926696448
723856529997205505
806179924407107585
864525927438536707
36746176
730967094976741376
3465993792
216201838
3312932598
3097284498
74983264
807347587292467200
2877627180
1402988305
1591131403
740594780430798848
2793278945
1513854438
1173787748
168683422
1409798257
335141638
803460978780291072
245990928
96243702
134234000
2751223159
129053081
137076843
2156299840
2156278138
398306220
380399508
47786101
580097412
459803337
410203574
393852070
15687962
576415489
79536438
120557765
29898542
108538006
69751644
