3283694581
4865369344
772500037091811328
966487285712801792
978207597160366080
977237620823486464
2575517041
772609382399905792
49223496
500391228
335267554
26152490
1967476118
998597202363600896
626515184
29532485
761805362110529536
211465556
3301171864
901566801309511680
945816837102608385
3191438001
922297377687470080
996751914585899008
974769370328129536
853795062957973509
971084446261792768
938240595243315200
3091589369
706767653017243648
746883778140741632
943286776914780160
937211661748002816
972888432652488705
929617061663428608
32889959
783602497281724416
822995589046661121
290347251
196916857
913605246731010048
2736663346
159543437
24041787
1064932981
937444159442636802
989204939644776448
922992764245233665
3130567797
871759771480850436
1873909736
3094086432
944879238653476869
907506871354908672
932414906107752449
929161771746672640
858684823816216577
908973891338493953
887950354318581762
886610195698171904
957504987554201600
296647742
3159161939
918121485402750976
273021501
2281686800
965571645388795907
1676086770
983041626791530504
949697125402595328
2239830097
796942526871666693
2975618315
467182644
290864815
74285874
870484028197019648
36851923
835181278362206208
947213049600946177
724341534586449920
2813562487
4437183494
920761550
2686261632
228858264
375348938
20674137
960275846
723578966821363712
2911466055
827559646739050496
726906717070614528
95546979
969294953095553025
833665791266521088
385324304
902511252676780033
970732747747745792
233141573
842853644865323008
911256918106214400
871383830137118726
713814043107188736
864902693634134016
216490767
329217021
806697976747827200
251705823
909524303099592706
956702575906246656
3473549662
1053825434
30736761
501608362
34139680
34809486
921474956420030464
729047332961005569
53686349
969081989851746305
915468460603428864
933879024014774272
484482159
358464377
122400074
112588650
1164323546
968233886919593986
3236284187
969015743194025985
4062726748
82862433
965738439617499137
3028195150
29833851
2908184081
825155070920531968
2977316974
940593307650088960
25278417
2418808274
2866362812
768999674585882625
960918819748417536
963412014403145734
948584047252393985
1015812445
951172979702030336
82874885
229313461
949405732901855232
2597372640
962680538665570305
436476907
4290493354
45023747
780894261269106688
962779532607582208
353672532
827223253957562368
961518041870708736
879475848948072449
24351510
49248250
1553776778
2158494404
403179950
794880562158833664
900456035617525761
948325649911042048
33923443
3600996323
1338536928
2181684290
902289966327361537
3280961611
958792298657173504
704683110
459250523
3866961078
3228926534
2375905842
741809084
942910177162022912
1077662822
829603737874288640
933100167468802048
164660833
2603663594
949128728680042496
955711313186930688
56744146
946207759422259200
1925451134
2369995013
942230456786853891
735618530
862328299762180096
3478758327
879131933241999360
1116397284
865220761
947946990721273857
955155672496246786
933405029876322312
3243622663
767010325552128005
904208367132053505
14249393
460694470
949732940233281536
732134468866183168
930585538100449282
2291761753
95205982
807040033937129472
615365039
940480092286980096
23746411
133082462
3198853123
2902018741
915392865328607232
91964960
1581155995
923145068323725313
299706426
562264738
86868062
4838993955
780476098370994177
3310188630
947239355545989120
204832963
536929169
17051967
1566412309
1468576254
939437422424735744
161871004
1009219747
235028125
120079345
