781947063663812608
785866484
570318719
791744773707235328
22149904
88036771
26214873
101005636
3329339344
825062760954355713
246939630
125481462
803804445268148224
38679388
595863762
993480127911809024
966058725718052865
1549544370
15715669
2489447545
838703000
14606523
792114037
110762229
373432520
178468763
2242622084
707760834
53461588
820780116116541440
54167718
25184143
943103790512709632
712352983908950016
189554835
919734991390724096
1118427588
335108895
16873455
63514682
2832475948
29605386
444389361
2704015396
159929801
2459122094
990999409986080768
487838342
23729463
976204815544889344
934576158305345536
765546262443810816
1340496738
22773313
728663603398606848
886239052936163330
950556292388663296
766878593007792128
838351435595149312
39086985
3264908052
72334903
1483711831
152844169
3014963890
62353949
1004122289279922176
805519531187826688
973334173137211392
819027102674599937
756914019697590273
1901928318
1698719983
2157919340
38671143
15463315
36198575
735563188612255744
849784237653803008
471677441
3254161746
2369117648
988566483407011840
990407462120558592
902333633939333122
1083799256
83218087
30155403
996886945585344513
847178861423026176
943223299215151106
387958340
758654910506344452
4056762989
1262776610
2551250270
1609833792
2882474866
122154973
2845989689
967094316
151960161
898578409449639936
984816308725469184
817825066993860608
565886416
1000939504180449281
103895099
1474274960
1308591343
1647916304
248293840
1383132374
970080787
563946002
401542034
1001080873897242630
708780562790526976
975060307088322560
80662562
996157289026473985
85293919
388250735
169536421
6528812
835676407665602560
753241375
886037059244371968
107429408
1001247566502088704
514846987
1262690280
489975747
927700847743635456
889892198518595584
902641396624084993
3301185099
366498596
24077883
754845211176554496
827274725948731399
1917262675
711973103258173441
166751745
229075545
808476286956032001
2993979984
1286312880
909974907865391104
1086720908
832987505133654016
2796447883
20351331
955847262722252800
31475330
3611013914
724803098049269760
21613213
796807918121259010
815251442172915712
832381085979987972
450164053
1106719411
3434273741
1373763295
963946512706236416
854658172597846016
107432435
891719336892653568
4412380823
4706015365
3314963469
34713362
3409126392
712841640
1543807098
17060265
94695994
4790374997
995525940200574977
40028863
733360368
776172560383868928
828323539900063744
162650265
825920430674472961
55841409
775383530452971521
3347237649
20643785
21251537
2180732158
96658538
1520931992
761869898222043136
361914626
18844876
856900216154456064
982389832054988800
4174621879
917278421083983872
976620520367063045
127363719
40151990
831492811702861825
793925336811474944
2581465032
30364057
948921080764395520
1892030594
24599482
112006107
909579354916696065
415979512
355583996
342863309
918076294675533824
3317893058
64009474
448108340
716286956125073408
4376835677
447209458
785538086281154560
16793196
755186667338600449
979854734013157376
819111315721494528
621202387
461697741
227682918
15910202
630513995
715764424041230336
940929179788472320
997219657
776265970402885632
4797361833
3043442118
464989762
716689713109852160
2405296188
3165245613
855915478576975873
16525270
18199102
804076152914591749
864848809863426048
76543481
14914385
929766541046042624
22635994
2736260736
1547188946
1061807329
760018910
79784897
835646117366882305
3340096995
921820607108431872
823271168283029504
803273417180987392
897249472799002624
20242792
4535092202
822990440161050626
385726008
131171940
888091668288876544
352954397
969221141347913734
771875912950308864
856025468830572545
926908541327339521
16305793
832411341336014848
930931670
800184262536241152
15506669
37408963
4478958561
1834645674
38405291
3258594861
3060265163
387321930
953868635294044160
862869993414950912
22209247
985158294
86942017
873360672452726785
540042167
810302458895286273
34927577
831935017
325930577
20622466
32308253
774620877115666433
2363281417
2573729377
938162131106754560
979097502371733504
382277014
3015963886
22662550
1307122616
408983758
68940866
554783472
2808757106
898424593991335936
771834104866279425
2721465413
458147266
2793018356
978390516437082112
885212358695452672
3015394413
25073877
783470884724023296
911813756581228544
240344284
925827411287203840
861782748368863232
719862196692500482
928440347155468293
716638867026108416
2813425296
14515799
933818096888008704
1377902605
732825498410221568
963128252486377473
822106927056453634
465616775
580224794
2251751478
602273768
591417227
807837223
815382934974668801
2899811081
935687657019101187
1228150710
4765835486
2401704493
826584962388332545
34319817
754400662847270912
1104205536
15774157
965015705123930114
823012162188677121
538756428
1851981464
21062734
1787025372
712811886
492991594
19865053
221216660
27032207
106711093
948120227660926976
251337817
1284097526
829859948502929409
879763197863002117
52551600
1594580336
774826986141253632
26077011
33585446
90570778
340021961
251918778
63603448
792654752
185723734
80690216
25207598
882069594302820352
2376572255
867634876899393537
741734898621259776
1040850720
894729477598527489
14714825
974345518745780225
89820928
2959098603
880921223407968256
551738450
2444558294
732560662916825088
942092159523721218
21272440
910661021014085634
942878337806032901
824318958522269700
22222814
808085060180131841
34383891
900406288055758849
1049039990
3867962999
1510519537
795719044435509254
3373858493
18178696
941385542255677442
886135149158596610
235884580
976415115796013056
17354528
930752551590309894
24737919
130130301
826126729
41324928
724353622235090946
817268
910492003359760384
22310731
286364637
706173989274652673
1214771281
23031079
785979488471543808
972958395337773060
785083873684140032
838254588985753601
757290242428854272
901180643022848000
913262071269036032
961414951184158721
885560246038654982
3391360361
746800565691219968
829468202480594944
890403727525330944
857397849188843520
858466264875900929
22423757
133938408
862255470
725189192003805185
2914239463
955435367112564736
2796130138
343781572
785682613574918145
818498124645879809
805656291196727296
350987335
2882749912
1927156488
713354866131935233
825118521667571712
879365309270036480
821470098384945153
924325113666965504
4705542278
1363382940
786352161290457088
874239798
769692162254446592
524024759
180107694
121686748
29571613
841379819929628672
334056230
3095247658
757138495613861889
16897607
49376398
17243913
912658745355780097
22080404
7379442
19910041
3382478567
327862439
2991904109
889597688521539584
84268595
797262128562442240
110517296
920482392418029568
378251071
970161077399863296
1109981646
151971483
41669038
831949064216387584
1963649881
741259442918940672
122280853
39235481
59214356
712486613066977280
239625133
959506563529674753
949490374262759424
2818013537
488883168
17092330
490704649
537438484
3998450825
204462683
29069044
49784789
872195582340759553
918695658202193920
2181999885
2415578838
1848306902
21059255
2474500518
871831962809507841
805965229444173824
1389901322
863462374455427072
825084934113079296
959083579820138496
839912417530306561
2292944390
788807066
316200788
18597384
1573721468
16245840
292560045
931367472992792576
896132668684992512
2790261590
22075159
764825126516908034
43240913
480639273
847080140098207746
312679480
91156911
1911929814
1965612534
2792968386
253544796
39635443
91384368
3883966769
21270997
73157990
27678965
298154404
16291813
911715427545440259
18125304
1531796665
850406792572137472
112263169
3505560323
894616395987640320
14816530
20707656
3327127924
855007514621911040
24514973
62848722
93873129
16199594
964192647492591619
425505438
210222796
823693230776545280
866153478443245568
772745071208923136
32298194
785327755214725120
722156410306363392
762421512
966794828418707456
470171162
938700898485841920
829466221145911297
764476890
781992079173967874
73928835
36932593
56722736
100031883
16249938
880810673336463360
969237121570492422
949934436
634283237
135317911
4185771014
782274066023669760
96858802
882664969145372672
20447612
707350988
218996585
366976635
881682896607600640
16106833
131282204
3513956295
1123954794
800335168280010753
741975522230566912
267492090
14820509
468482003
17840457
762484767275089920
272973490
959278594039021568
547860279
753406909403762692
956297330441023489
781491938037997568
2928790449
797993251785601024
741963895020064773
52489960
757949401323233281
21792170
912769111729377282
431089161
4252391232
2817799353
358435647
1702576770
2400407436
618143282
916036448
57973123
244242477
468676372
907759856429527040
2967046727
759155531332390912
803987849414471680
37033886
935708525535170566
847206841855692800
15152698
34772247
1276368350
114553439
2960477019
711945278945828864
3283665811
408016727
869294221
14417243
444283883
3253228622
937871337573380096
18770168
794833170
865718781594800130
864151085275131905
824697947912753152
2651323642
252316603
1857607735
2613117007
920302861405294592
731140992729006080
819017275684450304
51967642
136254914
846372525319839745
108828443
2751291915
899747248367693824
2986201311
873265780556795904
873267656278904832
259566406
33881696
274208883
19258797
873777345240477696
770156364320702464
621122011
248457615
43811517
629338613
79923701
1087831933
4242302343
828668143052558336
965759006533931009
2335899655
746871440842981378
3038308638
442948736
704391334128394240
424661744
20918916
4870989638
19725644
860262264313663489
18511698
847650116534009857
763199869
965266179836252161
256609663
779394131919593472
785288466259148800
903549244669394945
18335624
805112058631114752
1915033663
964032914626359296
2161726026
314811332
26053643
21619519
825548944868519936
811215353183424513
329174746
890825837641175040
2982800080
828452915224272897
32443514
808428055018541061
75892358
960756441853276160
39227331
718003371639066625
894901276315705344
296832353
843890419993907200
19538986
50863281
63001307
935885055376814081
125781817
33899711
1130042420
829365802784718848
888650520
1559340594
2711106523
32630870
441145583
1050681204
903804683126542336
110790607
2463735408
853141330590973952
2235239563
2977813362
2310763839
818252803
385048543
330047712
350593955
15894017
1344901682
18124790
825813135424622594
69620713
860555190
4347701955
952193122771054593
3909334874
36304160
816707516604223488
4235744240
347504444
707628064734388224
1250334620
825721981161046016
79065384
937474183486775296
780942158014676992
891441499
3418181213
2352549152
197391195
2359140223
829701429459873792
625194307
18982919
2287376294
802184729235554304
741160930466271232
814103269
746388429328519168
4312825754
945814887950946304
949527312625790976
50069799
3997431972
840792928129826816
1026831458
916942562266451969
820867316669771776
21519788
329443994
18510531
735297696982925312
2752870415
1861439480
20871276
952762998438932482
713507854624428032
785790938488696832
791441724
66680736
259330660
717157088959586304
884130718653206528
1623946224
100832012
271967950
19943886
15695513
879783146832744449
922055229381656577
3364294114
848171261574381568
21932745
397758768
516017614
51728851
1189756939
812161610127065088
17278992
1923881274
869920411336679425
637184320
349803020
788002393245913088
979006225
82161116
62581629
535835223
14146966
826982179204915200
825776310790266883
28697550
34329517
4114474522
800405085918400512
935501030
16962122
45350818
91903793
2185412685
1361711563
716371621380890624
18251180
780575384311959555
824930170687651840
114380575
954585934254637056
611833836
829377041992650754
47475039
822647140325400578
887282141628952576
520029915
36736367
940467192713400320
60767749
857457629592989697
1625816070
819600339594780672
832995779933589506
15250388
767547324134416388
816997712738582528
861927176
302062283
1438889132
894085611291889665
755057897583804416
874085209385443329
17282987
825171245436006401
36416542
302350669
581062152
17874544
787014302662266881
172057616
286363253
100073936
17896729
3742443736
2294717286
1247820060
130496027
2885543426
33685789
2905444113
125985017
21883255
3297993090
855240223432769538
1467811993
474351727
18857388
2518878512
835227923267346432
19464155
941452875712081920
21438803
799010005655633922
900797658360537088
2937892240
18521997
121597316
766824055009796096
904456701042155520
817196945055723521
823619581063335937
787758255959216128
24750409
3327554347
850787305577103361
23894377
1363545236
24734287
456124249
57333534
824856896708370432
925737903560458241
26056482
3130760753
900078441827102722
760982757765967873
399707320
921568214961680385
458815457
1382979224
573333441
2781290024
4656972496
824762939727081472
927602939371380736
806706548789694465
74921366
700597928856051712
839026958524637184
776958168
937099971857408001
4221857565
875487271171928064
862485460831969281
1389391634
103364839
28785486
17095974
948576145548693506
23110759
912073591079997445
863072562661609472
210428598
476256944
794759371402203136
43196616
869003185410768898
2792290323
2786455710
63703572
819685101864828928
1488948122
4740289254
31339831
756265086780596225
948145082
17946706
4135256776
16331971
943168173469138945
807039643317391361
3331209803
816079418888220676
809127916760133632
256018761
14847526
403063656
16732560
552033368
321704099
921852091185774592
22691873
4021078877
38013671
819223356683776001
791265455692517376
727102594720649216
1170363559
4850124523
4747106355
847063247639470081
948048647282937857
130065348
2334991877
2550874896
933630378
156571820
827766009637376000
4476735733
868013312696516608
741429904659468288
2164284266
500307660
295279272
915574306935050240
2929094360
219282509
983058601
822672788293095424
891774173437022209
47048936
778572389449891841
415235053
862390982196817921
633155947
17850785
206022386
85006768
820426036852555778
2475768654
183671992
19983050
775377755206721537
22460764
887198706109341697
715497711118757888
61734492
713373797928316928
1934798646
821227993741885441
2976688515
835545180967223297
263172459
844932007075500034
2871273557
55430898
411446545
4173914775
1123802412
22151053
836917628933394432
34792567
823231874654879744
2201051015
158350621
3241707920
889238377144471553
48496898
4876430348
835300083784634374
32741395
17825939
1575627162
1262776124
803650444782370816
21833728
16164007
51081214
841079050777067520
3161582768
51849144
3077581833
27968672
840325178575880192
3362592598
2492058787
259904366
108619944
1399269883
16896485
49735255
706297852268515329
805080540114128896
820378769412210692
130128708
15342186
93446238
453215743
820069824051040256
924329295790604288
897835745590861826
4538211017
88019884
785997552076283904
2318371467
246082925
3147901760
3045259194
3321869212
731203060064653312
451777737
1340481373
460247323
899322153962799104
341272110
14823631
916622924378812418
940445870029340672
84489844
2567552643
114761840
923367110063075334
29769998
26100768
34804719
2225657954
2181384217
2855755017
30514293
3115961575
3334862661
1166376752
16965760
788708093727092736
56430884
78315753
57743980
1390928862
127546520
14534066
826890534522331140
18275555
822927749421510656
13614
775844766365978624
98262333
4559957385
18227519
33276161
829103655076904960
775761319949721601
16573941
3067777054
35885940
23055452
780955609394884608
454647936
3254220524
897893352338804745
2902674233
30288442
803063545474809856
14976142
2470069422
1400958420
21004782
2562584864
821513107038146560
878747000
224899693
916244386165518336
936770262648881155
807397572734238726
358829531
883419560241762306
869180316174495744
3300866504
920755210766577664
19058681
259379883
931812615722094592
24519593
942156122
856394151029551104
247560825
2223157392
259708149
286383470
21746067
171968009
1205869880
3345579826
1360736396
15907183
362800909
757757307862286337
729444388217065472
426578718
78154804
19414346
232171874
2404686708
50055701
15492744
842513200608239616
920161381
5509762
875029068223315968
134918409
819024649342201856
981227071
4123030753
933693704128184320
242013112
143159404
871005554235330560
104657439
4258112505
817846787662704641
851944976409874433
790355406350458880
822899286811676673
764936164025303041
3473662812
804913074
759536366799589376
1699573880
821335209396281346
891289238200737792
831856625006829572
22830650
736642508722163712
42924745
308698101
763616692723331072
1419504350
927775911944097792
787040524192604160
799387205059956736
266443877
853218722244415488
17829889
1070021486
2836893203
147206240
106439363
39234981
66574911
181583529
770224803362009089
14789176
3186934534
1096274918
628773508
749881270755332096
872964081019478016
846590280660758531
4860690916
825153022653128704
929528065474138112
55121793
825957602559406080
173796289
30530300
3191888037
21728303
11856892
824415983238606848
1592851184
887896737687273473
3297771913
554777572
4894095909
21773704
2778447961
88942134
120235529
789669
1332628736
823183499851132931
3300604719
785213216854937600
893630742
18698555
4535283420
34784984
23117312
825790162911297536
316449565
720779719059222529
1105235582
822863585239908353
1651046034
748381188084072453
474307568
3673300992
2900139381
1096068614
16947096
927950467358916608
916766187530399744
2869858477
876587745694556160
3351193042
760092726364954625
781480740320055296
801282509891715073
4848038221
705684324
825865933080010753
138280889
53602629
14689028
38029205
102399691
788075355856773120
16973333
11744152
476309296
132566724
911142930039152640
380734785
468851612
18379021
24216951
38333615
873149903853301762
835139142535241733
1367655709
842715251380555776
783138424609918976
283198095
66465646
2564499672
2367611173
405728790
1354241888
2588627179
3345516016
23162175
702925612848062465
104342504
864626542751621120
335576999
707766407061069824
915758925970120705
1327881254
131383202
123618703
538112837
816365222202052608
860305366776664064
166212191
481431105
761511752181899264
23055795
747531025534713857
548678621
512837347
772927160990433280
425118956
767397685632589826
151534465
803066213437800448
245053853
2970839230
776070244058005504
854799009801797632
1015768177
122533830
891334064157937664
332990169
877217668754886656
39121780
21447363
15846407
899781017493532673
867360923677327360
239199180
741317669748637696
890678163969159172
1279355047
825091341000572928
11395432
2893511188
881924033356460032
2334193741
36430363
3235213663
1430865026
49055749
18474775
429914633
121341096
757548268519772161
2205839286
843556423548067840
110018258
905619336747999232
898292922075930624
3436046739
17204793
783805397312438272
557366938
429656041
2321563844
875600567153733634
868222573800300550
2590564019
275214834
1489777652
810958304927039489
875390904
20015171
122466755
914459291721064448
59237642
756133095414370304
3981271347
113285287
158052371
833028438524981248
1420306692
17171578
218975278
878329612815564800
14529929
2149471734
824461502048534529
78882537
23818581
53459218
1365062706
41842784
336995942
824666877960028161
867157331494268929
4874478547
27127139
212819999
360996001
594905665
917712210083893249
891978900
850852277598515200
420847926
353289271
244096406
860978250792783872
824705906374021120
408543151
3797512400
808330628231995392
260673490
816286644495994880
809810282570719234
901441537627869186
2759942412
851955200474697728
581509763
16815644
514870141
1152628694
243502692
841893448609333252
804544535514718208
23176276
28561483
754726391694913536
3065327994
25605494
2347610385
884792522807156738
43378629
880651310630137858
148714806
4823335694
42466321
3209058557
903723520135499776
2595431574
820684582479626240
2798631399
930942919
768514130
817595470851678208
1107363032
1258266398
2485917336
197272380
879026581
2700753205
729156546731515904
284352737
857035126701670400
22208192
2369893166
1978031743
818478006477819904
28062242
978703507
789127077211561989
558002910
910532533154045953
36098990
19397785
124003770
240073748
14526877
35358505
856652395694182402
1030816910
1886745644
254572614
820631073759625217
4482299472
4393045996
703932904301273088
2194884146
822877755444523008
868827562805428225
44684337
95431448
2467720274
3028468678
2480681534
170296342
358464377
776830741984444416
18341862
86141241
912492534496083968
72310257
707209121855086593
1190716129
799321819165691904
3023742496
250875414
755113
1470170467
758467927536316416
15254148
2769987849
20094138
216802451
52502774
705063117731012611
50332490
104248138
54139139
26182484
838105267
18132032
797213992603111424
850345985758773248
251806325
876808036408586240
42256749
254407209
34746558
48998521
783544746459467776
201763180
34934070
4289769577
830269626206580736
234144914
19450961
3361120619
2276182640
144884898
705788192008642561
4787208975
822372949353254913
805214360780046336
1449723037
18228898
242883110
56373500
826408723824283648
911298277756346368
911335216106614784
23142776
574969662
21939723
2841955551
480766436
807005284333817857
3238794174
66066411
19566701
863039534870781953
572282251
23255247
384448866
939091
125845160
909870966817226753
902315272337375237
96686084
490469336
21159185
3837622278
862486130
42436866
950593608
776609748212789248
331931065
819717920225980416
138130580
164997616
1876822236
4925188717
815871284
885894547103940609
813880878837268480
3241426646
88749392
952648771
17684842
17446621
846274195499630592
729770975605231617
25202268
19095764
246038649
864134928090505216
356929665
24329353
21529000
2485572043
1611832232
66816909
2959801320
2617701114
778291824897187842
4187271919
407787413
91948148
292083207
20370320
778933753150251008
571688069
809604601280417792
2599785348
732515283902943232
3258872755
3314077159
737446035140825088
2836421
829108773696499713
449600949
617646369
52758108
1281015355
813750291657093120
865226519412563970
759830220278902785
894430719417757696
493002827
174805041
846369560009687040
48444893
42482511
61015843
133126954
16051220
294327965
2478705061
142411696
561687126
827132894724255744
833793765705908225
2820715856
498213782
741448234627792896
75443145
807998532258910209
311430460
738458535327989760
36105591
243025229
38535159
3672779750
2945513394
483329059
26642006
1518115561
29118871
228794007
3231807155
81362304
3270341496
842955064755077120
1438702820
2533291157
238000010
808172940651008001
798296697952735233
30660960
886446520530329602
581398451
2836316697
3171761656
31532999
4871858145
972651
2761452121
295906610
215170451
705440937158115328
823729085318885376
17680810
21123706
14211253
19084896
4079194815
1707384043
36511031
17891808
20455625
841716426117386240
1685873604
492426312
55355654
751283435382067202
15327996
15281391
350388611
2875043388
4237628779
16589206
985890350
2581350535
80662656
29067178
797600039271038976
888771923202772995
796541408836468737
798235336455454721
863514061891289089
866444906
887448393383071744
799408514682810368
17170195
849954113458651136
22984401
929901614
2826812095
869633869569511426
390444827
18778999
176116218
37665576
1037525592
1354354465
719174272866869248
48935222
245317425
825859167072169984
761167885720956929
609712638
866094444646285312
572101341
810494905529368577
4776963732
811294101207281664
734226009042522112
226667742
796352660282540032
3333055535
4885097266
853038129984536576
827522425264992256
28955942
826037451806351362
844877436
808391495094935552
887644276355735553
23667009
39534562
109693443
2933725854
2187433949
3007392074
2540201893
778459308522471424
1646473621
826918165590388736
258564911
2186206505
871833677298368512
4765944894
18305815
2270013450
840236163885613058
3034064402
743928644
796009601946816512
21531471
80390712
116099326
864894007561797632
800375946775707653
17546958
4429709805
74669397
2287184797
52544275
889497931119833089
779383524172427264
14801863
18737621
2869919802
860491385501347843
24024778
127074703
749405905393885184
20713061
3222734154
17217995
66918585
19726613
589206241
847942138545422336
3911239745
409597669
824638342042185729
3164924047
304679484
824692321388265473
25404381
4296218774
470300193
612557998
25829053
133397127
32839217
16184358
1045922665
2784714819
760246928273772544
797215904085975040
355706372
875578008
1355474274
861675122960322560
24563740
862001834218704896
30539901
884952604371021824
4851496137
385029275
130617778
246558649
3050402925
1531698774
34245202
505009202
2955282769
834100026406236160
835920984662138881
169958838
1355305699
803042727915089920
871976517835919362
863184123707392000
870072649250209792
196168350
79366215
987840462
250455252
18020081
848609180218949633
29117880
1148610157
61399101
823572419575214080
874686167400280066
22711332
245424983
14260960
704933289619005440
14434063
51341666
564111558
486082719
1660428312
39333799
836592172833075200
16912124
2332931809
2892607270
3128682464
42447494
785566346620702722
829140859429937155
192968414
90420314
22918764
865569558177894401
18464266
580097412
4871825155
158067018
42911294
926620369
609370560
21148293
35502157
801215898455392257
2906954995
787395265393229824
116504222
285623948
3080542893
750012859
4055473031
822443117320118273
340334747
22631057
1457641886
812771448846585856
815285392392024064
290028823
14574162
853409232
1909309741
44438054
372508199
882009455210057728
824665112774455296
3211109159
833941496810373120
1018528668
3774145535
2654269896
23365200
871521882826264576
3242762114
743887206448693248
806316386880462848
20015311
7309052
50735431
915614198
14171936
736643
846483196401369088
4828013916
34072370
2407562083
709618484934742017
3058713120
871138065720287232
855124158560206848
2923463031
2193763219
2911367070
3213754743
825339363286462465
837719149765799936
1624180362
181192330
780089489964228609
173163450
823338253872812032
388983706
810123569925619712
790401562061352960
335161085
796381089275187204
557587100
2592318192
819304654244814848
3363933072
383404902
157579753
139162440
500391228
12044602
1428659995
26510092
756140046776950784
237954861
847545582
1249982359
788596436267110400
1432457370
104016988
2935210659
876531887686242306
819927190452178945
241039496
163299688
30521935
22849350
731132367058968576
634386161
829603737874288640
4211060134
44625946
2902931482
3882457513
810290104195575809
875684485920165888
834081571493785600
755088828768088065
4237287793
410417002
17612357
4486745232
760475411042230272
760849363228733441
71978321
759874544613994500
824298986
2318157897
830478594858168321
3063325298
718983538486353920
26733146
18948541
19697415
15803316
2825746809
29442313
321708267
30292065
299802277
780956944572055552
738831561920020480
3386442387
30316400
136389814
39349894
349192038
1279618789
130499941
844695996428959744
66988786
3240917859
843553117274804225
165628290
121336486
114364631
3276850747
24165761
387421141
18686907
282185510
162747022
720725023
2578395889
2752042093
833076058102566912
1025638646
855617311
304110162
348478575
225245149
313381067
775036511330902017
798603640613335040
1220741574
4207961
181382993
59331128
140640657
803840950783053824
205881997
19107878
3048657984
28943314
268810091
2889924959
2884771
8839632
49207977
493611506
18916432
782578609735303169
1123137259
218396108
859007368146726912
402181258
748960790372229120
18851248
818485580711477250
285659598
1683533647
845354034642923520
15151233
828084602812108802
1051186452
48493070
1520782176
704313119422717952
3249302255
346225460
15991175
787428489016119300
860576398498566144
3434899966
3303642121
730487376
15294495
363048454
100647041
845266642972086272
4743706275
3575030185
744019416
840295829273370624
386058412
780061098741420032
17152685
767124221973573632
351754528
824764541745582080
64283083
177434388
851670002977656832
848602176339427328
259129632
15079210
760487185267032064
17261066
24287541
802880251277770752
16439471
146160591
32910668
386386631
746508782973366272
59016942
2197386989
824250996276817920
1354301970
337761893
18983673
16138853
3521785874
835977650237652992
543152220
729790612921196544
411118401
831549660829478912
1613646552
5264181
159608463
2814972830
3318008634
528697497
67162877
261336733
1619010726
97474887
538587834
824503200
49698134
880727923
270686191
732736080311635968
309282144
3009141627
35370013
16711026
810619093749559296
281998968
757303975
2567365058
758622611236593665
764389804394119168
828066182209085440
16227123
827600497854943233
2917202012
231539134
2884641867
87445520
41072123
16363958
845419942799462401
121804666
800030720731160576
35864796
46489660
129891935
2950806408
2813685325
705241168586661890
809892522805829632
59948457
2413367617
54315703
427506366
301477756
1697913798
819677401571414016
356979789
32871086
841522662564278272
1112581759
22084209
26023501
832377671300558848
799748204963065856
1548881862
736026823
833486580941611008
27439785
823977977226498048
3176917310
825309736958574594
800121497884901376
2991978347
705974600
1078468130
839722819
823304477482614786
809022534461124608
704300806355492864
828023316145336320
4920733721
783397732916535297
24215172
32601781
782423879532720129
140191846
2426763494
833013451249197056
814977158456098816
723537344754798592
829491675626090501
164706963
2563901241
312222055
1644406285
1858043575
130694257
2222491104
815432918214516737
485166864
359612102
38038704
3951161428
1671629539
2400901568
805545380557557760
3138454448
736935466604363776
16861311
1708539385
486277358
4800597019
334395678
18913419
850014640037908480
609851223
3448725855
4855586578
14832286
772480829092016128
845071760831713280
777616574203170817
2289421608
24106168
1855390784
264292425
789318201687482368
1073558802
822866056243019777
816721753284059136
2740798239
2874593879
816174598408572928
613640231
604704562
1654190256
30325977
704076360608657408
781956539129159680
362306058
4864892085
788876581343232000
761665664348254208
784384760164388864
807265211157770240
146644080
710810649060741120
4851450959
1191278580
1548489476
533968111
761700258
62404940
19950847
204526462
386223179
818956561863348225
14138785
1640835728
17525171
113501563
796925638389026822
109762386
1450536576
788117599104163845
1077386126
830411154375720960
1047992005
800194936461135873
11856032
73522098
895615100
3979755905
98743996
823866286753148928
822929171336798209
828727742497697792
817566648077000704
15976705
322986132
1431741290
319777415
2314018987
763162385326673920
14182297
793902637733146624
1599839834
191351726
4330144943
61149653
3234962824
47111748
2178287594
1457777582
29806418
839470575563259904
136064091
2563777934
353672532
17686959
215234471
808441955118186497
774703880705675264
25454201
19964097
296674343
13393052
785275255354904576
724077790492913664
847164677234810882
54938044
138299960
846843411550343168
1198978952
786717463572545536
422894799
2286189025
16177486
879065539
19568591
2299723327
3027622355
3000400970
2900980112
76871217
822695555675684865
397225831
23578274
1897983462
835245537993588736
830199837987635200
22828739
844917034123169792
818691260181573632
3177605876
818141544649814020
798022657526464512
103104492
560474273
229767122
4751881242
305188360
804193653493235712
2394967782
21160795
2305607881
464683999
29501253
36686040
435564722
768967077633765376
524051415
832486927
1477241472
818927131883356161
178362634
54412900
13850422
308334301
2990670244
128777785
17562569
551979194
822994388674560000
147368661
2636387675
803710641693278208
367904905
801115946068873216
392393974
815655471570821120
23763310
120149328
823707438738194432
835838914002825217
82954406
3021223626
721146114
11347122
183524165
806794262004150273
113108098
292719867
4498684647
819676674140893186
366354603
345085522
169203819
3383981938
767484720724647936
2546660479
17030149
2916305152
827236178705281024
3363259229
18138592
474314063
10253
266100674
1446807217
471672239
3146482982
18438022
3260919876
82455213
2345891000
353360353
452666167
819849295
70511174
4264506560
15115280
32671625
2246350868
458218347
47826049
303398841
709477319543431170
796448709978357760
751052767
2720629766
813889887678189568
14075928
36715350
2293315159
765191508572110848
159524434
47313547
252709160
55044457
18082945
42091611
23954327
329882461
780423052899131392
285794187
16615594
36711022
2473783645
32708099
746387674286559232
166669818
19084928
60121599
271725689
459269265
3420477195
782751547
24279842
795219552279744512
820796320277360641
34472215
2394678200
4327242015
29459615
913112498
98301158
3950544737
276575042
817424590913867776
20178419
798766664569344000
864704179
796084100062990337
254835131
942868836
1640929196
574023889
628776245
2833165849
805161318487625728
788802807688155136
1658663401
771002777589821441
15214797
32772630
808477262400131072
731800993327878144
81281442
301480529
36460498
27475403
54661743
394188905
771465973157208064
907376150
3707553073
801224294214733825
254422772
797390192764022785
765216874531581952
22691359
819308151338049536
288533666
42417984
20772763
75069067
332446086
71074656
116048117
46775436
24724740
712028460709875712
3253208162
706875409179275265
27867571
20479813
237827930
760502749360451584
525005120
36937588
15789806
420739190
40572260
631497234
175511941
193148475
302881437
425470078
2726934279
23460732
3145777163
67686821
313644703
714877281517305857
2735591
367185637
15870794
126695871
789154427403837441
17293897
1403953393
14057243
133421610
7744592
29228904
781213670059761664
30510903
16500871
16603644
248735463
2382548090
465089964
908850624
14861810
553172348
23403051
55383856
4079388614
162138699
131009237
44104413
1549580502
111423859
344768154
15280572
624530232
14060717
126231381
108052332
53105686
2865838553
36819192
701896796465979395
146599220
2990621828
457918960
20740249
202767138
190007056
29346808
98555654
67705635
708854448030879744
869108750
249993793
26073951
2521069856
4538053840
171656520
4273434202
324132906
361825938
906412351
39745038
136380964
2302029086
596511424
24109926
4320785066
3004334266
86461419
17323243
786390133
26655376
319811998
2834224793
914567454
363450850
25407830
72293173
3386002685
22953546
71652311
50894586
370496662
2201826859
10929352
2937413066
499073990
952086582
108963949
230279693
22300832
27421678
733407558
91377850
14347014
28001494
4100074967
2203660326
509154369
56554540
64033924
4698763412
222205963
2753192107
255249411
583566521
2363804264
2261885623
362705749
2092801
16388566
2175119347
520016930
3012629555
172612269
1180593186
207799137
1945513988
236803699
240527238
3252743741
354582942
3258954489
1209684721
1265601
77763656
2228611131
1618901324
27017563
17413075
2450395334
1917762259
4483137977
627721553
258649830
2329211395
34417799
237335431
17922912
530878843
3015154416
1599485347
634981299
4196133142
1401236340
128248046
161153697
137209964
36372343
95887495
247840005
3374647845
976040882
1403415630
93841650
2330763169
16808675
1183598084
67364035
149623199
2338249998
4342160537
17949127
1240225538
3225549849
3015044765
949336879
3020221492
189669674
23876190
1238447220
21836409
3515378662
456815763
383207452
160639645
292142151
147697452
260654136
954756985
6430402
23461759
3207477801
55901777
33677778
3044918950
28038154
600512258
18576537
52660746
34900333
3376801637
37105707
2643570793
3366300262
2414913756
4219311208
3421003738
3519813856
3131255535
75897022
47802507
17143501
2184943214
12014232
351483361
36169080
139823781
3087600859
2393225036
27312017
1848245448
251919357
38756509
34585085
3428096619
3291177865
26585095
3252388312
524489865
15438913
215020822
2572712341
16331993
391884362
17713306
4040195596
14270329
39273687
418205622
52119056
3443167339
2214789294
31257471
351733935
3353604197
21005998
27186854
3321532260
31270986
1466505344
210269467
479869733
135195972
196621716
275141739
330816024
3278623033
1314107029
291421323
216719466
106546420
973688010
3460751
366606110
853765441
3219086141
182107650
1214122386
2980960895
412027593
95541488
374568289
836798257
119166916
17551234
1409839974
208273358
29789545
20442002
3276283111
123403795
171691486
619462139
2517854953
2203770176
3762545487
36489162
365531306
2347292334
461729271
22891564
20961983
47515211
15315056
19088288
1891673520
21043723
376077163
976488080
382514964
40408531
439857684
2501963420
65466158
237845487
65836867
3313616335
431171274
554985858
3397033204
3524976203
459601671
2196201139
356521068
14780660
3286523994
3048309294
3081936737
42957508
18886161
490906348
2776456116
28655150
37924671
71003499
446667954
15730336
16092470
190906140
859389506
53806155
25099493
261918703
81827249
2391001854
15248150
2903328279
2675554932
25664085
17813513
27033223
2643752563
965255749
18087450
15970820
723128030
64742956
37005435
50701663
20818801
26657119
13493302
223145087
302219443
93267167
92370760
1730110818
364498447
505572222
3337589105
2647508544
2922506632
3291343044
1114758194
21379950
16123223
3316192763
56117344
242984944
365242723
425886052
1290084632
197388699
3249158133
1148168628
12211012
18379569
1193496642
870174998
243317260
601932622
10485162
822215679726100480
373564351
2970280557
3229797318
19170880
25312899
703388856
386140750
154909935
16568971
1411902361
183753455
762435337
529274609
990500054
389398136
557358197
32522055
38788812
580890851
1140530876
1382512878
623197647
951619141
2282706721
66700672
28837713
15279429
14327933
147759009
3247043249
20341316
2251232739
346417825
8354142
18697423
193976920
53585111
17881816
87403396
27324245
29812430
1009418371
39021586
26350255
614235732
144184861
397416864
115679415
16473793
2264799067
357223929
1875712032
142130590
2241631370
802398684
48567055
2929578790
323998361
448382522
901162020
220164244
36146288
20009368
1525651554
190523760
50621225
278032161
64496398
14987284
868174886
2801954090
14531011
1159110350
253386524
2805822753
58569855
14353242
2317696699
1571631331
26539442
21362441
14859639
14163393
597746575
28601983
82814604
2391736202
314797639
763917798
3078409827
109454566
1960692132
66429119
2228926392
138518329
994541251
414096729
78687173
3000472439
3034831565
2952435622
500704345
2904341658
1093989637
3024080249
3081072478
1241887428
57037063
227563148
16389971
3094704901
2214546650
2756226313
2892326194
152720098
1129719524
119586852
37713978
101981977
27715547
45996727
49649821
463298892
2453331476
2491848110
589431637
325342540
567523972
21334179
3007160716
3018159689
2615774066
16434105
1623790801
2260150651
16041234
30284449
14412533
253003279
459534627
16583854
170818593
127902257
569718435
47436923
1390836530
210684204
282168951
38350678
72192463
16017475
18622869
351158970
276523193
19781646
342770193
98477435
275881363
2366624701
245301311
160951141
16153562
19116438
2284066573
2259765408
38757501
283098359
335972576
16686144
83858580
50760138
287845769
970738532
99197604
60261918
238738242
278776049
2597186634
41433546
292789499
19402271
12005282
210235719
2743096164
56783491
2269739311
76404002
36823
48743186
116880409
958435057
46677768
19077617
36957327
2155397910
733199582
19261488
2216041938
14437914
310325632
142134564
14345137
26344615
23336048
48088063
543410216
566190121
49734054
935506878
379496347
1630896181
2218335412
9542972
15906481
16676541
205423730
23972042
70279712
14717197
26525435
21268897
1020058453
78671894
165881340
2347049341
20095865
18435736
15864446
234445902
281814030
13447152
242374336
540650373
16273185
211620426
201161210
102475469
13745872
46751590
464795252
334770826
16581604
38679158
19834403
26276678
4898091
214140713
27099505
40707335
196540524
17740682
39432992
287444706
16189990
33660256
579995383
23544089
16888567
62398071
58720394
2231035202
257284273
18049161
47904318
18495954
106655229
5695632
374593894
400890982
2360082450
47462595
708319688
269413583
223228680
7905122
349312248
16331010
20012204
586032653
8963722
25589776
981775897
18742360
117867607
80684362
17219089
716743449
17057248
137726096
742143
14293310
15754281
2097571
5402612
2467791
15164565
1343229756
16955991
20444181
16935292
16076032
494216732
43151804
751841568
1205695862
25203361
48100887
855603086
18510860
788524
16042794
14940354
1917731
8406052
766203619
51241574
14173315
285757348
15012486
15717596
22650211
21925979
21692297
32774989
31583882
19608297
21669123
15458694
28221296
18215815
24816848
250884927
16328714
23819454
17846546
30031547
138226384
23617498
19377000
244722043
24013481
388551122
408652802
568882952
426731620
22692199
234631693
138022128
4278201
103192681
23330612
20457309
1271050027
854720256
196383208
16881564
703619340
14499809
63004503
87818409
45565185
17002185
24773177
326255267
12558052
515652246
376267732
4282171
29465136
17316885
15908631
119714092
421195184
55064554
364482507
45967616
27898198
228758054
476193064
157684364
17631532
81004613
18783285
64761052
1652541
3108351
454361836
16664681
132655614
16715398
1013827207
11771512
18963809
52938517
136473262
126118634
60056154
196771779
818876014390603776
1093090866
1330457336
26548315
1339835893
870261620
42389136
286275280
547142960
18995454
16720946
59351766
540285890
244726809
44478236
23958568
15894018
27973790
151713485
158414847
63500429
282177276
15908429
593971141
14469461
21982720
9696182
810424
16145875
19086461
15275864
459860880
8861182
617378736
18603721
372386913
37820042
305810968
270949237
5392522
37683414
8862532
17469289
16129920
44211758
813286
43425975
759251
14345062
45564482
9300262
25522083
232268199
140928543
55338739
14677919
807095
392442761
16012783
8425222
8936082
26028721
44491388
407432006
409486555
15738599
378299325
822215673812119553
30313925
745714848
497911968
363834321
48133822
42425014
19024627
529415486
546965980
23400484
18284987
15172610
348208758
17566437
134846593
94129050
66379182
80670148
43230234
347599287
24491882
154005444
246487026
20598720
5971922
356163520
16369150
17934812
16310349
9917512
83047883
198882535
47283982
14606079
339266274
21457205
344792411
383267499
48884468
35114805
14834340
22883726
6576492
12011422
132235973
16797358
266207117
329930606
100818837
17442710
174450940
26493330
21628154
53975148
122169458
19031936
27777926
97625980
291468371
112047591
128887912
40748588
54276326
125506546
15224867
253616306
99361224
287496309
48117044
17109188
20117313
18069108
271493002
182398325
93069110
15222806
9532402
17685505
14744414
16196911
16376937
36367491
14141691
14552720
14141095
246322696
165814249
20660342
14528874
17579106
30434892
150646927
137806029
16340178
76133715
149181184
16163371
47701892
14870670
17393196
14511951
428333
19358607
101348982
9126752
147608292
14293894
16194054
9893752
108200609
15833399
29978721
130654156
127327223
15173047
47493322
125400908
16174766
