3039558074
908947796023164928
843281684980293633
816098525364633600
903259953846116353
4708583599
727865323249078272
4516921219
3031571290
2733022667
815588896536834049
2736666878
840732960441556993
840724815484874752
840729060271579136
902152809298006017
26029878
14111650
933578565043437568
976291201136472064
977896315093893120
937256609696268289
950935628950089728
950447398710534144
925713535270772736
3031184187
898552960321335297
904529623148404736
786384250010341376
727867877441871872
727759162734694400
746898569051934720
904293629744734208
1612067526
4707931693
3459257179
885203193034153984
1374632772
909779974177136640
80370806
835942998290612228
929510759184220160
2983504309
1001757368693219328
1002901567119519744
1130042420
4860904893
986303039878213632
2733249420
111105617
796389672771534848
4699964858
46955476
63322786
946037814776532992
725937883903717377
3048144571
340613443
988142779363622912
2610504775
2339535780
280586178
923281979986063362
437747720
49782356
96505646
84734907
78706973
419487011
15764644
476256944
284602316
30488144
4753404559
224408198
946618914
1589251639
962147988410896384
58910309
19279990
14641347
453252068
606441611
2942421722
19910041
991911674
178126274
805059008864337921
991331406797209600
2719962073
97630019
489315957
2934836032
896386689991548928
900261083172052992
29979814
193055295
1507338108
462241552
126062842
577711105
99794792
3554721
15309072
30038587
57625403
731132367058968576
281874494
252357183
246939630
3246317834
846311
132015712
4077525603
250831586
19616219
193906765
827494604144537600
3275106368
138798291
18990471
32676231
770752658185527296
4824553839
106228835
722195069672009728
971979739790434305
3816567737
39845278
39633235
91225009
1650318440
186225365
14587342
3472750333
634734888
842719208
1602956918
2795241697
969054457978789889
295285502
937881398
42181827
2393248974
804837505782710273
574782207
378234734
20655790
21293089
756903193901162496
938607141677436928
15681597
36712233
860555190
3305742715
866515390913945601
14968484
794436109
15638615
15259861
246108164
39668527
12266442
4330757717
2149571123
4697047753
728712271325761536
29403387
33913156
40788497
710998418
12301
23834525
830041287550177280
292892234
2397139155
613088225
801103266234953728
571963220
4726534534
331854460
727216610088341504
23645988
24264540
1915033663
2886212542
102788198
18009781
243731054
913983698013274112
510464011
2908017153
964032914626359296
331120729
607246095
964481775606140928
965266179836252161
158759480
34980015
233783568
66369181
18952476
239509917
65260792
2209742392
751985092994666497
245571881
1055907624
3839061792
16906308
119829799
32876210
2442237828
120153772
574020783
55632782
112616812
24792733
1058520120
372891057
144408677
14075928
165511377
939570735059783682
2614782182
2922266132
14163722
14677919
51241574
2467791
47233194
625022363
311167475
865160336
785461610
791995963
21518612
909819253938847745
2377837022
555129716
2496408438
2496440941
2365950774
816068773
888128618483798017
2801229139
382309533
2610482539
414772401
329476662
298924537
15974935
38518277
2970616323
531561605
582023124
571299969
822131894540083201
941000686275387392
1011363691
1656244670
1679251123
32434390
71876190
147091051
155628078
2767562372
258127708
4387250417
74087670
85583894
821387408
332118291
1576529215
46822887
30808826
51752499
1106501
11757522
2274642726
254873869
1232240220
747995599207706624
7912512
308751479
27200364
322842767
4507313779
930591816352747520
754784086057713664
2424178550
362636426
3409193855
2439370766
546472520
577757304
21001599
18428796
74301830
99394501
480157541
3029471524
836386116
1278437768
338830443
884148782937460736
362246318
7035782
15574249
95546979
16160352
919985754863935488
73206956
87622078
15728161
16047998
906260714045800448
3938173949
243324920
755859261876416512
171685697
15194242
42586998
18510860
16935292
23995748
115463768
2740270111
467161416
34487135
1922142229
923625318543327232
2335899655
63586621
15463169
43778752
3178951688
3207574312
4857420500
471844946
253632852
1869073405
233490841
173677727
1517035471
871198681
2321744516
268624991
875484272613785600
20492950
11744152
193365375
359188534
2869858477
17086596
294282221
27279989
917796365396144128
98247788
208725869
829801363790032898
18382184
122533830
169586297
732674305641828352
927397609576079363
755057897583804416
2438753880
869597948241432577
821019905575165953
901627311983878144
519769063
3863605355
61731614
501750780
303361757
398195463
2833858359
2283620132
807968504
848191875311738881
45285833
127057261
22986631
136527161
149249831
3834819796
17542254
335320739
112481670
2426250971
1198259227
3087271374
777153799194566658
360046324
23763310
35206553
33901036
719598444835446784
835541253601308672
1396940936
1607408977
449271221
3384369003
15652252
4099171
2512785791
1364850918
426578718
65497475
18713552
757303975
79923701
16305370
2959514332
740721018025566209
1140171127
248917209
790612617844842496
21879831
36252186
3327720838
332937211
242836537
462119058
15661887
358464377
435422713
67728650
2786282417
253340075
89898430
542729893
491716291
31887872
15065986
1491827431
69497742
4150428253
2435540122
502281810
239548513
79293791
174406574
900043055100706816
241689503
819174269481615361
4021923743
15576928
23083404
748316411920023552
893992675430375424
193929442
394457601
1393486296
31455711
112764405
15585230
187289134
277354109
37844996
76997832
903198090147926016
6107422
772618740638765056
50725573
119972954
27384718
35586563
1541221333
120995738
1167735445
2147783629
552151606
870906206004576256
1337194476
30249306
784954294718136320
849339150000152580
2177792263
86330674
749619139
61149653
15907183
624661805
19278046
14275261
70499835
154311445
372531314
17427513
14348157
847147168083427328
4237326395
375837200
1414136041
15976705
2316383071
17004618
817787756281790464
14161357
586291040
4028648625
80619457
858924511
16513335
14869615
17781739
98031753
2400284491
45499837
228794007
1108034342
892219807
3891538401
359567393
110396781
15985111
7085822
39097715
828255766905815040
1201661238
978908012
20015311
1023072078
887304945371893762
11621822
26589987
208346256
27566050
341190477
2293315159
1345580348
278661432
855129890277949440
622024793
45055696
487412249
93654953
937499232
27187343
313315283
791077327
92717138
875029068223315968
15210670
472587261
427505253
522575296
15893116
19397942
267856525
716813053
139162440
174110843
784890784273215488
17368405
2370283937
24190981
3497941
217284148
2422385408
358311362
821782476515409920
373564351
29761436
53503202
16955991
26642006
816856262751064064
1183041
15147397
316671079
156370763
115050842
824467746436120576
824792411545202688
824448870059048960
824731065520574466
824734510323535877
824433789699026944
824248798948052992
824119137031094273
824422730162405376
824450140131975168
824797212425191425
926620369
346353711
29201047
39203045
22757990
171968009
18018355
1096068614
23034673
7860902
304392714
262856460
3167508269
3223426134
156306739
824343328837791744
29450962
13201312
1604444052
29501253
18225966
15441965
825459434247827457
262299947
11347122
398088661
2285311688
34643610
18464266
21059255
834081571493785600
7334402
72198806
163018653
69181624
47438401
3817401
17011177
63302020
66409312
130617778
181572333
36686040
141864252
32871086
14135426
31239408
2573480784
43355844
30354991
732678376306188289
164242095
456718485
61734492
7019512
799047255378391040
14260960
15162193
17878322
12044602
824320219866923018
824473943931293697
23031094
13393052
23497233
97040343
824494641890394114
3240143771
824028553067032576
11348282
824332206952714240
824190260338954240
21035409
810590628727914496
801159713035612160
822517901294845953
824674625187676161
15483390
703808448
17006036
402957663
14790524
22162854
814179031956488192
24195214
711320589047242752
246839480
57361097
809887021
32780218
33654011
18776942
36711022
313091751
217064621
17006157
130496027
59949396
580097412
31524680
83998973
36823
28406270
20052487
185390750
18165957
820585
6974622
103075451
15932715
14190948
15649438
214622133
29417304
54275319
24024778
15279429
562381032
144339724
1110190452
215207998
7313362
813286
173707576
19682187
247334603
954590804
20097121
43289545
14982804
40511892
77307494
1339696177
16434604
17565514
431765325
16254381
78525538
17965843
15471824
397507908
17350250
237845487
30602016
17853760
24447643
5988062
5392522
47459590
51197470
13749282
17602348
342770193
49698134
325265073
18228898
231510077
1281405877
2695663285
21111883
168374159
17169320
409486555
16017475
50374439
26053643
150078976
939091
21447363
26186655
44039298
130922325
72423061
915726438
30065770
16911584
74669397
2893511188
40979148
6539592
14506253
26008338
2416144087
18220405
54266773
18911027
268609465
36042554
2812768561
1330457336
15808765
176328381
41761325
14652182
253712142
18587457
18622869
81480697
44381332
17293897
62513246
603025587
14824849
55117855
46335511
2317351705
316389142
19089165
271725689
14417563
80467432
158414847
16303106
76348185
181352459
16301645
14755492
30313925
18948541
39364684
158426909
33538410
65647594
1093090866
74311647
17057271
1536791610
16129920
14463848
21039892
20646711
325830217
2597498814
214947845
500042487
15469306
1582853809
62290422
31312972
16595626
17872692
30364057
17028405
15224867
5402612
86593078
14955908
16834046
16348549
238319766
9109712
23544596
1339835893
14498484
14055301
16153562
6519522
