755100883608739840
3290707144
844224970918117381
903319008321179652
252684779
1006827994910994434
956681238533689346
4083586037
3256893876
936694700643414016
303361757
2586363588
974480422703902720
53354865
819566646272622592
926443371052253184
822103168783945728
1005919673450467330
2336514068
831559473126920196
4364923707
5907272
953084952954003462
757118699212009472
97699126
17286330
879821271873212416
958180461506891778
946950395791687681
18554720
752472211
373432520
978375184167161858
234206596
716432228
119071855
16304067
103106629
381971674
835676407665602560
25766870
3281500212
18112970
758772487060676608
624327180
44403843
901688520489570306
984181354425397248
742695104
539247936
328474134
54608012
3983636474
781865946201808896
816000464458280960
335739998
33596934
188525525
4368623776
871512162853949441
314340666
951239408488914947
851458866923679744
819642960648294400
3411516553
2992517678
23916411
905227595557609473
819310604146147333
41731349
444283892
3435192275
21517481
925605007482851328
854872990458281986
989619366504284160
114761840
143684898
2168824015
521351883
361417698
2887026221
815708250217840640
747592155644977152
797244565627531264
994335638722838529
46594654
864179201703895040
929191500763693056
994545541601218560
3166653756
976599918
927539210315108353
926440784982786048
975464419483271168
33923443
4866930863
993486489655881728
26425847
104556790
3017888000
742483749175070720
979595363081474049
2527500781
1279033224
165071554
910693612144545792
877754401217273857
1658663401
890825837641175040
25222055
787406167794331648
4144529523
12726792
936610942493843456
304572237
19087421
930885876
331659690
717796191384182784
943781613950918658
822893322414923776
1319045960
733305813750665216
53015663
228144288
728344211729186816
106572649
225250426
766379764722593796
792840577406631936
930584529516904448
2254860780
910705628007542784
2288632549
906925819980689408
4224420198
849372179535990784
350062656
831722171923730432
1084882290
856977541
1246606968
3347237649
3313125333
1859216455
91243832
21443697
822561911682297857
448275996
825776310790266883
845833560611340293
750505052226220033
23147073
1945272390
965284108447383552
17050887
831532143989776384
43600111
512401693
986061357069094912
928132957
3100117052
73272011
1955107099
2532127677
34824997
15469000
22831232
361321755
979051837755183105
2725257866
828738496567336962
116048117
937457019002458113
941385542255677442
14782635
1345580348
984212589340131328
738205633355255809
808458511952871424
2799408503
71895597
27876211
1711182974
376211514
822793404795023361
827914572065419264
830946630819991552
865178073603465216
3493563087
45895231
968883355289780225
112532110
44320256
492491052
107966185
11395432
348478575
2364313949
980194189593006081
826130120339574785
15384969
876587745694556160
272466456
866094444646285312
2390146526
599675584
942182447046946816
965799494620102657
2914169024
842904303413219329
40004349
780059731595448320
967575682787274752
2191495116
907102860755828736
334445588
2841481948
820277156
34247411
849710841926692864
4638225918
1551101437
501860422
2361662288
26601151
35354684
829092273958813696
16249938
829977013888782338
2573729377
2519969700
537816874
313641424
42250538
1688
34771848
2367529184
522026970
872641496935223296
967700334935093248
3309139560
862413713646604288
850080079661150210
978107556827713536
966511823867531265
877228564713787392
19943886
17659534
927574713077043200
50397179
916441888323809280
303934733
913811466591064064
921902214452572160
32443514
868134648932519936
2715157629
36032320
100150576
569606994
3078942992
936150169
2770941494
950556292388663296
906698536494026752
32877315
29937735
3243006365
825518870421180416
32259450
3124664090
413722926
18311141
2420848054
185487315
3382241218
897131280432680960
303579798
1487390060
440688620
815278034
278404521
785795854183440385
30160373
49837020
750873744302809088
971753589768155137
860777012
975142207618539520
2257558088
277229509
921862968
855240553079984129
961414951184158721
575708379
945305545208156160
354042424
958421669831258112
838351435595149312
874006150399877120
3361178921
817234247282851840
158574198
935137476276039680
15371468
3078134492
913096151188086786
902585366196117505
800807883457773569
4304448314
42198851
973285346149617664
965439130527125505
349285243
1194174638
34383891
967585843513769984
771717031754334208
468445873
184477052
2979365176
2997281033
37815814
959800529814740994
3099479619
174980242
1286798574
619965012
955746396338049024
857457629592989697
321777232
17331851
360076475
3449793312
356973583
826878956880146432
969488879966412800
32820923
149686820
1924071992
29951609
316449565
964314827479896064
752621952322318337
4322972655
2434990597
968928456456077312
314734902
3343053143
964082591300276224
74752676
251961290
917372864180965376
952948057129308160
2713768236
934481144879419392
799321819165691904
934639380995756033
916816411095212032
770762034954797060
200209602
946524674627956741
950168599137677313
2375714753
2218371601
280826651
27210124
110623706
55517543
100031883
940449629652611073
46786678
76786636
958557106289954817
934803323600998405
55583477
266420236
826483881922723842
3053542819
486624141
168704134
901537399
938632269601714176
4376835677
2645323627
806274620215197696
37772031
42163540
3147834467
222640203
68885443
965742340416704512
337844446
47336979
1126231344
909929172943982592
861596240038985728
17427513
295285502
890014289901215744
65096199
38184592
20443412
308501672
797721306720415744
834517906264322048
292560045
956151120598093824
35728669
43752279
719598444835446784
929777279319920646
790676711394439168
4379939474
3198490867
2613688532
25677274
892419005784272896
1483961083
947972972412915713
921021789047635968
550702200
836700491065126913
876530169787318272
895396619419615233
2841750680
828750996083978244
573173793
14649254
862525293449424896
803055174537347072
2413996628
903520735586603010
62919588
24424328
2230772294
492991594
776403304267943936
18075055
4635824242
893316758987128833
835677042700013569
2480681534
926620177
3031223422
2226615308
27279989
19304930
725874205
1305818593
116510462
756663138
134563297
66822659
190757511
4507313779
917400125999259649
15546481
36022589
1903416751
81305054
888650520
3098374536
3004038184
65150682
31548286
777163078249148417
947360454678065152
310653804
785287536084004865
2973306327
3473549662
707628064734388224
825058654776762368
44313316
58615031
3316388106
38291612
35203319
865052508657524736
831227764837527552
817782157095604225
19570960
20408338
86121008
4916625868
51259456
945021306935939072
428897380
479236107
1334434248
16359233
2994217969
825011381455843328
17688491
875977668101111808
589177606
835215973447839750
797495191041167361
930082488742969344
1086419731
735032278842105856
881636389552631808
759511561648140288
2459993437
405080058
334937812
17717593
822763833471238144
896347734768312320
44384976
43467353
934494196177817600
750470830774190080
833105332469641216
195553045
3321869212
39515245
16524285
520029915
580224794
982995216
525925642
879886416335052802
836465614646566912
3090280011
888395205686243332
3291447454
1220068964
753739949552246784
801101949848453120
940970086248087552
887704019296276482
832057259874082816
842506920179220480
750454218494873601
88702470
515913070
31460348
860524041458855936
896463115046592512
17285980
37108214
718375439367028737
563469669
36575786
741963895020064773
2687431995
423977954
3455796672
2437816520
934255442926211072
748946826972332034
2575309712
62928920
894343236763963392
24643441
4622176997
892849104082018306
26214873
2556793152
1087860428
2353789531
935192035753189377
813279496296013824
932496598906691584
233127875
872440638859563008
818658351273930752
79784897
709719573633896450
1517578950
863908188
1346890092
780916396750438400
4685083651
935438297479790594
822115581151285251
922932869563125760
32879813
4230444820
349325829
608246684
776830741984444416
124479300
60743126
740303894035632128
2973140852
880187779484876800
26432845
922869448691740672
810461251365208065
826571523850907649
918199537725997056
796513067618209792
919927638306652160
1165934089
707209121855086593
49568051
2938516944
886982432938840064
17524394
825483051782242304
2952752905
923308440893706240
17171578
780572766709821443
3938173949
845453754
887595822929641472
518937190
37270422
890975807555764224
22252485
900086383091433472
3308473913
108552921
68887844
2895908245
3441024682
22526677
925645537650634752
708447318475812864
2660572027
20619401
859992452022882304
3361447632
18992348
907971253578776576
382886484
2918161040
3049160842
3887013074
964985510
1978031743
336176278
1411625089
17261094
727595749844910080
805911988119412736
17397880
3266555330
801100959652970496
920702232240287745
51092292
1969346438
842955064755077120
363341250
796015982762463232
861290347007066112
863463651193241600
14993272
17060507
386385200
811986813598494720
19511386
914160143587270656
46590102
46816086
27074792
893405045508763648
15212700
20329554
18798286
580364069
795834981398376450
132566724
817014996945223680
4061092694
1721163391
2760638907
918240249247133698
2294939966
733178974050738177
3030904449
71625544
345134536
489975747
836462089
3290901723
846523378487853056
2228926392
734269853318647808
4017246084
2191551074
857472736725155844
250936276
326208666
615318971
404534607
893308458652631041
124615025
628776245
839300788702875649
809820886891134976
18294521
71232154
902731622243602436
66449043
5940642
879147821915615233
38610760
861927176
92256742
896870060106670085
91942071
717875763031195649
73426808
3303579026
939281730
858906699205189632
50332490
732611818951151616
796864224932855808
34858992
4870049935
876558081026600963
881654132406353921
336654624
106767001
912488508719235072
358464377
1585983950
2779044042
808048613486039040
865227867315212288
3565028294
850765289641963522
169916350
794774642867060736
17261066
161838875
43390722
1051906268
319939901
20954356
49551962
254216356
261538972
821420676766662656
2675505027
24441355
44291013
2335321247
785209740
805198018597232641
261045150
2647984027
1549917763
264924050
3310215452
824775030575763456
875102174824542208
3385068466
843595546073976833
326560315
1541086118
285199283
809769590435758080
270921976
901959895024590848
799745452493021184
19607639
2235191251
3009015897
22080404
60644777
43874766
474937638
819176997037473792
15025320
124248479
21929250
388149074
118459344
905246159006027778
237768009
909957864457940992
2202041324
269393959
53017384
58453514
706225427413655552
49320629
52965562
3230775186
122068311
294991606
802649176299466752
796694269968994304
817825066993860608
819723919108153344
849643892714622976
460376493
1491535328
26046318
2238059208
2327240010
75311987
1876153652
132339118
73828137
38704097
889585550717538310
750481571363164160
885203193034153984
846136371920224259
841378930732933120
758597687860076544
873885393372028928
951062029
266565429
791844405762293760
794891220229226496
825717050538618880
845414611000156164
885128461236412416
800111181058838528
730379658
18698555
632435589
823729085318885376
629143437
28225322
22894742
136102085
16548855
785611365360599041
826982179204915200
729104018476273665
898842667261415424
19558732
741475172180430848
132767707
829089031556300800
31048669
747130819270086656
901694960637845504
241955334
883203629297000448
815277357871165440
16377959
862903442339012608
1430308940
27649069
1575846997
4443411195
18558703
4270802413
811647338750111745
37552388
140575876
471333409
182285435
14435027
2173646835
2173054549
243360075
35591912
2317906621
3838336583
2920868647
2802556687
344233703
33232468
2637943344
814668421916950529
884264301166546944
607622522
817404641164062721
844228599620272130
33207582
301795932
31660769
258445244
897347098831536129
388399775
224378357
18858111
3303033906
4715562385
1704938696
27485848
3241707920
16598363
279205030
4847157879
294966279
750071920989769728
58213704
844695996428959744
859421362749919233
19102612
488713596
91673645
805649497418186755
3355014173
18050405
481539986
4551173799
1381088924
277050963
874045760
860189500731011073
751902676011479040
32774989
88675356
845313637812244480
16645452
834115529677774848
281055314
550605163
181638022
128763579
30089980
3611013914
817923454456373249
389405947
824579638265581568
721651267920003072
3439164489
3187848737
874405711
17490707
819094652523462657
890255306516836352
35934245
616573748
857332702047068161
67714462
1093813626
126196081
19461153
4739380872
17921386
826366168625713152
473382423
749695877745352704
188195180
2572956582
1390353643
183036721
314594256
59067898
844490080337231875
476309296
2779030333
841381342885625856
32522055
2869033083
389841834
9153752
2861223577
826716598060847104
4235379015
4751882834
797215904085975040
708236539353030656
885539933984882688
863301438545571840
11104872
3305418926
3207396843
212384117
93111391
868827562805428225
822124776026214400
850445121325867008
769878574052548608
87833929
843556423548067840
178778119
893630742
258127708
503777286
726161607034818560
847942138545422336
845310170242666500
884131161726963712
467727548
426578718
797205166718119936
872605532217122818
19174497
776903357390688257
2290096934
787092446727380992
17442710
828411004224692224
525595860
71320740
808527181110353921
808123975
782360091303505921
866614718819184640
1328206963
1612067526
3300809506
17243913
16074930
48497926
14297863
29275869
3082986275
16396555
774336037325856768
860276892456419328
3364638305
2994983093
190056198
871392629166153728
841730705683955712
870140138604691457
16790005
871123214021255168
2590257072
834191343106793472
350509998
864588482500591617
498843659
601615203
827671903422791680
334961167
796614025362755584
46483500
3245566770
21027387
191669489
138409823
825777560923561985
867429309862080513
20852175
847627361566695424
784203986341474304
3334862661
854861489894825984
45413198
866773622546984960
18907301
842878159053762561
805666198142746624
54872881
863334600994467842
713913467544010752
156166444
26346508
2618843767
802685230389673985
763727181591764993
766547376
2733194172
17686245
3895017256
1727315088
360285166
824314615391784961
500391228
349197031
76027332
584760752
341479460
837355365234839552
45381821
1641669223
171331846
2497017324
14443412
2678248436
542336114
824711754286559235
3368136199
3031418992
786717463572545536
3242795869
4894095909
27032207
833777334528331776
42447494
807989942
856891441611550720
28801431
1510604516
857065979536318464
1479493183
844597460618170370
151621776
457743272
71315210
845074133511634944
823015031289757697
64202555
790037406
18006752
773049641168273408
827696642266525697
820872926
755057897583804416
2334633194
20863676
4591711108
1598574949
3718042757
482529659
834942822771982336
22819336
800121497884901376
743158468073263105
702800403
138869971
710516229786755072
2361926641
3589010426
827428455696388096
2995221770
67162877
787107158542454784
748580825046757376
830941442713346048
242868108
281826197
272766130
168973950
854303580588838912
802184729235554304
822102838897733633
9868472
830187238021545985
3166616173
1885203038
777850152778432512
2496335227
3098633816
835911265
775036511330902017
806794262004150273
820058577662578689
827658247817527296
813958101032439808
39856740
185707019
488411460
799748204963065856
16126957
49251910
4808890158
4482299472
5800582
616737225
824526630152507392
832757640627355648
380767025
3194544860
446285535
72532383
845279858305515520
83967276
38725365
810341799441104896
2345036867
847226236552085511
799385304394240000
937812068
723949492970598400
823225162032181249
761983062511120385
4401517813
154311445
395848183
827856654951538689
795020475588026368
472530143
280984309
754826214385283073
797617218511060992
4703346313
818277212348674048
801209579673526272
766623836271964164
3188597310
759570314879655936
139732111
33529594
3272373295
26443215
60645979
75742264
162576868
545235190
2562852312
22446832
718436547842809857
713553873416355840
17503642
35144928
3234590811
4872227140
829335535357480960
730758256856027137
833830642198552576
271043621
706721551886872576
579261513
787129534223089665
824522756528152576
3317236915
310227269
2869056617
100832012
47356091
451662665
122233713
770686501709500416
508886267
741270286725701632
728251727250653184
2868267853
798578841899835392
56263408
22786326
241360923
823651070870167552
2806553856
797542431789088772
3091338299
56798601
78537593
2514949495
162118905
108149178
1626389852
826661103794999296
797191033528299520
1598571691
4692465433
24447560
2328059947
793902637733146624
127882772
113949650
734797378105036801
127624661
722431116
843235128855945217
781598933474738176
779127159046541312
112812612
348815463
28486454
798022657526464512
840689233593430017
761013546134167553
806191336021983233
826065704243851267
23262079
270929764
2414640163
22582564
814543152010981377
44883029
756279975586607104
4854332050
829389163745202181
3947239223
788417346092183552
250713094
3311755675
14966163
3414559738
4751361314
797489889168293888
414223947
243659538
634638143
837201172675104768
106732344
832377671300558848
728798446098874368
19088288
253802597
917352780
2179151610
3281895374
823221880123518977
1935035425
825568714112184320
22427134
459269265
868534008
825549685028974592
822537520722432002
820695531353575429
824317857731379207
311215328
2850595645
780955609394884608
387278632
826839950289203200
300305304
834554844891475968
824998536232202245
823171093854912516
824460816
174477930
19269089
829053545609572352
2900685107
2832475948
826257150338949120
824032638050648064
40696686
1135710769
15934747
3146254915
248326821
780220386260557824
747940757709824001
331168342
14450765
826263698817875968
21060994
3367007649
248111082
2243030312
736935466604363776
834811922067365888
808778084094738433
56038149
833266821331423232
765094930435809280
812290453882150913
3001511
11437802
826877623678689285
578707669
778021645885792258
4831124783
2476343635
732515283902943232
1452510278
28804738
997682274
2823162631
308083138
795634559308079104
785063025208197120
1597496460
1939490418
16234775
825006940514234368
804096814806945795
214969297
65497475
259674489
1539229615
2711078857
734764580484878337
796707427760619524
9060562
16920909
816079416539381761
822589426463346691
824062788905472000
2988785197
879060476
1190716129
818506308869492736
525678474
800753078366388224
809457976817881088
2151290672
823203148949061633
3864018317
805871143081181184
770834951000432641
243413374
829118843901591553
756987037392203776
290800279
961514257
22356135
811490943371243521
315577705
3258318650
37017317
520900379
699010993418956800
825730035474636800
753872027681816576
733245202958319616
2471632388
14699520
1382894725
4490534239
185723734
820369519386333184
23255247
3148573559
2255501247
912878286
705522154285064194
63915350
793200858208931840
622868615
48938075
115777763
797899198645538816
828396908611780608
355808345
278333739
389214532
4469776942
773007539923550208
17274913
824353087783665664
829906821326499840
18204833
437013803
4694417744
1620010466
4925188717
15519663
824203470421032960
4842878215
351153807
3340073541
829520710045462530
1890465696
33407793
61289494
18738555
3270109362
1287619723
809981305278566400
1066202484
825466116617105408
799921776905990144
39350205
111171218
767874975093055488
127254873
49865450
389768752
796470619
806924764958760960
54453732
3082660367
1876847449
17222265
4741763907
793950346334720000
820776985693655040
467196175
513265708
2177548113
815755729676156928
4355886261
700783656000950272
46519629
1661456132
18907166
781026258012475392
792141489644134400
18082945
362306058
4889147415
827504806130499584
41694717
928935920
38079723
789640373882716161
32189132
805224470881464322
1524162240
4252553543
3890752156
86152476
825567456353726468
27186327
132339474
261157191
178362634
2585761906
33413716
709406138496786432
559245943
846900793
803438775535681536
3968969354
810123569925619712
780578063620812801
24598770
789172374885142528
1389824197
133938408
716106058989580288
714468573280751620
46202016
1645347354
1145714328
11462742
4126993241
14573926
2333664102
319777415
803837637068984320
3270748802
822527103216349185
87844600
382318059
988317806
2924900141
797867737661906945
717802419225112578
26154412
15017670
65772802
315834221
1509457064
3539841015
384619694
774319315281731584
820597651209129985
767938862534553600
4182193154
283262347
4005375497
61149653
2460050514
22970364
3325172703
78001994
1950318439
623083911
808093340365418498
1123137259
449600949
1079944946
804897277500334080
316115307
419320475
2555122579
21710345
246541970
797080559839309824
27068589
800979086889848832
763699689917128704
49097116
32671625
716818400
702881049936703488
3637254075
218396108
282587437
27538881
2153626892
2853725167
808537715306156032
788455599688282112
1004876916
739844197935644672
361631646
2775902326
125752774
807806382191874048
780423052899131392
725893193280057344
45325086
241260517
1965255073
2505637718
724999575979876352
2494349095
424430782
769116030685831168
2848258588
788246943575203840
2653978472
1012362871
17202575
800112139704766464
803290151740997633
87102437
16174578
748123384362450944
781926655799468032
3311910086
794835360354369536
338414705
4461634875
103097898
1245824593
760080250617335808
4828013916
3153257095
2750105810
323653119
1421340528
16529873
4732338444
1187353411
2729956297
100880543
801256698534989824
2271596911
1347895387
800495996828422144
708270762
2372352906
2746940134
572282251
2293794330
55574387
508006873
3974308812
16600574
3107950280
479244615
711712787706159104
186100463
797540227233579008
7764672
1571239068
463282685
620291951
785676811
783445779923013632
4822629082
4483599753
796819201189093379
710562530
3291461487
2288723564
18138592
799429028948176896
1446878852
4636593782
803430410512371712
868130508
290868707
377091188
3010777026
617661822
799101702
122481454
2245737724
24459649
746084940
100671995
800656330369339393
2471494160
144439484
751283435382067202
705299120
21158505
3037232182
773169389902270469
733712514203168769
731128548702834688
727483390845288448
98172698
2334705361
798798284953223168
1375130095
46696977
2896560034
1550468480
731690951580606464
2150323106
1428039708
15066876
14098909
4327242015
134296707
769400577168117761
800506229957140480
755449544960188416
2162112522
2266905007
345989929
787977932136407040
795898673464938496
779358979839389696
2364562272
2220986255
3673809152
2171644664
727923025174204416
209126668
1053789554
726088133750755330
86942017
205360046
115563859
24733117
309919555
16666808
14582510
19722723
2191685816
775705121376182273
1493967252
316752833
326665662
883117099
701474713768308736
20996863
794969684353355776
16794800
724821801956683777
795677646046842880
94650447
709509314889666560
188593006
3075597918
2784974397
250154062
827972838
796975435494125568
23746411
1722966032
304210317
5485192
1000886101
717820986670731264
16005484
3245494183
3240013926
14713636
3002782272
743856512
50754259
1176703454
39246787
155397119
778933753150251008
2360562750
2424289652
2149742083
46832647
3004893892
16264803
1426753615
778094490372440065
3928384813
84303941
2603853223
778742593937113088
722032148119691264
740852199237025792
232342189
782980744750784512
3299358052
116909103
45622824
1154924564
33382688
4548524053
4251469171
24075723
43239010
1035944538
216798672
2714874608
24921910
3759166701
1312222128
2293759616
2387121810
2492811448
766743500402651136
727240649695612928
3764778857
2697444589
1542304784
65082850
2777403012
768900490268594176
3021620422
624566798
1975600272
1242556435
782875053369151489
785593598905495552
2355793627
3169358148
4925614814
211800056
1256204010
4175873654
985566529
2924442000
103972606
15081182
23017830
784249461820170240
2207332484
27421330
2925777646
734881029404557312
760895987544186881
781509308962004992
15701678
2862375177
1488970322
4736171489
2534901597
759724886021378051
1510962463
733246533156655104
31156912
302275288
735343471016464389
193826447
782447750952718336
770705239905275904
518744362
16801580
239510568
42790254
302881437
712760426707214338
3670564102
3195715148
21914708
43378629
741695667723083776
424559335
781865585504235520
3405634149
2891382887
780728788502011904
14247236
16711026
1422282042
93199399
727191977050181633
274870881
738201370482745345
1653547458
747599352558821376
306909253
16568253
768833106434461696
3288937247
760598948054786050
132655244
79294815
9840392
633541905
701883319667990528
416094992
2421067430
104917777
3047938510
118571021
4890774128
513607118
27031710
4759781527
2329498706
3004218904
37781634
4315386678
771998723224240128
2755233014
265198961
21705181
568824603
2387540659
754752692732452864
3291753758
1120186334
796261392
851711263
2958106172
4416768012
25675148
84704680
26539442
2246117000
391129937
727284202765426688
2625963400
2822117268
757350397258280964
1157143663
2608955617
21621749
2877844072
756231574870331392
1257499482
71074656
524024759
304312139
486496027
1263011048
3765479422
953630900
512417432
2808109940
349803020
577311713
15190357
3419931317
748098363430572032
773993822883807232
3905315540
47867157
722344950571077632
722335069050966016
49068640
746026408821030913
947089256
19352747
4871954015
334217092
250415665
715060079087722496
726789339426902022
3322378458
752944517586624513
4909987960
7420282
724581657575968768
435564722
7771842
21691269
2428776326
231529253
1355218452
27796390
4753544659
148937934
4744710903
714460988829863936
27683583
2200221
301279400
32327154
716823321
739836328083230721
352174238
4531076896
734139849922465792
720003162694766592
4865655743
3221003629
587875070
3663025215
3396686525
267449695
388454092
606412878
705446296761466881
1455738998
3398023180
38682264
467212902
246163975
445307763
3303025153
139529558
76173317
2447681461
3028975816
850320409
3353669391
415773425
17995409
2533621976
4756806553
2398493756
236928181
3044675151
2530135165
763782328397070336
341190477
4204572809
741277222212800513
1900963770
17194090
763836138209447936
1015962704
306930864
747309296501686272
4291249154
736221584742961153
720281941908463616
1619998562
196415460
742059202948931584
1478588004
31215430
532368832
4454528715
718138956911656961
373956753
2553031166
534760650
3489164186
3257072274
321774180
620302914
38950120
1942229683
15115280
2196201139
242992653
321723801
754751390300319744
2582966965
2540573335
2650135085
2810252460
759180520332914688
759408618055708673
232330159
2679944780
4840263747
757897973179133953
253257813
740226458245844992
545348308
750691829188796416
714802797259190272
1011595976
738557438736105473
97486299
736053881818386432
3431887665
3663502934
736028319141888001
739632857040093185
2610118092
164322849
25169797
2234875170
177626811
3846219073
3282291648
271545509
1583434008
3368472141
75225695
2740557005
2937294736
14845349
1954738584
2951531364
91390848
22209201
715411856
15286854
1421006862
559375276
2730744295
1675123724
2163507104
31538710
2837482270
1516117368
3107617491
3084195009
1129684675
85653101
26905899
1374674070
8797502
3050284481
443537066
77525513
203276932
3015696953
1370568751
2522775577
29471338
18166989
23001804
19574274
33014441
15212680
77128292
361967093
98932530
2534103122
17238636
8673892
560497324
64932746
71796971
2377753194
821918474
2201391408
569754798
2227723832
2564250972
301285775
1679346103
580226008
2359149919
2284066573
2918357450
2422770984
2279413280
2924357713
2742322113
20442395
2918035915
2312689244
17897350
2902004616
8271292
632876180
49186986
738774493
57091925
39047949
21057275
60571975
1969386194
2829215384
1928370703
189604619
2380501170
308242361
321306716
48168973
2745712544
2869960502
508081252
269956503
2835169287
336603208
2804931042
2177614476
555136170
307318354
34169185
427447764
1687973749
17796143
2314738214
2699486108
308959138
2464877740
2284019304
1656690139
30114946
2807532110
193978434
2485676966
33173672
68558349
2527185205
325109951
2620948461
2569710166
2207715150
403248109
144563429
2168331208
1645705218
196885157
1261057682
1118214991
948689383
27045167
188309083
195123573
2159582136
813971978
2348821016
10170982
618276851
37105478
1870233702
2195164722
569915255
601836047
2457100550
333444042
2472633738
23125412
27956695
637441479
1151844145
2568133860
813309973
1904873047
2202137821
272018503
240485326
1342362036
23977133
533161065
2497155224
2228777635
2537573779
37093954
2561509352
2209606452
41073985
575631703
2431417483
1002513128
1885366470
2484744463
415075528
16171663
2303360798
2283282036
90739266
766207718
146005886
2404942034
1706153179
95087522
386735352
2385583160
1120856226
519687698
2375875910
24137484
104967189
56228170
2462881089
2355376543
1928010829
2442091095
357389832
39470962
2308080884
219496700
2377972338
361120599
357547927
309325216
300421815
73013623
125898606
2353798350
2370599135
2341855448
602727452
22411968
476065237
18613899
463346348
2231854583
219690033
28524038
713246582
988896834
214817215
1947436069
571883921
160897469
35524373
742604802
167322470
272615873
2293427179
1392961436
41226725
93949532
16388370
2152138406
237992028
35288305
602190876
275567524
941229942
484018828
20515090
24636191
211897656
244746802
16383523
24907140
162003047
313072096
1526304787
1322509922
103910606
165419830
45805944
316305181
483771071
562442422
109060294
167086127
206684676
1711517803
201240532
855770864
2154171637
17519229
2147930046
425366596
157106041
374930897
1020555588
1148398124
104612963
134513525
1724062170
17026436
754111986
301694177
631077477
1437182672
21161888
970955790
20514553
385671257
905982842
342024389
142967338
212445456
1131606210
1655878590
313770631
197747513
465713045
43345252
1940767484
869544366
1347804506
187992854
18382184
939922981
350777363
986676576
28124732
624052223
226285866
1856899801
63917797
1521154825
470611262
231332590
371021056
379581545
503633271
1149206214
168507929
388535014
795632389
158611721
35402573
294932593
179527747
798127728
186375794
633899914
313099048
267874197
1061427344
387806203
312445769
316381195
140710131
1671683851
18583226
491707082
28623510
301083222
174930501
286447350
1223099648
633012559
265689962
1587102464
635154995
519048697
99566941
28501330
1516000453
22657792
408601514
356206738
517047012
327970188
122275820
19983529
39875764
589247365
15571421
376073243
1379614580
857725945
19500327
253394342
529608782
19667280
527846272
939267362
1098566761
27142788
1071337777
49158444
592964156
374738217
411702202
700158500
798173852
1391381046
214533571
1361039714
432057577
14192558
856098744
597737547
1387456190
582880083
269023982
569191689
265673507
36944050
610938712
410681204
605068320
1184537982
1315137601
17131486
101171750
38882238
303890526
632610453
581341064
618549916
733161836
491040346
1013154217
131026384
88527145
908676276
27582858
159578222
544498717
269950058
1146372907
48400789
250371780
930303686
785571127
48059238
218119418
455959261
346544442
966331910
21842061
906718357
350864774
431830669
376744471
966377281
31070022
385327052
481384076
413766439
966315950
123992563
51149945
620463332
620467553
37870121
263611408
231796277
176187989
20736917
140966649
704656814
44246490
354650760
620547573
39897996
900418350
227772101
508462979
620473852
189408686
822009380
261183272
19199191
537368686
944350825
485423594
920040588
37405854
783380190
628914719
951891133
333205362
18068152
25790802
376026571
16873932
626084761
620458573
579890633
565618402
620552955
814093100
294145954
21779975
821547620
463012819
895800889
632736197
231765022
848039756
452237689
870990810
150941074
1004975946
270453961
50742616
423173832
19531303
622967395
492588296
313609660
372480455
29512800
414211983
961387236
555851957
937564584
179732982
229589444
820413007
606747984
31282830
579862709
111218768
19408774
11831882
353157639
111254202
617384107
146915031
508514568
56991633
541741349
613308325
299335087
69068372
864693451
17183227
97150159
767581892
338162588
27368477
855484476
247909702
217914612
103043879
870250951
269838699
16706069
579891011
932056776
59916948
928245702
347334848
738679400
933293702
494456296
601214643
125597287
116758811
282190752
857885250
181256526
104076047
888205704
810845587
24835032
610722012
813254408
872234382
301078886
613541596
445781731
250250847
484112092
897881186
922908613
21998451
890050914
551641027
143059261
354737692
60956733
173768120
782452166
285489159
239880619
421453342
192111799
68217463
621141437
912083190
631696907
95444728
147664369
26107643
619837116
82704394
412576344
252210925
339112731
141492213
533611848
166214358
14245947
857089856
141293073
161282258
321664791
358716074
113320794
43277645
580053145
417765950
618231972
624033503
537094694
253657461
19537471
40110360
18301196
262797722
243237206
26105352
473944828
506058334
703731709
252678223
888529964
38434521
76197686
702264823
242628641
601994052
283687745
599532886
19674217
243413156
541022921
549871902
428528397
282174836
323373897
599407108
37285980
20189101
215102948
155741634
864116640
337409391
45436858
227808918
235328422
61639250
812993030
129883520
302745757
150435090
45369648
154405393
16517588
264363518
94787201
116400065
700562946
39697229
847831063
559898880
67952444
20154994
479335066
579487530
844238478
454910277
793925826
620212606
272538235
96789241
348048294
630871722
291040566
45408299
827875008
837065220
64054406
550866376
791497512
621874690
715567754
811390320
15805506
124008035
159543898
588826718
628044322
583959903
631645557
556269399
293149491
595813173
80393852
319349245
549601530
266020632
414472162
360197239
87321877
614384570
463121497
316765036
584772894
807281354
125905856
407042272
597878640
37259791
346169795
41207820
527318377
357674108
593322720
68442020
251264919
455409328
60261918
233666428
719127655
260952743
207300125
39274529
15659248
275079228
235062161
774574146
