984395604947324928
852894308499902464
925703179286777861
934534347054489600
945795462434557952
884950257855082496
966786423004151808
960005701862084608
961997825914687488
963586599333384192
964082624384917504
259005510
946525487957987328
537523002
893693112564023296
942745776618442757
963417714613252103
956494460166184966
2554655707
2696368585
111689551
55321197
948691048582303744
278702482
47481061
55745414
946016240354635777
956457322624245761
1002306619810689024
858389103171301376
2524592026
3903701719
4435165221
715916761854554112
1537216854
3362798554
855536893408100352
2881960095
969153116615708674
941318208593715200
916365531397152768
784582567576166400
795022357
167171712
945794803358412800
1898207226
255463686
925408537647476736
192099867
4041948984
720074605
3398780352
344249645
562227028
1574252527
97999405
495780914
105447025
605359105
507812441
1305581389
4604524994
848760738218954752
2321219096
930160793286594560
472121990
103529013
272755359
979731946677919745
556332425
819614611100094465
2787110164
8964242
3152075063
916005134
188083379
960969910913585153
864869538755510272
947782581659099136
915604712367509510
2245418471
269969154
2206899880
942093852302807040
952589715496153088
867392162169630720
202710778
956526874578096128
821138345132773377
1037720904
822097842487619584
830915088244576256
834803919960342529
828206809538297860
4871342660
855092417502089216
843270535211491328
883156903857197056
895357627529646080
848614666225975296
904937537667465216
897823243477934080
911671875142479872
924451218952466432
913907366210539520
929122786970390528
882668595100229633
943904317500723201
2183139036
931731661942747136
940915481631961090
953744058261917702
882422715231203328
881875593167503362
457880584
799286050749317120
856895414079037440
921651896510763008
923204491826155520
913129970930552832
429091749
907964692366163968
919657388377964544
874201216024293376
835661495929344003
151081562
245848474
838051513788424192
277044101
2436921074
783322490290470912
3273387716
926218977478668288
900496543035179009
828443701189963777
769313382415556608
2224364246
510072852
843202340396187648
948976096929722368
757694664468074496
879843702037897216
3445993287
739132224700854272
736775293541572609
734615159554113537
4337410994
739600022816346112
743551802256175104
759952780366745600
3032951429
757139964161323008
816367795332116480
866431218014867457
865054882209738752
883102851345547264
828683718764134402
881942939383083009
878815523437498368
872887410950012934
1361608622
850027508669874176
878738293051011072
879048290859454466
878430145517805568
882699810922536962
866035758787940352
889554546510450688
890295889721479168
860260955464368129
834818913695301632
893496338175995904
2748674337
334819745
980860064
954739652556095488
704053548212985856
745710221071257600
843123136040222722
953597195537829888
20193529
915190380483706880
783294519261278208
702193479120658433
852606648464158720
1272925856
732501531757420544
936267399703220225
779469164163522560
934183623531606018
880845169477734401
919642300996902912
3077611434
920057211300339713
919621861188800513
825282026907566082
920333610410041349
917592000362274816
815327421608005632
920201928835035137
919763774336262144
818842132568010757
930468836507131904
866625469608845313
835720297085042689
928362448712847360
919315546369179648
834906376811991044
933470268088926208
915974168658825216
383884619
948687136483627008
736317595872333824
374176566
398201923
1465147964
889136258106048512
3133963079
927374882924621824
927841281472126976
848851412528250881
938826496495452160
2154732505
928889123573764096
938179375584780288
4588272801
939888883499757568
935418534741524480
937110742788055040
943187872122834944
931186575794409474
940636951861956608
4746696072
937680293531734016
938781718571638784
4921554029
937485712676540416
941771502864748544
929511373691813888
937415867641618437
799580691436441601
937845286101291010
3029897207
942138940017999872
791215583450714112
937771276705435648
936140548670332928
938099335354560513
925562927381442560
941263343586746369
940755107439894536
927287652763799558
43873656
4196809174
879735704204521472
940012169588101121
916659564769976320
940296795183370241
943331532051161088
943164569127710724
852462578412531712
941798621057515520
930690029256617984
941098485847379973
943515240649691136
924272447238672385
928293869355261958
945900409671114752
17559706
361974796
51875597
123591071
3305651181
789927199
73003960
18207431
7389732
3008471887
1423646864
424320811
264946980
309334638
18226564
473999432
19664650
1798186166
2163509654
873330122
14779228
416418985
121106417
91010836
875806431731228676
589365079
47273818
493999272
31756041
302527616
394389703
36607905
351812038
3145735852
20425394
842579312
204149161
242795620
143113006
705963169
811313565760163844
15460081
3984681
77808680
53269717
22440364
586892658
46284762
20104965
57279246
91409081
239585441
2348931696
860237030
53112502
34507480
2440198908
286929107
3299717838
3135829529
400822984
2505379405
20217728
47730016
270130214
173261329
2894940521
75656110
185902155
715440461343825920
71498154
2500956775
18448607
47348084
31184038
201627247
600502757
4443746662
1446806072
1392093732
898429097059024897
2303169422
17935487
499508089
156533587
906135491489255424
441319534
40877894
3094904849
2444491130
2228323321
706624795803303936
2384412697
785089190652481536
2163651888
823316309677146113
2152900470
467740919
1076930802
2849313830
2567231864
35676914
121261157
926841862962450438
3222288117
4906264600
18572616
793950044743409665
2807955642
2794584335
941582074250702848
1963958582
893071700899897344
3404355155
2905587292
35364351
825021624218841088
72539363
161805706
36426272
907327207051325441
2713841670
2195619372
3977233154
3251980182
2187410443
934104367430500352
344132871
885112006818369536
1016965098
926382982637785088
932791935726768128
819316766887313408
2168489122
901743044428525569
4915152819
19259272
884836709749469186
867873970904854528
1352341603
72374309
789078312542990337
627124299
27588393
760005716
465038028
880934563182071808
819022655911317504
24031166
869529781578194944
817469402450972675
819913432929566720
413841023
2705845232
2529659070
908885169041534977
2923415643
3410762359
355876059
174240425
942874883788296192
892890750299635712
349264062
882732343496192000
2874850912
22512451
2301041859
802477923307552768
734297005846081536
875873493275037696
797132795684470784
4144581988
749638618281574400
3298856399
747835230854144000
16126957
1853577294
862108603
924707160679907330
878386302902652928
4499060119
1185165626
1334295738
2258037487
256676751
757221759884070914
80059512
309560081
334957991
905873028504064000
43368985
7867072
19363528
19562228
61357575
86180513
104080028
18151317
16372633
2264785178
16589206
36467843
14464766
21663950
22035674
22675279
2252642910
15650636
17269930
20729766
55868276
1326383755
1465247803
38048560
14215226
22399225
439638930
216056109
1604444052
15846407
20015311
42992292
275471220
15728242
182945800
195592527
207747224
422838784
852581091055501312
47364800
58233603
121845853
179292904
94935834
15947602
134555743
2356634809
17874544
19221222
15769327
268414482
20088988
41687953
569382420
1522988142
797344161712271361
298620619
852610794055454720
938256658870030337
939433617956229121
862467410351226883
230253426
823981682009272320
282135623
199816439
934167020312154112
36135484
901816841106059266
4841197093
460481422
3026609647
764556671020589056
873170779927609346
848765010654314497
33067176
349787885
342267383
2974791419
2168904276
137498522
938751919450927104
382190819
309313289
910471338
854081881247170560
2988558646
1412026500
2436185988
27196598
734214962
2289066999
2153986778
926171988577710081
818157067726819328
1522847323
441691398
74625164
790539975209123841
4895159963
1180415054
9491292
548435585
349960724
2845551331
29867721
2274413342
4821801357
2457958700
314822291
512205711
1705212523
703459923414392832
582624460
941418468225695745
450105421
913949712331558914
996570080
795538097119305728
2344842156
1150735910
865241888269512705
351870101
219122155
2768686669
731721829514018817
724207167343980544
2891763990
237841645
705945079886782464
190331672
1075948903
29086344
472830097
751939182067585024
2959309815
3011969296
4703764114
2175886215
4687546602
826966486031986688
36221307
1003669872
2711074901
3302250904
1940327480
744817821369040896
885190791643123714
2773959433
3052509835
912366470939709440
896803731232129025
45201735
874343351998332928
492333745
886869251998580736
176690224
2435493050
4795224254
544576633
897922830771290114
891122970504159232
904060269151879169
814185504581111808
2860329047
885137139247321088
3233358626
753285662
773206697456312320
3403408925
772385092220121088
841832586985017344
882189964011876352
806866480080031746
787974503238213633
335298472
1847911190
814455623723184128
4802995035
537464523
701054511297724416
6369812
820036125033164800
726276410390667264
797249210479415296
809372175304159232
4809044939
23475649
2976857189
3004083466
580050287
2646238117
218780765
186810854
2740338799
323998361
23186283
47550715
91432503
2551165879
2801970971
3235113399
37222058
1202108654
12521862
77279308
346830590
62215356
433074584
701732796134465536
16473793
274702007
781808439852953600
851546409404858368
861093449080033281
351198392
1360246074
2497602172
2263319437
3095156529
3214570873
706544062736764928
828813704259043329
141296076
2951415981
854266367511580673
2984898000
2539647789
2889345052
3099493164
2892539084
43162831
270009186
484134466
3919321872
906848350238015489
701350768385794048
801964379482701824
615591488
789618139
1159168796
889594905085054980
2165385795
871675857236086784
227077643
915976083404619777
932896126684073984
433888526
860214535487197184
925862047144747008
824880212336783361
910950473477136384
934103285128138752
274895628
800414768024518656
331461794
2497157029
183022206
277263935
319435479
263895984
222868987
107546205
185116174
234769223
219761348
162192630
268567177
17533122
272767870
220582371
206602722
85486177
261300780
108738530
200865971
280203584
276869272
64525372
235812547
220419933
183821317
189782783
101834267
220132857
29294479
256484554
289193484
275374746
174695298
292090825
71985182
283565010
287226611
298236002
251390143
276493873
312946848
314994090
279728815
31183614
74797881
246748873
319745316
26697568
287340895
66178408
281030233
329936331
344776361
321726324
358372968
383043803
357140529
47491081
171631058
446830965
464085628
404397753
36826588
222695826
213416917
579584046
402471730
800002736
1284081769
1350247124
1449909498
1911740040
1258764320
2493681072
3315480425
3300556391
3094923451
4866927166
4828094507
3540885917
4824580354
4869625852
4828140941
4757927249
4802761701
705442815
2964979463
277593063
2740841310
403811829
2245888970
33787936
1486602870
631624803
1508814055
2293627860
3985381
2729150185
604950200
23625329
188970111
1098202417
158264648
277346353
2594119147
127839157
176183224
27310909
14687984
3160582750
301645871
3031402720
97293598
1551481002
158063632
198155011
40127770
28581534
498209294
3004235922
125508211
2606527448
18533588
44549326
14323300
104793207
307665636
1513699142
135549198
16562075
3394122495
844530870
3731449463
184839878
18369338
144424742
344276665
2586988814
80107076
40353822
109954164
258504509
2836897008
474445136
16908562
75137937
16871083
27317015
180831007
565393378
295869743
596651945
61197684
201049831
2273995189
333218840
97478285
24047657
30298209
14442359
20599403
62546958
28234492
17882897
3208024522
16229878
27571610
95948044
192423161
23321855
54365543
24961671
24031223
77908802
34514558
257905617
84859490
228150912
16279105
17850456
21386236
15847523
42665683
9890492
178975033
28345417
35764723
41160647
106618405
27074856
21754399
28609947
27585991
19100811
33323849
371841095
2762704186
139203246
2984925551
264825300
360844323
2920163641
3421930449
184880948
462150117
216639976
3220060729
86195765
3295514656
2598185648
3315087085
1544173944
3360866656
344315147
2493354209
2717153500
3413573704
3324021646
596161670
3421728579
1356788581
3418079422
2990880147
3226123954
3331597001
798329029
416807642
3353250869
1402997294
3390899973
354272123
3420030521
1026650960
2846734563
299947571
3420726339
3421802145
2427704647
409313262
3421800455
3422029295
1358132690
623307962
2724077725
2929248094
1652652037
88404424
1903546891
3109582270
3406058950
3419242605
2391584030
1734479966
44320927
3309473568
3248249828
3421168883
418223173
901658515
3421642575
180371024
2809651062
389409552
3312770051
3413873253
2179279752
2299852286
2574919786
2912366485
3309648660
478381669
1653292650
2697199700
1324688114
3415465456
1313260838
3003639851
1637440826
123553897
215056909
2749845221
3314563176
3292546901
1667869862
486235643
47199383
3420518723
742722936
2198497396
3421714954
2995485081
3421501815
326777064
3403631074
3419708931
281022358
3296735570
2752145050
612897660
3367970446
3421347328
1482045596
3304781024
3421118991
307210707
451816660
1115102881
300437382
3421146166
23275719
3421180486
623220856
452228614
2744565377
3367921450
2966329831
2604059268
3090085949
3397362057
2663929452
3314597876
348315928
3293599681
1717026324
1009060794
3310335212
3421462251
2614405727
40597369
2649377918
3312902953
2276719380
3226584337
3418009096
2247743672
2975911727
2743055136
3312640502
2206888310
129392313
361638259
3414242415
984933625
2478542464
225390541
1614504877
3300163196
2233312332
3092961931
375465849
2916385867
82191540
20502643
954060960
1332718980
3403715867
780484285
3361601836
85218712
3413886453
3418964079
2336482535
275441173
3227966258
1609419636
3401066081
610201042
2204161885
1668898982
3407689073
3218846108
2816600239
1647836586
3413668745
3352150539
3381891849
3396294677
1713341005
2791761645
3418142495
2942489799
2781065042
3420367805
2000931
2447808784
256125874
2654378159
3079170468
3412597270
2891381422
2810303974
3378135449
3407610905
2400892864
1372795532
3346480780
2707141522
405671590
2589527535
2238705318
3232173128
3386879002
3416100382
346726783
2450868908
192399622
3269497788
3150378499
2982724452
2911245873
1349972280
3102502366
3252679212
2934507400
301795846
1157656484
3153452424
3150683742
3312705102
3311117707
3192246398
3407833325
3088662297
1363867885
3418778369
1718818902
541179084
30409306
2977578581
3304794799
3416558014
2337874991
593237725
2921622616
2528737387
3356175945
49518443
3124266214
3312642744
2690476326
1906927386
1419283100
233899107
16433000
197262168
29271867
201362852
23175076
295431404
338150583
331256591
221493651
201984561
71099593
36468207
207716848
323086042
275125087
16280241
243997814
275124676
269875773
91252690
15281288
324248977
146059141
46071062
305440338
248440590
291275117
158118022
166449012
189907663
212765896
242155007
273760320
118301887
217710901
89431518
27732409
253324123
269521961
169214431
137171979
252496874
260921413
47976929
173611509
