769213806450995201
18087450
2767680652
18217202
933131102947917824
21645910
584376397
799117798295371776
94712225
826129958086991872
366587205
3316868654
855173007093792769
21363569
748419142730936320
150518148
2972355995
2767484701
67831487
134234167
824323362927345665
786587884711211013
250693124
563181617
840518381283422208
259689332
829508660959145986
735523861790371840
39430282
4279965201
2567368587
2843652840
818526607795163136
3949851383
4774821871
796959699392483328
815868975351480320
18545481
813735020498210816
813604322269425664
4437422413
177610749
739350495337144321
406616566
2828116835
715384988246675456
2795562551
781930547899543552
801829250877784065
725685795432996864
810281010051031040
1550042876
378865898
236098982
715302855612178432
3440693962
800715793386250240
65455370
801753061614125056
415638336
765748647694700544
802304063211769856
774074669230071809
4810747934
2567380872
757997840874385408
785629978738032640
707372112693043200
785354074204102657
1970839129
3124986791
795539164234219520
611231642
446831156
793469812294950912
789408756530425857
846009488
789289808770265088
788527032258990087
2797216197
19403055
4102376488
2998883963
2979466367
56449803
749703015355953152
2409702013
4818110147
2849060385
761513608006234112
57049338
709016113619709952
720008230412410885
4756017559
2876114635
737622498389327872
260795239
4818462448
739574032245346305
576887255
709018942904340480
1400943320
745415970194264064
752218257852080128
726116881917054976
3285975517
713832622808412160
2997645733
2590133473
173368675
98676606
164322849
25169797
703561088
453104983
2252475822
710566737566011392
3284680262
261749735
715529301295108096
708838526121484288
2782910563
58691526
758979452898414592
707753739835211776
705200522328875008
4862031445
4925577385
580603847
2780215928
1627096298
88074260
1344752310
4486406532
4758218960
743878562365739009
741304899967717376
465037324
39755667
3185391227
4751570748
724581304474304512
2242085304
726857588168638467
757799788142178305
705787057
635275400
747582567910539264
226526577
931286316
317223956
551644827
4219286027
234904585
712858070553112576
2345789830
18953266
738246051736391684
493009601
292423442
629482056
336638653
561802635
729178975407202304
1618641848
728839564593225728
4825856765
525733373
752036837695389696
27671624
816058736
513656197
2505217933
3309169489
2421449940
2932852622
2887465954
513525114
21588316
4842479644
753466388
218274087
722576161092603904
172181297
200163987
722574761574932481
26278305
740619960091713536
2324389044
730577980699770880
739902468922834944
710514207016542211
127091326
28782732
741061862733664257
2176524253
3243773441
726536060101087233
726280618850574336
726515156319145985
726172716882079746
727944969068097536
368324034
574546554
3309628022
709639991786274816
726513649523806210
2157633622
3184471478
471333359
726169102075744257
4415698816
2359256324
2667588446
3990358228
475526299
726165243609661441
49709066
726151518861287425
153366336
291973657
2435227351
230303087
726162203515195392
1398840960
1295678778
77178094
733019924055089152
2696942600
3124968105
726513850007322629
726161410854625281
1478820326
726517570183041025
2327037391
726503464902250497
708523989929361412
2938207778
726518139954040836
726508794382028801
726173352478527489
25493304
3258237332
4218363287
496269229
4517905697
115637932
34169185
715012311677689856
1583197964
726165239977369601
1396832575
726518772387962881
726511111873388545
726166189022523396
4725476474
3302945215
3191359185
462397828
726603206080401408
17010913
726209512932298758
936148682
2198106354
726524080598470657
4311560057
723722403461754880
726534102711672835
3152898646
3793636935
2580093494
134638326
703069673940602883
2184433535
722316398207184898
724557953580322817
3488732903
103382474
721082591357456384
724557934991159297
54229868
725145589835522048
862969573
4896406371
4436306720
19004767
44209472
718105234724294658
715391424380801025
714653758379020288
706250312810684418
228134082
3107950280
3289419637
3355066683
970942356
723006656846516224
4795019702
723124295983988738
4763970800
718987765476691969
2804418420
333200046
1622447294
972435758
4899565343
704448560234950656
2890765673
3367196314
3375510569
3165845519
2889688794
4849091614
713817777509765120
3301757584
1036732152
2360632321
4281510077
193930027
719555526284206080
3498737836
2546236069
720373330797322240
42358350
3230707640
2269511359
1563418856
719863571081863169
3241980733
42417984
3917337451
713818649878863872
4281437357
4770343466
706479782460952576
700941046511968256
4910864538
710653524133154816
626378716
3755153295
707650736818147328
3038903435
3213084467
3674013736
3315704479
706222356927090688
716008946239205377
712856821267111940
716010850952331265
716008957001732101
716008809152561152
716009374402146305
156764430
706338414048620544
716353582572765185
508696379
712624484541304832
4910883133
95261183
4797434843
3121848160
2205145038
3054754757
4813401982
2496513802
3034892801
2776083689
4786371191
394777315
708401947729108993
3687583756
714150035726942208
4305077307
714114761089290240
714094957611630592
712391908958584834
713827964169949185
4430216004
1145478246
2448421482
4011768221
4634108963
713112202602000385
696942657126449152
710588867938816003
707578740126179328
558249121
34900333
4164384147
712075014506455041
137820750
4895144595
3306983667
4766845944
4926005296
705926906
703517058932350976
151812351
4804093283
496758256
232944810
4670687592
708294967437844480
708215985346576384
391129937
4847185215
141984565
392156434
3154954035
4606424853
3587441953
4922344055
3142986506
3253103379
393323293
708010219230666753
27557391
3655348996
153492935
710764906447032320
4804036101
2509002055
704405588701151232
700449020431486976
710084354417020928
4895782660
4878926375
1759286744
1286622206
4102696156
707840466767761408
3041804985
58019322
702283721941057537
708387153005379585
4913049794
2264285396
707829073775599616
709061880212557824
3024800855
3744122597
4102741037
4104667948
4102772536
708183359655059456
3568622723
3107987831
708259526726836224
4102633889
4902507287
2918510561
4336854744
704429353367695360
707184542516432897
17801505
705726283402055680
704238202790518784
2860851919
700675034671554560
704315387857539072
2216430913
199879792
4258342213
706162839447334913
2903155570
4245797975
703598405566734336
4924200609
3267391159
702419642044850177
702638163227971586
703111773512044544
4408163354
347627434
4276139781
4925126234
4357253954
4875275025
702444894648983552
4713042078
4836566368
3216515595
4361729477
208139326
4275735436
4851595163
4882943177
2256247536
316544434
4870468151
1327239170
3883075334
3062358623
4852598812
1086945558
763833204
763924801
2922500155
702659214058135553
4898624770
4215911237
2152249068
703652618279723008
2906964189
4691461478
4861039938
2777871397
199311999
4899219940
2801374966
701122996929486848
4855377149
702714583459491840
174821256
148616333
3609365532
4435699761
4856875552
2555493510
3106148338
102993698
701022133288202240
4574694382
611833836
2281664328
222568923
3187144843
3405915935
4275667107
3220490643
696819537090650112
4910891140
3390818823
3429836507
3225668258
2857791016
4306943612
3395332414
3266624216
4907128349
4740969647
4701557536
3245933997
4852930401
302671126
2612691185
4897414180
2425339875
144199987
4711259304
324739597
3244056171
552805528
132582006
3201628258
2227291124
4061238689
393416757
4849424199
4705807278
1969493130
2345885210
3741495372
398181135
3033718901
4826810038
2975602937
483426850
2288526260
3256245221
980425172
2212637460
50012709
2991318305
368545981
4368692112
4615697667
101398701
3312937362
749670433
3381865379
3232790413
15291876
2975790962
2941768032
321637648
14632998
2789356171
17342780
3153709636
3135623703
1202072952
761510604
177570929
970719289
2827026900
2710087616
21361712
2667321968
2380066908
2372015192
31050932
48110818
2269295072
296215555
2341070365
2215951225
65728777
2170201730
20270245
1714109022
18642314
373197472
406091705
14550649
119066378
403288474
1297248229
1367158321
1386851994
1290851858
140886840
1265423455
142928442
1149706316
1310191698
259046264
570201455
573183874
26443493
881237828
847931544
1202394146
1111357969
283687745
186325979
45986534
295857026
17093617
1201860115
979509986
1225212367
280398961
751871942
383959892
620383354
177302970
141836397
128047369
