246662882
39382447
137760340
780737536385699841
998034179999895553
2573729642
2726311681
751896280021032964
1005868371009818626
825069400524935168
18572616
399070679
934028281799696384
966502986640969728
175089135
3028112102
1209684721
991398616295079936
2180335990
3165288974
821863733664350208
878918875324207104
21517481
3385176093
354593834
788804717661057024
73540881
863457364955025413
972398739150254080
21885405
76662724
24430976
42819029
2681213905
1000600796843724801
969553086766374913
733994838656307200
2817534010
72547151
399086001
84665395
86378821
580429692
752709590609952768
70156027
744369839700123648
822955499377332224
3305688262
910889865130123270
137286931
2964134284
818892921533440002
892543334878720000
999233103183994880
4445961143
374019974
3319254798
897121993090367489
719662077934243840
925218559491534848
22062522
972950876989153281
49828116
799893950408589312
973393182963662849
807255375309340673
27831941
62966587
4902551469
3307871031
740483180
1004878894548176897
29085985
25987834
911975643134545920
55843411
26900055
981162737446334464
867143654044966913
1053958502
4812976387
2358553368
2428051825
230484807
863813551
815288374827352064
515597525
753009468397514756
2799571617
893376000905687040
960097872711692288
2892478027
2261967337
32910358
703971353351696384
15561514
730758215747543042
817959636699582466
713953073736126465
945767286283165696
895378071108407296
3035041457
925044714440716291
132416162
754845211176554496
84456811
1392556434
3297022953
967515507145441280
782838547376144384
2967863326
865091131
165663063
1003585314756202496
981665977132896257
42193486
1491745206
564824282
336561046
2938339892
920471397490716672
519207758
745200955600347136
922361875303563264
68071703
3087340352
878773692242767872
789300569097719808
963236003665375232
984479654399610882
1004040489358766082
2246299058
2602912819
733676593
16067908
775590729951350788
961979713462956033
782955112503373824
47061232
867908994
2291979392
892216543597154304
881152831176155136
782720001455325184
1002723411494350848
788637398758490112
985147551673409538
822937859065790468
1470122316
998351007255027712
995098769703292929
947191984892063745
961454351876202496
3003863477
49210897
39729502
823564183182655493
3134411065
3518486666
561742581
997609170663862273
933634456635760640
1234302247
1135938254
963079679497285632
313941898
2511584504
2463021791
939324981590315010
2853443310
970187081241714688
964842447409942528
830701948303077376
944145019
21449066
3434786314
997312910748680192
749647617806569472
1137447558
3383903883
872210966456352768
304061756
761057892522790913
1898730475
1071280824
814679446271721472
723645848
803200486686019584
985864708216401921
3317251472
933209086870437888
940917062813171712
2950391008
351904408
951175089793384448
524714710
196871565
951618360021729280
3972672084
82391199
25173399
45752799
34777153
115681686
14908732
941881186137370624
4772542358
853653783720710144
29033224
927539210315108353
154311445
1395642860
973554540
828631407312457729
814461304064921600
999573681327230977
710212852108230656
58244225
925075583138193408
4260554615
524461171
993620377145434112
1002526165775650817
140453304
897058363284041728
3949049181
131362557
173106869
951741051198365696
709412284335005696
881859584494907394
1907943324
958858071446573056
763466099048452097
2529086442
790019230389248000
1367385691
999647881417064448
923735035647266819
211971515
714911149
935576546441560066
233933230
105355215
960285302899298304
836275012877287426
985731322210471936
715306314
897161626520104960
63996778
955063470281519104
949644561093193729
217584428
965710441312915461
4703317886
980515108924387334
14429823
931251880394743808
957888530792947712
984570229496864768
252896293
969318211
891509991214956544
3301173113
29658469
921030055085641728
783344248909422592
479144347
877267355453280256
4765364386
1415594922
1219144500
1955132936
813061962087231490
1292399472
928798269878231045
2185306418
891101580623323136
1731221024
3146512980
46537726
3083905395
788022906
3154472388
3408954543
255572138
885512012561870849
884566890244440064
47057737
51220138
972872958300606465
776091004311044096
3348989566
991139451815411712
4267265183
3182232277
931620809558384640
704707055190282240
40522497
1147086920
2259621764
823203099820965888
177309292
702918648927641600
906632553699753984
988960980548931585
312149882
4187872816
2475024848
986437045747929089
2259219971
249909340
2540140296
802042941959045120
846248226
894190886833336321
877356947367800833
842462201285890049
967048448968155137
3052099927
735824093019246592
812503502039764993
83148068
979857677475106816
761249403042603012
309372887
451850533
2383015286
773172956277174273
920650057073995777
991756734531297280
4828189779
751090425688121344
2166712563
2723392119
4856105655
1514780328
987470746099171333
867650691162021890
873994809442226176
917751362280218624
211991111
944770942538076166
875856268056969216
1911916754
2235180788
4911012935
996226661514334208
4898648145
823731993577803778
453320334
774625724615520256
2187636728
4915981217
2616496033
958737683005747201
1389446737
974068021881982976
2989808562
1179779472
4156488166
2845812077
890841843801489408
793970466532851713
899115298997055491
3301052704
958958453480968192
1644590880
960230035608219649
953845697970950145
1029877729
983155406083158017
1546606536
2882539056
56037463
893570094218878976
248113252
3064687661
425206555
895407846753419264
706916878120263681
875711857696395265
989827781281411075
1259514080
18953266
2749132011
787981196
700800823
752121791947169792
755092262426546176
827226649062100992
910885910014603264
21860992
984797311254646786
820816834400321536
974671340723757057
1602349704
254690767
2309219017
1964647868
923368757803847680
439558146
827504035225882624
822826626828406784
51048355
574834262
972818980904763393
758026785204285440
948659646629367811
945688551269847040
34991028
74579601
850911552815468545
3034574101
762307880749899776
892394652401258496
211480917
940377826984845314
3033669203
947623153773240321
154350597
805862640782217217
17327882
3345484813
715496304777015296
11782232
3035315280
913041658001936384
1449423386
46195585
2877128826
1883261514
4041797818
3321048716
3566477775
24420496
958064770019741696
893096891944140800
36817968
34756550
529550146
954387614
729779025053405184
720083238543323136
987776640053891072
750440886945931264
789588391448940544
799702157939195909
390995920
1011664597
4040155154
2550370855
832101970844479488
966723653567156224
872233128483598337
2806676274
781284825965756417
805923995036033024
528544459
3210489785
2798717082
14813068
83312898
700753804325625856
776585612329574400
888071044124344320
2357147057
2771503019
968994798341410816
1360271748
263987615
2384882683
3234351557
864863946733494273
813196359000064000
86054485
798250483324317696
944719413860696064
18710344
948193258966003712
32506412
4833141138
760673307603591168
261226885
461522834
823865132719730688
27001391
2256790044
15700729
244351421
2249707514
929430463
1485816493
569659612
786976442366107648
778743512
812349312646705153
93210790
956686401743007745
811384796576264192
946442993208299522
26131385
184907477
593892397
4161793753
889877870209884160
848330495771516928
906955382505041921
954079268383920128
2903512129
271733366
889535953878036480
911456667920928768
2517142429
154698878
731467068
2733123878
3705158113
41919896
54884962
191315533
884372312992227329
531788041
802688617957171200
977304912081096704
975771907466448898
917995310399590400
275221156
112045740
726448412829323264
758101519891914761
360466573
818758468538683392
508116018
988530365974302721
784922728906186752
20680075
498040541
951432718943797248
993600888852942848
989817993625526272
14828860
33889292
788040416008474624
710402708302245888
455566628
983483059428261889
4837181872
1447375976
832763991487164416
94785306
61079268
741059146716348417
383125195
1714342124
2770941494
889937259885060096
1574401567
898432066706038785
757703840669904896
728617212152455168
751552860303683584
357029197
868005990221750272
129710522
3731547316
714149188481728512
993206629272379393
15918088
979809448393834496
743042827764961280
774298716115050496
960057275028262912
84190574
958486561187753984
975067635443490817
801485278858854401
857724981555347456
2532127677
765648732507471872
4732549188
4822904303
915245308241522688
2777871397
745764880137981952
944313574100471809
245046798
985127828567003136
1225334611
969679603127250944
982438826520985600
852512510309797889
243464401
817549145884020737
22283739
2271361868
251458911
18047064
3911139081
698303280091439104
621445725
934141798485843968
3434325791
785844610404904960
262493461
3187985080
811308100799954944
952580782014550016
131551379
4826091918
972279797832409088
117440808
3319780546
142438895
797912624310546432
825862015193214976
709182829037375489
720096715248836609
4115560877
898931742928711682
1700295757
924673414228529152
791401079690842112
226610426
965201932364247040
4897039492
928576910426300418
242157955
980051451547475968
1586848891
517098987
866707452586323972
172255937
143539322
929912597519925248
977087169201192960
601535938
473532482
895252705
874636442290577410
864893460
2506645070
963972296443596800
2612834000
2938871711
574262926
31578981
379767285
819670305505316864
423966379
802547542714093568
188863514
856408498208260096
897687785427140610
558294779
784769345788514304
571381139
4056983819
969711544303894528
3030153851
48076196
19186230
15869643
896216453526896640
45422282
254198754
945364723180109825
511108114
966514287857602561
3105663561
982736773884317702
741149984259747843
975915362926473216
3028493620
3906860543
980865297518391296
709079954793824256
815383267918643200
713235209706086401
708390065345404928
264933553
761001705467158528
17189082
872449712506322945
367529999
934281246435405824
743960070367514624
2545786681
70189800
49057307
2857403669
58505197
985659978651385857
761075928319406080
480967183
51332560
3302805846
711556496807501825
836613991984205831
954047408488448000
3317239429
60651759
2760050529
46934022
1308039068
242859777
929766264263737345
866791603947679744
728368596326428672
23213621
990519372031627265
2612049298
613272756
31159108
2167070933
923604450253647873
38022781
4197484935
961184629742014464
737117264760217600
3085010339
30534531
826594598998798337
917501529480765441
244713630
192289982
990496088359653376
968672384675930112
788055459169177601
571460226
926449001578278913
596624459
263310004
3237129566
16155881
768587359797383168
822040230
20772326
33968353
93096478
496608682
990755665986502656
880804109695242240
983753228
789838755767132164
20592886
541198983
806628236981653506
903316319071854592
1889854964
884820891317784576
886265583418961925
925398342527418373
3184471478
828618553054154752
734168909553766405
817661098988019712
960637456965095424
1059226663
18557659
937295550214541313
886330689813184512
927930000484868096
44150150
1292895211
68022793
938783988486774785
898793359900266497
892425383471087616
941175094252003329
322894893
125540566
2946730163
1330259124
987729873451016192
47044094
128048564
882780077116735488
75688692
985392973281136640
573278165
1000369441
755874153090150400
957884020578164736
22552875
3009890390
624306656
988825345892732928
3285819409
1102815116
975194786410803200
966494868208889857
93085095
704482051853000705
403334450
974018476758024192
986411625472282624
3049037397
2788274877
894360375055044608
4649286132
2271834116
1256753802
979038562762018817
889222072001597440
984414144064573441
36844434
709821426937692160
935325840144965634
984319449858703366
17011345
863878094
931850477649649664
833442866747867137
270008646
1167445454
987701688260874240
48056698
259878670
941557612922880000
3764235076
797772519176597504
958409746922508289
81161321
235791649
349284744
915231714724712448
315844446
975716078495019009
2972441446
100594799
984455556793536514
136809849
945876215033880576
69866064
972568972540432385
2949651125
879161563
950651206388482048
731315521979846658
854648809367982081
2948453912
27075946
803656242375827456
985944668771962885
711990981969620992
917568339299274752
2604638604
895045407570632706
934815871356358657
976900673387278337
2436988376
54271887
2550020653
810965419196551168
2837040655
729820875516694528
866422959799361536
914713754645835776
4862342390
956171750202515457
904722667336552449
838932232505028608
904174470172033025
864628611579564032
901488572850688000
4831666427
326899736
873343794254671875
95629326
485803712
149629501
718272972851646464
287212532
928670541090877443
248390271
310376174
895455881684451328
522482721
134519917
703622739589009408
281847189
1571231491
210177223
834157683443904516
1344109976
213853067
985913275870269440
909145164869963776
24904416
732976465474641920
31802431
970005631620009984
974780181478027265
893413122643345409
3086745237
272466456
3308473913
961253680400904192
4005375497
800086706678419456
930400776240824321
896025658878328832
786938177600778240
146483097
961266436281978880
1573439377
945693292460523520
228127850
3302418022
954643477958049792
3904649010
67776389
771129461047689218
312967186
2857313947
2550086713
875278269020598273
808335006519037956
920117363286183942
315142269
794658564967202816
772040821751373824
1250327725
894047703935500288
926443371052253184
976520551211655169
822947066229846017
937362851185831937
2585870372
3407266492
886000282999689220
3196557484
3284323760
823896486845022209
3250214451
871224507696128000
927704357856055296
3450097941
933215046909300742
800086363945082880
808368248416825344
939436738262396928
936421478035107840
925020528947085312
21829541
926440784982786048
808727309175975936
317916069
2482675633
768242373012836352
983924876678434817
944879238653476869
911094278616522752
94341090
75457226
790182424818900993
826406978
64472799
363379879
2518993524
956303744957743104
952362976719327234
2656926641
925962134365843458
811022867899043840
2244531320
889854928444944384
803935161696063489
392018693
52405002
964106544173408257
815988156461969408
982836989866242048
2677839690
906159764576518148
971095389335117824
765800831039987712
952312685965688832
931473036787597312
899105467389026304
931747011350511616
782834569179312129
968880089021734912
942735592818741248
965879971108524032
761912614012289024
880758770682515457
980847278427648000
881436007144448000
4824299139
935078373121916928
99329655
945552468980539392
771007943051476993
969140832317181952
2889517373
2575641482
4499382678
903198090147926016
3278073097
2904143747
485315172
705756811022958592
935525510292967424
709786874798182400
22369854
3121381586
966756304177061888
921359100889329665
853834841539915787
2503789651
948367937588596739
823311933692592128
3207903992
977713118976475136
968798609130053633
969908191025917954
822763833471238144
33505213
944325135976271872
4419785200
79538731
2609159655
44466763
188416888
850065940305895424
3010543722
877810576533204992
882360127956942848
91947456
3697976237
4624243835
956899153929555970
614627531
977590152271974402
922085679374446593
2834620568
927927498700218368
342840818
328325681
980488848101838848
898637066254172160
1493267851
831158096831471618
822469689792200704
42627068
4479562812
45272877
825126629752053761
4271851752
2863891740
230344210
33317438
300397169
2625740073
2578057640
121656624
908833985945591813
3318238316
257142750
824819491766992901
209375348
815026387191009285
67657700
148751465
822517413732229120
154122621
1066165238
3949851501
897462362957111296
701856991447273474
906598468852047873
2881903133
78968880
232108392
733315234820063232
16087500
61347805
1584013562
965596625895854080
889001461530734592
3268675369
948600743849639936
933624149804589057
3086540090
252786188
212248844
950629218
1189926044
840219293031763970
2375991404
925765907644854272
727697157986246656
824836228646318080
927541309015019521
2312376011
809532486728486912
880264355232854016
911592420227391489
14367719
895174735692222466
1372733640
1324278522
972246637027438592
2972957083
334070804
40045792
64559689
757052810
947682825893007362
875473913396043776
520122398
880055448837263365
834451693685395459
270181271
940667507349716992
469999217
107892793
268037956
259394437
169517099
934465005294059520
508117164
879416319652790276
62144828
823545391232798721
713685253533995008
4503313280
935460027711700993
866854766067933184
625697760
783548518476705792
979999580455514112
2860251984
184100211
740924455166353408
20118767
987847314
3772561752
967497844302209029
966491835802832896
914154046382051328
25650836
2175089487
237140311
905176116872261632
826279413662769154
2934352978
769018433082195969
992692806
929757436185075714
761799487186735105
1351906836
737289682573103104
20791408
37808197
464315202
731533639691964416
302399841
926497293959757824
705106643940278272
851641429797556226
773688607869632512
1481314375
2870146648
17744841
916298974859993088
3000400438
274147809
872061939387703296
3395637394
2937613910
2252448666
3134832613
976841153378217986
2900687548
1367907732
733517750
789748886122356737
3315698154
906580196324790273
919580502117326848
77382625
971104827538321409
949226387461713920
927764563289817088
2753926834
890319316327047168
2867549943
956231219192172544
897181759217049600
752532075669053441
73956951
855420202355367936
119372087
788905021953892353
21641427
216018536
722951041663127556
928299581904949248
2596846770
1061221003
50844182
2758656195
890207216946618368
188418171
825215052865118208
206789872
953824023548280832
801514844738486278
703916929883336704
1601070283
519736224
947808600218636288
136490494
2151064855
872794625072877570
957586920007196672
630379079
39753444
268607705
175036455
616644046
904703332622766081
968824652452777984
834261676040056832
945068359489609728
2408584271
395336175
460263352
836411466601332736
782166925501669380
2862281175
50488137
964660677599285248
160067672
822215679726100480
3118705906
4846373387
862845320132259841
3402191561
806010806
1955655506
14737491
251873240
921378663614091265
3286808412
2598550464
880774664481406976
339820844
823883690778513409
962561852273197057
166751745
822276097014460416
976615030463614982
397750602
612681531
926878886608203782
2717301877
881948430494556160
1849839132
2569808306
813777704709488640
1952086878
970329117974585344
700785269012738048
1630963890
517238337
561441494
812127525887496198
281591242
20674137
955825361484439552
1000014475
476080808
870308247147864065
800918657757020160
734475842999463936
803350986207043584
3314153391
856942468616650752
970886647389724672
904470145023782913
4551720146
25106889
972644026888347648
947213359195328513
755398502545522688
780423660893007872
179530543
905001358012637184
866146274558586880
2428388862
389532653
241696772
943117167779704834
3014436959
2393313872
703624405
2257889272
967883754344771584
45931820
3076333813
931372447705612288
854716557251018753
3105474390
878693916601712640
50506021
722850164767981568
974235083422031872
971335018793467905
748047412250419200
904408568291581953
929342339197280256
902563545497313280
911262270105235456
71555146
722848517278924800
16698471
948342917621432320
95916891
962720326789480454
945762636188258304
316539582
948342564213706753
948341880009338880
41153837
393217064
2239616394
871164209140080640
2266809733
884749450005979136
106804211
39021245
83645743
930850843
195580234
4180940112
907870420954517504
966422698086813697
958266386517667842
578363658
2204738892
809213913917165568
80810171
388149072
956748189008150531
47427136
965390752216952833
813827539147821056
115701747
107542469
368545981
944332594967179265
933684798136168448
761760728319725573
818126533139296256
999588649
2712571328
4896023595
4877434072
873086974126465024
2769702579
3326913273
908259369438941184
920554127263797249
934139775539470337
3471366506
873965951586156544
836946082991067136
922450973779312640
4551812173
967026553346502657
937854393067671552
935364230
98693420
324503473
776476600678412288
262284707
821273502464364544
3000983460
896780134765690880
2924706199
751776283919577088
947553006303764481
360805797
932249881661591553
6696672
732611818951151616
367946116
857369546042339328
930992039042232320
793611521880367104
959579686744489989
276452562
834445474010632194
2635720769
2477608189
894832244606386176
362578934
3309003966
734555735414190080
2433630180
967793663936901120
30773243
739509775650705408
386263630
954426445329203200
337261399
2607392729
3431241142
909506391081127937
145537046
1109621000
2342752717
49811926
197182827
951435282674405376
923557501194219520
3221920761
2360687852
316563530
2688992074
2275935953
478409132
822274074332295169
969134160794157056
3605796205
485877002
924942239528230919
933578565043437568
957965765998727169
21543866
728198671427325952
1675404468
898948250849366016
950992319003570176
898462889060716545
3587733613
310299467
858576134522392577
836390474432856067
961820624539668481
550384417
1457199637
880891885375692804
4428028726
2228594978
1345822466
741464579876753408
2414658822
212937890
1423997096
951982533310164992
3064077976
911084204296781824
4002107841
916754350525091841
3384644249
550431795
82757802
739785570310725634
899785562
720997579266396162
3094687940
4165651099
884316211034505220
3244116083
935800477090009088
807870772618391552
910363453214400512
956494460166184966
929342145395347458
452567173
830705222
845499075625717761
3454899253
829260618519691264
185339372
2276442002
177686260
878650598043856899
966980191288512512
963552129578405888
751410298377023488
737376762322161664
585098400
920531849159499776
2411605051
917399493187747840
948343031756881920
38514936
927271875499106304
843443562
955828033176338432
872834060577648640
736191060087582721
939419235826016256
916920994501033984
869098696708947968
911074943554658304
909063149256450048
819301075983486977
961402938462822400
915744430908309510
965730076502446080
959556124843429888
22041124
953223749138034689
947929379727925248
881624174023913472
2342387252
948937561300353025
927562945915076610
948342836075823106
733878282337280001
832518336990814209
2712041513
849899770093096962
898728121171456001
309861673
3188028565
3818754318
737419321257791490
745214211819732992
32701723
920624320346431488
965974658708275200
877532769244590080
774297854349148160
957652386939572230
251132762
911803265523834880
900261083172052992
483345369
927882244869500928
3629962943
868436205121163264
929319235549048832
1362985560
924533624925384704
3150343247
35354684
927270723130875904
3115034479
948342245861752839
927074193883009024
964102588005257217
528945810
950578572711907329
2934836032
766589284073603072
911605771972030464
823256923256553472
788344700151488512
2893347765
3375185643
4505835387
34294505
612473135
917081557835374593
819298927660908548
882620395920273410
936371206051246080
271743948
1658046127
924328961357709312
911771305795604480
251826168
906664746312765440
910608939976343552
432294867
465901733
941339461006364675
804085035125116928
948344042890383360
936198472361005062
860375763199168512
2756263326
905837662233255936
2460216512
224408198
951768410584764416
293921988
960302183609786369
4895624653
431071870
759996193766244352
3092753181
283016943
170803700
3124664090
478123361
2514022826
898619460713578496
554752902
948342170523750402
948341890268581888
3084730675
857300521
927537883770003468
3039379872
2370627199
802477923307552768
2414767218
797915222547767296
3000523623
800414768024518656
954701089957339136
1601975816
167338431
940255424024113153
2908201260
232935769
464206700
710842205620068352
2960220811
268859460
4054927997
835606198665740289
3333998180
850788252747534336
12397052
925514625126461440
813588318
961987262195097600
2614247443
815161758042050560
2716653992
797818065215860736
4698482124
875004467116212229
2946901475
1189008036
950088080769343489
910326065163206656
783869731
4923857799
3269485130
927268819965374464
940209890102071297
954909104702742528
917064066547335168
792573558954295296
942741944605720578
758796551510720513
255068371
1931175145
866931668854218753
3004327779
906181962607583232
902912336171638784
936992456800907264
611496265
947768187419889664
888436045796212736
904696756486545408
365659990
3481681034
924087248521269248
925186488614002688
903090932760821760
4417062453
267444592
897057381024239618
880073868500549633
884493009840218114
924972179816665089
931837269232594945
900920577728196608
919019548744884224
90863805
960485599273783300
946949689815064576
913358787288821760
726580507
932854055474311168
820931337242734592
902012957717958656
894949300018364417
1488703916
15508106
323454567
139960419
736258433758957568
254620177
836023412162179072
950190806081724417
919234623632052224
2756588274
932036597385777152
2999626806
819416191466762241
3150988728
919252826026586112
952771816451334146
838847229376999429
877229581727649792
747762431657578497
777276819414388736
51496277
946799044990562304
908261767830167552
1414587528
1939091406
1272300403
2347388050
771283507968561152
919583421445185537
869813714018553857
907857240257736704
2788934088
53940708
931195463092621314
3198674388
1177695992
209369372
1701399445
844952176501886976
606357878
2547050562
3224562804
76304483
927822547235758082
902442525905920000
814694387556827136
875288095377281026
946314302780194816
942117381010108416
765946291968966656
453720551
784454383845146624
884274530763628544
723659972538732544
905606399274520576
3086398166
193826447
952518990630440960
918059085911572480
899650506443771904
591159393
3989248535
906647966
949312826144894979
869603438979678208
755047737570185218
917267255217573890
930523684120358912
349485346
893159159159566336
514049259
883147920689602560
782609989152104448
307365281
1952848759
3092369817
492559208
57531157
756185758101336064
767182852844695552
861553456099840005
283662913
2169492817
865021693869338625
918798710045253632
842210079558520832
884478401456766977
3596009177
955586323452219393
931899513215754241
124445513
2751934292
32416037
848259245141360642
886383061654548481
904276719074295808
928602263081201664
917026494253113344
52399671
858295099960295424
472973279
884285809695653888
751922199460667392
917924356444930048
429773039
2727020089
894815446838509571
906326375736393728
886952056459853824
909983289317797890
124615025
2878077772
956065229569495040
913869899042377728
856886962803822593
2950327450
2974834275
741423953491558400
455485147
884866532500807681
3302031137
2400769123
830308164742418432
707334309145931776
314041021
906347069186572288
920320524508631042
952835360756609024
886045070067027968
952931592950837248
804043131851337728
921391214586245125
952789640368410625
856520031349469184
813738507256688644
2748218055
922619974367068161
4817415329
50851085
910155321808756742
124336882
818961674753425408
600435313
880776191799697412
2910692379
833637674984484865
905610001774854148
724784652901343236
898837730888634369
14946628
885756540237565952
125099830
1370805348
940759659669008385
812962068508852224
8393412
800270966035099648
847687940427849728
730705479031230465
858601768929898500
953256958424907777
902566253985841153
849723316369711105
906458856976400384
780921859432910848
940208940129890304
2786282417
533331937
704482666955976704
8071902
2792044665
939547723535147008
888574323719639044
171766464
907872389576278016
807499937596329984
4784079159
945485627381891073
807635468678529025
316560490
842140866441551872
2848768131
924968041728888833
23664028
4004194089
746256811024596992
952167242933907456
811251016410664960
769423365887053824
899982124228333569
804194142393802752
885355345526362112
702151522268770305
811995501113393152
760119711581384706
874732392929529856
406962818
909687045366349824
2319270278
4608009796
907648517702787073
712433595042803712
944825499645124608
15768141
3087656786
219983463
940320912049688578
453673161
951488933069840384
358287982
416501722
925293757372628992
941027519540625414
726805706326814720
142035022
722156343851790336
2972874441
917918843783303168
952496289417252864
67773624
334751571
710180304023990272
914563821385256960
3637793837
766639176573853696
2858694923
810466011791114241
716161631
2920033789
701081457771597825
820174013867720704
936181886665314305
372916807
760105297952243712
740011189602656257
823240043242237952
24035547
2775804053
2974673672
787031169980301316
940861973314654209
880789954938404864
839873054473867265
65212354
779844450147237889
422376961
928438133858996224
943991876444737536
2256938773
3008028465
252011726
852847296740032512
926495328190193664
702627005901180928
500154908
939519479175839744
2374612885
949370562979291137
285116979
730890271441993732
837307105
843835966435479552
3016713518
630511432
811672075173765120
3296643280
945284575114141698
4124155817
3026416062
2758685833
814792022917718016
915740813568512000
875650811459547140
4876407291
747228778473099264
951062029
900695145724526592
1516039603
4916140485
2163967060
3000633645
926498817310040064
896740836070772740
931232527934562304
3016509696
2407396324
920865106912612352
3374137121
897131234328838144
164879722
771890279989317632
923136644236103680
1924586018
3959996900
913803118814666752
930377246992470017
3156038109
937241966093352960
1944937891
25073877
24578794
2220283584
864982675794399232
2922680358
896754728717045760
329807386
229290988
941338227163594757
858695797793271808
2534319429
740879722763169793
896661501984907264
164586398
742540663888052224
83913646
899895472533274624
898599572108267520
902874971399000064
905131239606280192
927479504271847424
2749385039
2740128811
43885159
3114976789
3608885356
898356697919397889
748600628801212416
895893524343791616
566130046
890762745020166144
714807646243700737
724983287492534272
510125145
934742396205547520
946455712263061504
736964553532047361
896956918555607040
330509973
836727988582563840
2489922715
929018975266263040
939353444292313088
4451958861
888412328110182400
944807265164554240
570867466
901419223372636160
912177356709572614
901351622105640962
750462328664166400
839032053203152897
901505618392915968
835676407665602560
386385200
350285090
3978043874
4008390124
4008204761
702232575386001408
237325424
767442561065779200
731164510489313280
291612075
907589699455385600
781506836432322560
910332071750619136
808225507745603585
2225173962
4730134000
702498402983157760
1944696234
929948320159580161
882292949232627712
831372885281427456
904226694206169090
826299425421139968
3168830445
306582817
428376870
23108850
927896988720308225
3379407430
53324986
844851511951683584
43597075
943373860405100544
912510372912947200
902896674829352960
817911097
900571185720680452
750819521364103168
718509191976120320
826191617316909056
1155615906
47093037
927258664452349953
3315581762
897212523996475392
919987638576095232
917452784533774337
923451398322249728
935682840301158401
817753898169430017
2266133109
898075284464820224
944942319811182592
926228172709937152
853255293454753792
2186729409
1933770961
942333896917741568
902452581015863296
2986817941
907267524001013761
895274407085563905
906415989029343233
820210974481412096
911059883537002496
880065510074982402
39283326
2199831698
3337630210
2956132458
2897232768
758385993162625025
908779368889163776
869927513023283200
945941931271454720
918813154259464192
3289453684
916649627809488896
3066415365
758271642304811008
556066132
942301273583439872
3078942992
153822619
779739593243451392
910700973143625728
75330488
841314011606077440
4819393990
909933621816983552
1183476013
50533042
945712897942020096
2373542576
943517989474725889
914850386409693184
715504782354554881
523451893
838982309667880960
772126238420774912
727614475336028160
2761847679
2793715899
2922521448
788533204860841984
910567756738715649
928548163689910273
930400092049129472
944266216302026752
943868982863347712
747980372856676352
701117370052567041
596815797
814327326452445184
4769400089
1341462944
589944456
896183210693976064
944656161311047680
929384887542415360
890559241156743168
911707650844352513
942303761422094336
935534752152543232
928227789601251328
942819085615751168
928921370175483906
14763734
910922250945142784
939518595242934277
876136223743541253
151239510
2688467098
801647204154871808
913517675023921153
936740681028112384
928254450099142656
875280010877296640
895374692902686723
117093783
187478048
3917162124
82246748
902881352810246145
208093375
43112319
864851749139435520
717072234054029312
863458443503349760
945191392225107969
2986747256
937945518059094016
2985570793
927895025970589699
877703773862473733
944438494352437248
944893411051544576
777060679299858432
393132205
2870342890
851623144515289088
898079102212620288
888037870933495808
943882768127107072
2939007541
936232927263834112
941146487601467397
896980401058492416
899470855092097024
2623640399
872780316607434753
791920705340182529
2186193151
619998243
931771679843352576
942323833154912256
376114093
872731580564942848
855221957666590720
2757887138
931898948414971909
937981786260258816
924478452790472704
743808291843637248
888423525173874688
903173865156653057
877918273920262144
2252864292
52330426
718799630
87016293
2646926532
830105452817977345
894556841283264512
709278023975981056
18075055
331891750
2482873057
4613390315
778918255872311296
1852544768
496588595
782934657289457664
938359338745323520
718432215290372097
915866895550603264
3011206740
21894000
2854306598
297533882
4803677716
827642604233691136
943465930037661696
2981387646
3314634431
888813318193983489
846908420875833344
73039079
3109954699
897137382117392384
927083019915030529
940625328061366277
902005769662431232
931504859550855168
876005548012863488
927805080882917376
921287784534392832
932538609659396097
854681641842860032
939420702159003648
904299513711435777
852114607095283714
936927163252580352
870677067473596416
932142862879268864
917846398350921728
917254846457057280
4530621559
904289683789594624
911635227172265984
829281969745838085
2985092002
1235589654
3125465939
781179153261268992
928273714130534400
741643169922732036
3255277128
1139409679
2769266558
843281684980293633
891247671435984896
880499359883841536
898185223636111360
2925474510
496363717
2585357848
2467160324
585506928
897705463948730370
898631703375126528
883252878349041665
2433935083
929340270331682816
915636687342067716
922882390610997248
902728461613096960
898629879096201217
777131193196171265
929865826202632192
925754850373017602
935544219266990081
2781691536
892015620316942336
874174287644676096
869790128218271745
2869179235
845328759595155457
2944749812
2910020616
167594163
2719234380
768463895929511936
771061591068536832
3262855290
2792814350
4516921219
807695639400316928
910902226234703872
3123468679
2866293342
880032690023538690
897839411693363201
940568499176423425
876131857083097088
2991780182
2578347877
913776764463202304
941590933291745280
854689033074741248
907400814741700610
900988115313086464
858684823816216577
928899607194509312
2936611574
939412349638795264
3906176544
839176717545660417
900020137725657103
896660607864152066
4728621001
899534257013506048
896662735286542336
870324419549253636
915587259428229120
1298602069
800251194648117248
4752916632
814800171540299777
3247519928
928926056081264641
828680403095527424
938874639064772608
900567612249128960
817704283944665089
875189118627700736
940631965358632960
892386630996299780
2604039954
847004988073218049
874461234955001856
939412122395598848
894866786021023744
426723697
928183679423209477
1607210402
2232002648
932538386224762885
2198075035
861432121969172481
863623044111183872
788260573712519168
896579627858055169
912776738
2517348293
569229676
1652245230
744847903273914368
734389552224337920
942486181433851904
711995975267581952
897148453691703296
874619860436779008
184383206
2414609995
856849456385241088
942716312706568192
817488378677592064
2996977682
3054752042
1860177644
3002767844
942754965528895488
2764598168
3013038385
920309032543338496
922347549876465664
2744919340
2573271489
914866720040521734
3190021280
4105629035
4783575556
67099242
912882750809571328
766591900367237122
788695558156201984
858919751774486528
931596336050216961
2886226879
2453483893
811657818570891264
761995306309447680
890213491394703360
942335368925470720
915426050913427456
927782674051121153
909788982774345728
929020614282682368
940040997060222976
867673592775008257
907953847536050176
803054786224361472
211292585
887295747821121537
917084527440355329
917714520352604161
847772858373873666
859119535764504576
713373761366532097
929948594345410560
318085490
939480934704910336
894993542959038464
872055425545506816
897486496973717505
3178292455
811131909082415104
18583464
793285959236202496
621926443
864202589608476673
932896999749251072
795811365629915136
4661278332
706915970
906329629018877955
840554888824262656
940457565401567232
918292403529728000
887263865372897280
3146612431
236209683
860148477061472256
1647388843
901353550655172609
4832509840
940323519291904000
819923946518646785
853927875505815552
756805422825152514
1845027288
925848392646893568
2196440868
893639060325105664
920111750
940720603149012992
939302420118691841
4875158490
2183226494
734659123841638400
4553568914
868162164
867493253595242496
732871378769039360
850715185170042880
1006254296
2191771632
589190175
852740302183907331
858297851230773248
878549640118902784
433956187
729386772610879491
2215493827
3084412662
3157071314
932892012675719168
881086060247236608
750315633800204288
2575274842
933736143312572416
905269887916019712
704476265
2531519882
738093114636664833
3826890322
2420028964
2706926753
2510714202
2446926626
2603001246
3222197677
2941784677
939965405648605184
3181368526
223615309
2258783034
863020117273133056
2595719606
923912867015024640
3457809193
928178664469966848
930027867345387521
903315992851382279
881540774458007553
3250943641
2404172494
762903348764958720
927204248693088256
774133248586715136
861767620072230913
929669642246746112
923739724581408769
2902900387
709018514582081538
1168634580
928284546927353857
892266341100605440
932602268721074178
3176646124
937136175193530368
926568875881324544
72027336
4637979527
914599539029549060
809692307029168128
2978559785
793134212048191490
2922576154
1713417312
842607557453611010
933497182887354369
2465611435
903023839923367946
899146450667319297
4921371539
891193006170177536
809691263612100608
1941801
9311592
527885749
862019608794058754
1279453082
2895024571
804079968863064064
2356817970
19828767
965940469
855849089522683904
1833512430
933669358525734912
4518910163
2699830164
125695149
325316906
915507170182971393
788089375754162176
863060650783895553
250260375
928281673833345025
910650726271131649
3236053061
863146055650738176
2593201704
2978239382
3081910580
736045312087851008
361181996
758261777050112001
789188241396109312
382089075
83801733
3325742521
766588747219476480
2350451402
1724124535
799775658058596352
927439939305795584
3981681013
3195715148
405524103
20846517
75911818
905328635095031808
916564669439008771
819300896228147204
213831700
928659570079272966
847748471306174464
4869660832
2333727691
49013625
2613143381
67280012
65508491
459680897
4385632996
316578885
911299982505979905
241738742
39795718
1428013496
3106265933
1344790086
3189086780
887319779488518144
539215802
175803549
2395435762
846083977169588224
1271702706
921418444439998466
3624451457
1676516330
178555145
240272522
3164578046
2889883822
894479395976617984
3307773070
709028051569475585
2810103041
363088525
2646387146
892095747650457600
114761840
1682860946
51502442
2886648994
902114878068011009
1632220008
932840677205004288
455889588
2875906957
905915284657197064
91093106
836343357601427457
25359106
897434712284827648
927143434032418816
2577407773
1536488724
2975023707
856783987569766401
43784863
115604864
162482769
3754832597
927979310488653824
294672192
790335437202042880
3216913731
205744330
917979042
2666317353
949545120
906431301858713600
3357277319
836549759351455745
914522900
1324775551
1245355310
398146675
56437475
298924537
906905828225101826
1462317296
727860983041916928
344210721
20297872
923740489689501696
905593528167784448
247468404
887421659854065664
3666534017
825506939002044417
833864688702152704
92576105
910083875610570752
829735775373770753
2257084204
3833171361
389528727
919285885375537152
702879752193974272
487794619
49444111
921762517096964096
355216744
830028605379866624
922502402787434496
3399831988
539686474
2256308858
870761994445631490
830008406
930158461899497473
2447499966
1683586063
836542229611044864
291831562
746098895315361792
855063599735349248
2161953938
932671113095712768
3236610126
3248338866
783382973903241216
4320626021
135251922
2881377238
492991594
62249193
921060190019080197
927970725641691136
878558391748132865
796445864579371008
827381072929267715
55552676
88535276
3276992040
2396424968
2608562541
2568345620
36634655
468729076
175395945
3416165445
1551211375
2356897700
75665523
799149061156679680
760066963343368192
886941888753930240
4431865454
905530314
894406435743948800
3334298457
765834161047281664
2283285965
588182032
191383270
38949068
905105194719043585
868824212512944128
918521864149962752
923643801079635968
3861026591
108705185
830923800
807826808309620736
101487608
843509842996355072
893546750253903873
3068790141
921397451046580224
1651295323
914755659291414528
122166624
876216649845805056
3287402773
3348058737
710962848571269121
928639720153759744
899171838798041088
850804968810364928
880559887671062528
2734280479
94543760
2996281582
416573164
832089209007636480
48487400
890959578460041220
1892312702
4321672752
3114814668
2867018512
3307397045
1219337942
270211310
897960000647200768
2328759382
916395979678433280
927571333512417281
253516917
912633193534287874
910052347761516544
913499841589923841
896158685533220864
924439400834101248
383652018
902528827233931265
243799287
867423703348514816
204860429
887180083244417025
581123612
909538729035010048
816147676408463365
2737525519
4599865579
909365688040513537
909757874355634179
905283153690066950
910565497531277313
900981244313321472
854607437139030017
852548484754362368
837899188549615616
3017591494
2906184297
3061144981
920512279556304901
706101753427591168
1688997252
363189270
4643296694
860250653767213057
877174207217586180
886619989469532161
810405859880620033
2799510485
861275214382071808
838818399358607360
3061003776
863201014781956096
886191629031395328
900169781315198976
869548031376601088
912539596629540864
904691022789099521
923129116299104256
4574807361
917006397501517824
436811151
863200363092078593
896562603001921537
880319708561637377
897326947252019200
834387960707633157
835447174590689280
54210686
3919103543
3080553140
870179192104787968
870095402040791040
870135176797581313
889422573645246464
863672610995023872
37016781
905265361158897664
799241560520998912
726979677953347584
758446687220367360
814068036042792961
739804749801922560
1317081349
901844742337470464
897480134495674368
795268905602191361
1869058092
2485658305
1229877834
122490764
916558960190095360
788658989596672000
920295427555041285
858516111410647040
875287563619184640
875287053470240771
914758789097701376
863476018165755905
883302606508093440
832621247154397184
872248744116408321
817283026283425792
832049378156126208
818813158538104836
808584276602212352
891586400826667008
904529623148404736
891541993603686401
923866730199269378
850699730346573825
850307091915059201
889436857993482241
3094574464
909088979399491584
919390473508155393
2874062469
859465903758385152
849245466575331329
820247156191850496
2663042329
4772429664
2874700275
841108604862128128
2920686840
841098154862755840
843373145994096640
2203608778
846703052191031296
841100526846586880
3031184187
896339000897568768
888215098510200832
841101228327157760
727865323249078272
875284072691625989
841101889873760256
726683119261212672
726469603816263682
2943648028
2449324992
3116456960
865183565595783168
880327693144915968
922796153854234624
919828853668814848
862015323175698432
888981122633400320
1473513726
809358142890872832
874176740654018560
910135313950941184
2734953286
898552960321335297
3191915191
893161748617973760
3009118856
823172294851883008
3038919416
539680925
2935901544
3106574832
769959835127386114
2991411570
1969630836
112837851
767619531401465856
767885342091403268
1489209312
3283288225
828013519819911170
917710028802449408
541339428
883386274995982336
820915974132158465
3983928853
846435709888147456
884789454631817216
776667241395855360
50463609
925360826
894469024955875328
1881970460
4496174893
916163636304871424
896724255781474304
915899520831053824
809463572623302656
3358851340
740809205444186112
807959139439800324
817951923626196992
847777727486623744
3030452571
877396676088135680
1275331532
895283307805650944
2261119284
917018042697166848
2772144096
797139669448130560
833630185559904256
729317762758225921
1479141344
905489792842031108
1604452820
396430793
2586834118
1083533310
875046079171100672
852220040887902208
2736666878
2819619468
2894422610
873556198959620097
794538019290288129
796732394028072960
3278260933
2974135152
2987211373
918696706669035521
919559973507448832
900719828935245825
836912540995227649
4650758924
872392722111483904
802418029187436544
871576348954906624
905354986371948549
915588573751062528
2940771422
4058142620
904293629744734208
858592631776919552
919222876053663752
2891964106
318082357
916081854070980608
781910739481137152
243294632
740059788046782464
907622813804109824
779489400077950976
2680472469
894489814162055168
2271543909
868264915739529216
350835343
2909806519
893912823574802433
821305748764274690
821384586248732672
3079767493
703556580122361856
4642184659
3012932490
727866807147757568
726471882741043200
2861976996
4887893478
727401541754314752
727869142859157506
727867877441871872
886990758510592000
727760082889547776
727759162734694400
35719981
1669435974
1092188078
3050130792
917748859731771392
738016033747800064
1004876916
916647662052610049
3076441093
2989095952
166501881
4409270961
120036324
870870712151625728
47360358
1561687525
4876239033
540681810
4329619829
888021727371902978
907033101460578304
18921488
755879076649369600
832209920011407360
889656368743022592
2846884924
872396839605194753
2763617073
713190696602066945
904309862271733760
545102661
900362936874549248
3854038335
4720769778
126075596
891333811253911552
182882311
388093697
860209225720487936
902551933122052096
846665437534289920
848633601612795905
904947039506542593
1522945123
812022776257249285
4071252737
873534120575606784
538742014
848724674934714368
538980491
1963850396
18898327
258834617
287285192
890608159001255936
866250208505733120
878215311257989120
2934708133
2721288782
47472536
893073906185232384
815416263786668032
394209100
889533286615220224
3271580362
847014338816888832
4915639327
871949089944031232
438366063
891245956120944641
1499899832
262267551
2434694401
2610504775
3863605355
760080600980131840
841955189091364864
839679358491115520
887382083986874368
3431094683
4455565392
863203771777560577
888080566708387840
30917871
778335025926381572
1370961769
823245574141001728
3309054936
381679866
2774366451
897329827924942848
949707872
4058365273
2791451110
863011310761426945
3764803115
887738970385395715
3816433875
3127730993
276093857
357768900
2328619916
2561078140
117852356
105970392
2651653098
3305806493
3613710436
3699042076
166704944
3559706848
2942744067
3410445827
3436820613
3873094762
3384936418
1588347176
4235727012
4529113713
707755232680419328
2438986164
3438810364
730941101968887809
2656983182
750425180988645376
750750707612024832
3108824854
749459813684408320
752764868428640257
756558643978440704
4005980113
101064252
1626806365
747555016517521408
770739572888264704
2342156971
738071896667922434
774556904362274816
776201781844054029
304216673
777823718533959681
785194043840065537
1120415010
2316361412
1241250151
161122612
789197365026627588
3627270514
4785885101
3106271073
719625677578899456
787689128100040705
785205768027070465
765695222428921856
807693808741847041
788811380610703360
138035348
3335918692
805491040086065153
823853979918602241
720270652955971584
38501302
785964529972678656
769073393887023104
1342509954
845713890025594880
828504017781219328
744312062810161152
252604777
3167095738
844809932746588160
77981123
4903330799
770189831532056576
424914513
2766768008
755469207312228352
88558767
1032400574
2857595215
1317821952
748711314
19845100
876558652295061505
2362082796
3174225147
882353552240365568
2311623008
734285647
837883403886186497
809717787740557312
210081302
886177095969374208
894289501933240320
155629096
3243836962
757207885709312000
829198608171925505
898581650119983104
843973369435488257
847156339327537152
3013380548
797142531733590016
883152742210031616
816710172324331522
620809624
44197057
59924098
275415306
781398992441712640
394229534
396698077
878295366604599300
2283716100
607900242
1591290853
902327708767723522
3300794871
1284934224
769238169384550400
35099519
718381451989921792
91267688
288224214
3845396734
35828529
900542107307397125
728092664705355776
3401163209
719257910174466052
1154997330
20132655
112784425
726110544336437248
111698159
884817710001131521
243058567
529255549
784721479976022016
883029114185285632
139974630
854168436947132416
2750568162
814097742117142528
2651404654
2325157994
2177537796
744891749177384960
896182290824519680
818818086392516610
738103297991663617
812264784456318976
805265448
2779311388
3006680892
882857770608992256
896453631335071744
261680103
758455929306247168
893406721468715008
90661198
824846052037529601
896449185691705344
420062670
788775195825868800
2797072021
800247431824707584
856539823531806720
2997283178
1092303600
713403472750714882
793483201
26524171
1244732708
4486329994
3473699896
59005225
126409132
153389491
187359467
795298187221364736
760743892832563200
604261155
551902376
892196606816260096
882021438307172352
48662259
90570778
1655668590
753870223946702852
13736942
743403685221400576
746916014
777556966143102976
854613034312105984
17050156
74347842
62052765
1724205870
2778655002
791520527634403328
744289702186999809
86847132
361294831
881520891972243458
1063683223
730647001797398528
49138602
2305228047
2645389037
893252596785455104
3196292605
815521985832697857
178533201
2202380756
762856562343882752
463294936
715955825584562177
2206673993
120873942
758569832451190784
618628823
844910385459290112
118195960
3835337419
753313621942337537
4448844105
99502253
24290265
487924045
328691962
333016650
374585511
881534026120663042
277648471
890741879951765504
742038964543082496
94351359
3300922546
748670034
3230252059
757762468147896320
123068232
887186610944565249
781573979010195456
950332267
18746811
3222852319
737627654782910464
845355938622181377
838071059081461760
564000560
739831825
1553094458
209807187
2356941499
814437851442151424
201968569
888795895843749888
3226055187
20836097
164515206
842102703958368257
225695040
517994061
170507631
4872076323
278975121
4060918168
878087761131188224
575676373
1347947466
797060826825969664
2828043572
2868663736
3436588672
748204972613971968
3385633337
14888689
709518484909256704
54809468
81023785
584148311
2159765580
3455772029
1618432957
822080166071414784
2790462075
847768496234799105
54795002
871498391754166273
396113098
1255773595
855198270808838145
766352152876974082
83014184
874369220821340160
2920234311
3229293248
3017815178
865959632585367553
35606977
772770891373641728
716787224688402432
745931157972357120
2671028510
4847369320
4674466015
199754274
323932530
1265212496
874652105616875520
129844780
875740024117112835
3295531816
764826307091898368
854716234742550528
838148858563735552
737582080964493315
2209592418
25713849
2430564295
843248425013596161
2379882545
403179950
174724042
744603572
2977781385
2921442848
3533721018
374440560
4732180638
2379995545
866762410241257472
708134135957590016
4860975904
2842615187
3317809823
748640503
791847795514871808
831770490448596994
876666207864102912
65898423
859207742489276416
3044537835
841068588324786177
316561923
188687757
21094301
227033781
742936950
3011121187
817892797286154241
734274301
2504621990
344287833
868416748445470727
124776946
46227289
756663138
4000174512
770623385650995200
87327779
3310264365
2755560997
919122482
954828817
736536925
874189292175855616
4436975543
796066321897324544
1686543487
3317371229
761566543671128064
47920778
861259238781456385
3312962243
765206378063466497
858869988647518209
35213222
850346321693114368
735989530218663937
1020857448
33926727
119605179
865670671959035904
867453948776599552
26642035
3734062812
816713657996476418
3145956250
460295516
809681268547944448
875664984973479936
866198982644596738
869588211282083847
540518318
313016199
714294302621376513
852352465525776384
993758797
958683282
2859838855
252300935
2366371788
306908087
820099223509225472
828864791028461568
2802160836
793918292826161153
830770998714761218
852260507868213248
852257500942352384
862116736639913984
1385780096
710236038917201920
701849940809662464
214589136
867114668384329728
736485466434719744
842859875776442368
849979173128949760
2945767950
2921682254
910968402
4034562973
2718639853
482158094
2927425855
728034253041225728
4599526050
2572442850
3120339589
811488141261606913
2848206734
2842213120
853497454871724032
862098627434512387
815033210413334528
2886793506
482457738
3138439331
88621782
567430019
33438815
567287640
810360588295671808
3355247174
2875679335
81291192
2991948728
206232082
839832627444072450
18555415
331398398
1524877310
701431606922375169
860523789473300480
826564684480286721
828264471420346372
859369229916753921
2768148795
3439317010
701944486880870400
736591571999690754
3868720272
723784119998660608
48531274
26493482
550299393
867709349128548353
2357315426
2193939944
500620169
841706299767193600
116009640
417227541
4192325603
788093935864406016
2849473212
103947694
2734689595
2439864020
2814243870
716615292001067008
840031001107693569
3301856247
2977893591
800693335794929664
863500988648497152
580857186
30133437
857693182561267715
853502314312806400
769898410937679872
3021842955
825446021081739264
2848182112
139848639
4878327592
830452995934543872
701921933437218816
394043912
2881695195
42830549
316627584
2218371601
143377881
843407198541791232
855476363691732993
1834990302
856329678709293057
571700886
712373441417121796
2218368704
157836806
289176806
4745874224
2468990754
779400094055559168
223261463
723202530071613440
713721447382917121
528064884
817133215307665408
854138038192144384
1044661212
338007458
3168323982
122985000
831594730068795392
2354597778
2654917698
49518404
72694672
842051970
742843783725912065
3792290725
266739563
2883299727
21570953
53441701
302644749
2248267219
1680996013
2573090617
3125058899
337272764
3804293242
88702470
270436862
2869056617
827242833161564160
185364125
81111450
2743219984
1120167192
2695974361
61744243
794891220229226496
821717797222883329
130717368
818428989475844096
763445773342236672
188929983
729637787679350790
177048412
848491274164473856
62386785
853260256410992640
827866590708277249
3333375659
324624698
2603951070
771032992806469632
266743222
1107197041
724929537046355968
843203644656902144
819134197944025089
3438410541
833389876804538371
3033823332
374667569
435576029
202215384
3224717928
462179436
3842889975
2720571343
122286770
811709080461053952
1292506428
306801793
1170058435
728994095461470208
372693900
3318076022
2432714568
2715992263
217749896
137705079
836864402146099201
725290846791340032
787280839109402624
157843344
322351602
564138146
2662775126
3320094815
574709417
853501090981072896
2739059557
77381164
1643488543
311679461
990053851
763505815894581248
300518361
801424639515828224
850464487756967936
444002860
844372279941304320
825450236118237186
2456301719
3342263507
2829583018
4719978802
3177163509
1092001608
2829428812
3195772062
272175633
810849144080334849
831100384894709760
1660786538
68104997
3955124956
1306762764
580295802
796368053042905088
3942027736
109065990
738873823
828340594539974661
331196922
76645550
1086307008
803258541670858752
2898519772
2889338488
54705628
3836533692
826980928803237891
4798768113
731612333257035776
28609947
850680979547017217
354827087
2246935354
50470300
3311932131
6421402
776145274918014976
3000989895
4795471405
115461582
3144725996
727130834088660992
1388402174
111629009
707503045278638080
726427730988929024
19089077
63324982
7144422
2429957516
781497012743237632
1913671255
356692870
4325975004
1076394487
37723058
2778721921
3041212253
2209581091
843812875131064321
538601338
772406410227351552
95188073
250235606
67735406
398330531
4063967513
1350259705
2690511570
631934633
4704826762
249457691
767898845799907328
3435000821
1911811837
710227317369540608
264972070
536087812
710308372030033921
21363569
54938044
41377889
197619036
1617049698
770658011723411457
778945072033398784
765185438663471104
840494230980198401
2291428702
840611005369581568
1058576011
3154139025
1142025800
86370787
2559891481
78827615
457618544
707710582921756672
14663585
386270039
2418377029
2202321263
845838945304793088
37404996
2608748951
814108942766837760
2203881937
3153122011
3474889757
711288979379920896
3073284309
268906411
57497901
2665489905
831271997283897345
3534236001
618722891
256174941
700687649426673665
2379700903
38282454
104674131
4040665589
735723034347069440
4202123974
3065972386
713645128297029633
832764331141967873
1255317464
474073938
842987505892835329
2715582701
498392326
721686143717089280
2893075037
66857869
2257121711
1287168115
350593129
2640662038
430651416
1563314262
822290852173074432
299424497
2279320206
370074422
4865253027
2199200424
819470711030808578
3416844553
770704718939230208
340298107
380314474
227123719
316120545
3426393862
4515315155
568794369
790050747295625216
18266592
1035854588
187222263
65623871
2180214168
2259551060
829400475032096768
1170313681
723172447323746307
2961327245
3095534937
3976034119
381861747
2394219098
1917615992
823560732520435713
857001662
2762979628
1375239859
807183036731326464
514406397
209207032
2226694310
472824526
789684362807742464
26125026
310927282
833608158136385537
785829446188171264
866504532
80252766
17208466
14116807
57732270
2256882072
93418087
379759273
242188417
2841964389
833847132020961281
793041217202290690
1939038464
142331461
273525474
3329329756
25458378
2845897565
2416570378
780701813825687552
711836609876856832
2259236035
2899660481
840644405816094720
1486452487
1511338788
764870417513197568
840340669
136674918
840273552007868421
534815005
2351889379
130913742
2805804200
475119104
130231931
4633852948
538320601
492645048
748546427182288896
3773462181
3351031931
331664110
2779417764
793258811209515009
4443514835
1726525862
2732848786
424664120
486380082
811275351175430144
3795238812
742280893469839361
1118733031
2844667847
833582758043729921
732706693029580800
3343911071
4112785869
814223039760134145
424711422
829358668097396737
3225469931
805378146539339777
708073325285797888
1065948974
365776250
3084708273
23726838
277949955
157222821
833122304951463936
2465269326
4220585003
797857939335815168
760790168358031364
773719169904893952
2533670383
4203959861
702252585948938240
834967872178913280
90650629
821120729076953092
3064664219
2870826863
754891563596079105
834091015430627328
1890620563
3154587851
767681566512480256
548157959
5676202
817236999606300672
758142895580782592
353071717
833918453484359681
4612461196
595179319
2735072517
239135509
785390054495707136
758658537404899328
2610938700
4892079256
3319452874
1381066872
1621511419
3376816337
2923183872
3045092890
821183852408283136
2291609227
800868165873963009
786103921806811137
950477244
3219104389
737496125528145923
2478045313
381773324
2298192230
1089535657
745761593665982464
3352530665
236457548
18769788
415781653
1643909461
1870432561
869237113
4700533358
3288084386
3854962929
33372471
259372253
291926260
4903408365
31040862
826741797992984576
2184100284
734900393507950592
821812825223938054
2350946252
832562489078452224
786003491487485952
819316595390644230
3191997421
290112289
720372129158418432
819954139383955456
250569489
453461818
809979277374529536
392191266
532765950
316557414
25508986
2544678534
1536179851
3438943792
802298657714372608
4876876679
831572794978738176
2160080700
71074656
724826673896669184
734560066171502594
3983109497
3072494595
769573643395342336
120857970
726789339426902022
824582710345793536
17947981
785007909662887937
232463343
826077855071223808
826508969871081474
2961073270
2434742065
759915037691523072
788646856863649792
711364180222279680
56770365
811986813598494720
762003790409166848
786333346699747328
1894807314
107144568
1959914028
727130698021261313
153068983
303257581
349218010
823014138981089281
2919383335
2778726798
27086951
106100023
1585248656
3029049875
3130789637
743724367125712896
2857967952
16066655
2904931027
712335592218996736
134572878
306481876
2894482948
729680852003753985
174367812
437774410
22256645
793643737
3021695749
721245434354745344
4155283403
2866795348
826836323243810816
4206212656
800340055311028224
2905785756
452436734
3319712885
731128548702834688
1416280112
3731710032
796138098732187648
2906301805
3161509231
435667337
2546890032
759644033811558400
75051887
3926730203
753343249293664256
3194874170
3690417732
3124154953
303456833
406488848
248661209
43114475
386607196
702459660255670272
66517388
3250278510
185397767
814885855114432514
4251663499
807962910886653952
3009256211
1368104581
3074958632
2375354936
3092794386
482190154
482475415
3003230033
3330023572
613437955
805909068019810304
54342901
15919116
685513
4637301255
3345989931
823905
814620214738485248
714983041345593345
312969473
3331850139
809381626581057537
3040452762
184963714
780124990624653316
369595908
729384078286393344
822256762661249024
456655261
4138211777
26037739
24236494
788983145890590720
3450282194
61268528
87416722
25048816
802499929218416641
42793278
68958331
49575596
92507493
14055186
17208832
23734018
97250532
2851434473
816232881014054912
2268438418
2867472835
1994321
482826339
802241664471416832
779369971201736704
821145890035404800
161789286
535677385
3946726282
742717854089416706
197464628
3027052225
2588109960
60460967
2735266819
2843411121
2322723667
2778149340
162370604
1683713167
808023841473777664
714467586910453760
186197243
2803775858
3336773267
2617205312
818249031197585408
2375220529
2262466525
603348434
4639344205
309355497
241803285
2903123406
1924528525
1114855680
732993565400420352
245823708
87248812
817655895836475392
810818692057473024
114756559
727738905324310528
2662849093
780979357699432449
3107027765
2354128850
1351799600
3092443319
784288600833744896
1703499732
4181654535
3982721594
476781955
815990349130645504
550805728
796559010426195968
133441590
796422730346332161
714097699365068805
3303418125
3308646723
19803080
791709988410363904
263775428
2466269778
64917611
231642161
710535609761144832
170404126
3119786770
4259249053
4550717541
1034629891
2210652691
1950119162
1045849016
1089982142
1252135034
1699605642
1708104776
462487731
1708519220
1900408932
1506468157
814594450034950148
4890997629
2472975794
749952350
338911190
104596824
779129654573670400
1421340528
803778709807308800
49103632
21706753
2609829054
3518526917
788648027179274240
714457421704404992
704318336562167808
704598399551565824
4063839134
702517746957856768
714459912907022336
38746756
41044925
224322161
242534726
2397130534
810737638529449985
380651824
28712917
1545125012
712258113236119560
353702606
807766847198269441
743856512
62713956
370258371
2340314404
16137743
737336983060664320
4204528228
807243988629680128
19976004
540532906
3835425333
800435579372519424
1487891636
775000959118213120
345811633
221452291
73593143
43042353
564686965
1152279248
813075014954192896
993819204
738767160395321345
790735038
382327998
812953572287676416
224940210
36041374
1869048450
27856959
17711232
2174537102
2348997638
809027322212941829
811095566847447040
750621135398731776
973971864
734773053691940865
4663526480
2512771254
68440549
3050484962
731161968409726976
801661944696553476
4551087073
809172333776826368
809427600439386112
805854770179280896
2387921286
522468677
15066760
501500898
87282944
765045654758445056
472967330
808000025800404992
2786372440
801574816667103232
317393966
780875363358433280
305936713
2627441262
20521192
4724368170
721177782546538496
4352363215
481376138
769166700034088961
766739225588838400
811284041706119170
3774082773
297768628
3099485283
1368491820
2859061275
334719899
3368175538
811142701588631553
779115114129686528
776174582051004420
3111790460
378951233
4064008933
701299086088011776
88900203
16789028
156846206
4027189212
3094958964
1843112437
15210670
2803580132
1872932455
346269447
70483260
2517126864
786614287045316609
707627879836872704
762881258749726720
2934810511
4765281374
749006132740366336
613497601
786329783651201025
808746931430289408
3638422220
3198073640
630520345
2917183123
757604616947335168
805655050794237952
774367912186351616
808168329760428032
716246930548998144
713108065143238656
1337883535
33509743
3117164764
184596625
128044290
42790254
731007289985880064
2317776702
2534236977
2525592608
3320068324
39722794
538609496
806996532037877761
800834884654743552
3865294096
2983807038
3357411279
484796656
429171916
4266811703
2838658081
35355935
2774914234
286417078
184360070
1347749274
2292488509
2620311518
99564989
707885995476312064
760750902269480961
3893658973
772934620362964992
3301800911
344819564
3317940966
2741867721
28759112
76090435
83001152
775749931201986561
805903117644611584
806496028606296064
2682013394
2190527839
16955870
3669888689
769157645043376128
39796686
774173985722372096
42526071
2879724291
78326526
2571303745
3298358375
2370821135
3143822440
1697699318
790717185597538305
37914958
419708730
508870740
3402119841
18025438
2496032305
3416643196
92119190
296426147
91673645
967087344
2784312955
3381679853
352600670
620296965
2742118754
1163128214
1421495462
1063136004
15704958
3007985891
71330454
3341234925
1863905994
779394675366957056
752545015268868096
2924593731
69999577
173851898
4374258373
4503855148
3153931682
801565924964835329
823893907
259132164
442414619
1098533610
2379298746
330498038
209673903
1463880866
18431114
80823716
266861485
82606148
402874788
56280738
262322947
545838977
18393196
2835707324
380879472
47897905
41115798
3106968507
768272909714526208
2552792760
123710016
633015465
149665515
754796130941231104
1894566612
316719302
609901685
4012294648
73921043
759244044195233793
4048102333
66531319
778100764107534336
4113794963
3063700380
14993272
3408419832
827269849
1107819643
2455850755
122449640
4333362556
1881034922
753140974734290944
1359040722
782895930450309120
2978208783
703661371838369793
750649710
182179968
19916163
346924655
2365699398
781624052800774144
2843894693
156420488
797177740994760704
2572844671
3241369799
4843058350
714463861340909568
797073172478722049
2910814914
125512325
33872775
788819181835808770
2890250412
3169079791
335034830
710289868753145856
323158569
4305088097
3040105755
506018098
34290630
776961295895715841
1452341562
800663185
4283721494
780485294692925440
1317453974
750101429088550912
632157129
100065631
718524953369452544
3130731453
770013328336879616
17850785
4687747646
776504133587181568
1964215938
355078523
1210347350
973889922
198307839
297529650
84201178
88113959
122047904
2175213942
2766320553
4229625748
782279355745628160
193237332
4524902667
769672967202693120
629598499
788491657217847297
454061147
416370934
766115646656614400
788748983095136256
562508367
245433527
3023472333
2668654319
627881016
435099091
124143742
176580977
754638240750137344
771824210679361536
3328294677
33787936
2435935124
615900983
585874855
1406130006
1945492777
93055773
757114237
3301988652
2359988119
2752191988
18665800
765618069062422528
730871926730657792
1380740166
355445976
983116326
3373232345
105208277
4719519395
272889656
768608141563011072
773508209671888897
4209715514
720416175889391616
720123529983881216
211658619
731646872725651457
2329378046
3145908244
84740626
1415719508
162611402
397998902
4401654623
350509998
44415757
316558099
1652865734
4690407920
1727779759
2951702530
218122988
15458694
8963722
2399972214
3118516115
65716459
4855321349
73540679
16817883
23995748
55936283
844766941
2493246408
36048046
26308916
20693661
181596806
2788896414
458821441
63219690
3158956701
3281500212
59771262
1968771350
621573
302671126
298162238
302727349
302690890
2780215928
3202240331
613201548
2832697342
768048059674718208
195897346
2698311206
287750109
714588169191223296
28657802
77733517
502516310
16958346
717025355349905408
219329259
2273110250
730178320478965761
41621787
2914239341
4927643207
3390415240
3740165117
2834181117
3126506316
326944400
872649049
1122224424
718106792442474496
3023412697
2374149744
2897185620
731886589941403648
3981467240
4222404134
34155255
3080217116
137885283
4124678354
3980906953
4285353973
4285046958
1939065583
1908017540
122389049
1283533878
190774889
3040786026
730174545714397185
2258330116
124844490
339733481
20553892
2646844122
428525085
3420190456
537838871
4851362277
3535543216
4674293616
9638962
52142592
2372202460
251732375
2250171943
334054368
3020872461
50894635
763072498091040768
3683042412
22275305
310449919
946749721
3166459743
4646663235
708707630412374016
2157550362
37649927
228501162
164727180
3220186151
737975573905965059
763450129718374400
4534189278
620788291
485236971
2722294315
2157631820
1189678200
49684588
4172587277
263884490
30160003
727598711623180288
3092626685
149760844
89325775
456178697
314502124
715558739651268608
3046916022
1154062494
1557315432
1228127245
3297270551
444940567
26391721
834208903
230818133
290846294
125400714
371366154
2943093201
3111935387
22872308
384204208
199049909
749182970376794113
2571514538
21468671
252355194
3571535183
208244675
519784898
1634043854
3305757918
332474555
2940068100
15566901
25087685
17393790
123210458
4578661360
56254243
23674342
978908012
1582853809
2959459379
4777108129
134857150
1315394431
2956349465
546358066
1648474652
2285197369
838481725
19693986
3041888431
285443624
60704215
727715391296942080
732073604368764928
97082874
27073265
520693569
710527256964108288
3410284959
3004211085
4170518423
2381183066
111436709
35921755
275686563
26566469
1879780639
4859240501
24569636
3091373190
2553151
479562953
53210455
24365181
112236047
702125115421622272
164467724
2582764448
2585428700
112431571
436171805
3317421679
376502929
21237045
7309052
19380829
1972799341
13058772
243300322
20050574
3010777026
2511298669
115827236
719587455070900224
715825464267444224
613440717
613462470
613617582
154539560
120186733
113146416
2890359733
351957447
96177667
10937972
80743408
56401878
937187528
716386385859518464
2726436766
944771214
1056118772
4273100052
16409781
26541422
73147282
387831555
1639483992
3145373241
1489703012
37391190
4421117535
2522126634
129051309
16232843
605805760
22209176
2963983603
24786034
378205013
15670515
17093617
2549016857
383269821
903984985
12299242
66728007
45577446
80681990
95731075
17874544
85426644
47612389
2213014880
203307838
32468665
436873679
17579948
121817564
121230985
50090898
93711247
243381107
106837463
2142731
382267114
74286565
31311757
2459371
14749606
38679388
56505125
3108351
130649891
50393960
79962986
134941004
4817965452
20536157
332308992
1241932476
546135292
28364532
2990686997
18205819
17550067
15947602
900348469
62557485
2238481201
103948541
1862187384
177023460
449863488
16294897
43073357
394719818
546238230
621971059
71821020
263235470
515773610
18060324
2593673586
426970609
287393062
325110977
113116197
248666309
385440052
1166498990
1130145330
1068327504
304127151
1116720745
68712576
2781740026
2588429768
1568871240
51588583
865339814
2253355381
2860523680
25406574
6017542
44376159
1284766315
3362904297
36751573
43452704
37675357
95748202
4090190841
16444343
128117064
736500518
334358066
851361596
713565807847084032
1416378932
731416957
2260288040
1262776610
2927206450
81716466
566450078
74756085
246062328
34930257
40053694
8110402
80937256
31394319
398056479
34287570
50008430
52898341
1436960143
1652541
784062626
369018737
3676915997
176489385
317134559
4061997808
123367169
27236150
73249088
165106553
141360299
2220385945
106714016
128372940
1540529606
506007359
800803620
2770395050
3166616173
3299325386
2777806083
15428397
21581503
15431856
46319532
16438248
23962323
19722699
39522692
273596716
19658826
16895274
32372834
783214
17842366
16228699
8283082
74563071
41909879
40914306
171483218
52460055
2900770030
141369970
244180928
179817282
44988936
538651840
305123149
64735077
37018210
51617148
747767893
34920581
67385172
46450116
59935906
35726034
50759974
51302483
44255167
75105092
56514986
48048483
403623277
124460960
55636194
350031537
33626172
349785289
74146257
2437579938
109112695
61292615
43349186
56184136
110456515
70650764
53831182
36426337
14149932
23532872
24989174
115754870
51550964
623943140
17473827
50653120
65992743
378197959
10228272
428333
87487749
5402612
404855685
239472818
46152686
241320650
60118220
57773509
17919972
268414482
21111883
326024183
17618540
562732503
171118728
150215411
84886805
19729600
16008305
130841549
28147658
121281358
15664281
11160692
8315402
29913589
1303871244
188290256
197872083
603879597
139104800
226967651
121166386
858638491
824479633
2405365320
1383084686
216698980
2233601646
2398350890
719987941
493654644
2668169730
1704351516
266642365
300450052
45664648
23654729
9722452
127905568
24523660
28606588
17240425
172174964
108326292
70418461
131949414
40382972
