3894359842
766411449119932416
7548732
292801277
14908732
881943476836990976
1955132936
874753247612989441
954987710229364736
2588109960
34988827
3134411065
14370149
995796419486330881
109441206
2393063119
719293977732579328
995403240316563456
959349781
3052099927
379962842
999193960605249536
961093911241469959
14828860
15455253
743103691381735425
900023164880789504
861934651606282240
10569882
20022211
886040836936310784
791929962123059200
829936604772913153
104947612
2447660558
724447872440242176
73044181
710864953670901760
25379492
857403216
3207431512
3179995669
1090748767
17850012
132392929
2548758092
2490094165
2223551485
38745089
754511814
1418541614
566081575
810707130
810707257
1114991496
1090368991
520172172
962384179
1055860232
905852707
817919419
792316184
612822606
558009831
236472408
621841059
635923667
637363902
41214393
401725297
598997651
46943049
355200714
25293974
486353418
496522196
478221430
457902335
443819543
440273311
442314579
404140097
414223931
427123095
426929215
418414892
367850995
320015896
354242616
370932477
376508801
358504154
364807951
272057315
30437422
350630990
338115486
271835126
170205036
21449884
266395981
81992279
275839494
90114882
17752112
239255654
241371831
236297594
74719193
17428691
166509419
66528160
215583066
203200131
208653322
23856851
196087032
201563551
160008601
46605810
15612282
179542193
153743441
18411779
15831817
36222836
73451552
142323544
128597893
20692406
95841130
155447763
60353869
145956100
24443590
57766601
114575427
19130431
37450566
34289363
126746423
65234640
83757792
19286059
14832136
16521870
17597925
125990434
34537273
49088857
119498853
125188721
24802712
20344756
46505695
19718583
100826002
18176907
119312648
86407889
116105865
107791930
17980871
36515018
23499266
102079974
14241375
17853061
21230911
15207713
24080131
95747285
107381602
34596227
27961877
74186217
83113887
108351678
45106082
18262352
18539631
14430060
15508743
17488225
107001607
16692171
45190383
46038449
17263782
24913422
20686808
40335385
95257827
16692057
56532503
104912480
24608101
12897112
17896886
89117490
26876852
92056559
49883298
96612025
99537843
15968332
87327845
67505480
95534465
34330593
93437174
93298698
51599744
85432977
84743744
55512189
83938851
82864667
20397164
81612702
80170568
57818723
21588296
65393691
29521689
20751482
44155558
14093404
58330796
61324463
16072907
59384320
59380406
38475047
20742622
38795880
53261495
18619072
19275275
22176076
24454488
44895268
44358681
31162092
17443639
18191575
12986412
45347884
45770929
19312036
34649054
44125567
16038428
18019121
29737380
15731751
27410565
24375670
19817167
19740654
17609357
14745164
18524255
20958510
17777458
18137724
17908825
15729617
28031362
18040890
17037940
25456705
27258012
26942962
16120273
15428227
25095905
25239726
19154824
21174062
14886375
15207668
14520944
23432474
18857491
20685030
18071434
18047695
17907968
17955311
17009637
17490841
16392327
16386887
15741724
15788154
14972150
15125135
13218102
11246242
3128101
935571
18308416
17338634
18109093
18099952
19348662
15982286
16949247
18791763
14344823
15727817
17829560
17094493
17173475
15794195
13673392
16711024
15394954
17078632
2704951
15730238
17993620
16042924
14415941
17926920
