2244840272
2417586104
21829541
109065990
2576251934
376592069
125128723
719276823809540096
63277398
18809812
911423856128266240
25073877
247981000
744070482832596992
78523300
19017675
902200087
1369895352
551669623
217749896
21386213
707231479047315456
226325141
313038011
471672239
5120691
21439144
164070785
4041824789
2524734824
596104087
1465565454
4395861208
3308560736
599110041
18953266
342894187
22703645
41634520
50769180
196168350
1383097530
732980827
69666298
65493023
1180379185
25029495
32772630
18186920
20118767
620571475
2853461537
38497630
347627434
17980523
16017475
15416505
16589206
358545917
274316654
612473
16989178
18643437
46834388
963297229
158021529
71891556
45840503
431969214
19091173
261749735
2715494940
549791433
2448051434
1242050088
162002078
23578176
2715916568
2421416348
2431504023
25371623
415732725
313385583
2669131531
119598928
2337885248
70480560
616920544
1059280237
199144425
591435229
143759392
27729863
607152697
266722750
286838483
2352572029
370591621
287082869
601834324
1977341053
2571506424
1144645658
2422834746
913321242
23002983
41962417
1373791718
434760258
534042359
563332144
2619816991
2590942380
2592875384
1313555401
1481275722
27114195
21373700
2549239640
1248099408
55761417
559797046
76284800
451172209
397124536
1257894643
466312384
136681386
438002435
296771952
157620854
26307760
223976976
19752259
27586051
21328786
24430936
1146735548
258527382
22954913
45815430
181012160
21537504
2665233438
2539185980
470841286
399667656
18405900
91022361
130435497
54362332
59259098
108448820
203625266
249942159
2336049919
551481458
593234764
519307315
329025685
607029036
463337582
575770103
1132734583
22102272
1099129400
128510906
48601035
82483280
41718893
486774127
216608318
293162018
96954044
55147816
14321384
85259950
31106555
183948645
30414460
64680694
145151928
136136864
61622972
238971139
45061391
1479107570
885332557
295130433
36871919
14381279
727854565
2268144704
494450168
242588823
222411850
33813010
91256203
57312847
57264194
267018883
739724498
1491318247
2505886428
1260114901
775076941
36918336
1231858250
2560147441
2358541327
2467071223
1220863537
1420784498
2647314600
915699734
799164420
502756937
512802841
198327784
514969475
288078088
239211968
304114566
33446896
33346397
22728996
325910462
2258407158
326388991
195111092
2374534506
1935205615
65482185
2361883579
2424429708
49945335
60276347
2305639860
25912301
1126636148
193057078
204592608
28492019
121240521
266495157
22438186
398507418
78128841
1247569782
226773156
24791193
433786596
28537884
398470057
1167388093
228606321
322892773
193512238
212475250
15275020
459079025
385671517
177495543
416506885
46802334
28768308
185511276
1433246138
1726978286
456890148
608578858
801557041
232093188
1297604689
2581804020
2150025338
350752873
52986945
1007326602
2191205012
456224473
211722189
148690557
22555088
377153578
178618124
223297291
42991944
465170617
125544266
216564243
532620508
158874727
1906472455
322490451
236541870
219179013
519321215
384090473
88639786
2506060164
281326984
1481558630
892382306
2723738821
39011600
216986635
1646702335
355300901
2584953390
2362097418
2482783514
263331660
291553525
15046635
36309013
15788114
176953638
25946433
25879867
373866876
270185085
2585394026
2705442361
2705424014
2571915770
2583534564
2585216738
245650154
70254382
420058517
60550677
87911668
251894123
22293360
113540204
202945205
24111942
321322187
243029812
1146466364
164192702
114636181
41005225
90721855
353594633
257405817
478310972
517335990
601693221
610323010
106262858
58984553
232993529
265903272
142961404
58993527
700421090
39696520
21726199
32686030
301773761
179801145
70518976
150158071
166876393
28298781
28922932
134749346
296606940
81889845
28257904
115906388
26083095
2612821572
228803862
1155112831
319973517
34813183
2279843816
486138967
191275900
125522472
985949179
551495133
20125598
223421501
565018062
801501618
178899352
20722320
348314026
540520687
204715080
196906514
32683532
582360169
14503126
114320487
207794272
801715705
498380548
218327652
545697124
625093789
1483499706
273152549
119319848
58765441
703845678
283460405
1643709757
361535057
567145740
95754584
350152205
44242361
306458533
361638146
593387045
296154563
297792702
594333073
1242518383
551396446
1240135328
259501263
345877425
57479190
256692462
178859360
153572423
533020935
26127689
108808905
36747056
251287921
220799500
47929018
170877450
16803744
348274318
318030405
82491225
14942880
213371503
586368343
318892875
300670252
499221728
262462421
15292041
143267219
32198021
2175532662
2558405311
51655451
948436146
852680606
30994824
315678444
180256822
48420133
37397635
77288145
113474820
187841210
114942566
155129741
236670700
176731709
113176173
1014849320
53848454
2716019688
19639105
53292325
45757044
33476044
44031284
252294862
33474663
18466590
34132496
7798232
19929165
219039856
100650626
215456604
23884524
58712614
39118460
113895575
123786374
15103899
42493133
301280580
201891469
48563905
112555240
276751394
323608462
28933924
40127078
297088391
510764177
266414035
153718973
25976980
576512584
201171462
189071599
428506604
190443298
119618690
2598785702
454914391
627452635
52628678
23352383
596266906
71420960
514841905
300682625
25171676
310784863
2163648486
420661840
1084084849
2466778273
51578784
2742899666
46838835
560882822
2453542951
2710741879
14896123
301234888
177853866
479774372
1617278198
64296079
14829111
2741042616
28223175
61350634
35930618
115541418
21134443
173631224
212507063
126095908
193194090
255284668
2664212252
32171527
2381371908
34175457
469097703
2437810644
2407838286
2543108298
161991222
355765777
443067756
32139635
498719547
313659726
240517888
92598386
52356116
1452422029
18996642
268005830
49856275
146379856
219874075
197961365
252325396
125451230
78208040
239145332
39850685
65544902
23527163
155146913
22448128
20969973
20645208
20655003
20036901
20647439
61610761
27395231
247676857
20638496
14654049
265917300
2691594799
155795253
310137550
191662414
293749453
301405734
280693611
40788692
23967134
26098617
36187290
221146165
242463805
213055478
116307181
25792467
107642576
17380167
61088370
188228410
28409997
428605068
204958618
227128956
188950504
206044361
279905897
104674872
2295903121
788341188
1132212984
34467455
55131148
1180370792
1281726260
24056982
109480485
29387139
70288354
83695459
245243839
25770641
581645959
20909637
2296972758
1437035906
2597629969
952820928
348349467
2179042014
700422932
281648251
2585428710
355605318
1194789140
412709638
2177346688
363957352
987944569
98535095
18628111
124107724
346944092
262909861
243916139
203277589
31634233
366935179
756227808
1707607224
20277941
44249723
1195441
29073867
1398381
