957836886537654272
798970054658256896
34616510
945953739281764353
157876270
927319495345131525
523285962
1455540942
870091689326657536
926469134799351809
917025218735910912
25201622
262912979
979818510514900996
914337987466612738
988807767031885824
1000358992139509765
1002359499808702465
29600467
2554131522
700887450948751360
968787642
2205862450
1002137195820474368
16523905
773969827618775040
2882022965
52203280
19075702
938021400836788225
1001845290519973889
23083404
1000739286206107649
959882849267736577
955964905554956296
968461138731159554
880638146970562560
49967362
935920833242861568
824621806824943618
18208354
711693653954015232
3301173113
2200235154
4828084955
3950215709
773861650885668864
1000057004214439936
526707382
994620096348762113
707668669
277211021
868633304689508352
973018333527322624
927927498700218368
735565974921830400
900117285729443840
44196397
832009832983064576
961576175712776192
3005762823
95092020
409347587
818809566548860928
558716737
924581545536614402
757053647230558208
806697756127412225
15997952
15207668
14344823
11134252
997503485707943937
405885389
2513881490
323490669
42879070
281790164
862718426757779457
726697767700148225
705204981645725698
2937451
26956404
866462569577447424
522550534
783509913246904321
895814938995957760
2832135565
44309594
952261264297914369
633299317
114840005
806301347905732608
861246117689925633
192105257
945871007700733954
4140818604
2996908511
19013697
23116696
917995310399590400
16185983
110456022
832763991487164416
936809732068859904
18047695
3940621954
850120436
738837671477280768
2868389650
730200158676389889
905215701153181696
988573326376427520
720375474581450752
18170845
889908595499958272
2842576303
793482661004271620
988416995434508288
3416575006
961325626304221185
920021135231553536
772040821751373824
179987990
826397825177104384
768166136106057729
347013006
971498210115112966
25365536
986331273491812354
983146395506036736
181572333
803998344976576512
4268559737
2232317695
872210966456352768
953616483912966144
465917892
292677542
30686649
978634180295761920
169686021
38532025
988419896605331456
235162329
30101188
350522296
952724828452093952
17521435
20846517
18627452
16671007
851426978066575360
14966484
802744826613682180
410205513
2962422015
906416306764750848
2703457185
955962758
275065176
332257617
46420559
292423442
237829375
91184277
804182793945235456
3699496906
492323604
20347520
866953267
26702508
835545180967223297
236699098
32959253
449487876
609297027
957872395787821057
781928254470918144
917501529480765441
3029972548
2945591928
905200705
785959633240350720
40146470
18779458
262493461
793409124113457153
56516082
16104643
899082421
592391871
899648533510316032
953760465238159360
881155183
961979713462956033
770288847624306688
2829196009
839251652968337409
800930601834577920
18704545
108789800
188060447
17408573
899115298997055491
1375684140
570850361
160569270
964494135842492417
3092759370
1232620002
62876780
61283362
861537582
26876136
967494104966889472
894465693755637760
728434941843804161
2284044702
210556794
40711067
342840818
888591782153338880
703342708258152448
962491989320069121
3070861925
607274006
824095570650222593
824778565434503168
2274338543
67657700
973933617880666114
848357257150648320
235672285
818132719045582849
3402488595
243082212
952173753923981312
3365922537
1361076439
244351421
4871863612
253947978
15273001
4775336477
3180147962
770039507307622401
825762257434976256
239432753
949138404821708802
804381921082011648
868237731134091264
822600033799376896
946540589004226560
862064499079041024
761912614012289024
937531334741843968
930116162532364289
218259864
2864820749
947859477163794432
2775866878
3189093031
130245067
43503749
847845464489824256
251873240
952536693940289536
862493306382626818
2364293742
4116576980
2334295476
887707054005039104
32596483
940264736079282177
2375991404
79468315
4855838472
369029151
1274070692
928082394372075520
717072729346691074
17999637
2891165960
909080848477097984
963490914479017984
3885734893
276452562
2152956020
4703317886
751252309
2937613910
2244845930
710272012766281728
4917311502
175484213
803021544721182720
798209598125588480
911286707949096960
833234515
908740727336660992
83148068
480500298
3044397018
529695172
179693465
953817659178717184
948197130782629888
847911275212550144
2749132011
873224572266577925
460515572
1023607274
3892584794
165203100
4894936756
624376674
1647839894
894966400422432768
912044593280978944
349011810
21743685
902768372420681728
564553280
162468283
58348452
432964366
72616616
572327538
177092381
942865800678875137
2429510228
829684808
952457715921575936
714099594813181952
26097825
36666008
939306205314461696
330524885
4842366524
828047352879525888
787991320543522816
898215892840062976
33485159
876964144519544832
951948410617294853
4182380774
941157100385734656
887485261734486016
804130909591109632
330675150
821863733664350208
158813743
849991615620014080
31276933
806249173532217344
1669275799
737289682573103104
782838547376144384
234126951
2829302814
21630507
297007299
2751618611
233376656
260527870
797494558619828224
37591959
790962702713626624
21611672
993838934
372418397
91657636
2298268080
817105392929009664
3674835372
165221961
917952475050795013
1370179141
49122922
326639353
2920066123
4834346009
50719623
949477158795145216
938478722994327554
1902827713
21861952
923665974087311365
18993272
2916054140
786656240445161472
159385512
549100206
883130484871573504
2633058587
328325681
316664680
316781372
941042039034060800
845501731
928289839778291712
2831927269
555491076
822881082529947648
52647901
2391663248
2530520976
902987823183040512
28897926
291481777
523248016
2933760046
806260826353127424
921333385028661248
545377339
1181417564
1357519957
24966943
397388188
331825712
1733637696
806237014425272321
2910491329
3064069676
3647423237
202952121
3255213497
344972339
18166778
1467758983
943025168565157889
293267862
3542103674
753209601680629760
713058499153014784
1449397549
776522766
30244119
714128911823724545
851926754440728576
52505924
29108589
471411021
3029243374
381289719
102466306
180597632
53854893
789302519595872257
796087606996008960
1357969824
914154046382051328
785086934905262080
806110761563123712
4738806510
822248307984572416
4703480964
938152602935726081
294965479
301416337
753774780759826433
704032799452483587
447200783
174646175
18581270
32319442
827187458244751360
798917095320743937
378255485
745040809
3182390875
28265064
762496814
99329655
599202487
2983331559
1402495238
898911884040167426
823159437997314049
2746071872
2358672325
775037853931896832
856242591175782404
789600135231762432
1973688062
802719588983209984
63210767
822510151642923009
1424383484
889812784619421697
3227484185
20416371
129235890
323504049
889543524055691264
873516630822850560
11862562
146711904
19751420
88222637
731533639691964416
409354503
778743512
569152397
819883767703752704
496211586
939239844378763264
884596530577117184
825811706798485504
793421330435760128
987015151
748066415500943360
373703200
1457910330
2590370142
1584051084
600435408
525748825
591522684
4869863960
933438316443250690
757078971590651904
14667858
791321727892463616
240158366
614080498
761425819721871361
793080049
14484232
806122520202055681
214639199
21885405
4810512147
751978185009487872
790248865240788992
467767056
386028702
906147874605457408
823731993577803778
529550146
902263700
2753238146
935006098679062528
262756641
90114840
2192383022
1024519177
705770005636321280
843666762
234516277
717330767236501504
3040181828
3107509399
14813068
704391334128394240
917722535613132801
256031074
2271066080
848262518002692096
1537798038
942924941153972225
856978948965769220
846566528103329792
47957425
443815416
900101796974264320
3062699560
594565041
570790242
1467387122
1855907474
817100349139980288
59635302
739514967909486592
1297874544
713685253533995008
2583268333
345385271
749647617806569472
2220433850
2532127677
859818787192930304
21149655
4822904303
743846895215329281
2256965582
24484841
468073319
41634520
4615173461
232108392
873542653220077568
42790254
4027390634
787736606195277824
1304896134
894939050255290368
93303821
4709748796
2312902755
893570094218878976
829699050601586690
2307823880
926567578868310016
1053958502
265245636
617361371
28573074
851072629
779066700490682368
864927037
758729592672653312
888385734964596736
23263297
789906923332116481
408023195
785836889974644737
60491512
585264569
1247936395
905214959948312577
1721398944
525636476
582313752
859201192664104960
63542128
828637729185529857
48459553
4249479737
864987626729725953
83932539
892937206540541955
921036392523845632
3433778997
930999365807853570
4798259061
398317794
38275243
1497012247
231081349
921780580286525440
4091152341
121217779
259001548
870021705414168576
3799846158
1938762007
784436080573423616
224407435
879548970082721792
783038315838574592
912237200468832257
186912200
931897446053044224
755056856129822724
756725187479937026
1146349951
2322694057
930233510165491712
380065022
863878094
314243234
54746171
164021297
46537726
925552953171238912
39076082
2646757956
21836510
757703840669904896
348575563
714909429053820928
849367364747616257
102862980
133442846
3863605355
3311241707
33191087
787944571451965440
818465332935479301
1024850718
2291979392
2777871397
315142269
2836481040
24212955
123036487
288497803
8393412
1254645558
823616461440774145
22365764
61825755
2733167334
3092154496
998297438
913812620
831651493329580032
868239178915610624
820059490305314816
22173790
783139890674401280
892498828821241857
58857085
227828088
2155199132
808152564
892880061266673664
138230608
859254355161231360
2874130380
824322536204865537
373698585
3675580457
748684379015245824
2456819246
2853309155
1177437224
461407034
800114400614957056
1618046966
220065540
856288002435420160
82453088
1905292321
2184841256
384848281
427781006
878247600096509952
899460920329478144
3267757346
285793483
3656092409
431049342
527047159
822694394666983424
304745998
2278047080
918472647440248835
930208915773571072
126440204
856991644134068224
4851276082
20490840
909547042837471232
4856407071
882667807728693249
806347865073315844
880958886009856005
753158012
261514506
40578295
427916595
82391199
820799865013882881
711400857825374208
25029495
36417649
16275754
326463209
899048989835706368
48281694
216958552
2384630372
460848738
735587466506166272
103998011
923604450253647873
868533711368667136
256199223
2834498138
2784963250
875366031140769794
1557121201
33359392
796832941326225408
18989181
438510365
3107961830
25123197
295873026
2471402052
917082508373655553
830933287271034880
3196509360
4847603174
115679415
312887209
20823648
167540366
27142719
18978469
2291626988
136250134
15710392
3300730318
21467204
48279298
754333298722242560
868091790196436992
316820960
39834947
216881337
2175836343
823414397275996160
741977462028926976
803478589236740097
466183294
780096605252751360
725298653770973184
15816021
2317943064
41486712
3309026611
3176004357
3317146783
814530975350792192
3250141399
18005085
819289024749780999
131538331
20862426
288768222
805260509427671041
862550276162568193
21622754
30217688
2715786638
2404771226
415973368
22183443
534881613
345562309
112291907
930047911
703455652769886208
1441774170
838932232505028608
877810576533204992
866311214770528257
751173600997244932
1546656000
25975551
2747672914
24787367
51703842
913078721988448256
299239037
434857744
816970642067050496
1668756914
4267265183
924013386999914496
4847121672
823864423592890368
4884762153
130684893
594886554
826584591037296640
14164972
780461620807868416
17368357
60164572
176336596
89493922
44100955
2353815103
710331231225794561
469999217
1645840550
27348300
895347487233462272
873976977014784000
743869197273292800
920580514318348288
16264803
83312898
951008132
376388082
825151313960898561
17547456
2558085090
290097255
1404779090
596680323
759081003168112640
871747803327942656
426285680
39490339
2474493694
3514507517
909097170506256384
284846730
866981923091906560
363427393
48243885
152145921
3315182226
831520342904537090
764991253884919808
846714704571613186
782949768502837248
91504564
890634935438118912
786270715502665728
18557659
18129062
1733452778
593360775
362774363
2957368411
485578721
317916069
879416319652790276
2998771683
16067908
554835606
777697478233645058
706277985721196544
190878483
1430508206
311619290
2473282554
34495484
1641052512
197224469
816247374523797504
611052628
882576253915738112
438829747
22677397
4612780521
62216044
838121837334769664
817245753340899328
382618383
20897273
277322506
745135695379914753
1114631166
727118720431214592
2803878961
2565821732
1632772304
846152197
4466991804
222186782
2879950245
797890346097274880
810591421191294976
500026501
838044745884577794
464315202
1343351467
29829807
713671345
491719838
837084094588727299
16337929
3246327727
250794788
820008297906388992
15772453
758532230004084736
3331835352
1373192226
3296090020
798897628511698945
794560230805950464
787426957872865280
739469799462449152
3296040395
21423579
3024626899
819623759879536641
57234339
40045792
3239955086
817867668623597568
45060047
746482529436262400
823936585410506752
1496571673
51626695
629482056
714470742675468288
47259909
894436309
93935172
93637779
862750829945782272
898283945686687744
100644770
4220495855
2935489123
911041501198737408
905351646313664512
903921021870329856
14897168
38266703
731732329572376576
877858082726043648
561310591
761368650741784576
829794295355940866
2742884306
25413556
2863774500
817064851222642689
910326509461745665
23769223
2407292684
74316803
185713842
868850553178247170
100413913
550250082
1500129642
3161498203
35829407
897971506881232897
66536680
2554481982
1520883330
821890588186386433
44935165
542318578
481728744
254112509
893487954458550272
597046933
898021932188057601
587086805
566496010
797911495216693248
1209148250
825660362
543840793
799111347111751680
17056051
790830852
509179049
1126120939
837738064088813568
214517287
817382752731463680
2541534704
17906045
216055083
841162509419720704
4528626621
755851153703862272
205417871
3130761280
714960585079664641
45945517
770078835480092673
3149982419
2304347564
2788731444
394147536
24004390
2701640767
783493603687534592
1621512284
730865908575576064
4093894851
3171609880
731191558175744000
1447389181
901096199020793857
3797043261
3423329290
759763645534314496
820642404457914369
138918556
854506229179088896
2608820132
787072922372321280
55018270
900436992307154944
4387508296
16672662
2468708726
3284548350
763750096412389378
111157878
36689123
728629238161547264
1528208486
633948144
3422438729
739863724694110208
2591826998
798539777809281028
21310998
828021372748255235
767545096011210752
2926369255
773192411749253120
4829736924
778337396874182657
16691049
15887107
50772918
33053749
100480088
592737023
718332223
2845913776
908466703549566985
224809565
732976058266464256
857027030386266112
742392908691673088
4711024692
380007149
823668668349476864
731901579587129345
700436266001629184
727270630601707521
789748886122356737
46315077
745717336334807040
2393167764
716679918
902931762434764800
709028843772731394
368555136
771967279399522304
800886590109319168
885142574268383232
842396875122724864
107210947
884811702168145927
4839141805
871961420598054912
467810972
932637253
244674034
26847410
453507246
783121528913268736
756562220390178821
753933982077710336
107433523
328637618
716109156126593024
474174922
3148170018
712742073187696640
583456963
802623208704741376
353867127
825836173742395392
4254271933
888192705523613696
2376185485
306154559
304812605
281537076
360969770
777728864831217666
4598879664
898759943393816576
1395839550
812498553423745024
14979777
853060001199517697
2821202675
4431077596
190589983
758876521
793045606734323712
807812802761158656
885648023384186883
2432310906
864789019573571584
735633664696946689
903086307592867840
2991043915
871826522629300224
363883148
54996176
21426342
832972496395784192
825069400524935168
897493987958808576
2743749486
49258789
50836292
19400611
793871672189132801
14845337
55070643
903393607427792897
1536600704
793892954742063104
237376748
878403261522472960
797933870721236992
24645354
299878544
57768381
21784951
2388173060
357029197
1253239208
2200506820
68575509
39491744
708527268633694209
832713490213134336
789951468371521536
787798245229592577
759883133567197184
251668852
565551550
4884109823
739541156070076417
1835020626
838039404383977472
877986307607339008
24260550
2575780104
105355215
886654105191579652
2902585625
282625070
799044177459838976
835883839427858432
832642628906790912
790711718771036161
4597801212
296838229
2589257995
1301456779
4854215487
310947053
252144655
1934116626
1195197248
225425967
3289419243
473733222
462038086
269842159
270385947
810116588397543424
722994185171816448
4167195333
2167236591
2784632127
841705337115856896
840862346
1213293126
833065154027753472
70591814
857524502
58602756
209047648
87222643
37890617
364488011
212302405
16043308
27443191
757708492761423872
233000889
903317457703755776
775898124942503936
17327882
274153081
47796987
3061963254
3308310776
36667104
3640650913
112186577
826134513646497792
898363181990653952
845530901492592641
472722481
8839502
731626076
4009090378
2713094767
3171211230
709921844
131948686
798882027541925889
3194907274
58562226
745367317555650560
890980517855866881
122216533
48475530
2732668298
790019230389248000
1568858138
705557649950056449
327041632
278143305
247002793
842125805316628480
2596351088
881694068220317702
3000220973
2859702526
83969342
778319430
793325617
16703058
3773938152
825746114154549248
3412642223
730693248147030016
901213916629528582
2424016218
4444638988
835272326962941952
750868791752593408
1458287863
34434801
2931973490
369583954
1902594594
880801071052062720
359403242
819519525574111232
1561077758
283218964
521567769
59047501
989834077
876959106862465025
4277801183
364844072
2172140095
779744260849561601
66499214
532817487
19236097
850988403621363712
822463092332363778
74522684
4093489401
857332459360452608
893037992264310785
787376669938024448
800368623718043648
791506828446138368
884170856234201089
862391147821502472
338896699
24386262
4160653634
840292746
14504859
800918657757020160
15501218
4232131989
815407065250181120
892140326239870976
30532868
108428368
749102436
567774090
878562126977224704
253352891
76076931
895766489411837954
789686545900982272
787949391558549504
247138663
384094961
557965039
2393323908
862838156521033729
17685258
21822997
4220373573
3919971612
898227697037565953
862831734
895736311385964544
395123633
142753406
43908736
59469551
224296146
133325325
3361161689
704068294869958656
50605202
822602510959525888
12648862
918035388
841674363275530240
2937683835
1542643370
237961699
4479094273
17721729
796953934132838400
1575138829
35441615
310858693
867947619661881344
882543155328974848
1315836344
811717240030711813
893224398
126014458
784769345788514304
875801995
764491600399593472
823381369405501440
878773692242767872
2338552463
1726761056
4109952964
718242436577931267
735532696185737216
736041992677822465
315994858
3038408769
4563974475
231098065
4922868578
802954256202563584
264935205
827944764062445570
886385764153602048
835935304846622720
805862640782217217
799258718445649920
709722550058795009
2751843767
929882659
752797912288075776
871900244442836996
29188590
247614496
722513881
406631898
875112057082740736
855907957783056384
881031936377929728
330637191
2329754462
897870425040048128
870453485984129028
781490549836681216
101171135
556930049
1446408937
516755449
880527055879667712
85684661
887464336519770112
755893080373366784
898904244
336207707
766432781035536384
30266529
22234764
330497152
767960339547774976
43350851
871183884788150272
878378930629222401
467891280
67494190
503400523
829772982033776643
1594409988
513963638
2733816872
37135580
1244763499
1552341818
825044450170830848
118708596
823533957161644032
2496377724
2460935734
616043011
822613662699585538
742448295348457472
311759398
564210619
244710180
827946446569689088
33811812
705414597034033152
709040768
862117204074127360
498065893
31433176
812510710639034369
42091611
902929574
79173358
1589267491
713445748239675392
376453771
3348539883
533530422
348317795
884840305723363330
26034902
596050685
710976078601293824
801276851377143808
441251850
1854813482
3253220934
710166574
871868565552586755
48887254
490042095
4882465612
340614610
65388145
716004987818622976
15252952
719276945804959753
784609565044342784
403631578
120998837
21049010
133815569
2535321252
862118572327288832
74661347
65657284
271927117
111197850
410598599
46839483
890972233555955712
753736831586430977
1877368548
709428021200084992
726133104251928576
3306225009
887689972362485760
760125196007247872
876961312932331522
4040735949
823279325445320705
784922728906186752
835643784490795008
271120369
2541746929
739165277070327809
764565157301202944
69707519
448357932
883116053248606208
278228939
43302184
1962667153
21496427
18071459
1629035310
826717919220465664
2338561841
3764418741
805956889431273474
3271120975
43557700
2699373416
735147297856757765
57946587
845681715066613761
891091787225456640
830450888082935808
708039673684295680
805779798601695232
946406934
22530046
796800463744233472
18757886
711649299323465728
4769536303
890217545357295617
1009695398
552821881
43182702
324236072
2958091627
715897825888903169
379648875
852542051774234625
819551238
832788979393060867
784109313274945536
190905427
864502423863386112
797280958689005568
1056808508
1548506839
30604083
32455543
21776449
703286544854097921
740991609437859841
15136857
2977544210
32343438
774845372371902466
825878789007765505
49632493
3215316293
849111344116838400
115257448
779126152774299649
485373368
727529483532558337
836764484391796737
821166216677064704
893871184336519169
4568453987
786711568797016064
820808196956655616
4262146367
108155987
850760671348371457
108450607
4700376662
3274781244
19217369
12144232
11203972
22008787
2878075066
83748727
192538987
194416995
2761113774
701928621854760961
35286930
890319316327047168
803420516438724608
372018326
703153195
539313405
788548986592452612
896274173697433600
24289299
3012932259
286373143
761578794473836544
833208041419919361
57932141
800051968379158528
4048020973
487039635
91947456
347057474
776177969429557248
741123851229233153
861554889297711108
789998025653547009
891350956658634752
766449790024577024
880615469383794692
288432289
226743798
515728731
738638978
751715343974866944
784985165009448960
761799487186735105
800852231893360640
821160925679984640
837448690390413313
865179156681719808
868794806956371968
861885002
791445473424998400
499267113
354151797
894748894789115907
37252440
379690254
386331159
813179647999508480
3884988372
1467441204
531863067
4902369955
713767275438866432
802454179163897856
803346400553664512
96442308
702411917588090881
591505507
818831313964769280
3819446302
822901284655210497
800789717688061952
829518442696949760
4580501190
790998783488249857
16689075
611602619
2996253413
3947805317
2912237976
2942765893
107819488
710112579113324545
851458215741202432
839099917121511425
118756393
608471241
895242602815123457
544834467
24222640
17718903
3959193083
2273693463
334921581
714614269032198144
1494005965
18313747
2888660047
4852094409
755763627160985601
3184471478
581999965
853654222323073024
33395304
59794790
779383100677566465
3115026411
1299803965
705148679682985985
2175926977
865953314323615744
2377159574
1854392378
765816115989798912
33102081
771148244432719872
110653294
3083329743
3534429254
268014221
885907588637917185
14894050
603539168
37526970
1206161593
4909948916
796009132969132033
35152832
793872409002553344
2354100608
838406672288780295
24824199
773698742939688960
824789290324357121
54710387
2439086884
232176051
240087035
15931176
835949153632960512
2783752108
788192546002464768
65650178
18206185
838414076
863223641575739392
823402010988802048
703894683710263296
2327400218
3951370763
891496214667067393
94286745
164941110
1242844508
549546040
503704053
198969205
794614993413087232
795682082198458369
820083974995345414
249270314
716354080281534464
755928082683269121
854705541830123520
331370204
789882933192556544
869326388289040384
787420858008555520
742176629586288641
757740667653152769
808612970460758016
31194096
823497751
847918266748198912
124365333
96133244
777335313467256832
3984229875
789299173782806528
778079120764928000
926435053
4872100245
329202149
2869581248
838205994731732992
2998247662
885752418
826633866802757632
1604793996
889607087994679296
893672916000296960
91120004
2458410882
780240382923714560
499230066
117678698
709623799465938944
266750332
320917731
533414140
1925587118
820447593188585472
47207414
1460673890
820081784138375168
14101483
16320885
18085903
44914646
757075497368948737
287871693
439528396
2223706189
739536307295158272
34927577
116579971
882291564298555393
15518286
200785205
3390214067
15685838
284955639
493552385
584546251
614404219
2458713120
3061797379
1450257787
4817958794
15798091
822261084581138432
159122016
571202103
2358398982
19489239
856946910
1375098068
107033885
107663008
2941351219
837855982155878400
826098849471143937
18576537
18604137
63291287
106143948
112280016
234163619
1049681827
2316246829
2357142594
731608385645318144
744185866097025024
11616202
42930536
600581533
2393063119
4808066595
97034895
252409895
351120282
14458643
396716038
554532173
610136142
812479795841945600
861556872
885043441503174656
379962842
346762328
757998745724162048
42135117
886318841260802049
4184457737
49709066
2652836498
868500802721243137
824710232815251456
27789999
23277531
46190093
734099168143278080
2476178880
712552215576190978
29920308
787723022991970304
793933354798182400
788014669692702724
615745609
883409453093011456
2780311585
16498618
48769276
1074614652
2568012826
627808027
789301910822158336
27748060
3198097682
769183564105707520
883855148136763392
736989573201301504
17278765
608945154
353884841
832107584467275776
60403583
29101057
793520659007758336
808010593
1376536760
713547114240950273
25202268
1531974344
893088677458587648
823722851073138688
4347523994
444197859
4206673199
1330411782
867438710
1610788956
942868836
893116702795419648
6742412
561654065
886374321429598208
3945784187
474242346
2397468266
701866563268378626
807399219862458368
82191042
3711628096
889816340042838017
301674556
368545981
273177474
890090388052217866
810522605077860353
880336863688441857
717229113132642304
23110601
846107554363179008
18635250
829864766009176064
266800454
33856936
568143078
539566673
745115840547164160
45190383
20076659
1709364985
73570962
826213303768715265
1600225153
777322996616671232
20538442
21632108
819992522109894658
1955132936
2335805793
247374262
4499382678
3766084042
35051304
27285798
3424990769
882626891890425856
230545426
33851953
234548424
22800916
15227791
39538010
800086706678419456
752195896163463168
26247919
1345822466
107495715
823883449161383936
723187723180363776
2713427480
1000318321
25557864
33972978
892174810398195712
869701229177393152
719183106
407904237
860547878695174144
889770685
816357733930856448
34035267
20932641
7124092
784872435770241024
773284064543514624
568521829
780943391102267396
777531256267378688
821859982782164992
3950522356
3270484302
4247374520
875524244712693762
774069888281415681
27665506
824310825217359876
28534205
495529217
741682232671113217
3004212755
747055923206688768
22577886
248229146
878690857918091264
221475570
38982413
884485839019024387
822257062289768450
802055286701912064
890419078661328896
603471825
706816179701051392
885852682166181888
880691459976044544
763339423727648772
870450749196689408
890464757970587652
813866664320266240
815201502461657088
866646480374960129
861718436
399745111
847112047913586688
890585880657899521
1007288292
145732922
873413885977559040
837383177832284160
2307195656
44132912
785844610404904960
45286075
867156617292369921
4788847399
1575689569
24112747
2897018282
812135885328236551
393469195
18379614
34123574
27900561
535607356
54170223
838051773881413632
785845298920845312
760250455922511872
778306734972600320
890060309813239808
899079080
19876690
2812610363
705814755869470720
33946024
15524235
236743427
334603161
15460793
38433140
110573669
1058807868
882412541804019712
101021872
737797023236231168
526000287
15362651
3292463759
266972104
68476316
30534986
47739450
282747242
384658632
42151130
853311624
4660013206
22217443
698992648275804160
783992865257099264
1246634898
27857316
242618658
2353605901
1209417007
843051694493782017
775789238549819392
53745076
38950663
1609546459
394392730
810898260
41280268
2764242773
596552712
3958240768
4894714154
553224712
881675624401833984
2327428716
28273116
874679561253990400
783366801149325312
4686567074
814365134403633152
3246042158
2456117977
762374139407630336
826888311176364032
749748420
4730217577
801253003827302400
1860783619
1461010236
88890022
842563878147969025
2462732884
823335158350684160
4065725475
871488703704838144
10084232
185868832
725064846056640512
703247602381418496
30618849
857822010
756645604370092032
143888401
3096336557
15416823
741290365
2251049625
394160498
3068652335
877615637220270080
2772695072
955628749
873534859259650048
4389650355
3018960919
22657914
3362016513
2339238427
125128723
389597124
803129760771637248
98149955
279318679
822826339782852608
605963171
742369903500361732
266816841
902200087
1023562501
528646417
228134082
2391345684
4774817840
2951013829
822443079030501376
822462665910063105
1343025014
4499749708
708416329842352128
2836353328
2873973494
2393417394
118918706
765616871567568896
719252405007687680
772053090543345665
15117196
863395541086023680
2595248101
2198298228
2787027678
717027932808544257
1911641354
235326480
723041576
734203266964295680
38284349
53588455
2332264339
208822341
715529949440909313
2595263312
2947516651
15920162
757700591237734400
2503227240
1732405544
758874975700852736
753398595034939396
567529077
450770612
48472776
3634508187
888831116026802176
714838935374008320
240837333
3380466244
705243560908423168
887637110752239617
139499789
21888595
130259934
342289303
741334289376116736
562255311
236487888
3866498956
2868136206
885345578565206016
1942491492
889840512265572352
887579124
889843646887055360
3551446154
2414941962
2746979823
705425662304247808
844672223625592834
1551181878
714903361242460160
2410109210
542758749
3301819140
3030153851
2397100808
874636442290577410
3580385187
2345149422
2736592965
1043253398
48926143
704034081898668032
250398598
2438831503
1902242790
876031866
705865072623656960
22463719
2316181687
791089960292081664
798212686311985156
252165928
18673125
45285656
2293565713
819953609915842560
2227231045
833792235946643456
192255778
3320545346
2333908784
34902890
29230247
338740511
21060711
272004305
846531326706618368
784958334658936832
18181583
1145724890
866696416000962560
220240498
1372594580
285354350
718132278279274496
53678140
879362673271504897
3760858937
4265514193
817158775610179584
869712439503466496
882772938134609920
89529342
3267790106
2884184558
3067646539
875612399084097536
1225548085
277355403
204132287
887866044492034048
480232483
3415287255
862325717413105664
1336006291
882660159666896897
29061853
1229029165
930419582
888562545858097152
71625602
78094182
758110596550176769
24544802
3920854644
735587771276886016
612129565
1317782702
443916357
202380388
24578794
940368062
1020857448
52944689
873934116344877056
202200137
866635858614657024
546145821
885733974
4496497823
879015304969506816
698249714391785474
282366050
871748084350451718
3009028587
200740696
3020069904
27355545
2490468025
752925917597601792
4855731869
887081839357243392
767035483394367490
19102612
107122961
304061756
1492840928
302477338
86794987
139719874
1305807127
460708213
872603063256834048
1338765866
1700283360
391628843
723244061532905472
832406561335111681
870502577321816064
525954207
3300701782
260434835
493206826
790623457662959616
174006131
4736457743
23798694
17879692
211918431
3672584544
2897965392
830030103648288770
842378744
840035898452500480
877866087295090690
4852163069
105235413
3422474392
57338175
42825230
836927152889135105
21150492
273190130
885313128338206721
751489901116424192
40961343
3381435274
3756121400
752656353387089920
4705335097
3886988592
3317287716
2316239479
703028439465365504
18844955
750417311744421888
761036565665636354
884129869122154497
3298684151
2961691882
313038011
32626129
345491894
3315337736
574681599
3406938525
631310817
748638568776601604
50846751
790210675482255364
307460630
798088749221613568
132332780
3949049181
147757088
764651578779250688
16106584
885147318277869569
845158560
117082566
820824865246564352
18856867
72882689
3327202305
731292058283974656
2480887080
488580338
367515261
34367582
171632862
317246039
1195434620
47747881
250668726
874320698008887297
1056337681
3416153772
41363507
884406730045743104
3282973915
5820642
49197662
802042941959045120
16417371
835872140826030081
615687834
2315698776
52140667
315779591
801463213833547776
47019337
3437328736
870376557461872640
4218076636
780466933544222720
816301609126858756
31530628
2735511486
619299246
822663973
3040740563
48498508
881902695954644992
825802820263649280
849862741
43834885
598601483
495279112
20708260
3291793433
751510293746839552
15828458
880617932442673153
719276823809540096
66923871
733403248531406849
837291319915601921
814423198364147713
2899652893
1074326317
742061164142690304
552075690
718858331457097728
960908192
717359740259422208
61049859
29356565
774625724615520256
36498420
777562947237384193
73816577
85114590
968032866
124909243
385512179
877239859789918212
1691191314
17766879
2500587222
34191291
264501955
431071870
415915160
2532749407
1376321137
840080534453669890
495021290
2716561885
782307001493811200
766273862
848685304890494977
163692520
3344562192
778388553109614592
18279320
119099353
245953646
837903357192740864
4243965676
805449024602075137
792660210
3389073989
101395252
3022045469
2652544230
799000800924045312
259748674
1572024613
181336208
81046321
4867783367
48530795
3408954543
314547496
709169570364334080
742057349217681409
1669210021
813951803591131140
216498790
821511862881845248
202086424
789950608220360704
782691404
874606098
2723706492
619605487
444056010
89869801
19136850
711686686674059266
717791241417662465
1424151199
464027884
57058641
2274976915
117341432
3388624480
3359154313
1295403289
3518486666
47554436
30238204
134240162
24782816
574915137
406483952
741680976
712455018234957825
874755537128353793
915310069
232727821
18161620
858116827486056448
2367347610
53201278
455499794
755631316482265089
2429981755
153709440
66592224
818365202416574464
2888614175
775404521518276608
741756939508559872
36459231
23287792
215504885
42624414
830652156164317185
791515514
18664754
882419441211932672
763935668284239872
231536389
861585420
358385326
1568498256
354026572
4781576424
792091207140716544
822963605540900864
735524232948486145
267769902
104977525
3177516177
383745024
767424168669229057
3311840432
116384038
983070032
712049001445650432
347562985
869582702168506368
35818542
22631445
477002167
824873553845563394
715907016934486016
838496634107539456
577460870
758102411135246336
486205523
2884071963
2827135812
175183197
745727473514516480
559656338
3309041036
864589574688968705
812668118619344896
816710588038574081
832965832837885955
733326702
867918530401812480
725161081463799808
472153387
355869749
4193942273
810698204375293953
1393297200
788582685581021184
482418139
118284378
871108704208392193
727207841812123649
741075726154235904
3001367344
799104968099708928
747276462101667840
248113252
2730969312
797274367323500544
3375032158
854372723602198528
4235632753
481676119
879805722439151616
166751745
491461409
963430316
879476745241595905
702705429017706497
14965528
2944490354
714078999782273024
756129693942808576
870755134669828097
775424037375741952
58244225
526799287
164070785
3065496601
91279573
2540379048
596329092
3066129832
34082620
154429186
877195161624870912
764478075400654848
871583986916753410
2863716447
348171402
61309849
873288323707674625
38346841
261098344
63996778
817203546126852096
824596407302627329
1300855544
875030528109363200
29030150
808759957902491648
14146572
876253192492687361
810607381587623936
108593067
138190051
23923340
4830392379
3908662753
315425616
272150198
30644500
64595461
2167525794
825125197955080192
1029047922
25235151
812874358876147716
875427207430119424
837412155699814400
32566969
813955537842880513
313880477
34428229
806924430962290688
821741361644892161
747223406643453952
176909116
822628422618845188
19415893
725809806095859714
2330478312
547969112
709556297025392640
818928162449068032
831482588246196225
830128820447539208
829782369670410240
828613457020870657
827258161841135623
826065858548133888
799764016885329921
37666984
393562221
249677516
166252256
153149305
120176950
110541296
78408666
76348185
61853389
44783853
44615672
20437286
20179628
14615871
11348282
16031927
29562422
1013672084
48223726
82504071
726414091
633797941
119157187
1222639789
26829777
316865635
14839147
246500501
15513604
34852681
37764422
75541946
475802156
14669951
245963716
322293052
2683938841
787969994495758336
4378590552
842394340022448129
3374464498
972909709
4149372213
822875569931124736
410076442
733809509160738816
999453985
733815024368525312
182265955
1162122936
383418826
745681473416605696
1370971824
706068592580804610
81654528
102838636
607371255
90480218
239160808
869259179822903296
789512359693938688
728328836312485888
16628062
761795613348409344
20243128
47293791
1689882661
871847057581121536
589128515
3399692344
860835528328880128
278145569
224183827
430775674
3372278975
25456537
44397959
2854117936
814300323733012480
3165793363
126397047
799641010699718656
2325495378
720293443260456960
2813604714
361400752
788702952265396224
43522180
16710420
55312746
870795058630602752
7702542
707246777515245572
4567058965
4717936273
2901229776
5509762
863049713700007940
1125937411
4707265562
4335525913
733731104654524418
82687751
2366419128
465973
808143254390640640
1691291876
4671191282
789136769874796548
812349312646705153
2321542928
18929234
272755599
744070482832596992
58007320
108675976
13516822
3068746850
706551718742372352
2380491262
4171425689
186673467
413937029
762728054426775553
787321641823068161
732387407211986948
807561254
811471962128154625
823239871548399616
735221894853591040
44204171
816402981851660288
239939880
562372370
22014084
931092691
23315532
833141660267716608
3424896219
94818581
1648549070
865610923242696704
2333869536
3886377912
414831408
797201639795032064
101253010
796871281819996161
1404014400
174316096
721184918005354496
789257530396577792
2439422707
992692806
627854952
848322680843624448
3307277274
149913262
83617835
794401550
4185510494
124789225
2871588796
826172314916093952
20338895
325229087
369249722
513438857
9840002
4316769252
4691189473
2836861970
4179017596
1325239825
1563581490
254095172
55369133
3271901318
349444184
4224750852
18450348
788877666115915776
47987041
146659588
799756278
14856951
17798031
542977127
750450067
15905092
22083639
3015828635
18783054
3256923228
1902620107
823670967721279488
242030522
710738910725275648
781838159134896128
701911021250854912
2502895924
2376574058
842804553779200001
750035836591222784
718834655441657858
38521731
3103870794
760969229994749952
757683962114347009
800791348253073409
43094696
193978434
762318823
729709984217337856
38497702
867725665
822499083122339843
712384818579906560
809924902593691648
812432654482210816
854893364
40604613
1417793336
251208035
217835729
226702194
45442257
740028466679009281
737128895942524928
14727154
793105171
2601118704
454037563
722795407068114947
3425788059
3421549115
831307291517386753
835717584037216257
1551604218
905019768
813850311978811393
364214133
69585681
2253852164
757190472
1544920574
19850687
1674315427
15455253
852705623418470404
346924655
15416505
2985335882
2181428540
727529229068324864
4739845481
104924567
64229716
34756550
381399271
707716959165616128
18305815
135980912
733370906
812079100881797120
81885880
437994852
3555586573
437162065
2159983346
48515467
722804596180066304
2384307876
730225403231666176
3207636454
22108543
804707124
3365135741
285502242
2828158805
517084598
45671909
4029836772
261555095
116015269
3164523461
274684085
400244959
370365178
7013362
532668844
3010934885
766393840634884097
38450727
26570572
360086219
709485595014221825
799632898093699073
4923811
806342423865458688
821463543908302848
4261744219
372096330
2753823733
102404415
78387364
3580248555
25867588
2852146912
264361128
27706116
867119447445655552
790993500602896384
1272286777
31603691
708984704448335872
714290778646818816
4853549680
815642625139036160
867742140155252736
927746353
16912983
16190478
713826762111590400
775321857843138560
846307040876146688
706148599604731905
787343990626496512
409770943
2182575030
779890693284122624
801200139155214336
794645850
33191848
725654281605492736
866299843165261825
701825647
15230401
3247169083
1358290958
750377949065535488
2940440725
845134693573943296
730415316166168576
2853461537
47680487
787589187247697920
27487661
307154654
794945649036836864
823096215675899904
42862751
1666567008
22456513
131838063
255519585
9362212
817105344153481220
867928805364649984
795468503142776832
3367987133
785533522442420225
747973846469328896
2434879056
22891214
782160469922451457
1973562079
15995652
73239260
1147323110
1179779472
844852792002957318
2716100047
206363542
441389311
52148546
803527493902700544
2970216495
341809195
3464860760
3951302129
15250981
846503142451662848
27000730
216274306
828997388920619008
798276181917368320
154350597
823210161200250880
740054279738789888
3013083258
32130643
301094557
17325073
5868402
2826812912
18455097
930519025
732648363418509313
313591533
18953266
755525995000651776
22695018
945163508
1571137093
192036002
347586615
846175291693285376
182878105
843216441281298432
826406978
846082455647981568
765619610926231553
17205449
48076196
162114552
421151092
712389280946118656
713810505064849408
442549548
804521838281826304
54278661
27302431
4446651012
30169113
463217851
35461411
763830071727493120
786327185766449153
821459624494764032
2679943411
855453690852978695
1467850530
374050196
857549605
4029873072
719965357755138048
758434688922972160
2241717492
767907628777222144
111405640
2501559841
827240645634977794
923885029
137413599
3319287287
2897257769
58966831
92408522
898627262
111107350
3772895061
430925630
1078094414
1360451984
898934738
756325835758501888
1746697627
2396604059
801555575687495681
4443635298
803677403184820224
2297338710
796403983476736000
2680192368
3293118434
3124986791
22936237
630673071
2319339266
3110905846
759839252532256769
703990775223169025
563218629
16385556
24929873
770521927
1127944868
716360897757716480
736006051846180865
725292612
244844283
827443309131898880
3161660191
372372537
21439144
714234573345931264
3088857280
33083874
776122362475507712
3834650237
16495811
2865097300
412780348
107805421
767497303204790272
3360895901
1872328056
816979465347670016
890497890
127941629
740483180
623922561
49933135
1643052990
106208098
2922345639
3408555129
555608172
1077970982
2738512605
2590061803
3078339940
135151712
3118705906
506444467
4158740661
368720279
761111034140635136
3896298147
9624742
823693635564802048
790205613322211328
4350554303
18182630
2181199579
31228313
21976456
30579307
745853715194712064
740874799
30221032
749958546004054017
77888292
4261318354
3669988757
703381464642027520
3308161055
16205479
24033407
14594862
826392771049172992
3313878606
4334047641
864255660644601856
82432490
82447359
33611715
35873420
49217766
165039823
2391530940
37231973
21010214
838828148183687168
708469304702996481
2164876369
44302650
1174762118
153450230
262148185
786051984507871232
738856920937861120
704353869795606528
743704319527030785
531490780
3507100335
36715753
844275558
3498448812
70024758
97912404
300074405
34824846
2343475968
790057338598109184
111539157
42227444
823367015830323201
244452577
18118505
287843201
166641488
2281181600
31010765
289435235
191408139
27915028
787763555575693312
828149978522583040
601535938
318182225
830120757321748480
337484648
18380551
18643437
4851614681
34991028
1561122720
786220750034337792
775099352687714306
1084874749
1702344373
783110356109365248
817104849913319424
20878297
1564676498
521178700
31738725
17677016
3368075878
4857938461
23884277
887632170
786298499235192832
811370017
818452914834288640
306251996
89051305
785649571787444225
2892800704
736959136164806657
857633453881405441
599817378
15329294
38813274
783836435799429121
15997821
740207118062628864
708697738418987008
2871246395
3410970723
2870632726
117148452
711627609344516096
246151786
615217292
552160419
48533154
89345595
3195781801
1936536769
4498776677
3642515717
47061232
896258742
30300903
17586038
611335878
2567146231
80478879
63228779
256248598
5644772
1357216692
16208276
828725792704229376
709492573421764608
4883679412
989119488
785491546900684800
836305915452272641
780154419186982912
3297022953
2833443577
817661098988019712
115681686
736786207364030464
22048925
158060289
25692368
334715818
58510019
763789779775344640
748166953554968576
438449199
3827728825
23022687
3456496461
582135529
3836008983
61814348
531485005
3146669395
2295817282
56192739
796869526428196864
2184024872
338291677
708471306702823424
1407855932
841715166198788096
720707740578881536
768198540
4799346261
833438576662691841
3167970557
21677872
4854332050
706189400829513728
770781940341288960
14800131
828446162604617728
3158210438
1644590880
542550562
797226858651811840
3249282368
72169850
767087054064844800
18653708
46303458
709217682508226560
846081798736109568
9287122
3296504462
3347017152
801485278858854401
3006015921
174618314
4906853915
795181796
490419059
2747420360
840119809283051523
754845211176554496
819779820536012800
586181078
3415032597
542962969
830658083273601024
839409777964802048
506869952
4313172676
531659443
702685793777680384
4902931114
4914539795
27522964
291874773
26520948
3974665634
3285819409
1453418317
260907612
2905527472
118567880
884304968
17980523
264422645
93088579
950901037
3172915574
78431908
24233697
4435905252
741212609354039296
218609039
232901331
4323735923
2921008274
1247921690
234374703
1061029050
819334191624101888
86815264
16163824
3267456386
2959943312
274316654
271093564
732779507506020352
393190233
777126939605684225
757029661289304064
2357190571
795680612
203226736
90552683
1431717919
3075562766
1372786812
468646961
26546985
229291732
3159852925
870899976
21750283
877699334
280198225
61079268
252351846
2641993872
3377100196
867908994
703738807758282753
818947684384067584
3320712379
2186536273
2483010019
2837366998
559969624
742749379623165955
823531787498311680
718785668219068416
566975554
1222880455
1258161890
34755858
384330450
245885182
1441113806
27682852
3995778614
2714847813
799699638949318656
2993449593
492034711
205905252
2321092844
3661339332
3270559782
627053327
111596475
263692122
109441206
2219250032
802963915726434305
28161086
4125442934
133371829
1644659580
308745844
191418046
96580579
2767680652
14429823
484999518
568151409
245176643
501967195
1199664061
794652195484565504
808727770540838912
3406173923
297160106
756265217420582913
35643145
18280993
870114702
3047452899
4291655293
733828747690811392
3318159007
19899606
421482987
797903942629793793
17403319
48117116
39753444
521041062
721732936429662208
837346059621974016
3244703755
788890686930247684
893338705
756505898349125632
748557859
611986351
822127086194348032
804215919060852736
4765015093
2773918108
4706912003
75081190
1876660194
1209936918
3150144144
53544165
422894799
1955038620
394359359
826999426958884864
986781648
1658893915
53813160
968299640
786599389326344192
19552528
36529101
16106016
159363895
418991627
622969430
756975867121860608
4158758146
15684609
201287829
705936590204510208
2453605819
2274921457
37781088
761407359021228032
2473143948
1191313830
3271255423
30106118
17914112
3154965172
1434771787
719581669607378944
2244103856
790184416970739712
38766918
27449394
833963088
15757578
909429824
791089011125325824
155815646
17629860
36407789
368544047
711246080097329153
3564316096
965259182
748859969777332225
238003047
121836954
10292132
3433022621
823360562260230148
798603640613335040
3499807220
893856362
973983732
59614978
722528529716383744
2697367393
798882441234628610
2510362008
16933756
1037571367
4294742414
4312282894
993896732
45939737
826242124328947712
48491024
779197317601779712
760766585007026176
738144805927026694
714989079021006848
3294258552
292929271
43906698
231815020
326320315
3071765029
701992490
793899953466658816
518399661
49136127
52141764
931286316
783210577
4734316675
831724676372119552
780574247357812737
733421930712162306
313024334
3241007092
411380833
4265685075
808826988458835968
143053356
1902400610
1681255195
3410689588
909448512
21424216
975217231
393969873
708838526121484288
120295432
2834620568
725405458081583104
383906575
726511133872398336
1494835716
715496304777015296
857001662
52190807
794548575673978880
35218566
746537986871857155
4569373770
707787562195091456
4761064634
49384682
30317189
431969214
738628635578486784
1564175305
782620709977661440
3217278321
2795404498
16989178
19017675
2935558035
162301746
41897520
788492273122103296
4821375853
467620549
208505016
968650362
1075460258
617246776
812173164230967296
40251686
3379125117
35569009
101856262
3264908461
4541141723
54888402
272114651
1444457282
3235262916
4175166177
34900333
789588391448940544
16148677
95072551
567626521
565873727
2891160746
16163639
82137211
58944459
938335874
771529979846766592
1392951560
2845681325
274699227
534831016
3293406121
341429759
435579280
45617221
776865331851649024
2610290468
3419294291
2183315828
20686232
18545481
3798092773
4853820677
709957086642315264
72276309
707231479047315456
186506052
617692639
424087650
272559329
717627639159128064
478855762
205313916
745495346315309057
2865078826
796433829783187456
421575263
4197944297
3558102739
454513795
535643852
721484105850822656
717609056039514112
2903166449
2369640619
818583503621107712
850036892
832672006113931269
3795292154
3374126201
2750309806
818301811970949120
728617212152455168
826129391751221249
14828860
4005375497
19173608
819261511872942080
2701197762
209274991
593035418
818973328572461056
326406448
408112541
804752781982756864
759197754044416004
139601549
51429353
802940428764913664
536571335
562311384
198615011
415836996
598925796
185425059
147580943
811255185616027648
3884598859
2902031256
2596413645
2986412740
3946915763
2302134816
709451112739262465
10207502
3522021977
227821431
1618641848
15912890
1313849851
23317891
736641115130990592
761065000504930305
4165642155
4236806414
2887465954
233933230
200163987
2723265539
2316003960
738153522277945344
1332568579
22434517
3481965513
1608751616
726533301796765696
4865498327
32687089
730246307663618048
725076888561979393
25427532
228582708
791095996658966528
149965942
129571843
71545482
240454812
530923847
379767285
444753278
774043036292640769
2845849081
16166236
2432666996
60717919
388983706
74841347
629834583
69190453
14505245
4102376488
3277814538
3837629183
57049338
705551647074869248
829735580
4884663951
229141520
115749048
15647676
16613128
39384517
466144416
767465856926232576
798681172519899136
1065869268
560799958
27897429
480074801
732980827
2801177472
44653060
30204858
830996424514994178
1849938847
225733872
3306629815
695054484083470336
2724404119
241382835
2471692340
4510755552
73657657
185635130
826296301671165952
216195586
60784269
1190530476
50094643
4884814474
828748540545425408
823008524234092544
275276082
121656624
1146358172
17983365
4717892303
762389795037294592
3545938995
19211550
829383830519762944
2740262113
813172254402113536
3626876475
492833134
774074669230071809
2523232337
33529092
727913871730716672
22009023
739610364975808513
327071763
66369181
16799621
18061669
25159286
738957041637679108
230859523
3080953538
177584156
273542042
3882227718
826093318878670848
20776147
2492095741
748833444742852608
20733972
3284112337
714575249128423424
3006081057
216503958
234128524
4289460455
60317232
274891222
2887758677
2787190267
4881737080
826614367630209025
29216764
22703645
16589206
28628850
4105765714
818876014390603776
818910970567344128
818927131883356161
599530439
2417586104
3162043071
35039490
822215673812119553
822215679726100480
26487169
118845216
20713061
65184105
22203756
729676086632656900
471672239
3154508072
23970102
2908170952
4121225056
108471631
287822090
59969802
36528126
3677112861
710656531906371584
946137247
56561449
3914047581
704017048792268800
4839567549
561802635
2562154980
3395964711
139217461
53979469
1271131987
262855072
4027396529
3318042248
3327646711
18380391
23942930
4112223267
39334221
3383049855
3031838684
3439194945
322879013
25429371
3314758074
3497865853
19091173
2321655144
247981000
2167674121
52136185
620571475
3950481494
261749735
2371155744
3440693962
715044396
20748745
436121104
170025854
41866281
954124423
121626258
14091327
318136173
39349894
39344374
282695161
26900055
35511525
1090556088
52544275
25073877
6782762
85985754
634598384
2410005103
1658154254
2409571602
3309132885
18956212
1853114688
1910919804
69469543
102283681
21440926
15641893
701274655
3201187624
55434962
826537184
2434306537
141084952
88784440
60680268
18247062
342887079
343171266
17061263
28587919
340022217
91882544
32989815
15669672
1656057482
90907512
1364778566
22047070
36452050
1180379185
78523300
58639516
209770428
22956220
347627434
15985455
19722885
3082182220
34034170
2894116999
44609264
2598298267
1591568107
218981273
462314204
66487356
464183408
1704951476
35753969
564060928
2885866624
3060742820
129314386
3038496821
2951609959
2951555497
1337277962
2997910595
1199142001
899050380
2899547745
1890270253
104504069
220437758
23711035
27744185
113758100
462104542
24295482
17614200
19127026
33240990
22286602
17564591
21829541
36670978
21135496
2693406407
158769098
14730894
18089606
195271137
69666298
457984599
38495835
50769180
22509548
237348797
29458079
19985444
15650882
168541923
42822396
10168082
23562007
3135310929
401718397
65493023
18217624
237403203
1074480192
475811383
15976697
16561884
