970329117974585344
998586315535998976
32813711
1003649686853574656
902225132239720448
4917135413
33864842
935325840144965634
243447830
263954983
247268878
927817478
2999297760
811232994979676162
846808988717109248
983150764146249728
997548073005051904
2184099044
3078628110
911307513244635136
833335201262665730
1918583286
3122867738
779041364684238848
898302199935225863
860496511188180992
462984047
574917150
988019680681086977
3016663159
826990564398735360
2879026783
958970878070419461
961953329059426304
816287078296088576
2180643435
892130360888352773
965354080490147840
807692657203892224
956947745046253568
30488898
753596533417926656
950572968446513157
130259934
19264136
25364074
258621712
823230010639192065
965265035898576896
953233897675948032
774016030859468800
875898896928604161
769685962003718144
955661591592124416
3818540913
1049667606
716291127838531584
16272650
4214995979
924336958779875328
889469849973514240
69143709
274611131
2747676402
20933833
46671196
1725530989
33620395
478367964
872469291798597633
3103892153
4718260708
216798672
125744394
854437314315116544
163846879
2859702526
61309849
801269741381939200
797145251609710592
3885612434
265531985
828303335002406912
786259149134831617
922672479755165696
533712421
505196927
958284511
853929653676851201
33759677
790945674049286144
248361754
355254599
833118318131286016
81855328
924691498167427077
42695145
532177806
59612214
2745345459
28975085
19945861
4797242363
802624991397347328
520560681
2819481453
34421644
103691468
1936046084
22626662
890204955734413313
779457475925905408
437993291
836319733213458432
438668235
42749792
2693028116
463391181
786175881777672192
2248147020
762289243741761550
720703647139495936
917341447883440128
858778811869130752
899806849100328962
829556756879601664
211918431
720548140986867712
817661098988019712
911341526831255552
2907270398
2404889983
3308456234
32772737
2717181818
739536307295158272
820025080612868098
72276309
2958767060
776464357790191617
1327959918
132656201
295918710
865737751131545601
309298818
3551446154
2757523987
52143130
32721135
76700880
763645802854043649
806198096736714761
87243209
2789153572
4151997273
274093451
182369812
897589836688703492
446277034
2476178880
57567737
857215498332901377
742395709668876288
346652256
68596524
83102500
92832500
455587915
847163297489145857
832644510
888438013650448385
1572511664
379767285
779040252228882432
537633505
748833444742852608
828061723760340994
843112955411685377
838051773881413632
4257467001
471448204
255734352
60445791
813866664320266240
719276823809540096
3138486678
435201313
789998025653547009
743618473658507265
261035444
2400746396
1129557265
301642114
3594535577
1569349860
172518762
17912420
424927514
774038103468150784
16285818
15997821
47761564
47354030
757417325423308800
574701848
1342588046
740763697
4872514721
30201677
1490663695
706313463098806272
753106783997222912
814113926237581312
744271755548696576
422245220
2724844573
2272052671
22866253
374755520
3239029664
55680337
208822341
836622757966278657
263113889
771197644844650496
422838569
817136261198594048
237809752
325929087
3283613148
720362750
288283415
34221355
832014110216724481
1370179141
802335887359098880
383922702
3350050792
3536776457
2855864495
2756771755
16983142
1686020359
915137490
21794030
707646062
2916106687
737860841077411840
1877785758
805064489133625345
3980772021
822215679726100480
107462027
2730784538
20132655
2683324987
22997859
2762534368
3295287420
817932643203325954
301857046
2332264339
3753488716
1965397310
29000964
2989241719
101860363
15215455
819286699041767433
1216302348
810348942269546496
715354673553805313
2771772670
3386714115
4482003988
4869821241
266956775
733125079631056899
3377478999
538654102
3394659023
718785668219068416
740028466679009281
744647298798354432
868205022
265039705
3935305814
25818922
36556446
1179779472
2343593713
338291677
790366867508465664
2184024872
153252061
2194945326
797163457967702016
3957201857
2473250695
744204352554995712
882457231
30298386
257610994
796355968779030528
50537819
2279856378
723255211
728300384364662785
3306393894
339285182
705080019492601857
278163796
80793585
4247419580
109367993
62752795
260576347
793617237886242816
3945784187
157034798
522419100
4866494759
1119701456
48056728
711693653954015232
762428643494629376
3484078275
702220178021548032
2731763973
516058615
3961773437
2967626975
41655374
108385758
19987172
1061038518
708119894026493956
18296251
16381920
15235057
613160754
722207654
414831408
845540941
65078777
4285628056
344462298
18557659
143882311
60121599
2556035725
2431726593
510245805
37515801
353106639
47806130
102787001
3173740619
767752095424323584
772538587221032960
399065347
2534908328
415256606
2358278190
13527262
15848518
4269055582
256741889
4850559129
508390512
714460837625237505
52141764
237757377
14993804
157920406
698281146749091844
2316144061
29548812
3883733953
1713162734
741769252936372224
785240078
575636686
169947789
339335860
472653307
2680385664
23258472
299436631
283194963
722800839841030144
1632696955
117671544
61325204
756595268770992129
2269700892
3067989712
705230020654948353
2884071963
701609830
15502294
403179950
19642069
730153335391543297
4854074116
2581758266
14862190
18643437
931124869
421575263
2698376641
3669988757
60030161
715655505692073984
3565094952
3352107797
714575249128423424
3764778857
1190530476
18775482
249914753
1216651544
1219144500
196871565
1415594922
38722553
726834650929348608
53979469
356244482
254152377
6108862
34822048
20357446
702633532313739264
199770246
95225514
3195715148
3470996714
829735580
4828342874
4894005004
2920392046
577370952
4789972937
2269697858
236556613
307175525
75568908
111285228
501196426
1592601248
3094033939
4177784957
3023863007
3115816309
1513886533
16710420
1710869538
183477012
21360280
38691332
3003965377
233933230
249419244
43930789
872125404
1214311110
324443227
2232536197
3544165096
351361539
24222640
2478015324
603068523
492833134
3430451003
60763202
343751045
2463771085
33014441
3257948678
3060217125
3310401549
17881816
37599351
24935003
1653509532
316623434
10207502
554335063
86177206
1078094414
2800552646
3207865216
21527658
1364777467
95590606
14498380
1738524913
2595039575
166786784
432294867
16091981
366888586
2919713935
39132413
1658092255
3015022043
2546681574
2888153230
1440234745
32241489
19479214
261511340
222695674
2827249087
2916949294
2407078165
2735889614
2608344770
2559534386
64417131
729544459
2838141435
286521745
2901067879
27799202
47737341
261066360
437251603
772465922
282275320
951008132
2579434690
400149833
99437009
2781645015
861585420
16190478
19612749
1401295646
2261405917
622149244
521017945
27329169
28430803
516871394
17240235
1003088839
2365766511
30014923
833963088
1529948365
40772755
1905634052
44887951
290315120
286233279
86023793
1483429165
136102503
2503728723
1237813063
2579131658
118401061
565792542
39764991
26344615
2488386728
30315158
24237168
2479768338
31096591
68170470
195097945
2312613235
955020817
2400231726
508049341
1107681031
19843930
1653621487
1936682173
2365356209
176448333
2320961757
525654962
2230776322
54769979
57564623
2316490838
32282657
369042914
260467538
535960991
1093058941
34760798
814371092
547969112
218525859
2184037639
27730670
969318211
16498577
62669121
979779408
1017570618
2287687357
31351577
2284283299
1623818160
96447622
21776538
1334905284
21343653
929514828
28810834
842192785
151152484
361859989
1055920698
568088930
2158290889
27601201
634001894
11102352
94607882
17327882
112562263
158060289
28918971
22663306
274221066
1065869268
264268489
29445904
885733974
1260512695
712376993
37932113
1659248994
1609564021
312263363
66951419
399645310
1052976114
175531983
48922492
605762052
359242615
23291699
49964679
353246368
534903573
49364214
988105718
1209558535
758411138
179118266
149960833
1604187235
45260499
21567816
630601299
1171880191
89277004
1581983378
89496720
1190690964
93093380
80601437
705484146
1482990582
21631487
294892027
46460812
632963692
417388541
1368640759
1551604218
807099200
1539653738
1158853082
484023830
210764024
251487910
1326465307
24747936
1512046250
729962941
1093338090
389200916
1417982694
554297658
50021619
475018103
35331050
596991956
322897229
198885777
1419126240
879898964
550666618
102217191
543373179
33381229
908951886
621989197
40058836
242618658
360125870
1096632000
245033826
1316926873
75952772
622695781
1206302912
74820717
1361210016
540100041
538481859
868810314
370105126
555865638
1173116654
106822606
46347178
281630129
553190985
395327741
323911083
37002670
563031357
324085045
13924142
206484951
19497006
109297816
270535119
317364800
899192905
524744736
909214778
19114646
342552374
346404130
379082219
111944412
869481554
1020954092
46476526
1199708312
915737623
101659620
450291742
924078326
608563284
18810387
551433891
860990054
305062390
182265955
772544220
198878889
588479306
314303636
805826575
284752086
362968029
293041592
826537184
55408050
267859353
247002793
110646954
434129284
734313128
207999109
256671170
177585951
631548298
551680573
393190233
808221312
874741914
885265748
466158685
232029310
79295744
450033262
805669518
634953309
803663671
141461316
95696656
450697476
136936964
347627434
710730559
20091551
423073574
102861149
65817569
636303971
573972193
381330974
176950935
79652669
62645216
421460415
48585896
535292161
19033396
135394146
133129730
849440624
249417956
405883215
316126656
16787533
23195603
487135662
613704201
874865912
18081264
26903885
832182890
543455861
220226094
565846103
432284932
332625405
596126113
130608234
76660401
792163920
94857536
529562997
568240602
379479080
20115662
76057201
20347310
127099847
41957116
560976447
22323044
634260638
400693292
85187390
21265576
36198290
19510495
314798696
51947816
506911814
17760814
424661031
506872051
19566293
55882303
105656673
199396547
21040094
476730083
469526013
467820268
16814727
22049546
237486853
370658691
28867972
411842728
193371321
140061883
388241027
182584207
256321233
50162534
33014161
18104782
28239415
255487454
226242555
23245401
122109092
269456295
53319973
217281881
15863392
42237685
28270549
47348456
24674599
180371812
120144156
14828860
114583348
16660734
118551001
29747287
127596990
121900334
19568531
16468653
32882056
27380155
19837503
19828478
37723033
60093826
77507769
83045794
17897616
19865903
15808368
73524768
39095098
25363504
26644750
80490161
18587662
8216472
65440890
16390926
16185380
21044127
18650380
20974089
44759911
45153102
6784782
52833484
50849932
17070400
16661227
19523402
16571914
