397545273
2417085025
27973524
1367531
3310061541
57472328
2935489123
488838893
42670638
138809881
23613479
169686021
34793128
547049036
53178109
17870564
416814339
281111463
722528529716383744
782376073707286528
1063034450
500704345
2566535282
3640650913
818927131883356161
17685258
72740377
273542042
16101182
545413416
1581277519
44933687
33717365
22142670
125217296
459602372
319038558
47337027
107433523
586193370
18391051
250205792
29964675
9763482
105909196
37590426
26637755
34092207
1588068188
164336339
14787713
1278711637
23151437
110195330
2269666182
53252607
28058204
15755669
14844867
343066564
19995834
285759319
20895801
1128886760
19358830
82887748
269503899
16988038
544773325
238275015
18005085
896441419
57680343
148476464
22829079
930160258898694145
102862980
145107843
350020705
60784269
64635680
180503626
38495835
15647676
17629860
43283406
188877180
370094706
375721095
592730371
792011246
16334281
88355255
16908110
1655952050
47293791
619247259
1321580400
600958397
2999377084
344425346
912858588
20890584
14839147
24578794
296903457
1140188832
19189064
202396203
203226736
7702542
66967746
21439144
18025377
620571475
39344374
50769180
116559622
20998647
457984599
18643437
18379614
18916432
818876014390603776
822215679726100480
1536791610
37000209
52544275
22035690
25429371
197496309
110445334
48459553
108617810
788002545583042560
2908170952
48455634
710990834972233728
771529979846766592
95994080
3378874109
850036892
16989178
1339835893
130496027
1453418317
383300852
426917520
22677397
3498448812
471672239
622804972
288778779
4562036675
343523535
24111487
23583214
759251
442870573
24687699
177569765
34903365
1278282558
130033510
259001548
1377780391
19043431
19034576
514466563
20776147
341133906
710464385219739648
54671747
16331010
4906608407
39640051
3309662224
858714644
22008787
25321854
23451348
43909715
44224400
25913173
79238164
29546945
56405314
277546050
80676273
28109359
267921808
22676390
21447363
14230524
124003770
139823781
18812301
33514869
284602545
32004130
21258337
25073877
3195591187
56561449
18646108
16031927
23970102
41634520
15976697
196168350
12701412
149346219
16117029
71294756
48100887
19362341
60919240
428333
20114753
19058681
21388284
11347122
22650211
16129920
17074440
15846407
21324258
20067354
15224867
19397785
