18166778
166751745
822215679726100480
988573326376427520
2259428884
41404125
878087280321335298
273542042
289435235
384910109
862493306382626818
18247062
68141579
275145990
239952543
2966980344
941027922411888640
818910970567344128
37666984
2334597583
72914006
2941111369
36969574
5509762
9269372
122207745
18983793
2771928967
111356854
35474809
28419276
15111011
42258864
19609219
2926000113
542228359
3808598191
3480900081
29248693
1710747564
16026732
36258379
131546062
1476243776
755979920
256112507
197059692
55011889
283241120
25101996
16031927
465950297
2671668217
85796380
723566018094878720
17061263
16677181
71067101
748777097141755904
1510918164
4388598255
3397602454
15745368
18082466
15782216
17365337
1429761
1055578346
2557521
2236553745
839398724828819456
2867586436
20815847
3308026038
1308317708
1158740209
1562192749
229139732
4265599767
3108351
18648607
176573604
17564591
264361128
1209936918
108471631
21829541
822215673812119553
46681100
593398421
53135447
1602674246
265534185
151232686
110445334
359428392
337295378
39550144
185703616
81325405
16580226
840904796
25073877
471672239
22703645
229592356
1413106430
759512050846535681
18803064
341147213
108617810
20733972
22203756
18916432
189375282
1180379185
118845216
37028157
3221357514
762938624346390528
138182116
240454812
369820241
40992993
159241644
300403391
3065981667
1393362752
27311044
3330149363
2395345404
2870971421
727603401933135873
721043190455934976
95687597
1081537201
735153817
69052130
219041453
25539759
259392555
15754281
2440032553
1129574192
12292302
44227651
101493549
71023061
19517144
1446927714
30103418
24996939
3131525027
930981252
944463799
5402612
963459967
2467791
51241574
1367531
1652541
2367792293
413588015
50337781
741788048
2761587243
166633761
7702542
2489233309
1700856288
19670346
14501816
109959589
151595281
39533864
24166424
64453098
18646108
112047805
27744185
3341821992
3318280321
2303374783
2180751157
585808278
3118981053
472403587
29209554
93789657
50769180
2917895436
168878412
256131756
188925185
436237812
21318507
22137228
201466776
257299983
480528116
7259302
16028382
228769818
18576537
404338928
204103867
2480257389
500902970
46793905
2480153039
374777707
18345919
5577902
40293271
27500565
221898261
80441410
39893131
195964116
1058431974
814386200
1337608818
705032389
116795381
203226736
16743021
23970102
113662577
224043416
47747075
6017542
428333
1206259148
20975060
4923811
69773058
35218566
101133100
416312337
402087833
375200450
783214
15672324
25836721
24487953
188715385
166270127
30870308
