818927131883356161
1000371493438742529
798323278888730624
2730264319
273995734
274830240
997541920464306176
928996263957352448
850394178
324418696
831167618568568832
315142269
743042827764961280
2205862450
7702542
275253981
983483059428261889
991108498242056193
2901835620
917501529480765441
2359413307
333228995
711874169495887872
2881449669
114840005
878247600096509952
2937613910
4499382678
1040078713
2927016225
823368303259226112
1370179141
827520423264911361
934160454867472384
892507292419194880
252398355
39344374
843597027032424448
25073877
70752394
973018333527322624
90817820
833069686149496836
4822904303
4195481594
3297022953
23022687
3416153772
278228939
751551835039760384
800086706678419456
4755310637
889543524055691264
91272139
955224057988993025
376537833
895228664
794401550
2941870487
812135885328236551
964946007007129601
3346541451
633299317
59736485
775083112787091457
911449313804472320
791978053379432448
34367582
327601938
3554529315
27063389
1955132936
1890976934
202952121
821609593914740737
107611807
818512904035205120
3103892153
735201486913835010
2359728006
918017912618831873
848618993015500802
3544123154
868205022
248229146
207556133
870475731330977793
800925905136877569
930999365807853570
190821375
27858104
911275225291067392
754845211176554496
34434801
934142170835161088
3320712379
863878094
123278247
4563974475
820824865246564352
885733974
16672662
20490840
816692173462786048
2950448632
817203546126852096
3544638504
818809566548860928
780932614353932291
164299851
2414730842
2477776868
892760622634418176
248113252
4866993340
269199676
49013625
1552100222
33191087
817661098988019712
232108392
257471001
2302134816
765718694332817408
514485691
854437314315116544
4100137708
881285550316994560
2243326136
18785821
522599996
890319316327047168
2511584504
4917311502
363536869
806122520202055681
859254355161231360
69371658
881649597294268417
701412529839411200
715338876408045569
882272683504939010
27313635
527949804
739354674285957121
888870734910697474
876732921759100928
316102811
4597801212
872208922400223232
115681686
822982329123700736
4870642869
799824110721388544
882043154249252864
801452699535413248
4913810798
740924455166353408
792214751002714112
861718436
11862562
886563704615182336
722108511082012673
2921008274
724742529267064833
2400173262
1162271479
4504293619
311212745
78523300
236929993
842537423791947777
871733628350365697
72276309
717144530
2896439073
956562032
69739698
43713433
761799487186735105
275276082
52944689
823385300772802560
166751745
864273771687018496
4332143482
120818659
158436870
3551446154
130259934
26266763
1373192226
560682315
2892597055
600393621
880539026876276736
825209012853547009
226182568
4341684089
863457364955025413
27860457
2747288099
839822985397743619
745200955600347136
742055549932445696
735716328040865792
2248182513
273192214
4501950913
876634770918309888
818646077414969344
2581758266
867774076827312128
77678565
801118025000710144
478227061
708416329842352128
842517493549817856
826867021086343169
310888741
20297126
834849787933491201
1858478731
14798210
1324899366
2458350638
338577578
1408487016
756044053
17677016
185635130
263692122
829778593093935106
61079268
214924095
706577077898756096
825553397919129601
782030468501864449
601535938
832329338230038532
860618630
14828860
2976796559
2456962812
1904682469
25975551
86815264
1587218150
796646436809089024
714290778646818816
807692657203892224
261226885
735880227486715904
783086928472047617
376453771
1520470585
848935361833299968
785277349969457152
46251367
851116446881116162
361859989
722874740826701824
27906010
804956206179766272
589128515
14429823
18305815
2437661736
838038793248624641
786298499235192832
858778811869130752
176306447
3190902860
1531974344
775321857843138560
3024626899
3188611451
2739035598
787359738723987460
533712421
764827032979140608
2906348990
2291989712
163308998
779470117944123392
231295638
819370362458767365
736959136164806657
603068411
821087931909767168
3267456386
4041846647
4824422625
2258744876
758102411135246336
78687396
739804789651963904
149636671
826497001952993280
27000730
147580943
309298818
2983331559
835115028860780544
615687834
822549418176036868
455587915
2246299058
92832500
837615659605454848
850144549540200448
34663425
1210679017
711627609344516096
712282022840938496
2581164337
827187561667895300
798626712892350464
777600985329987584
2416900776
255830920
775900422779338752
3652958232
1647937405
567284416
4033144487
3244703755
815897178766016513
460610927
16488971
716634913487847425
258918242
814943498952527872
145626100
777263844221718528
753939278028238849
838817512259268608
60317232
16557087
833859607063703553
799699638949318656
845472404549910531
3217278321
797494558619828224
828748540545425408
833475175697887232
121656624
47061232
321528322
176596263
34606476
832386120759570434
824096965273063425
797961286181093376
3308310776
2927037269
2458410882
51243805
4614034311
786656240445161472
3578442137
739194068568317952
771768274728132608
3193870345
70731502
4443179654
1674315427
1646856415
85253884
2485068888
54479718
22900099
604856112
759149641543716864
547969112
226325141
46190093
2342196685
1609546459
797903942629793793
29534201
2456819246
827656214242803714
446228264
4884663951
814211191065235456
817746980260745219
803444271487578112
3274916322
787710491665715204
3408036279
817758728443359232
470744587
827160514589364225
3134411065
813146586037493760
751050779822264320
745367317555650560
799057148844064768
798315314840739840
785959633240350720
407490941
546145821
755485620110299136
181249422
829135887187447809
827171770801074176
146456142
548364738
61668276
36084358
57049338
45749147
53524514
17372211
2716619715
833963088
121313659
2204909892
3410475429
435099091
719581669607378944
3075562766
731877125721067520
524943970
2312902755
28239343
67219774
846009488
279612469
801134685233483777
2357142594
810698204375293953
720707740578881536
89277004
3390129334
2378133151
702713126483984385
708471306702823424
1467850530
4056983819
815642625139036160
534882348
3254550226
438829747
20600612
246464087
1101610074
43974425
98028445
753983376462340096
2916054140
146037421
797108518939660288
2718300505
761952638371979264
818674738532786176
109693423
35542245
171203334
711255241581326337
3702234197
380648673
16671007
4914539795
521340957
18557659
1340875597
617692639
808723213
4294742414
2247566484
3084179561
550497388
54769979
751958473311563776
18296251
75098654
793917212469911552
753506614359887872
14986598
748684379015245824
2716561885
729453039103279108
3178519633
792069467878588416
19877089
722207654
2424016218
769049801107341312
3795292154
894436309
158060289
549122084
2933028813
804204737910292484
429429068
714614269032198144
752703062314258432
4885515275
2834620568
3346278028
785649571787444225
2796910957
70024758
739350495337144321
2329396765
2758532800
1678941206
786220750034337792
108985609
106888707
224183827
2256965582
719276823809540096
1576622209
800394337125138432
375994659
2240681928
717803408518938625
348293637
757914175
65455370
2279856378
773685820926652416
704778449706217472
722234093333651456
353289134
4662797732
719399195854180352
3308456234
101122971
132111956
728279539101646849
533414140
3511366996
23155102
313038011
1338765866
913228118
795656935093792769
857001662
786284375499378690
72169850
796692926847926273
471062544
16335102
3271255423
3517246641
592730371
3530718374
2767680652
1345320968
458788016
705551647074869248
274891222
961537104
4491996682
783803911287164932
4544335296
2186545345
903377622
766896564878979072
383903519
49210897
753977229386715140
21631487
3007163826
32475192
3083467741
723625449419472896
2834208271
750362261387153408
1337338321
39909978
33811812
171480614
756353529770602496
2437179241
40548350
19211550
559977174
432964366
760188294554542080
2596413645
540325733
776414844396376064
929278123
379767285
2641993872
757059641218138112
721424099877072896
4671191282
70156027
778653651460128769
45641358
2993449593
424927514
2397468266
4452743837
440483855
214639199
4910801009
257817424
142150016
3649522392
174316096
271710717
16163639
2853461537
609297027
2814308774
709492100367167488
431071870
715623927737876480
702220178021548032
147287191
580588463
785925671776231424
80694580
1190530476
2887465954
206063108
470556983
721737068322271232
733712514203168769
381108914
32225866
704784672954425344
1913410831
753734120807825408
346924655
860110616
2749858280
155075025
434458299
2327685612
2927284436
4761064634
4833619047
755800378147495936
398886217
3182887447
221034430
3347497853
1606398271
27443191
4594870951
18112523
2877327096
4299954755
42158021
39878846
782748679094558721
3059872453
371087137
769473349957226496
725654281605492736
367273527
788571666
731214655943663616
4263818058
2243118661
421575263
292929271
700800823
727529229068324864
706389399785705474
2967626975
2845849081
820935110
293267862
1146358172
1370971824
1919066210
4102376488
902200087
261749735
19173608
795181796
18643437
196168350
358545917
