14539425
956665855877746688
203226736
749688843297755136
997503485707943937
992081273815478272
157987945
45615218
3000461151
1687504316
364214133
224351791
594886554
3307670633
109640315
147725246
24578794
21536398
54412900
818948638890217473
817661098988019712
116384038
264361128
36529101
16163639
895814938995957760
859254355161231360
3148420302
10615232
812135885328236551
4175166177
862424157061033984
2531747291
247981000
138796301
28628850
43685732
2265133784
4510755552
779744260849561601
878247600096509952
586762342
314547496
3482577855
240454812
741057139687362564
1012271287
511291883
269199676
727882402568101888
804565833796218880
3297022953
2959017248
2334193741
900279261210132481
556075322
925690151476621312
18166778
921035226469535745
21363569
924404819611172864
232901331
21865846
3860504239
1209417007
2422267465
903461110765850625
25101996
14862190
14839147
901857120085213184
4380273612
7702542
888433015927574530
248113252
2996253413
58569513
25202268
785491546900684800
763830071727493120
2163908557
39538010
851862756085059584
882452083055767553
816178589200683008
870376557461872640
2164876369
441389311
171632862
824873553845563394
2740108585
857633453881405441
773224756971577344
15416505
755246561223991296
100086931
4041846647
18279320
4761064634
18856867
41778159
72931184
604856112
16106584
83470331
15843059
19211550
1564327968
852507178154033153
237348797
1367531
18266688
4831681367
237403203
2417586104
114547606
53979469
457984599
14669951
50769180
3152550497
3302032870
515154835
14367719
816037407015378944
2830136184
823575687667871744
288432289
18706305
21685127
34262462
4717892303
21613794
744364926018326528
2336823235
2978053367
57338175
19017675
167716675
29216764
850036892
26487169
611986351
2853461537
358545917
1965905149
422894799
827281830944530436
388983706
39344374
39349894
41634520
18247062
16589206
313038011
118845216
275276082
590211920
227448077
127941629
1581812084
78523300
16989178
29458079
91882544
822215679726100480
821511862881845248
196168350
18643437
64643056
22703645
824342747410788353
187759121
39308549
46721978
3393202101
403647191
783429155656302592
2231109295
30244119
801962070
25073877
