753993358306009088
336202987
4862145824
3266469216
27087581
4896426101
765206378063466497
617692639
52486509
969383803000184832
2595263312
402416657
2701408981
738195476357480448
809532486728486912
1327782188
880786874792411137
959022690685222912
825850178926235649
102108884
3006015921
996116857030574080
879090821349351424
27001391
997312910748680192
81475201
2757695505
15502225
1555515878
873367940984324096
833381141490982912
562836938
1952086878
944064001079521280
2794849039
936229490170118144
1372105952
404794945
753404322348539906
1634628386
882381967324364800
1201586072
995761108974735363
112758180
983074793938411520
3110258986
1197450984
2335550966
911611710750035968
111800776
738875921093042176
804668510714662912
705261626316947456
929529254253129729
1544920574
402854241
767779398409936896
820336846337032192
749437963742961664
2912457936
2155747086
903356563569516544
532630773
28472070
857352882718466049
30617819
997646134381301760
27185670
787981196
970851394675773440
701874506713792512
972268773276348417
905827798874456065
761535680
814550884487139329
369121003
815379003569602560
263216178
241700056
2272055016
815916290560835584
744627423136849921
47061232
89280507
708678971815305216
61079268
741449700243562497
2149793719
3718574834
878034452798222339
2936645772
854406078901211137
411079287
46712077
524737603
1633755872
712408253867515904
2851097662
56864112
824791148564733953
3093821542
961286503593738240
20802666
402223132
429196082
66759174
944603295099658240
777649270971363329
958064770019741696
2530793158
757358036998582276
2304780416
983483059428261889
976020262729773057
716146833030930433
768619227867602944
2246299058
865258935586082816
94695195
437145343
925368969774751744
921030055085641728
495488893
892816234227609609
285588537
4837441020
41677388
46556033
431071870
321035269
863411205377052673
889535953878036480
262857265
820426522213421056
885651283
20846517
826905528538431488
15786888
706242358422024197
139719874
3980772021
701801772558385154
707265090379128832
749647617806569472
897823192814956544
349853958
274093451
864585230308569089
25462677
785529648419659776
867740400206925824
907535976456634368
3233906150
873166871721377792
1002317977
857280199498518529
704853530981462016
68142810
715766251549761537
979718710364704769
105527522
4356266050
15496973
545538945
1051557925
703372083007463424
960994743357292544
522008588
4884814474
4635034280
462546692
862802922983346176
982565634096558081
2188423838
828360843121328128
898037213354758146
857836522501849088
460245074
959491967733284868
96592594
872695783
857372543291990016
909448512
344150318
915736884
475823764
952624569604599809
920232769711738880
978708650679300096
2282974549
750215064
170266393
911350039942967301
3006943505
815739870723407872
415228744
4828075607
818616169493991424
943318456971210752
203997847
198512092
177584156
919710685189242880
505192786
739826061207207936
773172956277174273
2479186429
2834620568
979790102116388864
221467214
2419490179
729485564794175488
832172162828140544
795415153474932736
920263177530695682
797265170519195649
845372643025080320
894019281633112064
3266978148
2942836979
61098737
899115298997055491
977624116890144768
926066444529471488
842747593872625668
919056284003065856
100696091
822667212167188481
306924364
2895251844
825349534419034114
405172788
521857759
385729657
3472961720
179786005
4244457140
979204133314953216
981210318851502080
1544653724
810985180269658112
923543670552432642
2913088509
942779242470936576
2704395055
727609177032564739
899081073145122816
47082278
974351678504931328
789838755767132164
832262381837357056
3034574101
98138364
970335442926268416
849075773101277185
912670903749812224
211589519
838746099812864000
885365156951318530
886762665464483840
2326035948
874296868272046081
922101377089675264
971761809911885824
939943665564254209
2252163905
892507292419194880
776106716509380608
758332903201714177
976727886
798897336625799169
4691189473
4739845481
914154046382051328
1258305746
785458822412369920
22283739
380997849
885715033375744000
902985585702338562
762273708023046144
763517984551952385
909266996407107585
965879971108524032
67657700
934742731414429696
727478189753143297
787133844059140100
962411587104657408
800795339229831168
819986375965437952
950077800
899329069795479553
897644331561103365
959796882234134528
1173764232
971985059509972992
1679811914
2545859673
971465721195782146
16155881
938034378181136385
547969112
786016584108154880
839236540312207360
875456582468947968
931027409356201984
1656376928
130055429
2681315173
810230969256931329
760875151
36246969
24248534
913623647188848640
854823122
806862790770196480
60439799
2329210838
3248410062
15047886
340244399
938432914425040896
885480031
860880449505067008
360703500
34918119
709258585
24614579
827994873009668097
758587423538360320
347976255
3731883734
734168909553766405
855383208619376642
537327467
2878445002
4705938091
970058955568300032
777243721238654976
916171275604705281
821206447627390979
823201042670108672
2211112023
818358278
927196626929590272
820078082786611201
965949803921162240
3367987133
777490559787274240
922691386196893696
83184793
782022721836228609
830442199284342785
2714996981
801118025000710144
2208361004
1852702196
4765015093
592745138
789254026311245825
959397259472506882
946226766716252160
3411140663
36166396
912123319830372352
609189603
837717336111083521
906939614753120257
82616432
3288093800
2376185485
2206062288
1711334246
838189523855036417
903679205656977408
491549535
884083985181102080
882681048806699008
966169314184200192
773635377643024385
484229824
157569158
769240951604772864
267260555
2229188366
965421000157532160
1489467950
816729132549754887
2559147045
212248844
932355599420997633
20625830
936655651287203840
716191827196391425
3038541493
953847938492481539
926907495167094785
920725023655997440
890939388523425792
221634221
782269112160444416
569129783
963502203381211137
557160127
935151995152826372
829500587809075201
709238193162289152
898945020
822594904455073794
89076159
759140401
4064093608
193314240
957866335752609792
1113478698
261207256
230137328
878150745660551168
134564198
815383267918643200
31738725
765978736290304000
333823882
806176396334796800
726784186217062400
796899745889402880
533884823
2273683867
712745031501676544
42936725
40988269
3101613139
38962940
719662077934243840
3945784187
883334230968684544
793611435628724224
798250483324317696
2970334152
21498894
802963915726434305
220556120
26876136
945268508425883648
20118767
1587393168
946771427188969472
911089430919766016
886731929734844416
826592087646810112
820024873661636609
67295944
959863578496045058
609650898
202623684
879908214766264321
375096676
2396604059
27443748
955839009124769793
955155203413569536
1484114822
4851784353
49413877
822155981064994816
896024789776814081
94262477
514025207
367529999
561654065
2804580158
3892911012
883130484871573504
3067567178
927130750067073024
478640581
814248844154109952
260477009
482591047
934465005294059520
4562193613
14437333
922568445731930112
623767536
191430606
61473986
402836420
114427707
629122061
284628567
899048989835706368
933367394151649280
447200783
919302803234918401
931296693567533058
1691781967
813466712
862750829945782272
786059588571455488
932423095675211778
3063132080
888935128092864512
15290947
875627605
757642475523698688
932764592698216448
266237495
905215701153181696
825747937527357440
2471424182
838132337950875648
582501111
926163797890555904
883540275385290752
4746444355
1325816930
4921624971
710212852108230656
190928730
2875700829
163831652
380121440
2169830941
884474473088507904
3507100335
802356223966375936
1635593876
924772494313062400
910326509461745665
727501123209195521
4852643463
2804208510
817382752731463680
883829054855671809
805052617969827840
87668931
892188990991876096
916603001451589638
879417712811945984
1674142795
731608385645318144
929769077467258881
4628073860
744921638056034305
760621746462531585
818239224474320897
355581180
880846980695576577
2656926641
702933958913175553
37502757
3633680544
255630820
2699405072
940424988
4443440593
2924952258
70189800
2366429623
891243528046735360
898906062
922800501233799169
3100846987
823218895045722112
825569492671541249
837779358529937412
4851525589
33339021
937698234994167809
877221853642842112
51779155
918274726363004928
933865534524977152
73205897
255701055
358962116
913984184980557824
120935923
961625113673125889
24645354
744692585193684993
783490692693622784
470308462
954935984575033344
889956177005735937
944277498514124800
2178669641
901508976122093569
3540707537
949328502330937345
4862342390
953386300522094598
792578968771698688
3125528415
943526778538221568
27063389
886607519929565184
913974370514567169
759795273937874944
718920482762805249
784071677575569408
2927276992
3415287255
214055923
2881903133
3776062282
28934470
759069400502792192
941042039034060800
948198491876143104
803769030
3638492653
836757182737678340
843253754644353024
16988582
780913954243616769
15729622
957252511588671488
813125421415940096
2237901624
746134043318640644
4040982387
49059418
1104334460
870021705414168576
926257480652509185
88228561
782720001455325184
2389453384
857232270704480256
722207654
2749874465
2222819749
706148599604731905
1345822466
1888790910
949023014347268096
25960025
129940576
40010018
957069975281422336
1309018890
3007981916
4596311778
2519063076
916124376801665024
291940918
1672457455
917952475050795013
957872395787821057
1936046084
19546975
716448762042970112
629705345
359033508
901447425608622080
738567336853020673
805441972823461888
42892810
4836715811
1862733978
943136472823226375
806538285564698624
933336206062096384
4735616514
893957679059742721
3379125117
3356928605
865236475100704768
914922635821187072
942928710688112641
2612389550
20094295
823370928516001793
925072203267432448
4786138371
2253787674
923365296748064768
2800743920
735532696185737216
898953248
743417949323665408
785611822304866304
622168806
4185870568
842788574974136322
714989079021006848
919382843570003968
712802455466082304
3626378896
3948234192
924358369267322880
1077028063
25301036
38644197
934954517757595649
952261264297914369
374426962
4822536123
944292823934828546
4615814789
706946203976667136
786346433486131201
322674957
2832071262
4500337213
823641783636815872
1237825812
2283766542
2500157240
4832492892
4881074567
3318238316
956351122872049664
863736510968770567
880581516
36819511
4247374520
4916892991
934141798485843968
1407687314
880703835999744000
932061915106377728
2837300288
4221079785
1244763499
559605794
557468072
912365730972258304
809479248
3252868549
864988133661847552
784780976912162816
832646989900701696
821026345736093696
3125431593
856694068163858432
2823178165
921895963647791104
19073020
794219769943691264
19492240
745776322878771202
942922685968941056
285793483
1693894483
330507831
815388229893378048
901399120866357248
585734381
3400783660
798145390096723968
59108330
43432649
3323238999
958369727994318848
613538217
3316868654
832766756154404864
2710513999
893707961457049601
797114246945505280
2247629078
944503872
4605113535
798037991050670080
3617789295
586083217
959451481790406683
381319309
892806467249623042
349267837
1723276909
757703840669904896
86986583
2536850960
942834760589639680
138225977
815388381647605761
258009431
937682806016233473
755231628964704256
940738874120310784
357628039
2573729642
2244845930
944719413860696064
791350179844788224
3091296991
742007817364602880
4687507512
361242657
881925932398895104
742408457421197312
879928798052982784
408723057
2422095462
367021773
732976058266464256
828213487
761360517441007617
873764199171670016
950887920423993344
759795368120856576
865023517200228352
133129825
1247936395
1005997122
4180352153
1894067342
48283457
829849192747016192
39118070
792425445929078788
704351162934259712
49118430
891114542
243678871
912503877299326976
384604032
166816678
2368191728
258102381
268563528
1690076502
317364093
956878027966869504
856942468616650752
32753000
4043751910
910989757
378957516
933154114082521089
326462385
836203652599656448
785453787087507456
925785282800058368
2881169894
818442545848061952
378061033
815366449199910913
830285629434978306
31020580
4325993474
845552517169795072
1387433749
26102775
805552999
931005736057913345
186278633
2949439174
35132974
361985352
1944812238
2880197418
759709242
1904739704
71613350
801265893707685888
883371164520808449
2449913803
3411263883
138520083
35357560
2847767012
883073378952728576
791062131512709120
781220896987951105
786189934868701184
2740735159
822963227504078848
3346124981
896504150883684352
783471651962761216
836731777322467328
906955382505041921
2764402421
914104931761745920
1436790152
24894527
741042177128599553
933131102947917824
1658157224
953665840351776768
144612867
67647503
942460699640508419
1239514435
260077092
923588061946155008
880883127312424962
267175425
1072986938
37007392
768977515738169344
892873918536667137
2903069864
3838614857
32162511
953399773725380608
2400053549
1478259486
888405350239653888
906655260973953025
88245494
1324697310
4498735761
38836768
917501529480765441
437613219
2631156490
830585596921905153
14655471
869746496765181954
2230595921
787003418867097600
874678015
360409332
3456496461
23568539
811292226118647808
821476751523971072
583005149
768980142819569664
18363921
890555576555581441
35257110
601364744
957161907772903424
1668588985
835227861103456256
797912624310546432
264966794
3407135421
918459142645452800
15152112
896542752326000640
817815330152128519
846336340031684608
43445273
785101109371113473
17790116
930814866583162881
4071602655
813837205261189121
955118355022663680
741932068347613185
789238828473081856
907588285299654656
3230021454
16585101
3345484813
526707382
3961381816
200644072
727497780072050688
894450550032519170
36342324
850411759190106112
2147635317
586087993
254193327
1096452331
72427670
38297733
841714045153611776
1223191172
887645776545021954
766764226337734657
89258328
49787356
69368179
861538670888747009
823200760997539841
864999726814347264
790864456465149952
947075248385486848
247138663
798669045537079296
935594909586817024
556984887
193100541
1717219453
924459792604848129
818498453609320449
564213018
2236167788
832329338230038532
187782838
1191779618
864078074
3370014575
819976465496346625
742514321977139200
895047715
885329879935229952
822762699666968576
4751570748
4131007334
4780854029
58377855
1902930638
15273001
109194980
589190175
1411272246
822992921637113860
3314153391
788773098774421504
954538696681943040
948220877065383938
2941351219
356286051
912585998306992128
158076899
4865498327
923657825171263489
798746237294018560
148751465
410180923
41483772
105838821
898335189239119872
191619944
870330099232538625
377750559
21384231
19275549
799111347111751680
31506167
583425878
796957446069587968
888503349028560896
883027643054075904
41487181
3438633123
738153522277945344
778136741882503168
941136352199966725
854121167405371392
555491076
805490995081187328
74634789
834512509172342794
714878737381101568
2386894920
513780378
27424700
2374237604
503777276
952192450961051648
2857403669
2972957083
2931498373
480091495
869979464851103744
4860451825
2355488882
370182558
31239072
838748354112811009
866311214770528257
2867253812
754770601647243264
3298731986
767424168669229057
864517942343602176
940077822055366657
157911068
469795401
524105000
53745076
831194158400368640
808467142970634240
3006600919
725076888561979393
921592240820035589
788776694446301184
4216922654
2233523640
113916171
345385271
837200388902223872
4847424813
404341852
830538315036229632
822921337446375424
835603125209808896
3031461639
823092686643167232
3385093677
911950450232086529
162623616
904023509797670912
878417361879130116
1491745206
782992350993911808
789906923332116481
802155878564630528
4693651052
810788174368804864
3008363923
1692376675
829230743155007488
912383598828847109
903019321236099077
808078641670148096
897623110563885056
775432673439338497
953764154480918528
402676135
946722213683752960
2978053367
22953572
844439698550460416
785310060851425280
809932163755995138
827525641817956352
809048271440281600
3042173895
2463566250
915300942081171457
302258375
774978439065415680
814639302655275008
936728405738950657
3024256139
118252597
206522478
582375867
954197978411094016
762154021981487104
385210538
2477776868
926456818037084162
788784174547083265
950072516118114304
4553683767
764565157301202944
852429043966160896
4282978574
3092076227
1287220346
949076881084698630
875711857696395265
3023387471
952391879353487360
90114840
2383983673
2322390793
3425187802
918052540998135809
701285115574378496
880104934456213504
946009506739343360
825725893356244992
88080926
806347865073315844
533451321
812498553423745024
899079080
821157370340392962
1587342500
825142486762786816
733823422900404225
3872372007
888204066618306562
709539226908491776
76030793
75364356
945845659130843136
3169088047
862298481339322368
169864743
2324062846
709533350889795584
3481737495
92524719
4860773571
1300395847
912770520688594945
853654222323073024
39069847
881679922913304576
946487228666019840
789748886122356737
526761154
828409144814235649
848613192121155584
4714527554
2485550138
919487059395563520
948640112929370113
863878094
950723379241410561
817930108732342274
310580814
526636233
254690767
2855840411
3307618601
845767731160891392
3369187348
931410372233269248
927850291969642496
2859415838
314548237
394870091
800086706678419456
26232735
15243435
2910491329
903964219925716992
750859751534264320
324964108
931167329584545792
262803631
576508504
2502650963
882056719228182528
928432608626774017
2794432004
793956888983572480
781214193924046848
98150731
821896354553331716
821814299157000192
823873267865894913
4711619733
951696209755848709
2342300126
2263344216
722994185171816448
170516097
1320974768
879782885321998338
372582074
932242880198074370
531813596
954098629274464257
815988156461969408
952173581986824193
786724170017153024
2964664061
30669698
888230659394867200
3408232162
300074405
788578353989099520
316781372
871182081992392705
27317534
917922929303801856
3252989051
953318844055113729
707674630916415488
817416845846257664
898404711883079680
711874169495887872
705926625930514432
4310204417
816361543625535488
550395262
616311396
4895345752
105355215
950452860789157888
888385734964596736
15540107
705545842615169024
734116403339493380
49077522
197862420
708769555326181377
12941062
66828583
1118188309
563767568
459146045
862649829968625664
946554550290350080
1849730120
528349176
709532601032286209
1056118772
941588831287070720
770467340567900161
707388676251238400
948541468192493568
723249249475915776
822796228647755776
31065730
824559481803735040
1387798632
929005856250671104
939921831003344897
786215207785811968
316719302
936610942493843456
845716168262475776
21429766
793444618712915968
827443309131898880
3751923373
767338763919822849
95918930
926111382269030400
27136159
757776865180483584
889553902525435908
3062451515
936568183187759104
3950507121
3710297172
934160454867472384
333228995
316664680
835232759714992128
820397578151809024
920120112614707206
2883323752
2715365275
398644168
3228965001
823426578
830812747625529345
936537323721842690
3030641004
944543321313173504
3198126187
876068284323340288
16999959
822720204375465984
729797054017503233
734703626099232768
804485736334577664
919578100119293952
3127048614
852903929964900353
240454812
882316201937879042
451081038
809581127501385728
822927813347069953
718214294517727232
886359006746423296
889690917745160192
4229625927
3068881296
910237911123156992
887889686374383616
373932544
315259229
774341437995438080
65795092
1517909976
812278264920162304
211369803
833218608
731732329572376576
855545600867266562
293267862
946686146612006917
222480839
934166998673698816
823911630211686401
60319615
51738464
4894407063
773506684417343488
898911884040167426
427674597
15474839
814977867251589120
1086945558
2875832948
841692239562653697
780581584235737088
918854308979863553
2746545489
41511066
2937701728
915252364545789953
800122234886967296
926023689929293824
843369609856139264
875924615901720576
923368757803847680
3647423237
823625499721146368
2262874359
3023125087
60763202
3182288394
899247667078987776
832116628330524673
3117176860
12014232
801555575687495681
801463213833547776
327876963
273287404
1024519177
921472729471053824
893225730959581184
801200139155214336
42739280
2208055124
922872966823731200
2842388038
139737780
3295235697
1631736638
820706466432688129
217639183
4828769349
176336596
823657547982835712
914235190452654080
4204765978
14481746
909808628609241088
2854075845
24232665
840264310597259264
2175434899
862580103078752256
860071052
885417771282124800
767415359439708160
935945152933384192
945153267650084864
893788184357863424
1884538842
458693076
360298485
3981521259
16879878
4278053548
92641292
715265005763989504
11862562
60314781
933170282940035073
2713427480
855084420172193792
935627389886967809
18292048
917228112235999232
525810098
200163987
928439430041419778
876269538802671617
264501955
49185877
796834612416811009
3530476579
2996908511
797072899
869584484416446464
3551446154
30618849
785153115339173889
3182205378
24355469
44139498
1352292624
2291979392
818452914834288640
832763991487164416
812160161003565056
309943119
800773308257996801
757271288293515269
2845849081
201926183
612931307
72646719
787944571451965440
462534226
96440540
837124790313889792
712469168960876544
942468625981673472
883461342358900741
804678021689053184
58571699
4893752842
909712958544064512
904473962259861504
923701253200211969
150441051
22914767
822186774441103360
901148045722734596
802603087219355648
898904244
817484991777144836
414994830
4501950913
830870946005315584
2439422707
789535489112014848
786261379137187840
4583817077
923440869734277120
927926826
813613900491001856
936893534489141248
428385654
787149673614090244
733041844024709124
925483933462036480
932645094036930561
4417631620
90083664
940976269017145344
1129167188
814574674906644480
1119926929
836915180
763935668284239872
885776040341188608
922871574130196480
456714411
34663425
752359309
926104567867199488
849784877562068993
1538776226
925224104201928704
288452526
920408587561816064
894977205318569984
358419991
929130198502555648
4502038452
822574710475096068
766132191734693888
489442501
3424990769
792177571786067969
164719280
2521119734
289304489
893271122032164868
878949181167214592
775042223763324928
4615173461
822252444184879104
901665751202799616
56211319
750009487
3072138314
912025992809431040
892912971667603456
782563885878390784
833000496
51626695
778958641
784638158415785984
329345563
877810576533204992
878403261522472960
898021342565498880
3797287649
74157050
1344409772
723187723180363776
4645598232
110855805
597451107
928998593670807552
2209613792
3677013613
800501342653399040
932012307328192512
3588945314
818111304871378944
940043117327028225
21028285
788875430195499008
742757973806587904
764652414272241664
851094558326784000
516122420
15729181
749108412026200065
68130345
473403160
41723079
785882142731403265
845323875302854656
4829392497
3951187792
803000256
2202411006
119829328
783157660807860225
2305511762
325017056
4928573711
2244840272
759824352288309248
191241783
717373508582510592
365671510
728222719356047361
928361240245698560
801101949848453120
1064556584
901864884
827713095074148352
923421733
822510151642923009
754998244606898176
258173948
885208916065374208
71394131
764990872542777344
795245115061235712
573848533
711934026064523264
749294272092991488
3122217677
214953484
100014940
23360808
116695768
920580514318348288
707352000686661632
14828860
837141688137232388
925834222824075264
780577173325221888
873071322263298048
775895540
847974482820157445
42822446
2716331547
2989082161
900898845919502336
2789960936
933452408386195456
873354467281821696
470610984
2378818687
726902335830560768
728946200586551296
3327380102
1249831310
876736198382944256
4824408413
806010806
884837231785062400
35878835
26183714
3325070438
16459067
759051618625032193
800096135217967104
715927136813584384
741820574448521218
25052282
903953910
1941345590
75147912
2847562498
70852754
3425682737
3000220973
712752235860484096
119534385
214873062
202952121
936218344495173633
924673414228529152
321280743
706186209949712384
764575890416234496
360925231
3828340992
926909183420596224
822513837186355200
924390071419142144
718332223
2716941601
731467068
48163750
185713842
911439743690317827
875929735527780352
815473089471315968
16478456
2878381248
819741992989114368
4508471321
936831770703654912
896857410685603840
534055591
3629355252
1262023898
789853899616358400
927991004749287424
822588296337522692
3031905056
1083030128
1369698014
917012428432519169
2397100808
156259840
920297608677134336
224099937
3158594594
282691661
395121335
2208329164
841942470703370241
778386284150530049
793476775846088708
929140829737938944
705935908608937984
789588391448940544
935739601301458947
900498889924653058
47160279
887482399
921923020305915904
710342272710094848
888404109753294849
581389311
930432238327562241
2170881018
827094569594544130
4857963897
73177642
825942667
904329284747014145
4879146023
527047159
878773692242767872
2856386410
4214596455
713033614406115328
935502404623257601
898620146217959426
29467706
745100931776188417
780779953948233729
735554101602193408
2490186745
126014458
835676806455832576
882661564997812224
705846378740781056
826339456223498240
4700845381
464315202
37980139
877672927751229444
903305809630814209
917015592066002944
577434930
757693544362487808
312375029
924398046829572096
731176344
809431655945535489
1053958502
926150663628906497
56415625
89505884
24205072
934961151200210944
708504580850495488
341073304
988105718
14890693
881934101955182594
728329545548337152
2983345053
286832809
3302963865
871961420598054912
25770408
1222949941
924886679529361408
2743749486
1430508206
18291690
810207862639116288
751173600997244932
1260024733
711598819104964608
820252099535511552
125793686
905180017520504832
2669588538
269736784
4185510494
2692125771
334390100
69256645
878916812
21789755
3622251449
930790413845360641
21677872
814313532175028224
411919337
708200704
880818095786524673
889888266920402944
823864423592890368
914868081876520960
783022049702707200
4410217103
44822552
822897057002360836
828115979758661632
272144633
2975468251
808156348332605440
826631265373847552
860363895147462656
850789517422350336
848501833
331863846
909165522276814852
952329210
19621464
933157299090280448
928825281397313537
196234641
709492573421764608
318658564
558294779
44210797
22533298
872278789321089024
29618206
3176004357
1447529352
741229497744293888
2993773987
827334094480691205
931242364537933824
780096605252751360
1373192226
2845681325
748990700763709441
927447281372196864
758130402389139456
4364693417
864927037
1275386664
286622260
754775223740665856
908481177648029696
877399341698170880
720660111161630720
924368153773256704
733162054027235328
482418139
746541199457017857
18227438
248510637
20976349
19029388
919074083559452672
3621556037
846796062597791744
781536160451624960
926278492395892736
1004426490
338911190
751896280021032964
553224712
825886581454172163
89949047
26748994
4727570058
297024305
853377773724868608
60317232
836085005533114369
855588803888779270
891621892242714624
713565781783478272
832616961464938496
82995030
2584333725
757035473399414785
825245574
2196132374
717743780070182916
90731076
1658319846
37146068
60922675
511175369
2972441446
2242930268
201877298
29128560
272270639
3430297912
861631604
172126051
222644440
931828757459030016
172431472
3317287716
737133745
48105920
927810237280612352
917154907257532417
753751576632627200
837535917875220480
67514697
927753711824207874
927757127149535234
2611251025
928613369518673920
542061403
885111211
20754519
3379523464
929893194476556288
810971117644967937
820059490305314816
32248923
928094224913969152
2625740073
3809371219
2417844248
893837725278683137
16493709
21363569
874692650728861696
771706258567168000
152351502
4176543736
2250704618
3819446302
930484519957807104
3337133659
399709997
759108911513427968
15995652
456165865
912117798070919168
3906349152
923620715487641600
2442980549
4827286170
537602851
167653203
199768203
2323913196
914351328968798209
3154251273
1339060338
835872140826030081
1529889614
720843893441306624
920004810354708480
854325320467533829
752519934
2152956020
926920839085387776
833440003111923713
927722806900678656
17965226
585373512
740751762592833536
805464108724264960
3364409488
73158681
3318078050
921832087908503552
729344966
2657250633
794401550
887570337226948609
23155102
3837403517
327017753
33735629
765962124837486592
722192770417430528
921159982514446336
816503505322209281
4597801212
770227195063078915
927208006793809920
1011644822
89490661
27682852
922874172090458112
3154125441
154103402
845466298217836544
741546248
1269955592
122111073
865488314
835227434681184257
894964701049769986
885311298
915974540617908224
886654105191579652
917095095723282432
818183186
2877123289
2588109960
42751681
885993771112026112
833679266944540672
806206348236984320
911647143449968640
27434714
921478435825963010
825545456239464448
60455217
4125064225
816744194266034177
826104850194653186
408023195
89751947
374300387
727212431504711681
876808883330727937
826133935096737792
796906548
829847083041562625
1325469817
4184203773
1400943320
925180420630687744
917743645956206592
2986412740
801140980653166592
302477338
819056605048225792
826515659039313920
372449148
388122292
796483691035828224
4158758146
828032228332548098
856288002435420160
3241559628
822580297795571712
787426957872865280
907592245397868545
414003816
718149456269418496
396716038
902010408013320192
730771002972602369
29747184
3207579777
875189851565502468
46190093
2197348691
3304455363
173596456
2178125658
713685253533995008
4818056292
783162806434619392
792220058491588608
2228130159
4827531214
2657176416
44041065
2220418404
762583787620360192
796465806
926073563790086150
22075828
892953117234352129
926010119539908608
1957549567
897311237901492224
456235676
34756550
4013745015
890319316327047168
570315266
4509862400
855982180979400704
3244382466
830492707353194498
2902870850
922356867388657664
2243403148
713583198026997760
2725937920
2554619132
714073533270401024
846731394927808512
741609209389809664
2437661736
46537726
813519665360228352
323417414
3324887006
73842387
467055084
838060452970135552
701298519093567488
4611138739
764255395116376064
813555801294065664
754017231974068225
25310297
839221449210626052
2941783264
293491180
832114407262060544
27503607
922672479755165696
897966420239163392
1689378834
920908443573211136
831831740591251457
525440173
606038872
761238040656306177
280896976
875366031140769794
1262697373
786801979053924352
136613416
715968040425250816
488060497
908871022782201856
415836996
915304526944468992
3405962098
3252291385
26308591
253693018
275113151
818512904035205120
15656004
84491326
545377339
2502895924
57071412
872428556550385664
848320609746657281
875824534858944512
915992974038847489
4334904142
2821984949
746099989076545536
1431036109
949093099
30657353
1548300366
907547107443265536
805967193276026880
2162002356
2798110052
806175260638908420
35019510
779452897318674432
849991615620014080
370959623
746955905032302592
2391663248
824010671582887936
758060341049700356
1599677563
827570782083567616
1051376118
43105114
701978627479621633
838798224622235648
1208688576
850760671348371457
784985165009448960
227100417
4568453987
3482966654
823238304183283712
753158012
107122961
787663649963970560
313880477
107840236
4832610477
461479285
931308481
4885717007
478367964
882713221244833795
911394591043198976
1571128478
3003765995
4194141941
855907957783056384
822861566093721600
803346400553664512
4824651802
819720726789750785
1040035627
182125474
923381374945583110
3377100196
1486582843
443120996
552821881
915606788355043329
1013455002
870027509898690560
845147105974874112
915651013914349568
21622754
25354034
39609592
57958331
564200318
754338675597594624
800057658241794048
901508784559992838
62620340
921499467336912897
785959633240350720
2981931988
322175308
893857977538682880
885089956389154818
3047722897
897884238644695044
2921820397
1887844819
391736935
738105524118552576
900621195829104640
375434404
706087939240042496
886602765417558016
3892069092
36686069
296867794
4092182599
2788278833
4615390939
895518511317102592
262343616
703970735421792256
805037697395851264
783278598123843584
906873208132878337
818602426878017536
814492070140317696
3138206694
16526000
2553853866
3324131991
2231942370
916449180180254720
829168884582334464
826064108327944192
22342196
174316096
1268242182
3027278530
83696994
873536008876371968
902823644921024512
731533639691964416
792451140654886912
3241007092
170025854
820808196956655616
29122563
837713562609061889
1668756914
740987384704176129
473481889
294852294
781284825965756417
825524240174739456
4267265183
818656562692636672
876040219
820009377780420608
757435253560520704
896752332603621376
351976618
4615965259
14003482
3297895955
4140818604
529562997
276668085
22523182
903160289520082944
901462975248314369
900881187807272960
852362285913952257
375864094
901810728
865939694088970240
2786209473
914973352309047296
190589983
4889379645
195092201
361003801
61309849
805064489133625345
816422039451996160
50094643
4291655293
373033271
942868836
43204105
173433035
4152518164
2564837948
260920107
920892962057408513
54769979
805450658140672000
184383206
1049681827
1199122891
568151409
18371376
221517516
217634501
700630947
409735484
3271901318
891467130197217280
501913318
22099720
704089422237597696
709265212990291968
1120641384
3404611078
107633302
374331041
55217832
785906855121817600
18743710
383922702
3289295713
522757263
739602239048683520
81122942
121818407
4875427757
876272650737205249
926394883
86444477
545759517
867947619661881344
2500587222
716465282500444160
33410754
946261009
824666744165986305
4851276082
4247419580
500175640
3885469758
919940388944777216
61153399
2252717462
804681935507230722
1604590356
167778891
3701618555
827678762061828096
36338627
836573844357906432
327641229
727529229068324864
537904539
710967378763354112
21939082
826069766041374720
69739698
813259158061334528
916382668224204800
2185360068
912222665867481088
3277814538
901930442760310785
813985621903609856
3586652594
828755157294854146
3315337736
785500976543301632
880504496455008256
3493863496
754901630101753856
339156186
64432312
764845383319158786
1343351467
872714657525583872
114342695
169245808
412776430
244475614
705557193773457410
828050035464093697
916967099716775937
464598720
1190530476
881429818046337024
4847226773
864588782078746624
26735842
231023430
2603493397
910952188024729600
2205261256
1402978555
1926639110
490027759
881483771371032576
2841805125
915813226180259841
2652544230
818754421077065728
2833233158
2887220254
918275664784052224
705552616315494400
881913045278130176
1049173327
725654281605492736
859917008
720320967180877825
440953413
46479775
1504748078
379690254
84430166
698562318351863809
3722160913
3266134604
833685704429301761
792418821759913984
18546021
28884655
805779798601695232
108593067
3685247237
360080281
3256973010
876448045570895872
796859730320834560
890180563285553152
3093551696
789106472558796800
907647214477910017
881158710705479682
2957368411
760250455922511872
819980445454475264
439283839
744776017739276289
909067790232961024
711197156821094401
885978805260701696
881184633173442560
1499859427
3990288447
909052783852101633
3242527197
19876853
805241216
920160807102554112
901916690073649152
958197944
887081839357243392
905019768
269904676
877879587493085184
285502242
16364317
835935304846622720
824636604929232897
283711079
4109952964
823961264988618752
823731993577803778
873767479880949762
757031613565763584
815677025012842496
780468551488593920
789512359693938688
889474596
547309627
748711844286726145
74746059
73495868
832972496395784192
96021946
858780773914161152
3860020998
820786129138053124
880988268736765953
3219874808
912773889931055104
403129764
785957480249565184
871371507297120257
807260695238688768
902886634617798658
20333692
4866589395
330637191
781832757173489665
914945874958176257
872814968495894530
719927633744633856
844532001507983360
882396571861569536
759782695761248256
897326947252019200
913818858775031808
716360897757716480
2575204603
14600832
793757282
715577003479547904
41239663
3138135354
4498270223
4170204321
858576134522392577
914834153975304194
15700729
16585184
262715330
2907194861
399379282
899437524103254017
917505797361463296
2327400218
794742864198529024
1473955836
2334295476
3257974110
23258472
918330912101634048
900739794912903168
824275551410155522
806652036515328001
913908034849640448
828497653193330688
773300679494348800
801927108608061440
470401954
2736592965
3324009111
918993999226171392
899824688309862401
2206238246
867248235454353409
27789999
823352053779038215
452047490
2979597394
822782424488742912
834788668300787712
18653708
461747789
890306822904655876
193406552
456300007
2812431440
3067190079
141731001
875124572173086724
458214340
2155199132
2218437631
912605034856292352
349502603
82251970
903408099993759746
844126753
840472115195211777
2749465331
807694421927948288
2669135212
709779601
890647212937687044
974908663
838537411793682434
868804019606740992
96630147
821863733664350208
2575608192
3064007549
2595254719
1217274925
263471041
3378870819
89776438
379648875
49207725
102404415
49714829
525998738
435958880
860646054
864838825897467905
158060289
166134301
26419242
918119184353153024
2712571328
715491821539864576
3820556896
918175891376758784
1835255983
797139588837965825
774474335683809280
912533708065824769
3279955580
604099981
902981016360443904
736069556
898987783355867138
811371894213513216
918246703840587776
890335094707298307
813850311978811393
2172174669
909074473919401990
873451842755317762
2841714842
821403355700428800
762318823
157443576
277746704
782226452209020929
3379281963
910549972214362112
720205156357267458
804527870261411840
827216806272233472
4810875497
898577623885819904
846210447544008705
3383002169
901345881634422784
2973891886
78194344
3416789172
3051101934
781499737849466880
815947473566900225
550666618
57785129
2994453117
1599914040
251413907
4068969256
304039720
819960684444160000
2614244476
800821702603186176
897977803144142849
294236392
916015056520957952
915067738644606976
67139827
54258469
2310760531
796411782772510720
783484677940056064
3325079173
43405249
917905301327831040
624941075
4775336477
3995882472
707620805404979200
1944218455
379767285
819369172077572097
243464401
1438081140
893376000905687040
1955132936
86378821
280853580
763463361405353984
870099025885790210
713099220425658368
152007388
3310185230
817158775610179584
34238686
849382090940588035
98951458
1960395481
807389387038330880
734150959438434304
433851538
907997180186714112
3223385528
705620837894746113
47986036
817011728923971584
199883469
1892740597
751552860303683584
718823260725645314
861663665719840773
56768796
885700268050059265
797864134272491520
792806638830821376
729132587462070273
800918657757020160
3217266929
709588340840865793
798268153063161856
54086590
837999261279260672
894966400422432768
531487443
827891118
912156450759352322
3919971612
2468708726
3959250500
740707400718508033
897295354709803013
154397666
1155116132
776556558469697536
827696241530204161
883386387193516033
536612829
869756659161194496
917423838174109696
805235159310155776
903246249083723777
28944830
739668516
531668391
780192923686203392
871359290237493248
2187248892
895358063988920320
816371942143889412
804158537513451521
232352841
575636686
723684376236584960
901456082874228736
792497034490028032
48186989
509114643
822933281691709440
2802824965
841236469897392128
705446574328057856
4828502071
814108961544740864
891350956658634752
757766838671380480
932103350
586308135
756106926
773844088848285700
16963034
805109403703590912
2931929650
885910366919815168
832406561335111681
104667778
825729786500755461
884604112750489600
826073214744936448
911796603438223360
792904291
790850852
836013160935018496
540224975
750229670
83160167
730200158676389889
446642205
1587218150
787076199751282692
3250141399
802976127224578048
816662584929767425
2220380616
739165277070327809
2270517973
465170464
551168349
33315551
480541588
2701497017
16703058
716322408496365569
879728125839650816
369262579
2177658393
758876521
816822333847588864
830600523430629376
788102941873844225
808747645082763268
808400881175691264
752121791947169792
19190837
877952562254819328
524384301
2836341340
1691072881
3321869212
1909049731
41486712
271710717
285086912
826046633561436161
93088521
4881881321
901630334499991553
2256639525
1702969784
631291063
895904191520047105
758972178641526785
833667960187322369
887414205065957376
772322580199936002
2851238004
3795821783
914188064611647488
791825360908197888
726430866142978050
1467850530
916363829117804544
515563643
3436230790
2316540324
53997854
4550281102
2243901888
43465239
2888016585
781202517401014272
450770612
871443590060310531
907897505248980992
916231189937246208
907038365551398912
69165754
886549211625340928
803363398499074053
759215795083837440
520089358
834489915845001216
2186226113
870789016173654016
815407065250181120
3580248555
396710161
1891125044
905756320543985666
709058258120658945
726063894310051841
796109065256583168
729515468
2191313798
423168084
823571457649184768
218053193
906267927200112646
449953320
81654528
816814177067167744
4748709972
862143298613501952
823696950490959874
891101580623323136
3260399730
806286631678447617
2894111353
2444514337
871183884788150272
528914103
878035067095986176
14677747
779045542894637056
915928924709953536
313006090
705461595749683200
838111094237499392
785970752889589761
26218305
33753881
880103559194447872
299637641
911710488047898624
795456727781113856
241098343
2605445976
399440328
851458215741202432
813687756731793408
2186536273
709175213439627264
731869622434029568
711369647598141440
2480887080
805626068212338688
167095188
2958201126
4821206233
1307712600
813849597940482048
826990247196110850
75550876
827897937216823298
1107529549
852162726306689028
2695507263
812084472984109056
915262170107142144
782620709977661440
701546192
3407208814
1096862136
881283468042395652
3974986993
1253625300
872374973100425217
4186710677
908815877419798528
913524375705571330
781519073343447040
234375288
788184689576071169
839099917121511425
915306788311961603
796318797611167745
810160215916212225
938850937
2808059955
28943469
16156157
837820477636759553
757193863031234561
885647916077125633
443815416
321925296
216252954
317916069
379498878
310579325
755123972388323329
765061116263211012
886593504281055232
752570644265447425
33529092
814696538945355776
34704729
297059066
841296077793849344
21874225
4453420215
47204170
125460396
27075946
28625375
30006953
872940441372684288
835194047115341824
18161620
805898428618194944
823210612071268352
4455228859
3951188487
895527820558045184
175161093
858945919424778240
3335392588
23110601
49793847
110995716
859987260124606464
913190871646040064
23442861
887939905
21888315
806469068748419072
79388339
3311203974
800036483893723136
3883180632
822209425427435520
791970559714353153
4575793818
909080125047586821
587788594
838246501402882048
17192613
851072629
1299953348
749045132083638273
2868389650
2360543557
742712986427498496
3122123479
23213621
752129231975542785
774939947539263488
783404381337157632
186335801
827787615709523968
902303180641505280
101395252
266049211
1676255599
2251402658
4856996010
715232933548679168
888459899918848000
2932324859
3193066396
779091455814012928
2955091368
406631898
852661931383115776
888045633315229696
3402935435
89475542
112394469
799983662263627777
302877784
346253010
37684821
883734673498812416
1618233258
61672704
798554460104589312
1282220160
3106534151
876605685815021572
701509028501975044
903109784542494720
39105023
895597679618605057
834145998545027072
820243351991648256
828207949919068161
19850687
454584403
3433778997
261749735
768135089159102465
897813012811329536
794187411383205888
2431306084
4624500980
2950286225
786297772903235585
2154968347
454513795
568300000
822986081457074177
2257946473
2227540266
882642703439233024
107012365
630673071
825804900441415680
703062904300396545
733514206926897152
186249902
75392146
389131962
726533301796765696
2803623931
703971353351696384
704017048792268800
357029197
703051515095678978
4691874504
539409269
107462027
4828125034
887036327589535748
55172681
851421465752870912
438668235
818518031273861121
905111123736788996
2345186340
455841613
911404690352381952
386751965
15793787
812352685
899970068498575361
791272347877515266
876404594338799616
745362360202723329
838903555
16164041
4828273992
2902106572
314616501
2800842267
372546987
609991829
436594025
785178068
869380606890713088
904557168451518464
912781211419910144
832016983
908150331422466048
844228987232686082
865780476715323392
2256965582
780787512
4865796322
894682146438352896
224183827
115604864
3998086578
94607882
557770240
999804060
617361371
764662076644089856
4859713744
4705591369
19950666
2788274877
708838526121484288
2243216152
912783996018405377
884217509100089345
4197484935
898707509661376514
849862741
2864717416
784957262
537543828
466635252
863912208
800905596790853632
4833141138
784110317412446211
823589731443191808
421613307
633299317
714949505720823808
611052628
3808785683
803037151290130441
4496497823
830081284143726592
858484488
2875823141
907799055706857472
3951491722
21423579
28088787
896767258671927296
761582021038727169
4753634666
786328757359501312
79468315
825451101684002816
826407377280835584
224296146
837576334733799424
740379906974978049
88222637
3873587412
886374321429598208
899602752019542016
349419581
529551094
262215938
430775674
32400683
1357036244
798163904119586816
889176059710771204
905140616044183552
820290255639158784
67302348
2592632611
800433510
3296504462
2885923784
3421386939
831294923479597057
889661775653687296
843617356920344576
889871299333554177
168626646
887479866404163584
462999860
3892584794
742851683978350592
797031127915659264
782621158164148224
846764922793025537
879791111975383041
702877995548147712
22706613
3834777028
792887564847943682
265245636
871547402452430849
829735580
906639309918281728
824381962802622464
743869197273292800
846481000955854849
278228939
3321669735
122596891
788430952062148609
2633058587
1872841297
2700578686
882648784622235650
833101049498071044
67875816
216195586
775625838385569796
621202387
825746114154549248
4497982633
908113622391386112
831651493329580032
20709117
751564484
3254088484
2474279864
709821426937692160
860533263194103808
909557822194634752
1149091724
726936720
830286790745432064
48280791
887792468665655296
215894644
2533233301
705435996876312576
822583342960885761
885921222617309185
274017531
3185056461
815567700747382784
861307069898665988
3417755386
771004707523342336
38464667
313055068
538481859
803047315351146496
2807740381
766706715895164928
898700976655355904
906591748327165953
1350869864
898227697037565953
17586038
838550334
91736511
747908976747024384
741677612406341632
4499730073
1077390931
529662586
851432075852791808
793871672189132801
814205984927285248
823662428500226048
800430924303171584
701717287
854437314315116544
894939050255290368
109637015
2290571740
855749608361930753
1411964256
806237014425272321
233933230
877234442284261377
749359023225446400
881138647508144128
843304809050472448
567931300
1902594594
1536863899
820824865246564352
885278676857892864
705869859
809575441
701224270526083072
904782144324722691
908844917379751936
855108428615864320
890016071297716228
764991253884919808
887432984281927681
796236623251808257
833397095344259072
39672887
3352520499
910566644505755648
862287318593490944
896737438378471425
816658314134167556
24307642
270181271
874743145
795647989259927553
2234171998
2410806559
3699496906
898550083817357312
827808384
17903113
522599996
528061330
701911021250854912
4197645318
40161446
889520683306405889
1323489042
2324993199
706680791879671810
881983732634308608
750362410494472193
2780472432
623151905
823227625795649537
3315331122
876227812478332928
1007064734
740567899245555713
845368216507469825
50174923
68106546
776046917478289408
860420664
21426342
1663975998
2391877741
3231411456
895423661754249216
843500103092461568
18235613
757596279866290176
92408522
866469157637959680
910312834994774016
748335547974713344
207040407
874636442290577410
784180036668620803
872210966456352768
1415594922
870594859
3344562192
786664946574594048
94620467
2312597335
825151313960898561
861851551811469313
18464584
4182380774
2323149134
2367729500
822875569931124736
902980556497047554
1424105654
1345704325
874121013524652032
4785281413
292590965
909038611705757698
28534205
2986748559
825125197955080192
24368748
703561088
909449770451775491
812026450614321153
2669728296
1258191000
2148299336
32518263
2918928661
797575466119032832
2828223591
744944552872677376
25713562
220240498
789550134677925888
426369194
1724171773
564743997
2464756524
2789048781
1402660826
901942802820595713
894774740019105792
31160759
775328913849454592
887166045588398081
1216651544
832689366162079746
882153175544934400
4186120814
384330450
3253946096
469999217
68967233
4718047119
818952798293413888
18282643
881684370142220288
3515556808
230292672
782310330114473985
14429823
83258609
1219144500
822878228293500928
278737142
2933132432
813146444685340672
873808737743536132
871434435648004098
798677572875878400
884304968
78831504
2796247834
826575653558431744
2873973494
41957116
1548183698
4235632753
916321278
90408018
1917632858
823291859728564225
811717240030711813
906240081572364289
815229236093009921
896787989296271364
831822407522480128
1398082243
72882689
76076931
294509447
905869350279766018
19479214
27228928
2735511486
33186312
196871565
2274950306
904900523404304384
3064430864
212302405
884880976416882688
49136127
142331406
3267757346
842378744
1609546459
817810205966798852
422342448
819237257601290240
836786722637770752
799117798295371776
868573303409180673
23039411
16557667
417451460
874370812786204673
515597525
815324606688964608
903463451690803200
1899410900
822510699159179265
904444434732941312
904026377455890433
904204798572072960
726545181173010432
830555080059404288
893523358645497856
905580926305959936
834088797985964032
881055920851214336
859940819205332992
753482427633238016
903795424917577728
832795509039435776
900208431763787780
67801872
1014248527
2485285513
729676998914662400
2165487768
143288338
4384239912
3464860760
36552440
897524108514164737
741364964653432832
501245492
86215306
243082212
3331609092
4099594407
844266685
823210161200250880
556512927
794672558654320640
900665617
806709214190206981
2932668827
64042965
908136170105778176
821407147745562629
4261157231
147248694
713782529216614400
806122520202055681
26652733
1169286608
24711796
825701993247342594
833142690053255168
800483406203142145
2884603973
814299660
313091571
735856962299002880
877515310429089792
857786613048520705
832612650173493248
903483174742777857
384291112
884158764881981440
3017581041
31867827
1356992605
1955318184
905946726707720192
229291732
745031590703570944
875850326691151878
823606630998798336
900929895533993985
880239777727094784
783665694256660480
715032913365057536
933693476
827249984525459456
4669997558
4727807677
902018340994076672
162468283
2307296066
2398346662
84894878
898352026681319425
3434763483
97638645
830548959202455553
866022726120636416
806966914211663872
845835895697760256
830288209112334338
828120944
4480906040
35443582
882000266782007297
894465693755637760
818839628476129280
2922306488
516065531
905397849956925440
367782947
60144335
808131576559177728
712665171697799170
836272597298003970
804107117967851521
40248465
785830202
3022561892
753935178968489984
834094609898807296
808579663928754176
3946915763
205085123
4563974475
799183301252526080
4587701353
3297022953
4851826737
864338503022198784
2192301241
891349966026887169
1423636093
743465689176911872
3419294291
4431077596
901363123336118276
907241486017843200
3643472174
834107902256414721
842493042754043910
2903166449
822881369852260352
884828832
742039303983767556
2574354522
786298499235192832
231844721
4136069302
336967214
822790693169090560
1351385318
2813812456
3155025981
871872891003977729
902613679039971328
878952740134690816
901057792617971712
1621868402
2288364469
822930341488955395
804575008844632070
890821310149935104
15350736
2465019278
877521205368164354
16948307
904885225
2314248248
881657358354657280
818429288307363840
2252402838
901597121874452480
400698621
830950389231001600
887711382300499969
2366707681
818132719045582849
824273834836684800
4823631647
787647388819267588
837706882068410368
905187873338609664
772566714
54025978
1593818184
23041680
815599477524336640
380227478
45980764
863567811066568704
805420441787473920
379027111
808875471266082816
821009142626349056
4817792593
814334508627542017
22173790
2863774500
529959660
903017076192940048
824836197528764416
880133730681053184
731333997628788736
15887107
826886673103470593
562345748
2366303900
3167389827
3864765552
810526452588244992
1674892027
3257973882
828631407312457729
784125733920731136
818129104537010177
4247917339
71545482
881579525519196160
870081187225763841
4717936273
1020857448
64511469
22339165
4542527896
115679629
591161523
788454774916075520
907748648947249152
782705539952148480
553238605
1880936238
817904345324879872
294012129
178015932
49217766
1513937287
833781028657303552
822593412687921153
802954256202563584
26241138
196441822
783469361856188416
831083505325010944
2812638431
753373913510318080
2639302925
828754744495702017
821883326881497088
54338055
4520459661
23558547
964720946
1096185936
60893069
313941898
893064906093740032
1102507878
760858183048892416
863395541086023680
710639913952219136
874606098
91583544
892494199462875136
884858543601537024
4703317886
4195481594
882788456585461760
940368062
889222072001597440
121656624
20347310
774637603622563845
4716301599
3281910150
881963422249869312
804368577759510528
285445441
515154835
204265518
2327428716
889168599180394497
906049163380408320
518399661
750703231
884815958375886848
406483952
4840798778
797645451260469249
49964679
25549634
17677016
4167195333
2771503019
3297278041
359578258
18892099
17075338
50836292
2567619658
2669024060
33611715
800634698
3318159007
74749000
880254227884396544
28918971
1142814942
713244332
1305807127
3809379317
4221892522
560014133
3200324221
539357234
892286884646236160
2808624986
853311624
893644579102052352
816692173462786048
826406978
24935003
1065869268
866066677343162368
1961611543
317246039
904470145023782913
264268489
1372786812
364844072
83312898
510120656
2214847005
2425776899
2505217933
270636028
810900466590683136
3013132250
70156027
706189400829513728
3714444195
745717336334807040
823680948994707456
55683888
4699205802
893856362
708039673684295680
58000475
322890279
787798245229592577
705506254500790278
61049859
841674363275530240
1355514109
704847016573022209
291481777
3461087537
711667371782459392
22314049
596591919
38442614
31228313
165783048
783507200018755584
836304883473080324
850716580191272964
701154837841494018
1849938847
801065074639114240
902552112504213505
3707671576
3271255423
2753220014
4875977234
1449423386
608792372
104297073
3166623503
3389073989
291874773
868005990221750272
3424711689
788571666
34991028
902890725775429632
706068592580804610
848322680843624448
820887194369802240
2767680652
734099168143278080
3161660191
1674315427
796948235830988804
766393840634884097
796940613417476100
798088749221613568
810843923883196416
314547496
790019230389248000
4649286132
336638653
823272803566813184
185635130
51207002
562372370
893263309046140928
809529605191303168
577387565
3390129334
787589187247697920
225081438
720548140986867712
902869788325814273
16710420
747055923206688768
750377949065535488
900204639060189184
3265899319
3895159753
577164402
313024334
890423893193838592
258564630
898021932188057601
763127590932602880
34755858
36715753
715273665823293442
817203546126852096
94818581
3357912432
39186860
273608502
822668168493576192
955962758
715897825888903169
237103627
2802300480
794614993413087232
3951789633
595863762
3482043801
822517413732229120
4189308280
820363149073416193
384939701
4853227804
50862498
84846698
231098065
3031942490
3115816309
28006140
2921008274
274891222
3481965513
22936237
901843155250798592
1618641848
3015178005
853060001199517697
2461538374
75081190
3374464498
770735311257153536
709085574
3836008983
2721974507
399745111
372436704
4149372213
1138721281
109441206
3518486666
785549741421568001
2749132011
714290778646818816
745681473416605696
975217231
867546259812487168
4668690253
34428229
2808778740
