827013740893724672
834163916213198858
397717365
166486896
994994717648719872
3130888821
597121996
741649737242140680
990999409986080768
780557478345924608
241156624
984204662822920192
826479594270244864
192861897
921016557286952960
939498163907563520
289744513
910500501179035648
612057704
2853865474
25785311
832840107023593472
902005769662431232
1006149223337922560
256285408
3020041238
907350216
523293657
281366656
1895055882
828084526408536065
2887222811
765800831039987712
15384969
995284633108426754
36545100
832118548319367169
967524959370309632
751308933306851328
827625407604142080
1513214906
719656147624534016
262716289
34117003
992833938182823943
2768269526
26596723
488948336
960895706260271104
234234048
907860183505915905
967843961892093952
825123248132104192
944461081660895232
2939340662
921287784534392832
1569523518
739835391323295745
823906619213905920
33615414
793907307088211968
117949463
929508909001445377
776019086
4731261449
839323933774065664
990419959670075392
347630195
901136237511225344
208706690
2782721458
958555581198954497
17031934
149763376
930907344615149568
934181338793562112
37886783
2811579568
3304142823
823732224440692736
745452665321074689
825397994480492544
827275857861304320
985972898925039618
20307037
822443615008018433
929887230453170176
722848517278924800
22793360
819681590393602048
2247966660
214266683
481592408
2584928119
957777420832165888
960231147136368640
3115105132
950016752125202432
840774198528217088
762726128427601920
908364968579518465
1003046322885349376
1002902125804949504
34715057
892430678301835264
1001592212818448384
822799295242010624
982095920
864636726085660672
43227064
21367525
48527510
726872852968931328
30119391
887792189710909440
88287772
932926310
776386754437787648
36801982
810344402535137280
2932917548
959520604285165568
4250238793
961222323830509568
711516077935697920
112970794
33114359
920818320508669952
958044026485248000
117262403
906385257284354048
927805080882917376
43538460
743808291843637248
831197912227000320
874006150399877120
927815120582983680
786091825614483457
385095530
4910794547
927479504271847424
26125483
896662735286542336
916832489364086784
887950354318581762
56310925
25321525
964283554887696386
757949401323233281
965347428919533568
146161945
939236207237660677
2364708276
800157578399354880
1499530610
96992727
3124592027
800449955324260352
255098060
1084524458
539206290
2948894769
93714886
37292959
36198575
809732450733740032
820869512845066243
26412251
796237811393232896
761869898222043136
794208142175375360
830456610237583362
720323991894798336
850530459910119424
730666776170631169
1651208408
93251080
988987000173875200
907866522286145538
988099664757932032
4194513621
44117685
2763625010
949630932084056064
19885913
891125789755924481
107879026
199461449
621531197
999140225132695552
786232883794939905
981755967300751360
15604794
931176548320780288
750018015291252736
3320213086
971264135416700928
990407462120558592
537489298
140467841
997629930606383104
797961378149650432
575432828
3136333181
1330387950
3317659546
770816099046875136
708780625528905728
724037074110783492
2319201307
463102304
2846568116
14629785
21331480
2260899926
926031157723934721
842620095226699776
620252426
826226593253167111
289075993
825871048243556353
838191675688247296
854155889971875840
256343406
943513614748733442
720300126892261378
918577751522775040
919048221833531399
25629024
798995004563869701
19052298
1001232976523481088
824659229436997632
797628918018605056
841085279033294851
960004771695472640
898785842
784158680308604928
358884728
731925359965392896
898660218736844800
583627270
2960571267
938393245406543872
367496898
3183114390
4003001639
891752073141903360
2420823542
80918496
715233716696559617
48100431
932638750097670144
830619040963899392
262751057
2273794786
713843816562880513
724654222638194688
750312506019549185
824882456360673281
948518008800002050
199594251
386035597
1000058519062794241
258134278
975849108853452802
825521420465758208
33518791
511092447
125454829
829487634879758338
998340022301614081
967177407655546880
3840587412
754845211176554496
962922615852724224
231084608
71232154
817772686541811713
779389691430838272
2552925459
966761848820453378
971468706399141889
43467353
993521747566710790
910705090888994817
909594603476701184
3191551753
1001091926060404737
209126668
16570894
845795943479959552
965695575667638272
484796656
334660170
959315302184972289
15335389
798441683050328064
2790769068
976036672185004032
711026018048286722
307619724
965034230727274497
332990169
704125665881141248
518744362
935542705320493056
984791210387795968
950809179236773888
706824677587611648
996881785291190272
4140243432
1000167184285478912
5845412
365422614
573173793
1633058688
979647911935053824
275654200
480506696
286809298
97699126
249345208
2317926254
4889685012
1470824610
225189494
816789185784791040
897550986725781505
975029937957687297
794815340
320947569
967908669093568512
973397857633030145
981555960899604480
831722171923730432
22719672
727658300217511936
826226272418283520
1512360512
325902381
409635943
863983953631481858
954821184628998144
18689581
979444529743978497
2310546212
31182139
968477025512992768
2987823817
578163254
3724141456
3130950394
6769572
822789858099871748
124686784
274229063
912893561816760320
3370854172
2197229108
3063725919
873384224899911686
258171807
44253771
1086823670
1335636697
831308549372260352
758673693555818496
45895231
26056482
937584701937799168
876252560474222592
207235591
816498128455139330
891753235651940353
40114507
276452562
1391015396
15433763
885046854949502978
244328801
1549416624
894289822000525317
835963979566579713
38848468
3074470992
3493563087
553921006
22208298
863593337005023232
3094369868
933051081944285184
724012560534507521
980756322915266560
861746798137810944
3245566770
954475780876197889
3301482804
4826141870
27864404
825869181610385408
956036153353924608
891435303961067520
900406288055758849
997167730028498944
282860069
911029013166030848
876603176924917760
278300169
51967642
821105729583116290
2448652183
2469936522
943740956339183617
709256631368835072
2854306598
193826447
18127071
285944146
943561323119603714
58569413
16482079
1358197542
253316481
1437563413
2875411694
4908581654
742074525211201536
25221188
23303643
959319108306190337
906798422987988993
22970364
1319700540
3308626564
531845731
2160091333
956938214861815808
959133411544846337
1308934165
905208697156239361
855992979265343488
777646004673929216
570183100
701973419089272832
51259456
325051829
958150748000276480
515068712
987470418532585472
329559000
304578532
2324347992
930400776240824321
936684271707627520
79563210
61768531
724409162080391168
1096509110
2169774516
38049495
1368302030
796034457266515969
1969343886
339058298
3379870948
33596934
3930403937
804213295372730368
821741531212058624
3312019520
2317842404
732971256
3063609662
441349648
138639829
29277631
827661903019307009
824144772650663937
46381358
869883184879738880
704810329826394112
732134468866183168
848229503570759680
887282141628952576
785327755214725120
2222469066
3025328045
1694854758
766270781550653441
818161344239300611
2822467668
76469482
856437054
865754531610509312
787855291048091648
3082157129
744231688218238976
608162239
88942789
966471109011963904
404537970
1661464813
76116307
291903954
2567997909
971194697656844288
382864334
20690497
828771397425967104
814277570040594436
854798398783881216
885512018
806883086390755329
884913549369372674
917122143648747520
845407183160459266
800542823455989760
853144291560042496
735550216364036096
770452083170566145
93692734
740736783126790144
2983250529
981657707605147649
834618516766588928
93300376
67539772
829478266763411456
26407301
771419966268510208
823663695037337600
984747035088781312
923810350775992320
930635968498954240
455537870
986694211645960192
321523325
32291774
16795628
48246434
895084403096928256
60578303
114764668
923496559383265280
33605130
4864536709
836841660038381569
2388250339
26959248
376534185
810795986922643456
14603546
1338140533
823683568115286017
227362755
918538904290111488
890947397563691009
735301445906530305
4193769253
809940227066195968
82482044
887317428748693504
278315777
2538808824
1328206963
3038308638
965151277666549760
388617706
954898185054539777
3327594888
2193443557
2839452899
1126231344
1320616477
891151254117863426
24594997
22933347
67845225
24912817
57186602
931686113244254214
1659185610
959800529814740994
3017888000
978776569916284928
34070260
968583492756885504
15091234
952948057129308160
26824556
734866110680596480
65411277
30386734
832821715105349632
877754401217273857
140618512
992702320789082113
979831409492807680
992960062103547904
1014520242
3298565449
47395667
956544191710015490
750067281527316481
79190961
1403277871
890573067981774851
95188073
1184331950
1657678644
550182903
879092788771430400
901555769111441411
3305406949
1356012554
835676407665602560
813113536561852417
941604186008969216
597649066
836576850788892672
2874358611
540550855
12726792
14926859
35098906
918540227878236160
34458489
28621789
3190275836
341687647
1444196412
21105586
951867813081354240
888181909938896897
799017918012919808
17972355
3185588736
53015663
16457261
48854106
801549353227841536
862771701922320389
278266747
785473702217523200
26168555
2386763814
821896445196468226
858592631776919552
4323119593
278142445
816840998441598976
813049924485050368
596844152
419003480
529973604
415506127
208028445
313953105
309453661
2738163678
1589386381
487851092
3676100659
3010348562
788904231021387776
811327324239044608
808580837138632704
3720217034
917372864180965376
1859405485
148974063
58102863
2765683297
1343115025
341657774
961975476322521098
844991946003169280
766445322797211648
18468025
2283077792
794263367003369472
896467530885337088
924271238964445184
957360657220952065
808429384407261185
2894983569
887900716894900224
828021668757004289
413722926
4032464440
246549718
959204855192702976
245207295
291883586
1651306771
951099402394963968
23992874
262804060
4312825754
1430651965
189496721
973368771653054464
800418491509587968
17821726
14105479
967504518576574465
16284687
825863065350529024
900589437574410240
765330132277932032
3839599399
852958332
961990937634275329
182603962
3317320707
1357496893
1684670970
3223636416
785303121165594624
32670847
742695104
709829744708218880
925495492179525632
888110902901223425
844819830058344448
417074396
832002987027472384
48690472
818184347450753024
3398770055
203611601
1268337206
236957688
327897211
806191336021983233
16819937
3094569866
41741487
92381451
2937709835
811704830
719164157438869504
449185231
520832415
89731417
4002650175
975153879573843968
806932176780431361
3042658626
837480361152106496
119495864
842406015635193857
1004143693
864678243626102784
3059048711
974846751235428353
785158989340442624
49061518
25572837
755465581898391552
700504905555931136
708780562790526976
2182569964
38460144
2594130236
829307115814649856
4193147781
2353974979
177087665
807079262087823360
3439438186
759046469286436864
107321622
936610942493843456
713523897216401408
47918752
991836525083086848
898297421553336320
998515392
15693742
2900139381
1703870515
939279303568535553
828854340987318272
3273603632
814470459722989568
4807812859
822893322414923776
233905612
3404294295
75576664
961387138259435520
569619791
775484383079739392
2834297017
922636956609269760
477816577
842173896556204032
633919575
824976625590816769
123776337
882048605313527808
617465225
3291778467
245647181
15335612
849815845
20205861
700981141390671872
789531143938854912
41870140
857332278099296256
237302610
2813530168
542845380
14563975
1335895868
969009655748972544
989878834035154944
479236107
717149686176550912
182567338
4866930863
1613521590
778550398093135872
986986025489764352
1366942950
966886092417875969
21883255
958845689454149633
77065768
1707747062
3312766008
826890534522331140
23247123
824368164444184578
389532043
4872522345
1455270223
260493478
64895755
537476067
954665455
841760432478011392
785293396755689472
943777857054150656
879039402680471554
786256571508461568
50897951
3238093166
2812326617
59289148
2493770130
823541330
4381287434
824796324524498944
785682613574918145
826339217747935233
833015327059505152
2796130138
16430089
48414514
1912297520
247461034
761511752181899264
101425338
875298818484555779
756590635830738944
821160270504439809
65484570
725189192003805185
382370203
1859070366
981684196576870400
764122160528969728
971037067823206402
5993862
341432043
21482506
509543707
1309125224
990832872687718400
783681718226194432
955413503610941440
850058807476670465
4697036054
844932007075500034
2155270238
29352883
474937638
2369117648
264436054
848219781073383426
907293448063025155
432734907
830996933833584642
1670974896
333736030
352368399
233194503
964190420556279808
3599945898
188055481
121517711
71872365
3028506961
17447396
987788037982773250
811311060414332930
942360097174491136
260604820
120156455
375757941
18475104
3122822968
46090656
339996742
37332624
839663649136455680
888767187833548801
914846216906780675
757592858341830656
140557330
968135537927303168
1422046574
103895099
2268067657
923921421910380544
833818968167178241
877995866069577728
4855815293
104134072
898156365511876608
1895317778
712838822741032960
930616748881035265
983313144167612417
792410491
12995762
29385824
80813046
4750353794
25542910
3455796672
26940346
790711026983374848
853038476727635968
903902544
786380343872000000
832447847903686657
889676189555499009
112263169
25428549
853038129984536576
959224042137047040
178820773
797955979820175360
15573838
787506394115092480
224426183
93460326
76266943
845359091887280131
974633309941784582
913405184297988096
958075113517150208
16477622
2527770668
917761510436429824
2200188788
4883976963
1961141418
963946512706236416
840047434927656961
955910644720635904
433697321
823762852481732608
798203404992397316
801328301553909760
776244109505945600
22647819
887138591750705152
921450232252174337
777227800776507393
780598103367749632
863196306138902529
230924803
259527297
3318167594
909378985
916732620704169985
1102278116
3167770303
2865763619
885833246147305473
759903902879715328
125271028
222002799
2361629606
420784051
859771448059023360
848952092165263360
817130500984864769
822567864259510272
943630562681655296
778823768
786009340092092416
3111889034
888565679309369344
617206612
755477555545710592
202930799
357243996
208710996
211807857
3943416558
1282054584
2882185338
951669118062690306
70555033
28459661
4382080698
632503369
784221950000308225
935303738012700673
888774225267273728
927777998
3317285634
249967206
914551451921342464
907550531153022976
3833096594
796359861479108609
240945036
1568807689
4230646580
509021416
4760843473
988429931943088128
379209090
562280117
217236028
2531131915
937408788893548544
149495015
89544556
837091326730645504
227033714
1658663401
434389203
139460455
787177880212086784
478407982
3513956295
883419560241762306
1120879074
900587053066444800
856166926468251648
822918582145257472
17351604
3761367917
138787946
2576801738
4108525393
948850508
15098889
948702295323275264
2459671028
476781951
698919881547366400
832616065259614209
178595022
952213593600208896
103167711
987840551260184577
15477074
965599619945295872
824835272638476288
4005375497
912307916337590272
363314430
929336987286425600
484129326
4603513879
21819017
23110680
931278145679847424
4686739753
711031364
926072912934817792
863897941
2932942216
3479311
3884988738
1853310463
902605254
156765413
952115093969530880
1284956808
19514360
984103865271414784
956325314157826049
181274720
1110433146
743985547488563200
897524706164621314
827976635773239300
929440099682652161
864290257096900608
1513936188
966511823867531265
214961609
481736234
964301582664953856
978279266172440577
785287536084004865
136176312
17094792
143566081
831837628941086721
2890526712
456078914
987835872417583104
20742159
960568117373165568
820435347817512960
88960710
969138694308421632
706521193386364928
16177486
875311595286654976
1510654326
37512393
857388354056466433
15636550
752472211
16179251
491727608
864848654955409410
2852378032
745114513821704195
827658471000600576
89771937
857656772881825793
2459199644
617427064
829520965902163969
756279975586607104
1719968887
4579435037
1051451371
17580892
4037052912
2913172269
125262135
797595399049465856
907003910044491776
1237577274
108199408
922215707793903617
16601001
474351727
766379764722593796
239497261
625939904
65468860
140372345
971288487784742912
714985045
821595119531028481
825757017683943424
1490681084
3254110226
342538639
16436919
247733964
855864505867182080
913811466591064064
889714183763251200
3167773654
2284715855
911608818819371013
828452915224272897
927493366593437696
17516920
4011800123
41628696
820876745675075584
1110712596
823730656102547457
116625146
942735592818741248
18438022
777055076
458815608
846087752743600129
929839586863435778
937059116
917084527440355329
247055208
137331263
900261083172052992
2880001311
822654223238201345
146213826
162830268
34165665
9182982
830624160703393794
16851877
60364610
386050478
22080404
2380871126
634293345
71978321
864597043477479426
917284339
37302721
705299120
40028863
820098415
930785143849213954
3090280011
3188694442
2851271191
23255247
864868527249010689
25893575
818418566
15469000
298905227
826810167358545922
27876211
943327298551508993
919667724535648262
875536578860523520
978291119246192641
125951671
25299335
134504976
64306543
3441024682
108114641
18531373
884947669663318017
2481765865
1490635236
569496652
856977541
52249263
900101544233893891
17258856
749585036110798852
33577554
18736979
780572766709821443
985686096188203008
970179292205277184
965405552120655872
1308152041
1622049547
948792503850979328
814157269
972095770273992704
865901444934717440
757784056964665345
824901212667392001
205890183
2818445484
814583963167719424
902264561872588800
2193621497
35859648
954475692430905344
791441179178971136
917528174
905227595557609473
805881349542383616
1231244587
57510450
17679704
1449527383
2798616359
826803049356226562
1290142435
508863113
824096624406384640
825857099028713472
1861688269
936231201873977348
854193051740360705
844289280805613572
778800142728036352
890216312840081413
404534607
2747470643
4824553839
82194382
44794454
80756570
961113187453165569
281884652
827972838
791462454572220416
1890645349
903804683126542336
22321006
881510345910755328
1490652085
19788060
829042146141429762
889119343593869312
348478575
43014978
21974005
1915988653
36851923
16276360
1287619723
819223356683776001
239009799
498414978
362939787
826166688005627904
894571073123094528
857386921168863233
862168244
113982506
1036578944
274860023
3856305322
329118547
766741493797093376
2556915244
972946316560093184
930269690001346560
54802178
1629205153
21257964
138650325
217584176
17659534
329330720
808856709502418944
826880668839747585
896868358573916161
24021806
782703810573635584
415108913
800335168280010753
62048968
796400472970043392
888995535268466690
16072199
2157919340
14096573
2836710789
1338888560
366498596
924170899372126208
933410807592894464
22001536
868600469140230144
2790182836
54269363
965603405744963585
825127507032670208
898670577044430848
428917289
3360315484
915690672186904577
26257492
763260388750176256
2229904891
879821271873212416
983754870590197760
323904457
282275320
632435589
863635782
831403577805533185
958158515629187073
884883523366146048
168857423
375457887
728229339888750592
919240695969443841
704525033536954368
1959585792
316449565
935708525535170566
979528807731249153
49471376
772029528705073156
973648788115124224
889877430541983745
3153694555
940232794877452293
78111071
902969820525809664
862874096656424960
345778808
974632573812072448
960094372904751105
140211812
1250334620
1390958898
2927284436
857491875967762432
717875763031195649
3921259456
22492616
731159200743612417
933738887838441472
2193135944
93871493
16702010
39589296
28198636
712951035031982080
860138982033707008
24742395
61381423
901528477047824384
3094330707
900834464
2256735938
2358278094
1118926609
1309138675
558866314
309705905
825776310790266883
822590982109667329
28845689
19865053
1261135321
961234327387295744
556463326
803068269259276288
305003097
44625946
715920031943516160
810461251365208065
2335824192
2320472316
1223343192
744348987797417984
711973103258173441
728840052
881911350603243520
916125334399016960
974482086290583552
17490707
430246721
824065029532041216
206264653
1223228534
127079358
979185641769578498
225250426
2218109167
748905282151936004
924756173525356544
16799574
2902212272
1141219506
853648251949645826
113285287
1636296223
224315603
14907460
20423077
2609617987
91384368
43472027
788608403455217665
2545843277
237485961
2337576104
1295633268
23458597
937134535627612160
65413038
374684129
937408874407133185
774230086937489409
233111629
309106340
2510537625
219279796
26757693
954743012520873984
84426342
940555056
1679556068
747321128792645633
3243189006
4061092694
15983306
825486311956045824
182589875
898531364798160900
875912684226703361
909531733686734849
979595363081474049
15835914
19516513
727907234
876587745694556160
448891258
901608531576709120
2595261416
3852381695
1365811
785883090358972417
946524674627956741
574573813
578157919
73307291
46013002
32513311
977594204368011264
1087893799
2664837850
166392869
45834623
1363545236
972410625732370432
971956715053862912
17524394
719598444835446784
95719869
786691767714385920
754478404515328000
19134557
971659885002874880
979212105533440000
978773805769351168
302622938
1659290389
22208812
824314615391784961
762427302416220162
22117767
261157191
962313610264498176
864909376783503362
972643111
38474832
958072897477758977
625206983
972905102607609857
898911300
16074930
38830101
2810902525
952649185056186369
266724618
4840255144
832664337542098946
3288113998
15449744
2312633617
884516796702896129
830112044074536961
1964971453
23431370
713373797928316928
432943581
738205633355255809
978600535275089921
929801464276574209
830127833737371648
824151499139940352
846134700494262272
2548231
889589208846827521
2517967931
827186757225611266
842138425998376961
376841498
816365222202052608
756223324271812608
260564828
2784185232
740014056057147392
168918386
974064186249498624
148851257
938075469437575168
941820928073220101
25691775
55797630
939927675984064512
857087732153286660
2686408494
966052688835350528
823434697988575232
864681208206172160
154646116
2316496189
16548855
943269805083189248
878806484032868352
851314563861446656
893303447000363008
714875052513165313
2390266628
917176646238576640
24038579
842840377799467010
914142559361957888
965203806035365889
3138379261
736221584742961153
533968111
2876044059
907968027483934720
796836384598331392
1528324297
807251762
3472127838
518099287
3091609531
1115736266
16672662
729797054017503233
132204038
746115371447443457
132518022
745098025714933760
970779723830763520
32259450
939963705978249217
195553045
825829081866436608
29939951
922603345612767233
761765164311941121
40971806
357262809
960268065580683265
865365986119008257
819063774015471616
805964308454600704
920455609056559105
16801580
976147910315438082
194274208
191465332
797186638594117637
2155923307
832089209007636480
411446545
745729378953224193
939270136493514752
911711400271142912
16019039
3301029806
2806453659
881746816823431168
900831599822073857
381185565
967448700875431936
860654500431880192
926563062122889216
3161642458
799321819165691904
914199264024072192
825783812227489794
829108773696499713
14937397
844750972626841600
195567962
820819505009917953
3150051501
244681501
2863631170
805269685763768322
38013671
2226615308
991824054
716679359
900954205246050309
883903722622930944
492991594
919112580542500864
529556047
826433405093031937
1209216199
19038210
21443697
884737728147017728
772463180509540353
23086574
827643977906073600
1653015102
396720850
308335124
20981454
149372504
23474111
2832218144
3113645393
28911707
888091668288876544
818111514343342080
897694521089294336
324595247
15368940
2712875472
916458451697577984
36012111
174552094
26944170
66371700
479167314
782092560
77329593
24067618
2926212391
352584903
965439130527125505
192968414
47801895
16331855
29464444
431071870
858026828337999873
722185265121333248
264924050
58290199
16164433
1526234124
332922673
20251622
151776277
3214602395
17816504
58247771
862525293449424896
716689065517662212
963184434307616768
66821585
525529987
33913156
849788016122114048
843017399204954112
824067914412228608
2656765981
968683092767662081
210262984
162420334
4759414110
1002373614
862370496729546755
2680194549
1104780144
2156624579
2319013403
1545093288
857394835912892416
905234859001470976
1009193863
27135437
1901999588
111719374
729724057340514305
961414951184158721
570296514
2181378840
740710632769654784
248436405
817602471442993152
881268581710934016
796850417091100672
272775167
782060005226840064
1488351638
33675074
853266974490722304
1710468697
971325093224820736
4235379015
215891347
849643892714622976
3181215324
798278445218181120
246401535
838613046293630976
4741763907
872958773224235009
3309917126
865296897971560449
892883719995961345
22440945
516735105
837719878295396352
954927235785424896
796959288879120384
1268449050
1242752905
2334271230
244353807
85374651
3763461383
614464000
726102570826010624
549742082
189220816
810322479499673600
1655908398
726008543699177472
824409928370688003
369786136
16360059
464781327
2564499672
22989853
875400783214325760
3637912419
3293761231
3155537142
3206845558
320992470
317996804
1696503140
905528713252614145
920957628569620482
115505588
706173989274652673
9322332
900482990081441793
3529703592
598830024
199272149
782013094042144770
826103015560056832
4095804854
724318000178827264
823367709526106112
1649395076
4594487838
1450107163
978787610
4043012877
22640877
39746868
298138747
827205615789494272
2301628435
862324808939339777
825977765727907840
785282611891564545
506322755
928065895477395456
1123580486
945814887950946304
3676115186
465682953
484742012
897169097536008193
1899294444
28376225
896043203635302401
737389763083128832
881105019667447808
780583961957314560
865350444960415744
811008691969196032
726933942671151105
796814501794508800
389806804
218974684
15019906
400089636
17427513
860189500731011073
4749955429
712426381834108929
602827060
967107521835040769
932085767131758592
867706148945883136
133121874
170188491
24198971
87708036
42790254
1130042420
579508077
801215898455392257
195006534
709076044343541761
540287608
760694335356690432
912831533366501376
813738086282694656
829914268246093824
634852850
828667827624280064
2772678927
778943272295157760
807413918586933248
827103897944723458
898231845925646336
26550570
958870922311630849
737417526943043584
46052435
780806537644093440
127402642
962192214884536320
791949425220268033
75097921
901309327188910081
924168485919436800
2859936410
886982432938840064
895391850084827142
897957713321353216
913453301718487040
922642067200921600
799560831205855232
324010095
24005641
836791683018813441
1535317741
194798364
18257211
916378368194564097
1924892180
940639255373721600
830101025688285188
879310598013468673
845344717135106049
822990440161050626
24055025
34354747
3230934727
39210348
33025341
565112799
833224452787761152
339780209
761700258
851567394078064640
828415834393628672
27943005
61239883
708124405
178778119
828400393705058306
2389372243
785291590239518720
796918378564820992
825520809678548994
19414346
910905217075564545
2849961417
809386266198503424
99932859
757098344254627840
1262776610
138535693
840334175886536704
825369400656220160
157920406
25848412
539269396
707628064734388224
719862196692500482
951768410584764416
2827770165
830968440743661570
965634801607704576
826195236489674757
939379199306903554
2784912836
2481752425
864848809863426048
950750660
45031883
2562852312
777997680681246720
874790595566354432
114553439
964437585698332672
1219346869
789282606370156544
15566158
16225955
2905797827
909173905239060480
836227816064634882
386957126
826980174398828544
870382375905107968
780991657961517056
885176502
2957948640
589177606
15328937
823298254435717122
915437436792172544
2323305488
2859548278
255377127
708460499571187712
198926177
520968202
36409460
796015982762463232
827713248287920128
746282472497778688
311167475
775468838016000000
42531372
102223165
32954445
220712406
3953143340
538380361
32443514
181013568
429141903
20860141
966967397813927936
806968566394290177
932205998730895361
383552361
828782824522125312
2807714250
702346895792824320
1494707263
47990904
587812141
104556790
825735607083229184
28363009
924305581254492160
22374503
747487190658191361
1220068964
17736622
940816257179406336
2362243668
2500503204
1893182310
216172618
3301069652
913773957223870465
4214276997
883800370069340160
2158072836
281293632
1239970512
152554669
2832625648
297082750
824257109005139969
780573416864698368
954930600753926144
32475944
797203210385690624
735349702275784704
715048936822714368
2294964246
39305507
308501672
26016102
4170131474
818112703218778112
250433326
15129104
761712235198554112
3884092397
2209649514
104983460
3451986623
817066719931940864
971468498
885205035524775937
17444647
3947025803
910357251751383040
228144288
3910760593
1578962246
944598289302859776
34305441
789122773499060224
2719737810
797704698992029696
508163912
432188209
941830633097068545
24239252
723902494171123712
819274405536813065
820441649645907968
111039232
1952629212
1292912528
731892427015880704
902989284831105030
588166465
2331011791
38570287
862889839997440000
258112416
307973474
3132256162
614803277
3371836160
1935163351
838607054268948480
940762714045022210
937099971857408001
3396000057
909931056652062721
321777232
949825389584580608
619614848
35696450
798577750445592576
2232063625
75674315
2600311565
858019254
891719336892653568
19078560
2412580496
41607951
963945798357716999
452380849
820073677177966592
111785597
853955897139134465
815285462440886272
947563542135193600
2553309372
936716412076347392
1281584466
515092441
18231308
614694471
853331180799897602
951349253628203009
742578779692896258
1424516053
30841587
823338671822737408
771027818952011778
241671996
22390916
231518332
804035329422262272
2493061298
186472574
898309929521434624
871065480039149570
761013546134167553
845463216515928064
828066182209085440
257952472
890200554646974467
252294042
798973013437792257
889646335418347521
35993022
110808992
361902109
2921859432
2482780512
755935838081548288
2855354116
841435155755651072
374540142
770400726992334848
939349990433890304
965443076419457024
2797460163
965450365817802752
890671337492164609
1349535121
703237811940540416
874730901262934016
1363237574
378361540
4041817281
4005092840
828302764371542016
846590280660758531
18844876
962505068930101248
127363719
2506074662
901180643022848000
75133818
415773425
3315855847
177643557
533347011
829221838869889024
2153649102
829506669453463552
2482282124
935749535770599425
922107006
3313792933
31535818
477451310
336559341
825506766175797249
1340819754
814845850459504641
830191554509811716
883461022392000512
4799170517
487967411
890825837641175040
4094462357
803017271287255040
837148418745085952
16240608
24734287
623950538
172559402
890734575764242432
30395567
2708757942
32298194
754421742299414528
550605163
796245613058756608
21345085
282967091
1473678247
840628755181776902
948877365219856385
767461627549536256
324725761
354385662
258741909
2978021635
2905749286
784738199608242176
156956327
47526404
50878266
932704409070587904
3124664090
3409933120
964240836144844803
785795854183440385
2732859555
961794394578931713
20080489
496330913
2383782998
15857447
928761190393585664
440688620
807407311375372288
1270831022
962867659472740353
944458637560483840
2818242018
17495447
336654624
931567118545330176
1046114347
851882108058558464
925033591775604737
960576840988577794
49878945
941508026384523264
854503612533395456
1195056774
279205030
1661634032
243790613
893716425604452357
258626160
2649868615
825721981161046016
758899209206575110
928269303761158145
739673883134005248
858846275831312384
1137789409
15072797
100031883
937474183486775296
408996541
61875073
1658015742
74052199
28727324
22807017
902140692
829799152657715200
882084260412362752
849784237653803008
809414682708738048
827011405165559808
887057451031330819
381829318
736711599340150784
14207975
824835298097967106
826570605168381954
927292103637340165
904866954934194178
939670537504215040
824670348410966016
959782979760525312
1710660788
779974832725295104
832365596444618756
1689008990
842763645855645696
901667341
799327385774456832
943828336731570178
485092994
2717106752
829702207255805953
35591912
234636474
912801022690635778
59296465
20739982
898955477815611392
921112508907294720
437912130
169585473
1688
1026779472
1901908940
923991752188551168
32741395
346402393
941009042977079296
839583874657181696
1056716616
834652261875871744
899922623190056960
32877315
87524465
800700777991839744
75966525
905859273397284865
898774726474158080
817736275063087104
2341452164
53577731
845392971381927936
873919257238786049
767919657982554112
118096957
319436171
772932031969890304
3168209881
287531586
824469842153664512
820641288353628161
863156992218726400
58326379
42208548
787327587341176832
1682940577
839184799709425664
921164999405461504
96856149
900038696438611968
88247564
818223548791541760
894588814177521664
213165537
372536444
738461796730703875
924370359889088514
2902327877
1347148117
749453052
4541164574
10311172
415979512
62439819
774029252022984704
1060722030
888626196824698880
3718241952
2809925934
825922335794307073
1151198970
800035660224557056
847081094621118465
339285243
54446879
923193217276768256
14055855
799010005655633922
757730286662717441
217252833
28434285
44660357
36416542
46202016
17314838
3232871792
823696074858754048
751434137010049025
823240242857672706
785209740
883590418700554241
39724652
780540916184395776
826872724488384512
868220908116348928
1160168340
407465636
890301985525833733
487634550
2575929534
27022110
14611061
885964768338747392
3027622355
2818654580
921917001756536832
317414715
3361120619
756944743511187456
384406108
2877123150
20709499
385051992
959167705592057857
876062215073300480
939255972685602821
248936209
10362072
203056990
481832729
806670883007905793
18287312
934494196177817600
878424757884071937
954191227305406464
21691327
951131529425629184
751031312648171520
946088241438056448
828025043913371649
1296706759
23888790
1276429164
807285419691757568
926863126317948933
743074548665311232
74535680
938210667848486912
708716276458323968
31181402
921568214961680385
3432161123
20953073
827165816110080000
476309296
761246441218142208
2585761906
18839446
855220640390840320
4888780694
948078367
817145698428874752
833391822894460928
1352386830
912665713491550209
1157194328
883639265971892224
2462423732
822793404795023361
34383891
952167638330892288
7362602
957182293675855872
825091341000572928
120151540
535468952
22532355
831669930323898368
16698080
1216789842
564631594
27789237
898204649232228353
898166719797235713
927638360969154561
1301923506
850955642592309248
926434246516006912
3243006365
66802959
955998852276019200
35728669
242653054
16154250
2203320877
825717050538618880
37289070
214461271
569560238
896872133229510661
16696584
857457629592989697
830968721984352256
752480388
863036925908852737
3272406223
830536768164335621
838505876390563842
3128898925
866002681399300096
896778379143327746
3300604719
818129314571026433
115292123
954024964868407296
825648560616005632
939414922265595905
823280797897486337
225048854
21027387
259330660
32621299
725588574
863005259727294464
2584887486
807947646438518785
2156568943
192654942
21394855
948234545400127490
805994985019637760
779533280320163845
26564529
128763579
870106159201439748
793257137866768384
903997319271632899
426673960
815708250217840640
61559524
4099150647
838188168713232386
767736862471512064
1877039876
796519894032457729
12330752
262420136
847925136045068288
1632064058
747348439793426432
169958838
45990454
103593224
278455486
229542097
976570982
346922993
3188207296
1236780481
780575384311959555
219846387
146565235
858065331654451200
71280156
2898042593
45224830
23095477
299712631
1638517201
2763021482
863190613939949569
2978163619
864265968142483456
952195241901162500
913989447510892544
931219207470985217
302991001
2620109005
822617608298123265
817838845517393920
1024541209
54631859
814286392108777472
921142987828203527
37861222
864334721718796288
2796980429
950771043412582400
349325829
63229823
903520735586603010
4507313779
1581598062
914334556802646017
15477922
232650394
1446853159
2286189025
2159806743
950962673071611905
1730305812
725741909822562304
708447318475812864
561735432
887205546
702633255984476162
936236963698442241
50698579
879886416335052802
790349075929452544
513578327
35108906
350456202
19570960
39425252
122280853
2164284266
1334434248
836884481277558790
949087162791813120
27778816
741407138082263040
216399233
918905350123749376
466952405
872641496935223296
1924878854
125476337
512410878
934500442364559360
918361564973092864
1592316451
23767320
820220925815750658
826698089196969985
2477178937
923893094810079232
2517897416
70667264
3193455540
947540032155541505
3950666892
737927700
16600574
2943115266
63458547
251927949
854182210366316544
59291617
881393483151417344
241400800
816692173462786048
941150211434582016
944537485543030784
943411065748119552
368948564
739013040
968522930
944466374180487168
931899513215754241
869436844043157504
940610486349041664
83967276
909519301299892225
2395374864
349496228
801362946
15159040
2186988817
348059478
17164121
839231450901807104
846934487355273216
775122469996888065
255028547
3291800140
827880002758836224
927751333247111168
86659367
821299605224783872
913463110232674306
826672383805173760
826882538467647488
636277093
614512551
2984781465
710931795517313030
906350748983840769
79784897
39054975
243846122
1293687300
859180147915853825
3025463301
862301831434608641
909902612115410945
2869082432
3448741042
138584469
18251180
900153614701920256
450634714
826982179204915200
3064630487
824397475335258112
49068640
755808822506041344
143221378
172471401
22990501
163194830
877702138905976832
211417707
3094327464
862746688510976001
488799600
863788052652621824
170150754
804951551160832000
3274509174
166470712
795538097119305728
4780784385
2897773175
325807461
825938511954116608
488458460
118862006
863909822529458177
218787717
3980578355
152059976
2909355958
3197064732
824294321281114112
829512693233152004
947080287443456000
823528762117537792
884998223240327173
3419007160
883052959424290816
1592503250
1347965988
823303613133029376
827162185415659521
897596565589831682
432121431
42095892
2729518726
870847528974942208
723608486593073155
223710359
37088816
1692454334
20846121
38146052
955781132
891334064157937664
805452671880744960
839133464913936384
1900740420
34850663
126180116
944717299256315904
825047464365404162
845733003691261952
1522581132
800155178057932801
279179734
825864323683717120
513852534
938583592585826304
611581619
821454811954487296
50611570
821846067591286784
4842878215
3040072501
929530907706437632
2615937348
829847315812855809
2501733392
832094441796087809
795785677338243072
50990188
22253617
818624813149421568
915744787801788416
2685612532
16209753
738437120046583808
40295317
751858427056578563
875487271171928064
874106117886005249
1952510090
2386141657
792114037
707203777313382400
197619337
759088783539081216
377751695
31928147
776133390122622976
2857355637
870685726521737220
895819076
520931927
780942158014676992
168704134
757252723364343809
195589587
17733860
932464676197187585
90241792
3252998768
897304031978151938
23682717
7324992
465268826
832934163766505472
887704019296276482
805208954137669632
852371886885318656
857459108
818705040
2159657052
808115854210715648
45863363
10108422
42390287
20639694
56354482
832256230819188737
921424310601965568
57606064
824614582853328896
3241707920
796849197840531456
746056999109074947
2433475436
3102653770
921541188959854593
139956991
863752298052419585
889291121146421250
785313443847008256
798964170054057984
809870913047035905
350404259
801131857
1078214366
995761638
924138521484435463
815349318219505664
48829629
507698802
883622921175842816
749276143497388032
616750587
143159404
235884580
21415395
818141544649814020
945445150301609984
814887251909967873
3391405013
1086419731
34858992
855567777268027393
29340645
25097371
25470319
381091598
854792794984120321
942582294518292480
710337844267462657
2844544905
1535595181
531656845
822726095791263744
471290231
2961548462
888160578539319297
926425080032215041
864640749379305472
80114229
835144105290264577
268006196
822645132319195136
923578168656752641
818454399316099073
154130829
4459642286
939970357443694592
946955734775975936
717546814623318016
55364251
35221306
911733623853903872
61002575
61561312
28037721
719981270688632833
44384976
793045204794310678
746508782973366272
335315794
943106672167448576
56819413
55666043
824677136178966528
2287286719
796729146848251904
2562584864
881336677138128897
931054608
47721786
825480696181305345
805155628188651521
3026714269
936639308391469056
893911625375387649
833074694739726336
3904973535
824300405324677120
4065091083
780575959401443328
805112058631114752
855594965057110016
477078600
17072707
174801111
1648203012
862474644196016129
752598541080473600
738201370482745345
60950932
825103333660598273
40338564
3385199859
44428771
759253454749564929
843982667423141888
4033739783
48417747
4420323075
2772233570
756914019697590273
779221338598805512
1898579287
104208920
24579517
3452542049
893900539083313152
190149987
48824429
1434240264
245037036
796936815869509632
19211447
853584254881681408
426657749
842472365628047360
861927176
22144947
1439916415
756659591832866817
731491514442874881
198416373
760676457681154048
158043967
1274278093
755946804483649537
937937995
20800366
306968647
705774378475253760
491856478
880806870566424576
848908558620078080
845810499061252096
825906584366804998
823734536211169280
3755366896
2503165899
324171931
547699457
885560246038654982
893316758987128833
763774447
210428598
888289817947025411
1441579242
914567454
823282931850420224
832389481210617857
212329199
823566799484710914
30338540
2916646212
3012462963
826263698817875968
24932455
249222888
890254129284743168
100868662
46197784
784771562595573760
2872698123
4195564180
944237989
816119896442421249
23424613
2954177146
2216359394
71646441
787724977285926912
115481212
29194420
2782767516
823328889535680512
3078026722
759155531332390912
3262635932
2182208461
330721266
943909710398332928
834909243237072897
824298857207046147
799640809003945984
881569857283739652
913923444160516096
825839859797463040
329925175
3341635251
439284578
817898602265776128
863317525
714590554495913984
745039403391672320
823144079181643777
24195886
613863857
61180255
2912099121
1948035834
2311086683
3982953706
910479833607622657
846047953840197632
261453129
30735938
807824724185194496
920642810788925440
828718753663873024
105676487
802843194362908672
2844364176
886730561015959553
3535835608
781144244690059264
2466952481
18238574
926282278552113153
3581489718
103054234
823089377874087937
18379891
3774145535
3983636474
571953394
513724263
312735164
2364901363
24841698
830600917082894341
1398300060
456124249
105724783
1310689495
28194109
557328931
913262071269036032
830114553371451392
925592211890286592
806777058311294981
804581396962508800
212887912
103106629
3011947880
946486039865991168
810231967878762496
874085209385443329
3230035232
8738672
735271875887136768
4720620588
2286129811
782959125076414464
864834170236747776
4345726217
275131335
901326897535000576
150835252
838525493368483841
823010600028491776
1165649360
2998209231
2318676669
742045986998996992
794281298223398912
793118332484481024
24599758
33564245
824395857625808896
1970006040
1695505166
854050146228862980
751122719698071553
796367783617392640
2389638932
375865915
256018761
2419809048
1040771412
3707001377
912660704137809920
411133921
386058412
28626233
808097116828540928
1282159621
4502880312
906120522739597312
926289753355575296
2185461735
712999751491280897
920124653124947969
716286956125073408
312676137
2810639647
2857592041
829481216629895168
785843560147025962
2836893203
1228881739
777002090862227456
950593608
749586982557265921
3579039794
2240258598
128429068
2645739650
35101375
712248375857582080
4431639255
867589040249372672
1502892860
826476069201010689
952745082
201498753
808480622175985665
457743272
825019113948983296
822748537846833152
771799124832313345
875829222543151105
2279225400
825094752617984000
123786696
216385540
347581029
3309873086
1918976288
837561853
2310662821
851541155787485185
58137582
3369278890
288433921
842417054326128642
3352466116
874655582
883003734099345408
3189417570
736247374536970241
924457854840422401
708800580995522560
576220377
855109542639751169
3222194703
1025556092
869707952759898113
3192525401
758716568851230721
4906517705
827302314402836480
35830479
714280998414979072
265600371
928769566284570625
873223664317202432
4765471392
7999862
2409269164
937393273836134401
18335624
936296067666235393
730981744355115009
710257906747179008
535838465
786811991394430976
885742759990120448
861624579978125313
17499139
2990835027
881636389552631808
773145516
823389151726882818
146644080
3244310880
880921223407968256
829745252395339776
4800961346
839908391212367872
2922538229
737376235156705280
899085537243516928
824130871712247808
366163310
1345172978
831532143989776384
830362708658704384
850330743473455104
819456265029980161
762484767275089920
2729034976
930974298465898496
827199374086148096
727234317944934401
825854633373483011
17378581
826910727600345088
1248759402
933733237159026688
777722641381720064
392102276
1320601364
2661842046
827138237843922944
468851612
1018528668
4093089513
27198742
31464980
110623706
864999774
14443412
898633270602211328
36937675
941481745517563904
940807622499995648
22962349
129009523
941280597602861056
3473549662
2877519958
2915680584
757378121846755329
27336281
785697245073027072
925342772755800064
191938697
1315355821
176009256
106535498
825836501737074689
135657372
803327166519775233
498843659
629712244
66681373
924757470488100864
4706460988
757724325453631488
3017732286
329281644
4813806074
828046661280755716
2333566868
845809027967692801
38933135
850860995337736193
766318102577577985
1449116216
885364339321954305
823583545100816390
940595466399608832
800533214
3297184043
242588913
832284362309644288
95382124
20255638
23094875
877412978924154881
353429316
723451571833585664
78625313
19735120
868827562805428225
1004426490
899016282191704064
1942970707
472880455
1657511264
338701477
43275163
4634498301
854694082387386368
63841760
96686084
17138865
108049560
35104212
819993993274675200
909032740200181760
16466714
832674511459807235
1428245454
3007800760
4095136774
865178073603465216
823283730055774208
819018421841051648
2784448382
845893680
782714414462033921
575553009
43039891
732560662916825088
826780993356836866
260236227
943910914788675584
859993803066716160
4192295774
39631299
704405850882834434
3327420822
1532776500
457904240
835198192987709440
836788887192121344
2887026221
463483290
110790607
28695927
388449269
716470357130018817
881142920
46831734
405792939
825488341197942784
858906699205189632
23816741
2460279166
39715856
900915976589398017
854528323531276290
107996155
828082897
363333018
755867842763825152
792251114
1201545739
775034466536452097
148714806
36652443
386213355
28744000
1561024381
825121284426174464
908389390606651392
927210393461776384
34771848
2980272732
745642144229097472
586322943
413590655
1359160975
857704311522045953
818287490503233538
888030081343340544
724954296605917184
804727055849926657
955425266
197716782
936469309664190465
796817946832175104
772927160990433280
1267075441
2384147209
875375652060282880
827333887
886032877011558400
883169017225195520
912737724662210561
429170584
743941203205492736
392212735
4458723554
29112110
2964161673
841480037517910022
820412121221472257
875782349757194240
1109820169
752532893587558400
819723919108153344
273500775
2196013858
816406404684652544
19162756
470543884
2363126492
824800415988477953
824965088536887297
2190416467
861324932801740801
285287627
1618459364
890010730849746944
944372286827778048
3384809464
14432945
728969814153166848
911706449922920449
29632225
727595749844910080
883153431170392064
1541624844
483329059
1852224667
605641377
836986275668365314
876558081026600963
871831962809507841
2342790655
304576511
334937812
2949831028
937880354467254274
823760005446832128
861616584351260677
925530990415613952
26200914
751664087965151232
17717593
815011123502153729
536897047
4252553543
827237152836685826
243301338
4376835677
696221424243994624
32206125
15857182
328474134
33345091
828038191974346752
810339646789951488
912680718593126400
3896669953
3764778857
748946826972332034
711528896
18398582
1887375954
172524141
815447261224337408
707285803
879494100256407552
1109981646
1132503684
469582871
282803801
4739614948
489975747
867634876899393537
3097390120
906692964277030912
816045345201209344
836769261984980993
796731344562909184
14589315
18730596
34948397
779721208946368516
800352201419804672
469517768
603835660
893519141533097984
43600111
272396530
1316686338
1329296904
703575516280987652
1452861104
226303657
940578060293750784
831111050632232960
19943886
907036222442360833
2149805262
796735641870618624
835816332
916049596262092802
517815026
826144210462076929
893308458652631041
56861744
905811834397048832
799531411
276530546
751218546324176901
2556771077
813032126044053505
1590074131
862470633086525441
54139139
929095020023599104
87833929
835264636979195905
490566701
908303946921467904
112967516
56481865
447209458
857636499466092544
707209121855086593
4706615712
824877094236680192
1927939134
112532110
2363066263
928709177899397120
353289134
937824019159666695
873060960721707009
890437578
703038389726146562
1612310400
34139680
838161244515418117
922128596629643265
813881653076471808
2788972943
335923694
804924163961987073
876097823439151105
1436668376
2869858477
313172711
146088290
2733194172
937360274486710273
349372439
850919605962801152
866114580908576768
277229509
874520083225354240
884441011853905920
466953226
874907354772508673
2648638897
114761840
839416776421171200
442296361
43650621
845788208503795712
913485110858665984
780955609394884608
16302731
896044435041136644
801282509891715073
18496530
893141564079427589
759202068389322752
113922405
816490245172658176
4614714401
25643687
2413996628
732611818951151616
909563661219504129
55883616
388884512
815364772317184000
1732788398
857041701487226881
14649254
1170548473
341190477
1604464490
3147834467
116116117
2149915710
927486429806059520
19895040
17060507
2314018987
889921146715607043
2211730434
1685873604
2497075812
186308469
3139769353
14674520
2151644066
470492316
743211191787368448
936185269669253120
739129743455424512
849700305939775488
3288598806
2646462630
804138885114531840
933821914967134208
1596680708
2312308883
732981985854038016
24733117
824055142135791617
838351435595149312
2370525344
3242012834
870809450013052928
2806413827
4766959164
559245943
49782356
928655916760731653
312118961
746331255625506816
847184323182837764
59254765
915234308176084994
260819116
2437816520
931648713851916288
936072536
3116882325
822840690468012033
38518277
737193662
821967008661053440
620995894
809769590435758080
17595705
838322432800878592
26357854
902543611182497793
931237991774916608
798669910452957184
805566304245731328
27282113
807260804164751362
235623778
755057897583804416
929817782576848896
608246684
20794814
357589333
171652654
382506815
926069286094983168
298789172
1310857309
816000464458280960
15545122
234144914
163299688
778847899274784774
843595546073976833
805231095591485440
4708082121
818457063768657920
42471578
42436866
591477841
105821694
924991949924216834
922518842487836672
15115280
43373885
910932918737895424
49850879
3874628294
833453894554357760
18047201
3106563587
757118699212009472
861717985
839300788702875649
921042730050080768
923868274215006208
4531076896
3230872996
32773513
66211398
919921806345154560
2556793152
580224794
896408263054376960
761573034259996677
2887606899
1325239976
1345165459
1135769804
823541990772133889
351153307
2159970682
24789484
19558732
3321869212
821193782255349761
907111474144976897
881174262983254016
22908778
46316567
4364923707
157890191
735528193210363904
3631212852
2998864022
3687356294
1929677846
461447655
739936951294414848
829475202719432704
2703171301
271075882
843911858306383873
493822843
916325284785344514
9840392
3280141285
914943682444480512
269605345
803038853548429312
548936406
2814256422
40918896
897185279517261824
4082613496
2173646835
914892040118337536
235188416
2770066531
912995853052325888
34980015
810178352871047168
384285603
912813430570090496
869917651354636289
422820766
14175886
750470830774190080
750454218494873601
913358678077661184
824400030970761216
717361303896068096
17079583
912867190839349249
845506343414874112
817188719501447169
80235953
275837260
808172940651008001
228597356
850843627244924936
219445010
2478015324
836686270898171904
997682274
28442341
752026828831809538
874208744929972224
762783607060561921
251194059
113669819
27493883
4920777951
860548683758051328
119166897
1251906186
845414611000156164
2865693345
884166345268514816
879924583985537024
721651267920003072
2183061596
819384823634685952
835215973447839750
886371706335625216
321583100
906315371195514880
1403261666
37270422
67605986
824039443401150468
18738783
809586511331074048
287715816
178362634
154311445
2492811448
734735805902508032
416437173
825568497434497025
829977013888782338
4835771768
876873623138516992
790942017975189508
3027202721
18213546
901573705981194240
862275054696095744
2794535639
870049697863520256
2248924302
877254240833425408
371218300
885491352024305664
796905806818144256
886805961628819457
850765289641963522
821939292532604928
869947509132730370
33108674
4876296974
27649069
902424874840358912
39845278
15212700
85885510
901969981285519363
3529938913
1887243150
1721163391
905038356446412801
67918056
837407101102223360
796138261227802624
4206011292
1332161480
362516994
885203193034153984
1520883330
879147821915615233
25526748
3257236574
22402658
847627361566695424
21833728
4722204972
40089945
2567268222
23142776
904166839869214720
18698555
192220938
860962856719798272
199330520
15859243
705912192546312193
2264809616
822594909416914945
2478705061
900121867276529664
126196081
828798124315463680
1877927856
856593478767304706
127254873
34714157
842955064755077120
1270827624
893405045508763648
396158429
865216924010987524
15819380
51600575
775172375247777792
896259349928136705
115563859
3594364096
800356422424739841
389841834
551257483
709242654
480639273
23726088
771741422034817024
798296697952735233
372364542
769149154077601793
771128071357239296
403912186
741335948022194176
106895806
893871463463133184
878980172342579200
728344211729186816
3316388106
716432228
40433607
788450985756590080
3408741905
20643785
129281932
118539868
397556892
20352497
797553658657378310
552973851
820369213759987712
343535198
815278404303929344
863941393256861696
418390111
768275477572104192
29918146
4468426519
506228902
295285502
32915405
245317425
858506685136084992
825518870421180416
50058117
800111181058838528
17331851
19915883
800703500099293185
399178595
38462820
844695996428959744
243360075
804894691250540544
887804749948624896
59255102
803384680984838144
732515283902943232
246438906
813279496296013824
775383530452971521
829068804483272705
931163690
46476526
108552921
2335812336
104016988
4649395527
821420676766662656
732571672180625408
851671302943367170
870693180357853189
1393486296
850445121325867008
486277358
874010777577041920
156493032
294966279
827134915682660352
883214165820792832
1628887070
863161360129159168
1620010466
82254216
727107577268592641
882721493532241920
45593022
854022751434096641
3283985096
24100503
776903357390688257
867515165113057281
1521106380
29275869
19616219
35934245
710146599704502272
848739490554298369
837769531217096708
2203993285
4854332050
928234032
755946560794558464
851568671155769344
803840950783053824
766247150334382080
24381999
86847118
855100318253694976
833663976055721984
131128020
19911728
260065168
822701029649215488
757689764887793665
32671625
34078951
1305818593
824255224302944257
3145803944
2334633194
1640917519
702919804303360000
1250078874
360285166
756026497438146561
70499835
3237478988
832026089480269825
1924071992
4591711108
777616574203170817
26214873
2278267554
303361757
758772487060676608
1597496460
831227764837527552
828085234075709440
26346508
766081
29249744
1612067526
821810393647611904
275877695
830267999693205504
32189132
75311987
3249302255
845763003911995398
4751882834
373042824
780220386260557824
3281917788
4505179934
1140341359
338732188
378259727
6529922
39994183
83832188
770759270
40874240
281826197
802184729235554304
797617218511060992
804845449588850689
833777334528331776
94221511
829733779010883584
842513200608239616
376744269
822292355931848705
726161607034818560
826467066937016320
151621776
764970660716175360
837955955367231488
847942138545422336
28801431
471333409
1842701690
717802419225112578
419239903
704778428
174450185
981597949
828000482677268480
713328448010330112
758050879354175488
833486580941611008
3443364794
796785161295663104
169913250
827654988935610368
300305304
244127848
43126499
31375995
735854895593607168
810639135694356480
381430927
4371722352
848658731613040640
2440337784
890987814
17099112
774224192
745422001141997569
846523378487853056
806625064993116161
843795934181912576
22218705
824369683352604673
824501132793880576
2564128819
3349925638
22804865
622222512
4183540876
824082055864709120
1319045960
29499313
16331971
841381342885625856
766547376
932293686
2835659144
232962457
522026970
811414973985550336
37014391
312208523
17643749
843238902068662272
35812477
556592010
1155144446
851205216934522880
232460553
740355831724711936
496147605
820834683378245632
832377671300558848
42887383
23147073
15656663
2968938018
248890871
748761679
820550035511406592
796137706569035776
330082856
564786427
57425960
3215174111
832763714931560450
783345557091655680
2918161040
3320895309
138914345
268937845
263525377
362306058
293088091
824275547433869313
820112041146990593
334868306
849372179535990784
46786678
793950346334720000
845465022046232576
827856654951538689
847226236552085511
382886484
129891935
60713686
123411969
805094082863394817
715030940813275136
2535428173
829740747951898624
332128576
800413838
485923710
56844968
826792985463504896
1037861028
3237425269
822274639
828816321307570177
23183591
818138191828021248
267721977
2902282243
824773862512533504
842837249008058368
798764450048184325
17272615
822187847054598144
3031418992
168838692
29765847
829389163745202181
82711326
827208348433006593
289076554
48497926
213107125
334961167
54228009
3611013914
273308447
132339474
3065982291
845833560611340293
1152631753
837355365234839552
824391711619158017
258612446
780192102571503616
3526256423
366435041
818237482454151168
3044911882
784575415457308672
32776883
449600949
70873025
3135660532
803810059490709504
239510568
4397239159
17313252
752450527
813129219983155200
30089980
174477930
753303331389399040
830276782494461952
11395432
3346524411
329405384
835351465837346818
3134103860
3517596733
1450060784
786711016675606529
619965012
797495191041167361
451662665
2572956582
817618862833336320
837648777951465472
720314161536770048
828417234267615232
25184143
3278102240
841801251792736260
750024484753584128
182220456
819135838587977729
4280247381
3319712885
15692855
53803499
3406065993
1962117602
788413315
1654190256
23259606
1622562128
54675510
23746411
726546363073335296
41260414
767198582273368064
782423879532720129
767484720724647936
805285502937157632
616737225
32917190
843636874065465344
762984797899747328
824450227293786112
15476712
816036458335236096
584329646
843556423548067840
4865655743
15554072
80085145
823729085318885376
805887507124670464
843571300098625537
40832708
807989942
816757486883639296
162118905
794774642867060736
706666581741318144
789219638089580544
729875309609156608
78075066
735228714070507520
797907039557074944
18382184
133938408
51873415
87445520
98414915
210818055
824758468393345024
843310827331575813
3420717695
1869575251
564804506
810619093749559296
828051037810544641
102919755
14926109
739844197935644672
37033886
337252353
2191568058
817922420271030272
194745468
188278194
842255909837463553
102572648
820349906854510592
37870523
815104591725375488
917352780
552309975
835302304794427393
4839646313
130326568
28587991
741167167958331392
3240332940
818995397146378242
839968978852319232
798182763631251456
3893210375
27259796
1173602827
2364689258
830872949464903681
817898244466503680
804123357662814209
25345839
327041063
142009437
823393983887835136
18086309
15229538
177331028
1903077054
827576358490472448
781534268
17756037
814893953954758656
959131778
2548268827
19613894
112615652
797139146926096389
2239855208
29458578
90911917
785291299737919489
27032207
44883029
25571493
575925999
836447006071513088
199419058
844630190
21048844
891978900
3315270702
823171093854912516
814155727342211072
36032320
369774608
4186089253
252964664
3301171864
2743837173
824522756528152576
1003669872
819531160300744704
51854911
4081124897
802649176299466752
321029781
728755183316918273
787428489016119300
836678153829494785
3920556964
828271666342019073
707373505965199360
4174527256
809642744691834882
1259082734
825419484328402945
730193349106384896
831934358412001281
3179512146
3058713120
796909639791235076
805111670846668800
820000511403249664
16317535
2866385391
231529253
40569063
766754180748816384
15784302
263708122
54315703
25561952
824414147337089024
32879813
259861306
465193714
57960494
125752774
3302868796
1455506612
332744131
954661610
24357823
247821530
825413904591360004
17397880
106275367
340009347
233374516
75885864
736935466604363776
84365021
31548286
14247236
737774732
3371900770
482385007
17258301
806252849965531136
621998612
798703395343208448
3329332379
263918540
23374474
887660666
759570314879655936
242597627
836391525760270337
783445779923013632
1201535478
15126328
41516274
818292073
32156297
785228551989497856
2971229502
127281739
45571759
749958535
31817141
3195891198
3000889809
2535256447
2731798006
795020475588026368
1372512036
818277212348674048
1585983950
45413198
163535738
2328059947
822124776026214400
30292065
825743760789106688
183684975
817923454456373249
774820106559979520
831362176413753344
804613843460702208
475892753
819094652523462657
860687102
863746050
2988785197
16909343
4751361314
127624661
3018109789
813174916401025026
796981256005308416
797413508157767680
823659142019682304
797080559839309824
776830741984444416
3795603381
194355896
834084338258042881
740597986846203904
824390656491720705
829979854087057408
819128285967843328
801100959652970496
467727548
712793922632716288
754077707210809344
4219456873
22264801
174784115
44570000
796445487322824704
825347352638668801
1103193133
2480998605
173120614
39786058
374303166
467583882
35476723
798857761391943680
830799494702825472
805879067748667396
705478107843698688
315577705
35885825
830941442713346048
773968000533815296
3890947221
47336979
362603401
987252752
823219869684498432
4847157879
372050829
824803611490271232
46756867
247791531
819085509964115968
2875792043
57402193
496056434
209924428
40173562
15496626
754338637739732992
798562809705627648
751224764845453312
344747525
355335944
580312540
623083911
241197793
22648485
401538109
3736006760
2971435222
824387807531646977
793902637733146624
109658696
827671903422791680
956375708
792442371963293697
824237509588688896
819120785906368512
760053765210800128
832973072244277253
766807738630275072
830946630819991552
243927769
794705478
797914811975761920
572257085
24570903
702881049936703488
3279945986
2428129975
819294551743623168
19722723
2416402328
829485408090152960
798936281954668548
817566648077000704
3198896307
788959435230183424
847545582
37626960
1711434614
805170967999873029
1040803128
787441859622735872
765124940144123904
818364375060725760
380678680
822676509668216832
18977978
488846355
1112581759
820132213505175552
21062484
805931193707491328
808150105316429824
713563483296645120
478344501
822372949353254913
798065480829255680
811740481193267200
1522461378
244693950
26443215
263528349
334888844
3078134492
818925034739761153
224851427
267884847
832587967923384320
819686577810993153
994053811
20726187
797337961
2427771799
3298726720
26742293
812023361723240448
36837724
323271922
758081152569581569
750100340595449856
20339841
326229217
127991636
292719867
345387460
801459313961267200
22446832
3164691235
3233862776
17676421
759129594880520192
2401948489
829700903099826179
715173504
832198961616150529
10289462
827591414745858048
389214532
742562983071653890
805839633565237253
3366916819
813317718199832578
1190716129
15206736
2895951606
826627746352754689
4219192203
797485736782131204
720019830032564225
734123781292167172
21951217
1180884396
387368241
797215904085975040
435564722
84860555
702146065
361631646
828805717184348160
833914981
815467208293814273
58174695
1706231244
36986138
1357372813
306331399
825083216277209093
748821591077904384
18957326
796362384084439040
1489242751
3390254459
751981613068775424
3148506865
34188766
821399551089065985
113949650
28225322
3316346737
789473572817342465
1484245165
739144078751719424
571827312
796244638671769600
1350684228
812351747343679488
759714473556840448
3305640950
3098115975
256080923
760080250617335808
1242556435
4247735952
51510736
15659248
788806413200089088
822734085084868608
795270955245457408
27538881
47912804
234306352
309904105
18205347
2471632388
266326338
3307295642
818625316839038976
212051495
918833971
3225350309
387321930
1355218452
825173892532621312
792654752
29409073
17692273
4801386723
366812553
489982279
524709597
2496335227
772535353722953728
43570256
810325823572111360
235766068
16397774
985400317
2911095286
4827961814
802145597604106240
2619258624
2888602292
3519434294
17154875
2508123884
2828809100
4327242015
812985874187055104
2456492702
4925188717
486178091
818655849476333568
485338994
422825758
1613838523
188066062
2277336560
1071010459
2275433299
1411756832
307758523
277261996
810123569925619712
3291753758
132303110
4378608615
711466992
817530967195684864
330488403
797899198645538816
218396108
27955013
27863103
2584131224
13082142
41871977
811604563291553795
3904028316
3167058077
48008292
3668488097
4356216616
57700707
796513067618209792
22804904
168594200
2169254929
425455956
284320807
22204106
1935600896
2183488547
81281442
3257382372
4693813172
806794262004150273
804524535617830912
784770859252658180
473242423
146160591
810016059298234368
765191508572110848
796826950807519237
784577170328915968
89509342
1598574949
16005484
241629241
4828013916
3043362302
868856461
374755520
1640929196
30461476
806594787423834112
807796240389836800
708799892991311872
333750233
14098909
457881383
56692333
806099185409802240
158425193
2756887683
572282251
43445412
778933753150251008
734555735414190080
794889129821696000
3738428653
3231988477
868130508
2899934962
800574120828149760
801634377713074176
89128097
2316494594
228942497
4819292505
1663507831
58189619
526913184
25330543
586853452
777812505833811968
4789754437
116709315
123921991
607622157
40519218
949707872
236928181
390126429
23485346
4138211777
794876131539185666
2239830097
19691332
256510253
1054623511
4705354020
273424013
792841932284321792
48110445
2583735188
788866161400315904
2730550162
419320475
775350826906845185
27667256
2845983983
741298804536705025
4703693597
4813701025
204356919
17839296
4501738815
4490254937
2861342687
704695466311614464
4675697964
23754278
725440439881482240
3589613897
508006873
749642868084670465
2450711928
2785095528
767744160237486081
1352175878
2434294310
824460816
3144934403
3311390827
748225663237226501
2837227472
711318063673532416
2296623294
21705181
53686349
143882311
268342221
524024759
294336008
751976105247072256
3107595527
319777415
721431192235409408
159608463
2200221
478151814
68036460
15710186
63209837
764410086508802048
4593571
18558911
41207820
83223383
4089710533
4519052116
149252376
747412579916603392
732455622784884737
525925642
520029915
286840556
426578718
251158234
3171918167
1328566104
1381088924
17688491
4065830381
755868276601782272
30691616
3216839925
128044290
2823694738
28567212
248111082
25169442
3361605658
744506616062476289
1157143663
3904215746
12429482
560452828
725326626297401349
19876355
16359233
2466008792
3270642642
734404303750713346
52383936
1636567236
190244588
2972384860
237796056
3621682096
725479921955512320
738016722951622658
715170204456583169
728420088781651969
722406634505510916
729846400402501632
95963751
736625730755428352
2972362774
257264157
26015031
17881895
711196158840991744
198907222
725480449494110209
76919759
98188915
193441812
48935222
3219660517
732673520405188608
4503878728
4179779938
861430652
727478155955544064
1383391723
2618843767
366602176
1539564943
24561545
3271257626
4560343588
729514740850941952
2272526401
704085173617324032
241674327
2238059208
18721583
2696671974
38501302
506790080
24064455
168524035
2969992499
2447341464
724244102318055425
259971867
3468148401
532807282
716264762414383106
517125441
2854634997
726052579
19696338
3225084991
241019117
322802128
188748627
268943648
25493304
715870204975321089
45673524
720566626681241600
713722656701431809
3105709503
4577495686
2248644751
711775612189343745
719572066429706240
2918041316
716188201535209472
2148114601
2505220368
4911534785
718276979464781830
410972730
68545172
2955555394
1056251520
2835672253
191891492
698676361154727936
714894970755420160
20019385
714493391145336832
3003703612
712615287602941952
973516764
715150028717760513
184872574
3733485193
4158794056
43531759
1336527348
1643909461
2859470438
1464284042
361502122
302881437
973698278
14297863
4881077099
316593969
27662295
3198853123
4019838132
118571021
2434226618
102475469
62928920
712936444600291328
862285910
16801243
350509998
3338791451
2734953286
390594704
182539035
703314862198431744
711321081592811520
4888649692
56452684
3723100757
701431606922375169
111125168
4567199315
503792483
4894020349
3918129195
375811857
4490534239
19040309
17447159
3234551062
4833694761
481926866
33449278
190317345
708455251062497280
252390021
2728658254
1448244912
3243933318
2817862311
286233279
64117547
349803020
710111547448803329
936059754
76639716
709449289496301568
3590290879
4527097936
606513115
4799187116
1887263564
22209201
14774634
4226325544
98763982
2410196159
49388157
3623972902
4100949383
2679856752
1537830540
701008448360546304
323817277
272175633
122802972
4635270382
1911318421
3245389424
1444496978
1852410422
1055911357
2788843567
4386739097
3315053348
706371876902215680
1956042121
2430564295
16475168
3565070594
6108862
4905922076
2827299613
15807367
2191156458
2423062782
2574200585
2546562188
702831626192080896
2613317159
4451791360
28830480
2875734863
21045585
2172194221
3247925082
4866504251
3092447482
3631094174
704398305304793088
3343387330
3381197279
3035660929
2195994710
975136262
2507050763
2791275677
3420340515
703018971092484096
3005180361
4088966068
1955100763
2526840908
2831453256
1289075473
241818989
21440866
18312947
3063059168
241273903
1469425404
696473079409733637
4257406955
4134053834
362135532
255242666
1229007625
27274749
326665662
552310370
4167039195
18305815
1347646376
2598268338
2924801520
3299925666
28403414
4895511073
700787548134645760
15088481
3405851793
776487606
3038356972
3964226699
2164008931
90280824
451230671
4513719081
2947024403
2181423693
2235067650
607461624
20370320
858646280
901537399
4484280742
4901309662
14993272
2868799819
3381686297
4881086773
299929232
2861223577
96784892
2698300332
3296663354
3122210846
1210029854
68187058
193978434
2993719803
1148610157
3064553679
4804949187
62019388
177357302
4214620463
2700946206
68548942
6725982
12487222
3299944161
4793663533
4830172063
630575808
2731589470
823112684
2426129606
65779852
2407754825
22869375
51727985
4858453273
4767232921
3762575652
1850065796
1460384736
3374149533
2912051177
3396143585
2276320339
2421212666
1279082846
3169462226
1260532490
20672657
376211514
1241669910
308929255
3145375730
186183399
4227234194
4018454427
4740265854
322427684
3241493088
4063443974
135611825
3084170890
213436654
22972732
4860631505
853801490
3668611757
248917352
2811485305
610949370
4426864773
56038149
1395923928
16151935
19243170
319654586
4312352541
500391228
4790758753
532642459
1300794678
3291170900
3622368202
133793696
4743222288
930160098
525001922
352192854
2884426306
1447496916
88621782
2350099799
49026323
42217478
2545323674
37530661
20733757
3947623582
2902162645
3198276169
1928290020
3224713591
866789329
3089641424
17632338
1526236064
498167911
2916641307
4830530769
4444725035
578327785
49205207
1314107029
1604454294
21494186
152403914
2914451594
67899097
406295914
3357735515
1961113274
100880543
258871381
22777889
558293436
2550493482
25067963
4712367373
1727008657
1031381899
3975034394
4464197122
141667751
3107027765
3253011222
20414217
2778656239
4664636667
4764933457
3386886616
3128944746
391129937
4503123501
1167318679
2561473995
3092443319
3787956314
2471494160
444933627
3314461639
2730755441
2975274732
2956244079
21238841
120946007
1018560540
326130014
3917337451
4646517636
3401028771
1380181963
977867838
38188037
3312840571
21725741
4707815359
2688584306
4709694464
65943167
410056274
21932745
1735687284
428609310
70374894
3840892214
2212524858
3983921594
3369019049
2512824441
49021031
137312247
61874780
54027855
1152406627
1957947373
3355727894
3325772228
1435577306
66822659
3229506722
3722333367
2421067430
977660786
3092194948
1143371911
512417432
59956410
321774180
1830067706
155672430
621833071
132918446
150096480
124248479
54039049
703071348
164322849
25169797
8071902
102513981
2332069580
182954380
16178972
4317466696
3524600056
423977954
18199486
305376209
1935439483
1408622646
266536604
2168144010
2168143544
973153975
2168145710
2168143352
398239057
458322044
3032936723
3164774293
3293952443
3257591580
2529994715
4134376274
4710422967
271030180
157579753
401090263
4521621442
2381311777
325340909
302710095
176153330
1395158480
94492750
37990581
4453179972
3311398127
96243124
3323430801
3229805928
4608988099
431683607
29789545
3559991359
4639203557
632806220
244675157
3292306583
367818064
2578358911
866941982
3097253483
45038044
434943367
3505441818
3472067174
137418981
2841274948
1969346438
16139049
223257327
3383811430
2595551346
434517507
3287406577
2733463866
18907301
62143032
863596621
3242841195
50214850
3161031622
3569277075
21631041
562171763
18082945
62756025
18398047
2746453639
554985858
3245269654
1558778694
4541374877
3711605475
4498883853
4572971054
100264423
626391901
634952572
3862943956
2482675633
306909253
4422460094
17898127
37093954
343138234
2465278609
416949345
257715213
2918996168
459269265
282671020
3114784059
27754412
907239961
722759466
93111391
1935716222
839001288
3397711649
4183158434
266294509
3286777436
172866915
25259962
601932622
34824802
2280934110
3818016622
185723734
3309136436
2293759616
2270514926
3297778964
2975722854
1658092255
2494078982
379424219
218526734
1703324984
19077091
1482492223
21244178
2866446562
3944280993
1666367125
3543212476
501438795
4292653709
1389824197
3253548517
1033028106
507877806
2177027127
1219480375
4154476582
61149653
2239132832
26699138
2877844072
4446964873
580857186
494763113
491196570
4221715221
427181755
3484696393
34301505
2910293527
3401447776
4270197919
4190867541
3045451903
3513241168
612766185
4219138563
2465814534
2203755894
18242629
228554424
344687656
3327262076
24414231
2480878592
78256001
2338918676
353672532
301249440
4267657906
252509775
3709999582
2508789031
2528383177
1410723450
60115467
559504424
4221517347
33879063
3427517943
62545955
453484864
850633633
4194908892
148908323
2259700076
3026237313
96973902
3560379048
388454092
36250453
1468331580
33234682
88783501
371954958
455046693
63770391
606412878
785848908
1558510549
3003714079
601151788
356363184
1076770202
80396843
3923270956
4204613159
501196426
333774486
120797863
744036356
4178777152
90804267
74175586
100469406
1165934089
407106322
363360444
2464662349
4126430296
851711263
2929135816
3730595055
1965457579
4144004653
24443770
298602588
401171990
1625017784
38214128
2858517703
24379982
3237341261
464060667
348157716
91753209
125975756
104160143
116182993
3220025137
32029132
2196201139
4074935262
3949245418
3995776813
3906735201
4042470485
3283426488
265791858
435459729
179732982
18932935
842514756
82395011
38542427
67732438
3093675146
3404297363
147821689
1323165422
172867574
390103810
16711026
3708151401
1069121762
342747169
2441867010
307721313
103142514
3168188207
2459831780
114724751
2768806813
103243585
28355756
173598356
1401123930
1694525557
9957642
33537967
1596613226
288922487
431686387
7334402
258514429
826466263
14292458
587792591
45895089
26879308
237905441
28680774
316500836
913676251
533854264
493522166
23047057
126777982
499209605
14761839
15510598
232358889
20815755
142713633
97746729
321965671
263236488
20008689
17144766
251480040
213292567
19622736
16840023
60777394
15260101
18688904
88666786
10067962
109238692
51296220
48629134
42681784
15321954
