319851583
21140038
1001458523883044864
4034278265
4517808328
344516634
1960280857
623440326
1466892140
865190989258010624
25553788
207159974
66621080
38144015
285006586
31761791
2458168279
380933962
3510939916
970675886180720642
986475138626539520
312226473
113587268
19663706
2842393593
2839418614
263710019
133286110
415855832
361751767
837562166
1092775628
3014311253
379675908
130786088
717255235136274436
41649029
93069110
2335903151
18188444
241447838
125375992
573779657
94527122
729058272
819522974
414030337
368480745
427608311
268942717
22310731
20764031
611593481
21053813
108046242
14677919
31452045
740463133
19084896
379359702
370042563
29769998
445975414
302814946
45806458
564989573
1159934396
2998118872
959845257105039360
212586899
631442906
262731134
164465373
5896632
744029191167959040
439023991
3150248235
1787401
17579312
450051237
94799699
516530649
361284987
334079075
318337271
373807155
238674647
484720822
100273292
91180720
910492003359760384
1357659396
21619519
449588356
560866658
253800788
365436488
199770568
390048295
28162211
264502406
152656121
18034687
227607882
834081571493785600
2903641750
1183907521
372237190
21333934
304841216
19305444
1968450668
2334193741
14283618
4032660688
602317143
224880868
1341554347
436553183
15439395
50656080
42176166
58409188
101657655
1876097142
40878677
18389162
37646139
226499121
909086859715907589
848148994102611969
49905837
40486636
819104965
299035370
828967532702863360
834435818710302724
385942998
3225015213
17275502
846242124261720067
120565018
495085031
461566854
625022363
2708788716
46099055
492595318
870566128346697728
793377463690756096
43115365
158414847
839587000952971269
191373055
18957524
15029720
4720246757
299802277
316389142
18759580
285497201
883746512660025345
875029068223315968
21634600
65794894
869992634873499648
871466086293794817
261538972
415822650
601615203
303567190
430705859
29944729
4808128529
407252387
4734138076
3089846400
97994396
19525753
51256926
1435036280
25719221
414057654
851253492
751565640
2848442872
781478708351819777
1604444052
26196909
413744826
808602626090733568
114696197
250746219
274626857
3420477195
906487142
2501248380
4458189502
2835886194
15224867
601209438
3086739781
16931360
4105477510
145388330
369711825
34743251
809197499886014464
177360090
558594898
830398471014326272
6156942
586136477
43696253
826309249315725312
723185462022565888
502281810
801159713035612160
783214
18549724
824027211158130692
2221528088
802280877912981509
804324678399643649
44196397
635608354
19725644
1969071330
277617233
77155821
24563189
426754478
3073204192
2248188301
24056667
1524976560
4142060536
2463282855
116537426
449178207
27987687
26242543
338604482
15165493
69181624
532949450
1248216199
365006097
354823628
764042079932669952
322535391
792123946221142017
125342906
245551982
23792734
579157609
3118098281
132833667
312544868
777293363024396288
2403448523
463310141
461156007
273375532
128490675
3326428413
766190004792127488
306935101
144563591
428547758
811108411
2169719476
2181666834
268190687
2478318783
1573172761
344772999
25309960
19177652
3368202989
137963176
187965811
1483012453
361401292
77160529
541061385
2854947647
4725471501
31204506
21880211
185116592
611212971
53667816
14089195
438894343
2336573456
1085427302
2609607203
2441828177
183304914
25173302
271028226
43319185
296420204
502013917
449878030
422960476
4821511035
2964530968
1400777804
2502317141
21422660
114456519
25513440
471350490
43360450
1097960017
3240305122
1622856800
419045921
578197321
22971980
536757567
75005086
87159196
636104533
2259492546
1887426325
2377005377
4525270457
421998376
4149977234
128216887
389383741
1317883286
779907678
2797391698
90605159
380888291
33942688
870485882
420907233
1336711694
68817203
512469049
592791860
380852092
3295492477
18760690
21210088
19060275
20974574
586502170
563776893
415085127
25256757
579880171
399325719
243321538
45298709
379344409
439912737
208442526
21849982
208485802
3187444966
50291522
18833777
1324176080
795928933
27019855
3015424577
24153634
113940820
3073597503
1262348720
583011968
139186313
460435586
909127129
281615711
23761921
108980508
2842118482
2530947115
1360467703
888385309
299240753
2951198781
2949202546
401531717
169884197
177492751
1441726944
23754741
270373221
757926066
1456309854
991806307
2596163096
26489325
1855256856
419477199
2810673622
2492715481
292228352
2785115355
145044833
264073109
282963488
22151193
1705469472
591120817
2337122146
746021840
2711068525
961868268
2349132603
417955519
19061720
1219865652
897035978
62068678
352621012
62584402
490218850
21988596
2430761799
266007958
136262848
714028621
61495719
405862840
375657618
526361461
112196752
279002420
486115964
243606405
2392845350
621258696
1940736368
109215316
355723364
2229741009
372737596
148493878
434130489
501588636
2304461928
22493842
2257262826
115910278
87171196
15862571
608146394
96788494
376144901
2178112885
382575102
1953792546
30633434
526860169
50303564
777777469
1851940044
1328856151
289364211
118227973
25268843
548713647
344746696
350849326
574774531
1604059058
376727603
407005711
12611642
52496912
1441951886
259236017
25575802
31087539
111968599
384459863
435800157
121110868
326011275
549473316
1387798579
258702456
960433993
212702260
373471121
314684962
196757532
71023693
258926945
110946613
263690946
110873936
958457551
37490513
405002857
437044897
20665508
19488816
20227685
517425977
446658922
372828441
528889811
494999830
710963455
243621189
821411215
439936202
45665389
361965946
402590188
16303106
180817439
22413146
46220856
323242549
291709255
423498396
407327191
471394875
25379961
456147494
29679762
398219346
252504282
70222234
71801853
19316392
333045778
323086978
406643349
587031615
95297953
27842716
255150502
300159436
575292547
116418997
72617197
50940904
23115496
550164462
405446232
371408474
453210486
112420254
18803879
175147501
372731657
141746891
256404382
240627592
97171354
265902228
315463648
454999500
421696412
391280121
219055804
109833469
465482389
23779574
353577426
175342751
472914252
174227166
14685256
33863096
29949027
326837592
418792734
424051157
39101506
395587069
19402238
34573313
100036610
23962323
19022934
20315636
163572215
298230714
179077389
113053770
398606627
294084690
300682881
414352935
25605893
384848514
188282409
74988510
345000020
133625809
