46786678
1311812478
1003784360439541765
855715512906600448
3398097729
761985912456613888
156562844
869765024725610496
2779978405
3132531431
195409021
984054777159012353
262967538
844474239856132096
2361596168
377600402
3078942992
4896201417
3388137321
1171946941
4728889702
986100890686943232
21805300
2546143030
988210071262892032
2916607174
967997892823781376
887038964414038016
3314881019
898757935282520065
772410146362421249
551637326
949795826020184065
308061905
496402306
1261054428
924825536563515392
3853201574
700832156361175040
854551128574263296
981287623
1124335356
2720757252
20733919
3731054473
1953803376
914376541156577280
4717004059
910005196767428610
899404060024909824
881640040039817216
903682980131909632
901782193768357888
731190907056230401
863777974788603904
81974865
4059372740
882969535111770112
1165435177
716467798306729984
880620752294359040
828348705883328512
726040240436203521
2553930900
3120339589
104710388
2761974168
2327039173
2457266322
755963040793628672
845907203861053440
833929139878965248
806902782988951553
793324835514351616
1967108574
2204027504
375949642
497231303
4833977801
813970589299789824
1528784586
2728442686
4248897553
1559657792
4306512312
2798932536
811617148485283840
730568049414168578
2269426099
613650356
2571604777
701286998330314752
937942243
716509914189811712
1466196654
387198679
4639609520
748283753835827201
4198078342
1689997496
360371861
1118376912
1700274020
464441388
734848046316453888
333737730
791140673542062082
