93718366
59386332
156699802
24742001
5907272
798547004477599744
1001043879775363072
16801580
855221976
2532127677
22222414
3467518757
15097807
1000812633573023744
38111527
492991594
319777415
626131422
3282700470
997402749779275776
996400758856802305
21440866
995643212181180416
308501672
796889980308168704
993909986840412160
82396801
942489836576964610
987791849510367233
923104399219707905
991992289214988288
15469000
836710249537097728
867359492
739844197935644672
47658157
15891841
14754224
828679521251520512
319215868
845104548213657601
958761684
732515283902943232
479754110
1330938938
981117975829864449
1661078828
90280197
897824296428589057
385785145
965296490833989632
2869033083
1439547284
1173356078
142827912
246939630
1924071992
4809408511
106507775
88621782
764947687573684225
34383891
770245204582371332
195768497
953475730213625861
797547199928422401
83480252
2287184797
298602588
20440427
33648352
861596240038985728
266420236
55587516
4891343310
259729478
95093397
915946709221613568
965878463856037888
948382674330312704
10500412
966660145156710402
30577946
839300788702875649
964245613775933441
430705859
32522055
7849842
2293759616
18257155
1870073670
934183288767483905
957609233247358977
959801933107286017
946454535416844288
933830282062557189
948114764726784000
294677593
29346478
337844446
940557641922654208
17313252
233362936
398178146
2346158455
23568006
44436320
30256953
27252562
900438218100944896
16004809
193398195
525925642
218396108
867634876899393537
825518870421180416
762776832588611585
34736717
4425621920
881976760404979713
2823162631
731892427015880704
36890099
139577036
15248040
475892753
901135804633763840
918865518890688512
908528652974882816
17929284
793202324671901696
21750185
874092245682708480
14071230
2478705061
3076660949
921182063935606785
3076633479
256018845
805491219132547072
245317425
10652272
224940210
803590367190904832
974361823
4861988838
14936005
754162600837992448
846172838495244288
43200849
222607855
598942386
759497723561160704
872927271002279936
775548287608729600
734080232580382721
103991688
545731254
795302761407639552
853426969
457099500
862783647061037056
815277357871165440
865555706
800474823189069824
359926182
846136371920224259
48481040
898568343669555204
220842525
900775116014891009
759365605245857792
793902637733146624
2875977765
898583155879301120
885929989585219584
854682873986764803
24196684
307671401
895046994338754561
1854859454
21295042
893170221867044864
873556198959620097
2774226391
20668627
819982751302619137
874801457555423232
42490740
811942160
469901731
2551822934
754757161583017984
3883934907
886202150078042116
2236788900
769587249696477185
45626822
63230088
802685230389673985
778798705
338732188
35934245
320930674
1247077783
751902676011479040
877200790670237697
877173767105110016
3187848737
28654816
874010777577041920
3310906418
820664923231555584
14072395
866403686981017603
2496335227
835911265
825413904591360004
18082945
223860148
54419624
773281606547169280
869202193244704768
812726442513473536
855114059544498177
133938408
717596608242720769
860223122783559680
856842451285422080
22582060
284408088
3401749186
855173919770378241
9341432
26927750
4661050001
707587018893737984
850578189894078465
857026636646162433
625563304
821718170
387278632
309705905
188929163
812080400860413952
3347003583
860707958
2794535639
851349171927777280
847231441977069568
17469802
850656256079659008
844153621520424962
831279763486601216
848972366428463104
814127136
32189132
574401956
375183837
4894095909
845936685733085184
612732495
7829912
4747595992
961156602
301486003
607622157
281679641
57664381
262401812
2160122575
838461385508024320
167499481
2492811448
803646107972575232
137346000
779207556065480704
15155140
44496485
17857799
2882171558
15582699
47660417
271013671
321774180
830195724688187392
165073959
799017392970092548
825581986932678657
785334095463194626
235260172
21143393
61564714
823729316676665345
827504806130499584
806300993780666368
818862914878734338
12637892
90351056
449600949
39020080
132339474
620705440
39243808
251927949
4877598219
17224548
2421067430
767938862534553600
28689319
816159363773726720
3152934659
3414559738
802145597604106240
4553533692
20659839
810763034775973888
818886750978342912
801641258
635263085
78037670
816484190355005440
251062195
4297825693
1417797247
77564103
808415701341966336
46197784
78962736
324144356
1265879876
73568872
14608930
435564722
116510462
14813088
2414709972
2855482828
2282706721
2025351
373155912
1353618150
325728173
799987994761510913
781852357651001344
508006873
30576467
32774989
796789305708544000
2264319137
22563843
18255117
21398055
240812994
1119760256
738419652901146626
254859805
2175147457
2286189025
128362100
3013877162
183025303
3030904449
24748150
14836408
768862993581019136
634952572
2738003375
787531031226179585
786789942747770880
2844899484
2200221
101136901
18382184
128922607
223251188
128044290
12665632
780424074577055744
1110014599
14862668
20752106
3421697099
518615888
884336108
764022258230624256
49525759
718138956911656961
552983877
17688491
108704284
263791833
243470492
57834409
915762936
32790321
705540481795682305
742930744847261700
154139987
766547376
4131368296
2965523056
760113706738909184
396862492
174784115
599964844
39606118
3519399918
3314146584
472470654
741058867937841156
65946380
23333998
15768008
4570974077
756451125117722629
16698217
1964256596
1964256464
18822540
4874502927
721279596
1265377520
1493918006
118464529
2517577239
1912251
747464342178791424
26016523
743066834031804416
4140067720
4373464043
27997907
426709046
2254884070
20480549
483923020
742146047804215296
2956396175
741375260541497345
2820612121
734066725667393536
25785889
3434366656
18898038
271038569
3246177201
3142075631
3613759217
378099445
734229890375909376
61149653
193441812
3434812397
736483011252867072
48112717
71969051
17010913
14570827
127581517
355021250
15115280
714220534989500416
1614169976
361417698
4832842900
284342064
14177081
726003152391122949
116798369
149756966
16039183
3316267142
260848405
17280918
75318169
47344403
4846260132
4411447397
390594704
38545800
18417159
138907018
2174771983
238604977
1234756681
94206208
25023316
1087860428
18353097
145087572
22772880
415266439
702361404179873792
31335775
705623408709505026
705822555354112000
3417650165
1076053560
702166723303092224
3092506156
252638730
16959075
339283438
272075431
15535991
533968111
126145029
69974424
506380294
41008520
4850600621
25493304
104459389
308929255
286058444
16000856
1300794678
613521891
3327217176
319187200
182866915
3313844821
1252876261
20565828
3658101197
353259124
4745315594
66720270
23986292
30243170
2425726298
37990581
2388152726
41770222
4253752876
3437322765
94492750
119046423
270190324
20920454
327582551
2730550162
2571872893
1924098218
155658192
3622368202
17059176
253344989
16351879
4058267537
813902060
2572544198
3730595055
4060089862
44525679
231218861
230702488
30595712
3960036617
862430010
1666734876
1105438777
14209883
12808192
14355312
3833570055
3288958030
2975586611
1290162984
3560379048
407297222
14267557
3696445397
34108005
86402826
3022464565
22703131
1143909361
1411284846
16711026
36133146
16680407
82649553
35672684
447370939
3295577797
3426526972
3232609878
14292458
3301642735
3409313223
2949980805
874462831
247552110
172244796
354108228
3298682191
3298632494
18363508
3391412073
448125634
3391280650
3391271776
3073074207
364591768
15947878
15426911
14550673
30038587
15446551
1002513128
2392793436
15040633
2243378749
348666133
3149106017
316270727
241133253
357674108
53090314
2956105127
1206227149
188830363
858646280
233055761
385119045
326665662
403381751
1371046212
6359662
17425484
3229805928
607558430
38740666
17442710
3345356104
7860242
2901891943
31601858
3340802734
2593599720
1239273733
386076684
2769619552
267884847
756105955
2892906465
421368541
3298318227
168202887
3193944696
3141672447
3295472452
3225572772
3192672902
3184668235
317626322
2359028480
2159344392
410739206
3209155690
21540901
134924292
3214524737
3111434584
3177167144
842505613
2421081018
78461452
2849956491
500253626
3119901311
2179614161
3091520323
482624417
236919132
3093201981
1645595058
1656965028
73463678
126140228
28454802
2810623552
501183828
3091255235
2190601830
29854003
3064503418
21833815
77256902
2766126900
3038531372
51103818
2732547648
15515094
8813602
459269265
610454407
2329498706
2354402218
59159771
46216727
2456983792
979100442
112560821
539865276
16164704
2941491378
2471632388
15716568
256541342
7803722
317273054
2944853797
2943195289
41153898
87966593
30945399
211005119
2323221294
37836873
9866112
23543158
2914976814
258652863
45122898
2748412773
2269619268
153558139
633776171
98138263
225774735
586032653
15667291
1389824197
117450157
2773239068
2491187928
15821569
377826053
33617636
39578949
2817087373
209743520
87383875
2800368341
31574630
2774959393
104592473
70040536
2774763052
1198967420
16304004
372238387
381752827
454983464
2799990805
11133182
2525524314
1689848989
17787079
21169326
25087252
781577348
305091407
362301175
2697078781
2342191742
2575303201
861430652
2591662076
6371492
1378253005
56283903
15808128
87313007
81263482
2550566509
216593908
15467700
64116213
194355896
575925999
2196201139
155874589
2564556432
2560061712
2558045000
25757561
20277036
37339445
2341295576
174731958
2326648122
48038030
46491438
17665057
330691407
309675841
196336073
36922253
2456223144
2480928578
21680271
5360012
102036068
1252390987
25380005
357071256
750320185
1372202005
292511818
1314482119
14193053
1857132026
2328269346
2405398753
502551784
2369264522
67949828
117403391
100626125
1360979485
2307406981
35032017
278219544
1286770921
585509557
42642088
2332326110
16129704
22336731
99830480
25781141
1464882348
2314117927
2326323942
65163785
14270329
909938851
853798002
14676022
2306949287
18344104
108326157
873141
364570373
1697668345
350509998
16087125
27793335
2295084864
2232005612
14640141
259536565
2259765408
1228884775
302881437
156656964
32376025
37787129
93419194
90476687
14745294
841218992
18458643
330319115
16415170
20868099
1463550048
346257872
57977498
542829116
1476058429
1321349096
38473649
15355596
176619668
90926884
32396502
332515248
17643105
3022191
1500184862
23109598
54975850
14289197
839612461
1858330572
17814534
1437267764
806119753
16799074
1263224436
23800611
1880075100
792305442
1847914831
1529659562
1392871280
575276985
1718943752
1711358509
289195894
387951727
188809568
387890124
63013144
909196237
276107696
616458683
1071629863
142438428
14727040
1654196840
106548685
166411692
106000920
19983615
15195679
29613323
1491355044
38175300
1343876084
380677885
48581800
1596345672
21777678
50228395
1498579237
244490266
516213890
565018215
75402423
1506903145
26591080
49473009
464503411
47143495
29372259
17297001
115563859
284408930
1517267136
1478385620
48987712
8114362
591414581
1531343539
1469839580
1381038841
61139212
175433711
21406740
1226984407
215367568
1494925074
1359045342
123408348
429346344
196385882
173259601
21490125
1320955544
923342250
34341362
1157902490
414895875
1399553994
356023004
145048124
61536959
151107958
79538193
393691664
16448043
1265795664
1273432699
1276882849
798895933
1218863095
560424460
775392486
1180271286
345134536
97588068
353919244
1020546720
15440298
16584035
21705181
47617588
276297661
958927530
859021530
49667620
432241415
600296968
761854664
474593708
382775501
16099432
430924343
15546192
47643660
15921878
19108709
17943145
1022541498
1019130667
20874659
25862122
116839236
95602952
224487773
16788711
212278974
17070203
172212633
123285148
42130763
24012375
882482534
23543520
18895631
30532810
276402417
939910964
837198643
551522917
17066004
614134263
68023292
346439752
392709431
938042587
917090624
211029158
481632001
50378967
441111491
701687468
124352170
272942898
14402269
20284696
524816869
183854047
21704949
67118551
256501763
565395369
237082086
16552994
907275542
218086325
871162332
353073136
120862649
63023011
800060683
21975072
153554238
155628883
814517436
595962003
291338141
860511799
24645871
75449182
848531798
47983954
32973155
849004896
10371312
726776941
281695815
279164084
188493140
569168530
449352217
28494356
434163424
486788828
317507352
17239124
815851956
486795507
143689402
755716560
21721004
145341828
583987793
261364884
533810454
25613215
626391901
630549770
325618929
761841836
565405613
764432762
329443994
53019309
757917865
590449070
14699388
344687656
16123077
313085704
162261875
516874441
15474755
716923308
590502555
20565876
260555930
196677276
519112625
75426887
718235132
399212950
31915261
248378603
620315038
321239630
543889702
110268289
30995814
61371244
68342977
30934869
244724820
577656653
552424656
613901416
17929907
602989639
44927531
330459560
271071195
417300475
15692199
84630188
24343480
204835448
15440286
37341000
43797582
114007315
559148082
602471380
44796273
22104925
17051499
386534226
597806386
32490996
332307234
574764813
579612481
166565337
574795685
396044297
27715150
560759735
62572454
120151540
28447948
487224458
19278046
361321755
29881956
387341952
25740552
533393603
427679559
563223833
521579589
422689160
222024790
392941793
75135635
464207452
550483309
464761017
390490929
398614389
539338281
394715146
166832255
179567164
523439793
489718837
241724040
351982414
43532023
324490856
451272235
16954430
46756867
545031421
435170791
27027093
544672622
284084834
199400127
16821997
15345563
302745757
538012783
15635264
254344008
49240755
507915779
472425656
322378830
297602297
533482638
66297057
45376427
154595272
254287052
479207982
530892737
372114988
254409820
43464027
445285855
15713286
516024427
60746428
461280276
241587636
163935537
21567842
250852478
92354626
65509150
141355729
14748002
519668788
259122579
118180059
516946768
252431613
21000743
435339780
25039196
21105859
212261368
317508621
444069642
27799881
204322919
32583050
254681572
18453782
175596486
21407833
22255757
16654851
481645383
501939972
47564160
468124520
75247878
16426077
370969483
342516597
483322973
471925786
503792483
470845705
17914492
116957262
26932901
258143074
288334953
282754469
21185328
308789303
27660598
18436199
342358355
297447292
222985500
275714700
48124614
206824685
16671886
94709887
480486154
39619182
497014179
95095299
327581419
64009474
251584824
494308818
14372270
106729916
15201891
23383300
24637174
58184502
464413074
439657530
464324136
254836859
457514623
490729231
28796289
224926024
22858466
134761817
88581445
24030219
77329593
366471407
32716311
22984215
409976093
149006864
21892846
16528229
11974322
297565158
387311789
11394562
57405911
11700952
50699175
328143767
18651005
234822746
207808579
16306425
174272266
384031011
13431962
417477411
16356353
285204445
18876259
361049559
167517921
172867574
440533666
438894912
284266512
73651131
342445112
21315320
410249471
423574569
384518572
17222562
349296252
412022175
203006044
39503398
405087133
155033274
399235069
350234114
385188446
400330723
379954624
21722440
183912188
53929374
349502637
25165002
17167419
286850576
21293089
63776138
229875160
253757617
49388157
16439494
68563214
388236187
20783720
345699575
386586812
347537607
21593183
387224608
385964617
17007771
287423640
264142159
386177826
128606584
228223545
257901054
249895366
379978331
384536775
348060527
267446490
19580890
355911954
353138804
369059154
16751180
22517084
381834003
262816788
188741925
379546521
39723581
182538508
26876852
380989232
14764240
18872379
378700410
258894347
249094431
93481383
365708278
27968690
277618028
21862217
688673
36462469
305481114
21665196
376409627
234540216
193533037
375692824
365127641
147381414
338950037
14403554
71415349
373941151
47586577
42419247
195996439
263280570
20810237
174098184
67384405
16244891
45432880
351747357
19938085
242546314
283194614
291903954
338162588
59940057
20606810
22066415
63262233
41159844
110857907
348749662
28313639
22645177
15367337
227864470
351577390
356421370
229267492
203184022
361067061
324330397
22275320
125451356
16174096
14868189
27974777
116986352
15447123
349950774
14095905
349894235
34006491
258089186
255755006
16210522
14246055
38202168
355258307
15663943
20733455
121827883
24198882
329888335
18220818
67730812
14805192
352223275
15710277
16083617
169602766
273981379
31153887
299335096
17587553
221250191
225106180
27156793
27113919
177974542
269035181
102797977
7860902
24703133
203188066
349324070
332474582
6325502
14860828
10287402
201578671
183197395
14128974
10791692
305992431
25733317
338421391
253755480
220712406
282138905
122146853
19774813
104628179
225313528
71125621
82217548
146213365
20944862
312443653
332543323
23839835
116569756
215584201
318732189
163426215
304608086
225561858
42328349
281972160
332649001
104961387
248139463
49129326
240376533
33679091
159375098
310903854
71715641
32671625
24733552
47762195
326938003
19045427
47234626
14957147
103102535
263467773
245700655
282867239
15622072
310431904
19514129
293168371
14445548
320690921
14770470
22321415
178272584
14648779
272550180
12284932
9477512
75207920
14873767
301235616
94126487
26388740
79873154
71563277
209331232
87109069
21980862
260088866
236294970
19462341
169177793
21780888
72921072
98845251
18345963
304708384
185892973
304552536
17968901
21046304
20644568
301112893
179732982
95668275
38692888
241621379
21450142
248335582
16475202
27199621
290900026
97725315
187311982
16691539
74829895
33448885
15816167
245553442
224416499
260997460
17171235
16172769
19803085
17541821
29646997
14078751
219402886
25704351
233905779
26016102
6865052
225609278
241865247
16177660
16223542
256879843
261764363
15358710
268379181
13598222
225048399
243292875
230541075
16081970
24722513
149230663
17171824
274602571
15559808
49162406
276084815
147319960
194093545
276298260
125872386
269447613
234130526
275898490
136425632
26993825
21123997
236571183
228155237
272259367
207589835
242040932
15964580
271712829
16584346
267437103
268849523
15982094
14873618
176955654
16313934
25977114
125908697
122760915
54422326
158981158
243620562
263013676
60032751
235623143
24401535
260938401
19209714
198343064
113796208
10081072
16280093
77026605
166882438
28416886
255917837
137715448
33051095
128763579
14328924
15368940
45895089
135623073
257816033
247377349
29712935
17955324
250214533
48340055
247125962
49771445
16002804
24943077
212401281
250770477
249328023
17985460
63188110
246088673
189529992
15824288
16782082
14437161
44526314
14466538
248980557
57678493
59858425
246506296
247419252
211315162
48177456
17517288
78569026
210147327
120291133
19939931
18549385
49098949
15981904
15216278
95052610
11892522
224610761
190890578
15099539
199403596
28007091
223552786
7889092
229657674
15823582
136019527
47218927
15244760
225656646
19772424
11008182
16170115
11262752
18479820
77062281
69489370
143911812
18464266
121326226
54918323
31583882
122689879
69308289
49524798
160774972
47955725
16538597
49193753
54590055
17911617
18409997
64329005
35298247
213295930
21954690
225080913
17562569
141953732
49673969
116054467
20791161
24293168
14964670
14933806
14275426
220329647
7474152
15902877
217452154
173696575
142782071
18498078
201127939
183001284
26564465
18997933
22687871
14868145
173321836
214044740
211940302
14351053
56174950
30013777
29283673
46653134
135521173
137103331
16021468
144452343
16218776
31127855
22227485
90494265
210584701
166798800
18485281
115036609
41809586
148562717
136338779
21908150
30006334
17008482
122567822
191494581
16132719
24366503
13224472
89560236
165121594
106031654
24370592
31325625
183280893
196233658
159999253
16553897
64632139
136439121
191780283
162432238
201416116
41409505
39616609
43635186
59871997
18862302
35398668
24123028
11148162
17060019
17007981
19077091
24035628
80895456
18028893
94402619
85220439
25309454
37430149
165206820
17294950
25308906
116489809
194495197
84639038
22089737
24953775
18220539
156763824
48079767
176864832
107536234
130545175
162090320
18554595
163920178
160233617
193832861
21590456
93651096
33352787
189976018
193885599
193805852
18379569
167330083
175728420
63149872
175538365
16613134
28618058
191185595
173946731
20264117
91812287
188480611
26527890
20464843
61724680
14885374
165814563
103670498
20473084
26292647
186171513
150090950
3819931
29497818
182124380
64397500
160748415
31013447
175089134
181644816
129757086
19053099
1554591
89566515
119749146
183398927
180982476
153345532
172038262
17251395
164100738
24886033
73050109
100378082
106866253
180753788
17448963
116520387
154165073
122425966
139714247
153561462
18654273
9543092
148009580
15174710
90488798
36783913
109779408
20083720
170021163
16434613
7913622
19460376
91083977
160935756
169092193
22837178
40942546
14786217
40323391
17550928
18499228
171297032
171066439
97421517
170288370
15816582
170549792
52317253
85564029
49615301
16060034
169174864
23277125
22097288
7334402
169809211
33816200
36980848
169180652
161402626
18851248
128419176
135490690
54001505
16425333
115404261
22911213
155327061
35251541
14775654
79356854
117742758
73007812
105159040
6774272
119892601
26787673
102147586
33933259
23315812
12376062
15818978
37977081
19678565
143980750
40069846
131133259
16637457
149493798
19971075
66415520
144957385
17612189
14966658
32843040
17682603
70699031
152364733
35740027
18117833
130762976
15648418
51222134
23873009
80196269
125184430
56788628
140027663
139438067
142743711
27789217
139544210
21426434
46355668
105340098
17367838
81748955
68023261
17989950
19761396
147702461
115698641
122260404
41351252
3847661
18983404
17910286
137815997
87507378
16102182
27122326
15199327
74365468
60468897
67695387
14442889
131777391
143659087
58217258
15010370
100149627
19308529
22053725
102021797
35756437
14069166
8067992
128609329
46969537
21669123
78693274
108213336
137227679
38865415
124802443
127926887
107182070
16386805
66758599
90999557
119750949
65698096
14216661
17035350
135358234
14463924
23368762
18086787
29343995
97746020
7593662
127614917
14294074
15495186
109301148
24379166
44159355
115183599
20624855
132339027
34944210
65017383
41057574
18407451
97480827
16479107
128728499
127144689
131332133
119067251
67711100
124320874
47407065
35013862
21452804
17344177
125445898
39438261
16492540
16837019
53212870
96737922
107106071
22937213
113789487
21707702
23967554
111109720
123688157
33591540
108729223
15672036
15569193
820585
14068794
26301255
113714418
24795477
15754803
21341221
76143381
14851523
18221473
21294436
10355
57013319
7661842
91993964
16795167
20747730
9334532
17604772
16878206
12615912
90998369
28278182
38516217
93004048
29987672
23825051
121860907
107467473
30590886
119250381
120318116
15695365
92546380
106192966
15750214
17836903
18584700
24685791
18868163
91435640
28296712
10626932
15511055
1463111
113708518
45894936
96824659
21717278
113683030
24405200
96922874
21909984
23474111
14062173
46565619
20744571
20344497
23959340
101231938
110522713
32480478
110341606
15978308
17081302
87035478
98252796
34877354
14352235
25289279
63938881
106454006
16469050
50310311
105757519
35637506
47066509
79248527
5489932
18997592
56109967
14365780
47453222
102375152
45959137
41831995
92333382
16918185
46299239
30732357
101906111
17658752
78789634
97483983
27956631
19428892
65758717
53978857
96982249
19785310
5889742
53130511
85271300
17388022
3632161
16997399
75345275
12747612
94440954
64723837
17006036
24903668
95534465
28157916
16967845
68773980
22022793
50901325
80848702
14912789
16403723
20100423
92565336
28132661
13918172
93706471
32181749
19673700
55144744
53810420
50748141
25288967
62518287
89527515
15429807
90903869
15113571
31957766
15275091
14607890
18552000
37370810
15803225
22809627
88577976
19950642
25129903
24304976
24018771
11731592
85455714
16122121
21271747
17014037
41277668
36731269
22080314
16023201
79024458
15784302
24712487
16439332
16123494
41958099
29271512
82364775
24450456
19541626
74724111
20799890
42997067
21356030
35206917
15319846
77484942
22187085
17291519
14527448
76529358
76594470
53939653
75646220
41651187
3497941
67058286
15841655
63727030
16404050
16149944
54383279
14432546
71643170
16678856
15875780
15399492
37256543
60594810
17880985
19362037
15246892
15935927
9026292
45686021
71306483
44188084
70835728
16477100
15694863
16172889
69676771
7809252
17760565
40711129
15554922
40940838
67050139
14630443
19786341
42915601
1191321
15023545
49105834
6092972
60777394
15265641
51228973
10069612
16613290
21112483
17095872
14354985
34448628
16677964
16148151
14593759
7190092
1520501
14216838
16173101
67958212
67727719
21028191
15989685
9910342
14426645
14144520
14757714
65978616
15447275
15483858
65692458
25075261
19400197
14956499
64557109
31010403
64184612
14325361
58146539
8223542
55680213
52393585
48745601
24834277
50705273
22879405
46005812
45923583
45275237
44499925
43537396
19127151
23308654
14345607
19192950
32089399
26526450
16062750
25255815
31130059
30686025
29763600
24856201
15741869
28644355
14111438
16038903
27558166
21401886
15268916
22793818
26536403
15458694
14511951
16006588
20560027
19324404
24542073
24240142
22265371
15757306
20697313
19199193
14838870
13967302
8126522
19576733
19028081
15639642
18688372
11858522
3926081
15615510
1543561
17912846
15347970
14359999
16555828
14634720
16835728
16879782
11701952
16442365
16674443
5741722
15454651
14677913
15727317
16336728
14925739
16288148
16243658
15224134
16172991
16175650
14116873
15972959
1540611
12671692
14904437
15303006
15221115
14616784
7513452
14828342
10296042
14337131
54163
9080
