998891662830133248
737326933420212224
3457113315
775071836459720704
330509973
1004803601993273345
1004380862706790414
851567394078064640
250236479
2459122094
421953461
27098818
260604820
45789265
1364762886
317538553
936610942493843456
22981906
960895706260271104
2345895103
30091122
981874279712198657
4240506557
17911441
63263764
1608260624
75998278
1939009992
111376298
904209168038539264
948687527703179265
978745386616610816
820027394148941826
4596218838
915714764176838657
22080404
2529044971
773574493721812996
831837143718821888
943821117294292993
858664939661275137
887704019296276482
1004416763864350720
803768857932525568
884883523366146048
213551527
55539266
971396319951638534
977944541490655232
262716289
3021758809
862959411962277888
33114359
3003992090
2739800508
972769968721932289
714503328
2530524235
2383967227
994562822515429376
1004125380117192704
1608115447
470171162
247424391
837283383503826944
1001093273610530818
776787558
826090618053083137
874948307428286467
981755967300751360
4749400140
36388601
2551747426
26089729
968135537927303168
20852175
1697581638
21282109
999791494977458176
809870913047035905
14993272
934181338793562112
46476526
103663734
238653458
38870941
998669626975322113
752709590609952768
956248642679164929
1002877186913730561
1213676732
821273502464364544
904174669263028229
2411446790
2532074734
893885442
461013813
2401810669
972905102607609857
1003268067848278016
937639166728331264
2296236926
921140071390162944
714148046
56722736
32927567
2646437478
21345085
463295573
881103304658472960
825857099028713472
960635291726991360
763813572
15819622
832821715105349632
30885541
985125006031097856
973919637887946757
21883255
188195180
3761367917
827275857861304320
224315603
415108913
761149951829241856
945854281265176577
33605130
270734351
102931154
890119581699895297
2485151124
1873489602
828742808047595521
2320472316
346283178
274860023
841403973944922114
788845697999200256
924774604610195456
28405767
1600678208
1000637455622647808
2228153677
238700590
70060696
2334282788
190503976
2381391158
954475780876197889
756279975586607104
771284399967068161
355697024
953613268991578113
18475104
1001529469159567363
820869512845066243
2605879040
700900315399323648
193890022
920845587494223872
2384390521
982658628887949312
978925632825577472
905131239606280192
904318810966040576
47152353
3553356374
194985960
350835343
17146147
3298565449
995409883578142720
998578177332129792
2301628435
845795943479959552
928904048316739584
365181207
994285497542500352
914279468927041539
951687851321774081
977607844873859072
867101724137279488
89544556
2978021635
1921933158
852361639458254848
479122895
17524394
841085279033294851
744076651462529024
36946664
748458950467547136
851438635694030848
2950415852
2903794590
953244492265500677
718048833696047104
4759498754
3396000057
20918916
2895024571
995425651342630913
994357370296913920
133484364
80113567
1223228534
257494199
969468927528103936
4770268701
995835461829648384
2186605771
2569193645
4876296974
808473387530121217
357231739
977376919837691910
430903395
999409450367799296
3479311
893200784
1458493585
980095599474298880
1000040093602734081
997616880537006085
932926310
982721644669145090
311876503
157890191
11375972
1000342484063604736
1694935022
960366665530830848
19461153
843999520266637312
4903046686
863593337005023232
976670801469558784
708780625528905728
3519200173
43538460
158954491
1307626436
3315374040
1000156145175203840
2517967931
204647319
933405661748170754
2922538229
722590718842269696
2844575768
1568807689
180596658
799271866582138880
815449763516661760
4896474971
925342772755800064
2435531126
116601812
791162717931499525
26035278
606103515
972946316560093184
537571327
846481837325213697
828709848049184769
823293022557405184
4294025712
103054234
766741493797093376
866515390913945601
39568359
999729689047560192
998565229373087744
837441068048220160
391103500
3589010426
327000990
977821629844738049
156067291
24381999
922187666916904961
47395667
721303997768839169
31475330
958021438925090817
917400125999259649
999022099229478912
998934634196062208
999661910994903040
999484414299078656
754827018403971077
2991904109
820676504493256705
855420202355367936
999174697249116160
521867745
876507741061136384
1107030476
981555960899604480
920071017011335168
950546198644969472
761435537345486848
780806537644093440
2289906541
996185825942499328
811543456040488960
1070436324
992063249683243010
254082571
951566468189179904
2396667824
862332923998912512
3016599389
1655908398
929073550614519811
171470835
979444529743978497
1575385003
545052459
876911842723024898
549735974
20191480
3435192275
355122375
2609877551
731621335428927489
944598289302859776
473458987
842599601861353472
3078942992
405073835
720323991894798336
48686270
2573716314
988231663032324096
998175059046002688
168396112
2314018987
478157338
366587205
116528412
2796980429
779606186907824128
1478165053
3291778467
373704492
950593608
26067929
796382844163620864
888436045796212736
1277183232
998429996862631936
1182277687
381861747
827199374086148096
15433763
194738972
3129682246
153559258
26979524
77417989
291413403
997517873840041984
939361019297783808
936996212443578369
94410571
704125665881141248
986697931104415744
990326873921150978
3317659546
751488765038845956
832621247154397184
2922253582
2830640170
826159725670707200
3776573592
2987823817
37886783
24300876
877466743186313216
3418695765
461133476
1504850118
988433002760949766
1387996782
900406288055758849
951760158706884608
247050763
992960062103547904
1450167409
829047355433504772
937516584
4101397285
1536200052
822567864259510272
842525052759244800
825091341000572928
965649806428377088
4760843473
704391126346633216
24481969
23174935
713523897216401408
955720591008587776
716470357130018817
727811934477758465
931054608
2831962872
46381358
133884387
343473755
845359091887280131
4896023595
974740778776965120
890297710049361926
40004349
36851923
17679704
37326823
949688568674480128
995284633108426754
995306858930941952
1241224446
995733905985720320
37698070
509543707
117262403
248925191
2841052291
560682638
3300604719
839599581004345344
907670244705136641
1651208408
307410294
814674994378592256
722862884703735808
967504518576574465
823599994099765248
936764913648840704
826910727600345088
818161344239300611
780804581747941376
2192724056
21974005
31579428
29385824
2193443557
3265321562
2881605801
1661464813
3056253303
757949401323233281
934443516998160384
958075113517150208
445533242
761869898222043136
730666776170631169
924640424110764032
909881149815627776
771916297764532224
19788060
898660218736844800
2268067657
240945036
2331011791
943988417670664192
2475599276
2281074463
981657707605147649
854193051740360705
996784829256667138
328301125
832471740500422656
2861226028
594974916
146213826
2383871725
863983953631481858
951538142653403136
2182569964
1279826539
875487271171928064
955910644720635904
2296966237
15604794
539305542
840034120919003136
111101761
188055481
260076606
43131318
2207732670
2309143970
106535498
230924803
822789858099871748
34284291
4866930863
2916001222
846134700494262272
985972898925039618
961113187453165569
988987000173875200
23812651
372536444
996454147707817986
909519301299892225
989650798819889152
449185231
921450232252174337
488799600
996931451407945728
3189001238
26425847
17644302
860469702
948979690265632769
18060687
522719340
995643212181180416
930242617207427072
19234620
705811096947523584
22189929
948192837753036802
207240496
1045255634
917133082557403137
825404143447711744
887570782359965696
936054399436193792
143660061
827947471385014272
979375723097088000
996728046471254016
986898208956743680
340554906
256481089
943254609543524352
2995959152
992885599978885120
941385542255677442
20720529
976109211892379648
65663400
759300305125191681
2894395302
839115141677375491
809926355747905540
2802750308
148974063
729701410103791616
21973900
939121403936120832
983348906644951040
15984495
1720881115
889236688362500096
825010861257355264
721887561786875905
869624781594808320
251337817
1513507448
961411446654431232
982095920
945876215033880576
987325992720125952
837558326883864576
429337612
41609396
1921718784
818239811035263007
951522218873376768
980826251542790144
2869844368
438562429
935281776
995365988563607552
929300455129305088
959905517656248323
228315820
4170914482
188114051
995581115397177344
3017888000
320610489
992895640869912576
590148466
724409162080391168
1666993754
61768531
1267565209
2968223719
994507880043765762
994702457044389890
990626860093661184
960756196457070592
409635943
983483059428261889
839026325968965633
19052298
199333745
276223406
879494100256407552
46013002
167683530
3439221436
785209740
994611636676825091
301370411
714165044
426820935
703281698545364992
915641278884433922
858557084
747592155644977152
229138911
806592926738423809
943976058147229696
828452915224272897
958272721699385344
4063237331
3402288123
234133657
899052404179468288
967554218356805633
1034806092
3364048793
2627229295
1403277871
603408933
878951256
1737509420
2782501668
972601336259842049
1592304991
314594256
760279517340381184
235701871
20643785
798320918372106242
2490839383
907860183505915905
908524667446616064
4847833540
58236248
1411870940
559834781
703330053396918272
4696345832
862135135524630528
991696529718210560
18842500
524307591
715233716696559617
994119732902219776
940264895840444416
966386269843607553
634017287
233040698
959912900893855745
16851877
928752519915941888
1437295284
3063725919
817457292295675908
21840548
1241607842
969104464073318400
233111629
310018863
991459199648501765
528055712
2182208461
3156038109
860501935
993199667147046912
737292332
636436467
288818576
247055208
22990501
823364005997604864
919583421445185537
872994095161016320
22050487
954023369749532672
827928998676164608
870409407309389824
426370950
21027387
929710670194577408
417074396
973888867597258752
743985547488563200
953270490117955584
423171765
713977582425759744
909225106332930048
765734944844808192
857034923164807168
815221899483451392
32917190
949371545264295937
844289280805613572
990369312643969024
545235190
2568796391
165808050
724784652901343236
413722926
986902040075845632
260444335
839133464913936384
991991979436380160
4770600313
365178141
900589437574410240
4253388732
4432304921
991413596197457923
254167216
197448979
1363545236
758918904173309952
992329588826165249
991712329325740032
991852669433270272
740736783126790144
837803294625947649
990834972113108994
2368791522
894004332047339520
2318705855
32338228
898231845925646336
989862815954538497
806525759888171013
403179950
256751883
219293919
962070487579807744
17543130
2522825114
740188212472090628
389562239
78990742
939970357443694592
2943216615
900587053066444800
3102620614
2750489723
830112044074536961
211809624
14763734
620224075
12467862
453076175
840220384544845824
259527297
89403615
3389686012
837496690256969729
990832872687718400
233194503
182508322
2853865474
22304947
754340128047456256
912831533366501376
1050681204
816828027002912768
40028863
50402530
3166653756
2853203038
825109070088699905
2849374593
928203258820251648
904619093919121408
991469791381778432
26590467
36198376
44661077
58348748
64306543
991435246498394112
811311060414332930
182567338
898156365511876608
22962349
32443514
953921493280288770
614441215
2155270238
2912054885
40055995
119399698
866321793627430912
327390380
9322332
44226254
826433405093031937
989056770688548865
48854106
705414595
979049089055805441
477883894
775055342040408064
317378810
954279414774120455
166563759
990724341796098049
16430089
15477074
22648912
1279219274
914240865023008768
1120879074
1513936188
926072912934817792
2869549986
977273504830717953
712352983908950016
17816504
1955107099
286680780
708721205000413188
791454526200885249
912137764006760449
901266002310246400
821810393647611904
2893567210
978787610
1502892860
757724325453631488
1199026117
267406434
890252669121699841
861616584351260677
962849731234942977
938208023914471424
1315355821
865350444960415744
895396619419615233
462179420
1254813637
127254873
220935584
984457534634422273
808009630009982976
1659185610
256126686
236957688
967351419509583872
768116816841285634
705205253751197697
987311714604670976
970416908993486849
906159764576518148
166102830
909695628237717504
2253787890
35862271
778550398093135872
301795932
34472215
974500903221784577
3721796833
75576664
560647751
2981406271
886999759948574720
1606873062
76266943
27154281
735103080
753678088391761920
843495663421865985
2864933051
314834704
989771725465206785
942212808862662656
925186488614002688
923360170171711488
924452603676598272
923013015611387905
903090932760821760
809736612519231488
856993488767827968
777578519077462016
70427005
826233610776805376
133397127
16139304
975669139661574144
44377096
617465225
2725655477
23127479
891367888296321024
969138694308421632
954756362843508736
557239349
26168555
782092560
894900966914269184
2163793387
828299718040178690
1510654326
792448783
711654743425335301
4165651099
2902157714
944892522895089664
832094441796087809
64186111
4697036054
551993269
988257252564963329
944717932306804736
540397628
957990964966117376
841378930732933120
941976920778043392
988164733768318976
987754821167050753
762344038485942273
989227234715107329
735565070407598080
616737225
2606778861
14452251
960568117373165568
965664609758863360
876860248614633473
408055054
46197784
2573729377
15267933
824095117
305433319
1325549496
967468947036626945
4289217222
2581682284
237485961
355070663
360805797
3312958444
3152272854
2501915870
987471030112407553
829977013888782338
2975200167
875311595286654976
988706607709278208
703536063881584640
825123248132104192
2562030497
2361437767
625939904
65468860
15545122
17332898
982159375665004544
309832420
759211266
24448383
1201535478
4475920465
748193244241006594
718636188102475776
492991594
2686408494
1528122962
634249422
820439921152266240
4214751
866456168893485056
17447396
829307115814649856
2818445484
2857355637
791805667405287424
359188534
901309327188910081
796275904158859267
936014780401254400
931219207470985217
3047343780
759851245649539072
1410796794
822672788293095424
799345170
986077412789174272
941843749415526400
747413766
864334721718796288
772414008917884928
792757777
64895755
2181378840
877136547425824769
918629168266579968
1551211375
987440220462346240
731925359965392896
867920480942133248
124267704
830996933833584642
835978597047271424
713407213
1563794083
47526404
964992118509928448
225250426
19514360
951062029
19558732
935817730946613248
832032916523859968
950771043412582400
22532456
3240372202
972550057999421441
987330740793761792
3238093166
985232282477826049
70962235
265718472
712352545117614080
483969319
776049318796996608
978376837079248896
985072153895821312
2356237284
593035187
2152971122
297043996
801549353227841536
984493943411871744
577169990
904838513274888193
967859241473191940
908322111986466816
797980224910688256
258626160
980574706435874817
17506774
983744031409786881
73307291
963184434307616768
981604704126988289
952582090486247424
985475130255081473
64703161
21627049
351346086
2976179048
968139810740297734
2474025102
966390359495356417
941652114450853895
3240235546
187715274
1098212772
773230309420568576
1185197270
911247734933528576
984622781416472577
127363719
921462534447628288
3098633816
1190098639
2953994784
18531373
138409823
95382124
824460816
978684670778003457
778488883
832616065259614209
980454886025216000
752621952322318337
742578779692896258
433697321
578163254
2869179235
881857303305232384
393758431
942261760311967744
902874971399000064
3811496773
841760432478011392
936684271707627520
2802560696
181274720
729679445221515265
344561349
760849363228733441
220133084
375457887
4032474673
894047703935500288
840732960441556993
879942049331519488
896562603001921537
869033169928019968
2912028792
3655891574
899901565359673344
808527181110353921
886330689813184512
745017393118851072
927583429503336448
2289139118
2412580496
268454094
754906581138038784
3149484463
952073255761854464
901730933811814401
935380737750024193
932288855532650496
905837662233255936
3168830445
553159362
265082142
18998409
3255277128
3022263682
4752916632
1139409679
1447864836
1110712596
898926775303938048
826803049356226562
3400224994
985133468492357633
741046814334451712
846831373834948609
925672654182289408
779232288
330301760
24619043
3852381695
829860660460789760
21550789
2319313106
797120727367450624
824748992097615873
190757511
137331263
4839000208
897304031978151938
283543540
186520648
90241792
815349318219505664
983900400142180352
975854488224452613
4141925963
828089316
764122160528969728
1020428491
510924752
1319290879
918802912394039296
524486645
948704628643975180
54841850
2841750680
1428498146
28791568
791441179178971136
973397857633030145
528493000
178435052
967808030648791041
554365375
1102278116
851734370717245441
973944703363305472
3391360361
18857388
942801665828229121
804341910
960892226418159616
394714948
726445094535086084
183036721
2889947481
889047817993539585
959208481902473217
3309852890
40502058
24742395
348530152
894563731711176704
954665455
905233076623724546
41378381
798892913962926082
846136371920224259
757592858341830656
25903902
931935849876541440
4172244322
75949581
818984645563912196
1659290389
67504654
16317987
962424481254912001
823683568115286017
942115462502117376
886296837900161024
823240242857672706
3911707993
786551179505496064
3884988738
741259442918940672
984400605706883072
1488822319
2646560749
560967502
810344402535137280
52280465
369813488
24739823
4259695452
967178755956445185
2196021721
908006943666577409
885205035524775937
511351537
93921930
962922615852724224
536083490
1674018463
762479876431425540
1308152041
1522458356
955781132
3827357159
208710996
823736489544515585
795785677338243072
3745140435
785195513037541377
860138982033707008
949467417003962368
880938689890852869
826166688005627904
865178073603465216
886371706335625216
46831734
408913965
290800279
518896557
713761557042343937
1061699738
25182633
915282966028455936
420784051
27227859
748580825046757376
614464000
818977509983162368
905571888298110977
2385367172
1101947856
234234048
896158368120877056
829914268246093824
2410016034
796110709
515068712
832674511459807235
729724057340514305
863196306138902529
2594130236
1483594597
844949419510288384
941110538490302464
16019039
114764668
27470242
1499530610
743628395523809280
805881349542383616
809124591100723200
48144137
2543676984
71872365
759088783539081216
2639061885
33039375
2230699357
771334508490608640
891151254117863426
203615341
3542240952
813049924485050368
878668602542522368
569496652
728840052
959452283086962690
6879142
938380477823565825
938431210661072900
976469368748978176
821572435
15115280
2983250529
969522563310333952
935183480971022337
971346600470745088
282025105
38978291
827662335368105984
942052787059351555
860206645154111488
897826299636535297
282275320
350285576
963104330801926144
178362634
932640652982091776
924184741787684864
865901444934717440
540819525
755057897583804416
956673725302177792
16619985
861325573276225536
982925077959335936
956544191710015490
2244691130
26601151
717755169337774080
971341988841783297
1696503140
271034174
878650598043856899
963067793544499201
977450273336713216
407465636
816833299310059521
956218930430971911
68584757
20674264
1340310878
338968305
915744787801788416
746282472497778688
961714800760848386
16005814
269574838
966637445625401345
793950044743409665
936072536
952997600
818418566
15215742
50930193
68827789
92381451
939670537504215040
797540017413427200
59513330
951488933069840384
790260823872663552
43987148
877263166425763840
23707400
50878266
1165934089
105761199
759703429
25126079
976973419
139116684
882647281991897088
123050756
316449565
577520062
2913172269
1407879494
151829432
938958169044389889
3135091936
190262890
982462265537519617
976539538003722240
170054288
866339100563046401
28885106
35098906
924087248521269248
80756570
2609617987
978384034752581632
21599766
818943649509609474
3637912419
3302522352
231511946
351709887
251825970
717126479868350466
346402393
862448511962546177
828323539900063744
860574002
978771908861849607
880643575943356416
824298561755959296
3938214077
90724010
3982731201
2242205971
358884728
1260946320
1622853445
1400875652
565968955
706725961409110016
914031841157566469
970724219574259713
2990458997
2967039893
2196252566
939697369934974976
197137148
71259663
927628560717746176
979204422185218049
606907410
2724508139
83484465
262506490
544426518
1382395974
914846216906780675
64145834
29514337
923921421910380544
253378980
80813046
885352268937048066
822817401511301120
949201616313270272
731462322745712641
374684129
832429417456660481
1290142435
4098324561
814470459722989568
3291447454
143566081
29654483
253075860
4881843375
33596934
15317324
19214556
3086876396
759727748
4822955189
817145698428874752
863802393863086082
43472027
916835858426163200
756944743511187456
4301326102
940075794562351104
3310215452
825849207877545984
2875411694
477078600
4694417744
825486311956045824
277721269
832026089480269825
885604602082717697
3375142540
10724692
423893948
4764470904
512589467
213456730
833961893937111041
2784185232
822617608298123265
878424757884071937
243790613
164705232
19844061
1512360512
818112703218778112
230034847
4193147781
256670080
32205586
885589206243827712
3279945986
769598415059681280
2887004465
963415681571094528
254366994
979725158301818880
2358278094
71905307
423549756
4487950754
128149759
864265968142483456
761511752181899264
896772603788054530
1048983758
2548743378
925781029004210177
3097941748
886730561015959553
807592712765456385
831532143989776384
105288782
2967943317
506322755
626652937
195567962
844983089981906945
862330938516221952
2291569962
1556652942
98167464
116207463
965085578076176386
3451986623
821899737163042818
821299605224783872
975875737633853440
932300394117697537
355075278
25403750
242653054
2310546212
245827197
964301826689519616
30908070
712939011
2565580594
743445248693649409
192375881
3354119805
3905890818
16392208
208028445
774580950
50069799
736821346831863810
16226417
2788972943
1617079710
824275547433869313
629414388
824780746124513280
784738199608242176
398980222
21495530
851371967055892480
50397179
965151277666549760
3260499620
930885876
764845246240948226
3061715160
28511787
935908541881290752
19485693
557652049
887624563307274242
3017732286
858108552350773248
922636956609269760
980793374063067136
843867077597417472
776244109505945600
247034921
734048236500045826
979833722517286914
969989423554179072
955410216639582208
819294551743623168
809819942279221248
1301910416
858846275831312384
28343682
25926296
978403391423614976
630513995
831770889037426689
28633302
962139847598268416
962779602681761792
15469000
3030452571
933873291051245568
844599822543982594
935708525535170566
54286790
843443562
977636754898472962
978403126817542146
279337502
258987795
949527312625790976
828736155650813957
817418253018529793
26350255
2299587481
3208495775
749585036110798852
4810792880
705856236349235205
16771060
16323682
3719218823
912114209089114112
15463315
231084608
812726702535311360
153951045
533347011
824501132793880576
944221632981295104
918412000237162496
932638750097670144
47730523
60578303
941796606512386048
119576067
88211300
961072827033145344
2279019624
932300402695041024
4064208857
820455737277038592
2448533904
14443412
857277557804236800
515767837
918597503611744258
3009929305
974482086290583552
1954619760
476276253
911449509477126145
15573838
269347200
17050887
858710738944348160
2675241528
134604426
489975747
1692878329
3826414281
604039069
995945779
864637192274038785
427452283
4094816567
3077615801
29753067
333769373
233267713
3367431651
121624263
878184607283269633
4071696148
386988405
915983992133967872
3106693805
1737563910
226303657
22656913
704990349891133440
974416693966622721
2605772732
907550531153022976
2247424050
868871804831531008
889862775115272192
370352647
808430604001964032
872958773224235009
905235524
3301029806
824457525948919808
41053534
965256829507907584
2813719364
961376632681381888
862889839997440000
4151175795
892164707871846405
1561024381
756177075573133312
807230151402655746
382710684
828116676986052608
755946251309424640
825520809678548994
111039232
835024494678900736
720300126892261378
18007580
1963649881
823017609922826240
365779542
58247771
881336677138128897
4765616508
784221950000308225
376324443
717796191384182784
935290880650440704
901676316663132160
759023298621628416
891752073141903360
16843325
1912297520
906843627338510336
824901212667392001
974314612702105602
2948894769
1242307801
961370881166594048
213819043
1344450697
20374432
856166926468251648
603835660
966430239541796865
911975688126599168
36732435
62157738
890825837641175040
801362946
22430705
758716568851230721
24057071
401047183
792821519365840896
830500196329062402
3464445799
874770302525292544
477451310
3091609531
2747470643
1493800418
838505876390563842
3380797665
64598597
816381419454808064
48508105
919468352665456640
1636296223
261038700
2493383593
431153852
878697405289562113
921194822517608449
729390006297448448
3265745797
466953226
2291682019
822551270519095297
714720425801084930
797250295122235393
934677365019492352
822929171336798209
2529236736
3239443772
3243189006
2896094106
819014342070779905
1703870515
1834645674
741982399
351153307
945675261235879938
3220393969
34369246
784161008428482561
958154563181338625
67548758
29457839
3355759504
2328076812
314082523
390688394
550528102
232211133
950082486343696385
2818102352
19186057
943270317618860037
1394909232
958492561
196985412
974001074
701016532969721856
3405259520
46909096
22001633
912304028385779712
966395575355822080
39296373
735305566541783040
3535835608
3402191561
3000989895
2427951626
3074883245
727658300217511936
16409230
48761924
488202745
35295211
2886534814
507286046
16670959
3890455648
588812638
479070933
740988827955830784
22824632
954257879317602304
36124460
973957765818388481
93002514
763099228759547904
978316708560687105
3130567797
931879060975824898
702025644
2708033720
238831485
951933482942455813
843828814245445632
830946630819991552
4894047674
2770302585
1678941206
978330670974959617
949525446252777472
978291119246192641
954417156082593797
4531076896
977960180343365638
3317285634
874582813844021249
540472551
407362710
593229210
58569413
937134535627612160
472667916
836280381175443457
2312633617
841435155755651072
729468011652874240
972108850382983169
2736260736
2247346146
4812544476
817926907253706752
490895406
52704889
160650482
4114240288
925314326193418240
836411466601332736
83659623
976178161229729792
3778408517
27454484
452099190
964985510
796411715638304768
3317594541
494164992
821235792559427584
854511922305159168
715619692530929664
966397306412048385
814876509651537920
1831091389
930375495476269062
4408537456
2869858477
869295699468398593
785303121165594624
366498596
2613143381
705776709681991681
3277678308
420630663
598830024
1939497072
182047323
443355082
320947569
973479352301117441
877173392402653186
532484914
782900556
965408766463299585
940713412669124609
118306776
3038037069
818956561863348225
1682769048
964674908721762306
935637335990992896
2245210383
802083867905720320
378922278
717759586363699200
2385468812
975649898380001281
973192400511397888
973539912321589248
24731966
2870948052
3406259265
4721086275
965347428919533568
904165445254696964
23853692
110568424
711031364
905227595557609473
913864431045455873
225048854
4538211017
3105474390
734930461
843038426660265985
708903163
824762622524391424
732981985854038016
971484554321154054
902601973
1097619788
623258822
776903357390688257
827897801854042113
804726726379114497
137286931
290458924
766719206247108608
77329593
928076478461263874
261579469
2614416259
133748389
755509064935743488
180715765
349496228
731892427015880704
14805688
3313125333
883590418700554241
877951114708234241
722987457101197313
425793028
16911203
949524703491784704
961600414616576002
294790265
796164577184673794
948501084171055104
832118548319367169
124460153
2706671960
37428663
853331180799897602
357681458
179732982
234922734
80412789
839072022
192303848
2901789004
781910030484463616
785282611891564545
24241520
224408198
788424021058740228
796453436908650496
2949483123
970258491452678144
780155430412574720
1600737972
149372504
893900539083313152
860249422403428352
2394482912
971711700306202624
149797759
45864195
3347606902
963241381811585026
2552925459
1439916415
965643815758557187
14421973
844792538
960576840988577794
3519434294
973674286673268736
2730197417
2899811081
1250335020
3224481225
25092047
2843551842
1391015396
783289079601491970
400128084
435422713
348266836
1951728966
951965724268023808
888473738974552064
818162497265930241
865365986119008257
833015327059505152
329118547
965303756064632832
788417346092183552
959076893705334785
968683092767662081
372050829
806794262004150273
1301480125
842529316416229377
217506104
955944262901919744
916789129479966720
934612765377024001
348059478
944537882672246785
707628064734388224
959841065607057408
4755225076
954213577677668352
1158269520
927677682149498881
780722634
813989351122079744
759749160862187520
2844364176
19865053
1361145529
21315430
967143467867656193
23825103
160850438
844204244
23989387
235849325
827011405165559808
962140127500947456
3062262691
868727694946484224
25995579
847499706536153088
3947025803
766379764722593796
3895017256
214928791
822213976796733442
796883398249906176
216324078
787177880212086784
904963939292901376
957777420832165888
972947447248048128
966438436646375425
830127833737371648
757755996337016832
801465023360954369
767484720724647936
890216312840081413
350338954
3196365911
901617491520086016
958737752853569536
972559496353583105
2363263958
939349990433890304
146230202
74288159
807288448117800962
231518332
2848802507
212094971
2427458334
4209321372
892253960786006016
944743826140344321
2827770165
783470735960313856
846163155986341888
784517343003152384
952271393646931970
1908729996
948712054977974273
779410011562713088
898283712550498304
2372453778
87445520
2978163619
16457261
821192116739198977
2600546179
897922212862320640
265608117
4065823102
953475730213625861
2953583434
920550413367234561
3222082703
352619090
3807031032
742695104
971492552988876801
131906436
4821952474
190149987
4163728040
108114641
900619312909631489
170840293
893127321158389761
2262298642
743927590642192389
3231384780
970992434900500480
898728121171456001
862474644196016129
238131926
951914181036593152
265449792
969875043764310016
865542643970850816
875740024117112835
914407698413662208
733763367236702208
2367796346
3333487154
575765045
22647819
900981244313321472
4753785374
875288095377281026
153320881
237768009
909645909473898497
959243834893979649
970379047518851074
879246860577378304
815161758042050560
333736030
780423660893007872
2981499055
882664969145372672
919828853668814848
2164284266
710902924885549057
1308934165
1286807988
531656845
921519630702862337
822462171779137536
796814501794508800
926249466360942592
909983289317797890
823172294851883008
936815175541276672
956320633939546112
850699730346573825
914868617346416640
928099522777100289
599691209
349325829
346922993
2449559526
917006397501517824
955825361484439552
177808135
968956950489845760
104943342
887140627275816962
19228997
2911734357
28442341
818170988592439296
921541188959854593
922085548545794048
773607351798603776
938301480
2419809048
938210667848486912
3575974514
737409493382795266
918959798569152513
874106117886005249
974536190
789317303263375360
967448700875431936
28981768
35337242
815069060652302336
886037059244371968
1087893799
3334007140
922582303624249344
16387053
922582209759821824
810926087345672192
789404739595218944
790279490572210176
483330559
3015866232
789480115952463872
790252189784477696
789360201354743808
3910760593
2881552575
3102217718
1696420021
822893322414923776
969547046968586243
910473570584875008
166751745
815929649746284544
968771254969880576
773175534150877184
118862006
770907611487211520
921514481854926851
20351331
271959148
2730311658
4878610324
890959578460041220
2515579140
2214070558
968774188310790145
752957209265311744
953037448279412741
474351727
602476611
3050490676
2572956582
729797054017503233
787695032908193798
927249006950080512
802873714962415618
960918366746705920
3339078023
968782093781225472
880801149716246528
961173148451385344
761582548740894724
919285885375537152
860189500731011073
269798459
792223519
2927825419
908483601464995840
37270422
76501911
17343701
936159237696249856
845392971381927936
1320224048
1575281532
26059912
2718639183
1349535121
807824724185194496
716402644038717441
1952629212
842115982483152902
855567777268027393
777968432893530112
95483720
938075469437575168
24734287
100150576
2443763444
466952405
2319270278
89758879
779230255500361728
457792892
967781434961391616
967181517964406785
769603497444708352
238071433
18676119
1154254770
900241357
734859497265500160
129009523
796377910307328001
970928336
17427513
34383891
3513956295
156765413
287681637
947596151032705025
2370627199
4032464440
927116432684355586
944458637560483840
1023804007
213165537
721461698432016384
952769188082274305
956940216518037505
922946836708691968
841133482206232576
177539940
1270366926
709618484934742017
167777293
3419894505
967413842962731008
813376944385335297
950344189710970880
820098415
262307503
870523484308357120
48954042
415979512
821905718
38446940
888091668288876544
264029329
2738419093
3535024277
825906584366804998
1445211258
347871946
713400830351785984
1656597842
70555033
38076044
2211356904
65114690
2707342897
24192955
22995308
911122939638046722
93462621
900038696438611968
271075882
167133926
957175314442055680
788807066
2464681317
797701788300288000
802263722
1262776610
1448070584
69183177
879414690060939265
908481907528228865
321777232
940783113734680576
846410393698238464
898531364798160900
1928580002
33018749
200980447
3189202877
589449135
935137476276039680
2850770467
3018109789
828400393705058306
891719336892653568
917081557835374593
2839069043
903560554811465728
169670184
41139274
954637854717693952
12616642
958481258430058497
266420236
1656778338
36889519
390610186
948185322730467328
4023161837
1933042237
870217307322241024
581789077
102955736
713015737
305253995
371411115
940291564848533506
4444163314
3187848737
960963743516475392
465828584
332792979
2669030783
893827073151815680
16910349
272175633
70499835
921678229320208384
854784456
267401621
1462621951
965664989221670912
944169169691529216
1040771412
2223753794
22853211
911958282251599872
2193255206
916395979678433280
957017293531336706
949957693355253762
2374762290
21689327
811740484167233537
62439819
3355879186
1924071992
1355983182
798782417930592256
255377127
719598444835446784
884913549369372674
935545676355776514
321774180
905111560770768896
1024541209
1342889220
777616574203170817
752686172430794752
705915448
964236800700092416
30220087
928269303761158145
2955390196
1828096890
86303553
736711599340150784
851711263
4928176408
301345428
27518532
74127175
883419560241762306
3007804794
757052810
414634176
325289844
883268650127458305
2409225715
376815107
956435394748387328
3265994764
876614331651248129
781289533539282944
1173602827
885695648091262976
1945612596
926289753355575296
229565947
52407037
2751623997
488948336
67416437
440688620
2791451110
759570314879655936
127624661
2897773175
711699488
827682668582023169
733583880
109953247
4822666835
889714183763251200
1960789190
2467161636
229419595
831227764837527552
2906602971
221882143
435564722
768693042878541824
903342895259942917
153966123
320397702
3006637822
2995580725
796303822104559616
78037507
375290737
239975482
52985198
2592941829
2916054140
606233935
2336559719
1326090685
949757739051442176
88165915
245827856
1431697255
91942071
926839528513527809
825147673846104064
132204038
728344211729186816
824814794574331904
514465124
950168599137677313
1051451371
3254110226
823231874654879744
846449379817000960
780574316001832960
361902109
54631859
104490925
961414951184158721
907824941281804288
799942679933153280
925212548487454720
945560137317564416
113479493
26034234
942754965528895488
888437685609787392
3057528309
3266526451
943080751440023552
1020532170
3590421133
767310006
455172741
727314453486788610
65721205
780572766709821443
2820857447
16225955
328885893
32311804
941508026384523264
3346653101
1275488107
880959941217050624
4026644393
926653306717446145
825103333660598273
3312019520
228144288
815708250217840640
754947881040285697
1320601364
957315400521396224
4837638978
713508245185372160
897208996121255936
84704680
945788792249581569
1570426920
883297123822862336
949455031790653440
959592312333533184
961699395573092352
135955994
798274805153890308
21273166
848177018684538880
284768389
941796890106003456
736789224720998401
1301518362
2707537280
3897964399
3079189637
1311960842
57258444
18992348
4326847217
1553307865
855220640390840320
940265913634267137
379676132
820455366227935232
36430338
824395857625808896
934454426701647872
1924892180
842802644
1120186334
914222356347813888
452836157
39294154
835268468693843968
829017079214960640
813714686441046016
2796903343
813889887678189568
930269690001346560
23094875
932085767131758592
951312118535553024
960942812660359168
3225469931
836700491065126913
901538246412439553
2396424968
952677456120631298
17726822
832309574996721666
2280786193
573173793
2495685143
852679376630153216
958072897477758977
2478705061
2461070703
907404836135731200
796427487471403010
408996541
217252833
96856149
867157331494268929
739882081
2835038712
2460216512
789968831917780992
749453052
2932942216
995761638
812328825329778692
48417747
2869618630
431654387
1347965988
1638517201
113099633
349372439
3718241952
23639716
32969704
4451570595
825721981161046016
960150912932048900
959687590554161152
954137163251273728
551469369
612931307
827237152836685826
861927176
4809408511
79784897
825160077682364416
51259456
2620109005
35591912
760658968943464448
850330743473455104
829702207255805953
162887438
868220908116348928
103106691
951500273150722048
804085035125116928
2191568058
4722204972
959410007153426432
3312833628
753276132846346240
241979376
779721208946368516
469517768
2381232182
704810329826394112
889676189555499009
151273343
884111159552598017
958940753253814272
4817415329
2982800080
889585550717538310
708716276458323968
2375714753
855597486496337920
937504012311695360
859317787067506688
711300757463638017
958872532387479552
145967482
1663027820
27210124
2999563330
362306058
235884580
372531314
487794619
3222323921
798584527497166848
958445401073438722
3072494595
792858184360792064
1433645180
89643591
2984872862
906181962607583232
844890708
942302055254908929
315704076
26058634
568372043
836339038651043840
913335907
927264868960555009
2992360317
884406720088465409
115398326
314041021
412901104
2862508295
2710694145
70554058
335122812
951835094251114503
838361601128480769
234939712
2297275574
2492027549
111393444
2579602903
885866562057625603
57531157
186198229
456498614
441794621
921192074262798336
3323130945
15741883
72265652
814302058786361344
833811314891821057
38994994
872641496935223296
483329307
819747611242590209
23304729
3346701538
19827221
26214873
111949430
396240048
745026651726151681
2266237147
83236323
955662547213955072
3343598465
956690595086348290
580312540
119074207
919113378987171841
892774529856045056
122166624
22075159
2828696488
2264890992
954243418103992321
14062467
339285243
40411640
139868907
3291800140
3855729917
875829222543151105
841480037517910022
20352497
921274989487312897
2717106752
762484767275089920
156571820
303444634
860261165703852034
818569398726328322
811578338120712192
2169858927
820073677177966592
33383017
936236963698442241
2665149903
743211191787368448
589177606
949563176772710400
792442371963293697
18087450
954069453133762560
867696690064740353
778918255872311296
318030005
710054215046062080
386769580
37914958
2957033739
2293759616
53940708
885811803133030400
475318255
3321869212
948205649774522368
872279835732836352
735135856923574272
810178352871047168
837676423355727872
954584685497241600
2729356531
954838630840725504
870102551538028544
954389378880757762
4743459496
2730759696
543189670
784410314
761956660810219520
2904938965
3637793837
882242951459610624
3390443452
954252552186478592
885312379768229888
459562472
270213356
3343454290
951527482343198720
441154386
24382412
879310598013468673
3167770303
384189745
823866286753148928
455394628
831981042395406338
818141544649814020
569444761
814887251909967873
452380849
822443615008018433
789282606370156544
827661903019307009
20796730
953201388850503680
101938339
1307295806
16284705
828302764371542016
2878934316
902563545497313280
3300330943
829979854087057408
819918211730837504
3186208459
931771679843352576
808584276602212352
2705845232
809579732576546819
405902035
3013380548
908029258936627200
897264123964268544
889833168743878656
2998248416
3229449838
2741752771
116286391
840346072413286401
284241195
3353330837
100875458
3334843313
946809125723394049
910737810394537984
2316162800
383987144
71625544
945967772458201089
826982179204915200
3064819461
2999667652
139956991
872410122
880307800609632256
758445783855267840
3379964361
906452339812429824
3352466116
187147866
3385273307
345945722
14481746
949798712959750144
926212981771374592
3304338706
37861222
775122469996888065
3234134552
759796074
946016412589592576
951814512226615296
380601313
900920577728196608
808635647783239680
924972179816665089
437675147
4864413291
2701125511
408688989
502765448
4915855747
950313981960425473
2497209325
89495154
31548286
2482879976
3384369003
722156343851790336
834529854339088390
942721721588731906
573023783
935183739860209664
833222484333838337
949353660684881921
714893775210872832
950372251005804544
330852959
1130738676
948141631198453760
89263700
897598707922857985
16600574
888042526967566337
846934487355273216
2998864022
929402719856660480
16185979
949716595114430465
886032877011558400
815011123502153729
750505052226220033
771701183346008064
771717031754334208
771741422034817024
17551703
704663109819109376
1317081349
50260906
873919239857557504
1043411090
938022682121076737
4394388993
781026258012475392
948882699304960000
931163690
586645681
16473793
793902637733146624
946949246913310720
795538097119305728
938376699867168768
624716034
2451795397
35288073
929702877450375168
2956132458
850955642592309248
483116934
2541413052
3147834467
290980590
747130819270086656
710180304023990272
467727548
923893094810079232
868130508
943767591507648513
946477260357406720
309891577
722817294632677376
839517276420390913
943886836702892032
1969346438
890437578
23651898
23098409
17172091
2232063625
1952510090
819778067002314755
597647959
3429990183
941457266376630272
115164134
20305787
4396302748
111708525
1157347664
2891343426
1194342613
938773096366002176
808644371235164160
943768180601868290
114733616
801100959652970496
883214165820792832
40067927
23255247
53430736
746550940715515905
3382567035
479638502
1711380560
837397667089121280
527693261
942124855704604672
881174262983254016
842763645855645696
486888055
920956400
41990462
723526216133828608
838667162092883968
854460481523904512
716267911762063360
765947457377300481
73052369
270330129
829520965902163969
2615534224
880610642381737988
935304909662154752
4739614948
266724618
78261114
295285502
2796334270
758368558783074307
932362455149408257
835215973447839750
1523776364
27215926
868523653897625600
2532127677
346015198
919821357940203520
273928567
4880348219
123926189
39563493
750454218494873601
116116117
820887194369802240
7879202
719730722509074436
171039387
758597687860076544
935168013703307265
3043641436
889902907671420928
3938173949
911599119315226631
3234099793
836407832358572033
426471079
915364193964101632
71475684
1610113303
938131227449708545
426947054
3804200413
85881268
820174013867720704
911631304097243137
938867161271013379
1282291722
939162988984045568
938648279839137792
919808303227576321
362035439
770759270
940809346329595904
895932051928621058
2471632388
882084260412362752
2818242018
980464164
3278073097
732134468866183168
3165288974
187221803
17717593
2556793152
939180370297344005
939942210551808001
97049714
928987364659167234
3259334892
919912760762347520
1160336713
798258761588768769
1381088924
843478983987675136
909693094660108289
793762058017923076
403747073
260236227
913989447510892544
847627361566695424
377601385
798182763631251456
809942880655699968
459269265
4807925667
1340509364
3949739120
423035210
936548640008663041
263172459
2855553641
110905145
563132223
215429579
760115839
1592600790
823089377874087937
418390111
442366289
165899886
24733117
844695996428959744
936087035865124864
910249051177852929
883531952921255938
39086083
313269222
1393486296
52200411
3349925638
188525525
763472582171561984
588182032
936554660126707715
143159404
69710215
934447884375863297
925616359828058114
27032207
914962820378300416
14822204
1915887320
759511561648140288
914944539894407168
2363126492
32676418
712755744
926863126317948933
2196013858
992081976
157920406
841437440497729536
4813822574
43784863
1588247918
2712875472
233127875
930572368333873152
4239705856
16596200
17944711
1446853159
264461851
934782477272481794
16067908
782652285595770880
296419561
881821981397704704
15159040
778525781177819140
2806413827
594608602
405213771
916068365357113345
934852385456844800
877702138905976832
14611061
34858992
15102679
352368399
928267331385430016
32206125
702291860874665984
815277357871165440
934490423761960961
403942389
543780273
4431639255
727595749844910080
43600111
1928261256
25606671
28341156
2547255943
2266809733
338007458
873191426573651969
857457629592989697
2161953938
817068474384138240
832284362309644288
3241863458
2666246233
2828809100
831111050632232960
320391625
931955442246234113
930641243805224960
3091373190
256628571
709076044343541761
1226689524
353672532
925445972829835264
931870231303159808
116335642
738120333065125888
2724162186
1852565407
37599351
830008406
927193476839690240
126088297
896044435041136644
2986747256
2412741120
796245613058756608
829014867503878145
846392998103437312
15212700
5514192
929845362197778433
852811035132141569
852558139337592832
1566412309
930828031333150721
929817782576848896
10539192
580224794
17466140
3003902649
525595860
24229651
35719981
900812506222010368
845465022046232576
133823609
189184021
720396788952223744
51143940
1400519414
3826628303
926438028725440513
913530782
902660464298954753
807826808309620736
880497185162502144
1613838523
788836025938374656
2418399300
843988966533709824
2921295097
825846669010931712
926941079714320384
36241120
1448965466
280443073
929803502393741314
927854826637099008
3148642191
3010704545
110685096
708270762
2866385391
218396108
44439862
867634876899393537
784771562595573760
830885722512973824
86602719
271280311
892432794462412800
2298670532
929306045436121088
2916261331
928639720153759744
374888305
928970990176096256
20304306
2763949273
2775902326
928387464493924352
719500428623392768
4775871315
4126632556
515309487
464989762
894988841374842880
4828552351
823450034901549056
927985722992283649
156008095
886750998693335040
860305876892221442
3252726164
2985031664
1421340528
927290860873625601
258127708
117916155
270921976
2889619032
927978155628953600
358464377
4568039595
2800321969
895956018114330624
22018221
896158685533220864
912182430618017792
871009217032970240
2785684356
828727742497697792
887319779488518144
274295451
799775658058596352
4821253223
819298927660908548
837747719414374402
126528164
28005774
54938044
3381348928
819563750357233664
15554072
922815701441810432
19246775
878693823144001536
24782760
599745022
51944245
2159806743
4868688743
852287863244935168
926941277819756544
2832475948
824281921714851840
788694140938702853
306001514
16688619
906553994830589952
213831700
16463824
925737167309197313
4055439989
3188049300
316557414
1643909461
3316813258
23402755
914903615181086720
4631626587
3043410490
1248759402
881636389552631808
788608403455217665
29104019
829850063308472321
883003734099345408
61561312
192220938
2705805788
918507758974103552
4551087073
2711039001
323992194
2563676017
54872881
2897593697
728398652696371200
722994846365978625
4399155569
117724987
557515796
795413829672960000
875977668101111808
912633193534287874
799321819165691904
912360421360914432
909479237161234432
823541990772133889
924282726995329024
822124776026214400
705299120
877254240833425408
3340073541
3570692896
2701987350
2238084336
188825616
20414217
3441024682
880898510471675904
918759694466015232
1194174638
1682455776
779979960220016641
34850663
172359524
718574145349488641
873535741963448320
91673645
776391050395054080
879886416335052802
4803145222
890967613781807104
4675242680
874085323793453056
904007376369573890
920034964053352448
216798672
757118699212009472
34664792
824167561
393217064
2336371713
912288913389002752
3316330337
921746651160571904
2882200709
2229994082
744678804308762624
298924537
909557277417443328
886564408666836997
524024759
426578718
921103205676830721
715936819368448000
842955064755077120
824400030970761216
366163310
3076690570
4894280741
810639135694356480
4376835677
773274443879677953
2185461735
827862137389277185
2280627346
618227198
52439599
192010452
917966752746819585
2521571522
52475305
3308473913
758772487060676608
2294939966
4910320040
469310132
35772283
52526819
895283307805650944
832025422774804481
205912658
4206011292
919667032253181953
919926211576565760
1525235486
112685081
785603612462292993
816406404684652544
368660828
150546196
308389049
882413419529482241
826074065307832321
31415680
2189125921
4490534239
267234551
919921806345154560
2413933369
847218934449344512
60644777
4276486878
3455796672
277229509
828816321307570177
21415395
892351110622703616
2567268222
861324932801740801
827333887
17411581
865754531610509312
336176278
881711874827595777
888030081343340544
48497926
4827426411
776030176052252673
906315371195514880
900719828935245825
3891538401
26484471
907355141770280960
886515700231159808
904369005313622016
2724112256
512401693
917894935264800768
870392513458315265
232650394
345714138
918141308753072128
1083533310
1265401644
529735441
765618069062422528
879198449933180928
916331916722429952
914841718146596864
2991948728
1900159939
2568345620
919843969
2406382711
856214066850807808
3399730485
780955609394884608
23746411
732611818951151616
778411731433426944
916679171937570816
128763579
212344773
906806227
829068804483272705
912864259259777025
841413794429460480
827302314402836480
3045106796
53720945
18698555
802649176299466752
838351435595149312
862324808939339777
909858729943863296
2316584896
2497878354
818221974270935040
916243525821452288
447457752
2269791636
3153122011
912289721434419201
915691421776044032
788089375754162176
704122031932108803
1904741767
2496335227
1347947466
910129598138126336
154311445
128850154
2862849487
730890271441993732
914276256048234496
757289622544130048
866484099330039809
76368990
779577400820629504
850769011113680904
901521022486269956
805265448
914203916702814211
774724100879179776
4747106355
464312468
18844876
913597681108320256
715286900530089985
3060750313
745021615663104000
4610618369
759055203509207041
728198671427325952
22299568
343283519
3110820683
2186612281
2262723403
2779759978
835934873542078466
22836408
719623202847268864
23756525
334875586
30943920
249430624
3308451899
829821225807421440
1092188078
2984781465
396074579
4519689507
889497975118057473
911340382817886208
283721629
76639716
240005520
825518870421180416
136986438
911321255269171200
112532110
784221115967299585
2918161040
191165578
18112970
1117319778
3236802742
907426386159292417
125232619
3038919416
876022915766132737
905047304012517376
172703987
1302428840
18398582
900929572430008322
2434990597
880519540874063872
784525936498708480
1126976456
724360478185549824
20606673
832377671300558848
24636676
36986138
18782063
405022806
838919053888602116
162118905
845962884
632157129
904815917846102017
51988933
241003848
240605129
890255306516836352
733998059214884864
2202041324
908658307824459777
1566794659
726110544336437248
751377118773248000
909265057
905845901490626560
743856512
4167726923
740814321375186945
22607674
153389491
1522952977
108552921
16440797
710997655812501504
802184729235554304
2745877572
906436517471670277
27455517
433621818
2765017849
997682274
1612067526
64952882
2979796681
906399109107605504
137705079
1517140274
3314634431
3611013914
811948965730156544
60924007
328509900
1969630836
901999569474596864
903423906043662336
779132235266060289
904840273636847616
810514481898029056
777622849355911168
449600949
714579210870853632
713685910
2631174519
843595546073976833
89461974
334937812
836679129932120065
899428258755883009
892560184165376000
424711422
2392197152
113949650
886658505113034752
765206378063466497
823238778160455680
809299807303073793
744220179513643008
897736797178007553
753000771017474048
1246083325
1611880243
856204106855305216
37976580
896786267194757121
2510833916
51518802
2398056684
408014632
707209121855086593
276452562
951119568
18228508
280888513
895603311314915328
838770548830265345
742516593242955776
2869056617
1137854900
36612489
807500970817155072
3172987071
900406892379463680
760858183048892416
438828609
3765479422
1939065583
2872130541
823729085318885376
57341314
883343115603644416
465781959
17490707
2712230081
794693881
894302667123634177
205527442
836481276454535168
231053234
618059366
56819607
21810232
890305687238172673
319777415
789911135462027265
3207933904
21641427
2897385435
1483961083
761257479737077760
841498206261338112
3350784760
2325157994
125752774
518744364
4084384612
886635427137847296
751946728220323840
780825261377921024
222998015
834133222195879937
726161607034818560
2897970594
827323185058033665
187111762
899740719526461440
288639177
710459840943005697
745506598831853569
2669598013
2319201307
178778119
807989942
814115927214223360
2218371601
2228527951
2610504775
44952306
508006873
897709145398366208
437635823
2448410923
2996866685
884228262582394880
880875833614880768
898984009262301187
2703435157
2459280927
14098909
2179573412
706884497
25357237
836234413
894923723790221312
897079768444809217
594692943
389538843
23751392
1421525863
893943419822891008
708504104
4050146000
295597763
895765975248850944
732515283902943232
1660908410
877110889253666817
751830934442377216
3087319463
3158204060
16173297
39559012
108838948
251131699
749262760471457792
827401622640693248
703038389726146562
1969302535
823058489757102080
146160591
112244680
104016988
895966329731260416
892537126105092096
2935901544
2727020089
260153190
840241124530933762
841483149414555648
867186567835561984
792266816
971244024
782966269431648256
19570960
29275869
778692024392298496
816036458335236096
4829612104
3384903430
81998556
43112319
894503562381864961
84685398
775710199
970921459
628638010
839413437658705920
89857981
22187479
340312368
476309296
3313561073
2886226879
4428028726
14243802
4758209833
223358279
372364542
16497828
781516450460827649
42008257
28801431
162452290
23132135
886244042161483776
362516994
826341580063723521
61149653
2996298868
4882743003
4235379015
786938177600778240
112703910
139960419
377281712
890678700139794433
20529532
864039141700403200
378206995
1654190256
14545448
3303934636
876062215073300480
844228599620272130
843556423548067840
3337329435
2766768008
26642035
873092184269967363
714294302621376513
3329031779
881809946169425920
888200812878372864
564138146
713721447382917121
2834544875
747014044154998784
880741073924091904
905530314
21577728
595359888
785913802755743744
21858281
181105368
843672246
821420676766662656
16711026
880945273924661248
74500266
257097574
27658891
880977895161724928
719219902301794304
3783306916
39845278
879015304969506816
478123361
4074067235
18746811
1963850396
854716234742550528
37376499
15656663
829390100639387648
340343999
883322402813259779
20868283
400140922
867436988118564864
884778263926767617
23483816
23979005
872978613691273217
858506685136084992
4751882834
3222852319
564000560
76113505
3327848321
833663976055721984
101534166
36063560
713851058053775360
799748204963065856
880157940182855680
285807349
851927406197788673
2771371371
800676862099755009
624240902
2714578697
325651341
2175679238
900734316
880625264996253696
854022751434096641
828417234267615232
861465862859042816
451060512
133938408
761573034259996677
238000010
1114921440
34247411
2419058557
2243333192
484352039
2504621990
849794768653516800
879802152117428224
36032320
63456806
2528491601
19642069
280299565
50332490
4924200609
4649286132
816098525364633600
34155255
339733481
2264879042
614893847
463294936
2875686821
3556252573
4243697931
1245140906
10362072
264406011
11104872
3161582768
2411504731
1394743334
875001253801099267
877304891676528640
627627518
820620367148580864
845833560611340293
739126947247206401
762984114693758976
876517956531912706
1082185315
857743249552834560
46403004
872015734876057600
2669024060
48034259
834544500395667458
132339474
20915990
4507630633
30911600
831481628
862722007888277505
19802846
867841465388605441
261773299
2842844908
874239843768729600
879161563
2929771576
26789962
874126536630259712
875052006649540608
383269821
873105813702717442
2869797558
2848167625
61430625
981858932
15210670
19334486
27279989
872516649152389120
49068640
854741375866347521
802256554594603009
747540384251682820
3092194948
872189535827918848
1640929196
868538464429592576
25203361
827504063143084032
870531586097377280
817863028175675392
868866685817819136
244328801
93292166
147975390
50327102
869474513880141824
870135120950439936
3868720272
64409863
866653522259005445
2893536972
862408217464360962
3761572816
858758265118879745
106703933
611724094
2752289859
3394639354
765869674001203205
2562852312
773281606547169280
37639921
137391834
829389163745202181
42447494
417561231
733549402501963776
864792836977315841
533968111
3311992667
4716252866
293227742
1056179778
18082945
836039365344186368
65455370
19881371
3124664090
4695598106
863435733952081920
32774989
1358019104
864053633108901888
22311903
863161759863119872
855436919525834753
2157387439
863110576964337665
710563368856375296
500391228
392111934
4925188717
2411414450
37392046
2286487057
778933753150251008
3255014123
360093882
861690847087255552
40132419
728932482805026816
1285980817
2428776326
32671625
1569242156
745399675
246582558
42668357
3047925973
16126957
26539442
3165040414
835450124608356353
155202983
2924593731
842207241700745217
3319712885
2919684849
39031080
2804112871
2205567079
344886517
836255692520636418
2712712801
832089209007636480
844473376727019521
147622355
428525085
3111122709
480084715
46786678
547937681
204265518
3355232890
367363884
172430944
742286581990592512
8394422
770248542514515968
2989449429
98989343
172422642
2580636774
4551566374
3226055374
20225180
1242525277
831107349855211522
3304169499
808003795460431872
3341234925
707885995476312064
388454092
606412878
840386165056376836
702151522268770305
392307768
459110271
818410008736043008
