2979280353
2523656374
309832628
89604563
23335768
517995029
143205532
21148293
735806136
984875548601147392
120194698
327294441
86464334
64857767
82762694
280586178
487718304
847154816593752064
3773329635
101894425
19404587
236279233
54730258
31193935
18256664
278755571
18393773
17106881
702413734149537792
2482532023
140233086
457554412
1214028882
722210815110041600
15966494
266336410
91408245
984188765001285632
499073990
880499915708801024
263227378
36117822
231845453
23820514
336473
23714504
4717620572
47219026
546941942
196906355
2483813880
274028325
163297163
2330963108
2493314768
2314089271
54617733
15639138
149103331
837607483
2944649916
861464326137233408
4081766241
24665054
936370782036545537
32991311
69049453
179274592
76480547
83367875
106753602
419035380
19433528
79293791
335141638
850004598026756099
4897080138
110365072
22393006
36804612
66528154
19373710
36880083
51285915
16536215
35094637
22940219
815989659197054977
3032917474
28867055
75974281
322803070
467945262
3689114435
98765275
314792669
68412310
237845487
262860125
2830051135
351623790
1198406491
130307120
18171994
210238655
17008726
743081575
484524369
263055971
21479907
1137161258
1128461923
512603747
18351721
146099195
2865865244
18708466
611941828
729468343
44409004
794183894
1847845110
876135487
48908001
89642286
907544474
110213431
789884588697026561
1902015966
22228476
17595745
110509537
108382988
26565946
1715051
52551600
50374439
15846407
19397785
813286
5520952
24944842
40295615
115485051
18768340
30903330
8236062
76143632
36003782
16305330
74712538
26347170
51219631
82939583
237670274
94191031
20609518
544517731
1340632194
2429591048
336116660
3065429605
40139016
17516149
1286710945
2472729852
282168818
14230524
1456501164
19412366
48158976
3497743818
