28307740
18381396
18704092
3310274432
28136539
28035260
18408457
166747718
718495181914316801
331908924
256883252
19263978
16948493
19028953
29514951
104066411
61792342
1517552070
218319654
2490168875
148466830
100606370
38232487
155411974
3710825774
22591831
45055696
61033129
12611642
866953267
18441159
175198393
56276182
47799910
701983068
2847028078
2207734063
77596200
243287822
813286
84708371
23561980
26982602
282348945
51742969
64565898
10671602
100220864
5162861
17915334
18395177
948444535
1239671
3004231
19609162
2587658342
14921141
14562016
30278532
16582027
