2940106008
789682703868112896
1023086232
1003401824718618625
2713715715
2814440280
953044026827071489
3667076238
2817952338
2423730144
2959982970
2803208288
3271456740
2790281675
2262320287
2305288926
2718937471
998445485965959168
944811576170868736
3273742344
997700858522492928
886202527
843509416464994304
1637244170
3272121169
725160618844626948
958221104937496576
837339363440631808
850109649256824833
958060472711958528
4797693411
953911426833268737
1532350686
2891094408
1053892356
880893024313540608
858967326535729153
2890346756
754367615066255360
3160155096
3142837700
2716869053
1660812583
926605013505384448
4313732600
2189950573
1220015384
927308307131334656
2944701223
839766069984161794
2697064158
3614222232
919480027648946176
2684158867
758638401654362112
2973676944
916932585103679489
728481317088681985
908584943915196416
4795751732
713452671777116160
2482340270
886830625549762560
4369616774
860793974897778688
883058807059775489
2824937317
2270823900
3318139081
862750755983212544
805956405702234114
3112291627
2822454881
801153116104224768
2695167174
840522510865113088
844028762962386944
843714977877835776
843613701085134849
737056983287664640
832297051
2748078546
4422752533
811660881993969665
807806170320617473
2898259531
1706140129
808001576958730240
2287409185
797618399358513152
785705707853131776
4706216071
2207771600
798209080477126656
797126898124029952
2367402823
2273996172
3273912398
721216268112502784
775577353359544320
2858335521
1359035334
992090564
3260644172
4653120372
793980957816541184
793571561324187648
788837048715096065
778700856929636352
3146629911
788289618797993984
788269026254344192
2988093198
787127122762407936
785664624209252352
784993461376126976
782282972464492544
2883738773
2413839517
770060117127692288
766315857425424384
760923588232740864
2940405354
750967047044169728
758779800999690240
754143182426820608
753039005000699905
728391543518679041
2733163390
4732052053
740122128993767425
729384443731808256
2597642880
733475946645196800
732723225243705346
728654659552845825
336288193
725063020871716865
724875321519017988
4447229855
554956438
3007732759
719688744438145024
711806786156691456
2444542022
717858085398650880
205070874
3177956947
712441760723501056
712441564719525888
712036973528141824
2920521456
710984404571545600
704513149
711065317825335296
2429591995
1187540359
709922795480752128
709644882306969600
2406228763
706711084544032769
706296104422232064
703765885194866688
3101142228
701863816896720896
701589741934764032
701570412149231616
701340162358247424
459485816
4919424290
2420080304
4885179221
3022807677
3280480297
4837317452
2895065082
4558985480
4840716167
1205860530
4789355419
4780711992
3446025373
4694669904
4681834765
2895303198
3141534800
4645758133
853872277
3317103314
2986430060
2828739782
4530511635
4512041776
4580894126
1411119512
4042103718
4492952474
3807356592
4170479052
4406826554
2425263702
4326692055
4368804258
3440127972
2946026076
3116708318
2315902411
3221650952
2532593579
3191855994
3088855483
3528526699
1526265392
4298673374
4298820914
4249816812
2542823828
2282821812
2381118162
2215341102
3325827192
2777128076
2941582567
3395741120
3391540574
3223244365
327166080
315853976
2957190354
3315857659
547184828
3511903998
2215356888
3481314792
2370080851
1684818842
2859357552
3421232931
2195162838
1950581232
2467141477
3260466576
3287779218
2555308520
2626432317
1023544988
333163746
2444551214
115849604
2264511416
3301360315
1536035970
3307417374
3294275498
3305822527
2713439456
2951171299
3287431100
2732749730
2410918735
3171778926
1245590750
2888992982
3277135808
2225993041
2885148184
3237842041
2384839824
3262692732
2317978070
2956792302
3252979412
2191851198
3129157958
2401204212
855376778
2562837540
2755409973
3235532348
3304415523
2825774310
3230026825
3017548476
3105468606
744307904
973274828
2373174200
2891119459
3187350643
2383354195
1494267108
3168336925
3168280248
1368777072
3156949466
1569202435
2287225436
1132223406
2566766858
1245067232
2875962885
2968526828
1518749136
2380988233
2561050975
1727045202
192274472
244747947
2239519841
2713843735
2153684754
2943423548
3010513296
1061208848
2560997778
1855501184
979282766
2556888401
1864675670
2591785016
984383528
2169001273
1303211364
1032181237
1850591232
2632685589
2710310077
2707807171
160487134
1681267699
1152733080
782971302
1306824810
137568326
969392629
2587182218
2586514525
1652163175
1933279663
1669418814
2356975554
1376719170
1953665064
1629719952
848301540
1541610518
1434538452
2258350794
