24343965
908271787124957185
829760336249098241
45413198
787149253302812672
261354580
719656147624534016
900153614701920256
27493883
562280117
26958931
2988413188
968882263374090242
245608090
964923132204273665
2786282417
300501843
3270293593
956605642369888256
808428055018541061
35920690
1000943886825672704
966000091420069888
794490172616437760
894908752763265024
123859471
147821689
811311060414332930
791646647579058176
4750353794
183684975
140166872
516542369
906412351
968225030986493952
957426875361579010
42466321
233194503
19247639
829467819179900933
36545100
837053741647945728
34816564
848947384830787584
195045036
883429037582036992
137091791
1561892402
24013519
1498413488
838869759395414017
1125546486
884777467566854144
2953994784
50069799
46371276
728974327094333443
208711291
80054701
368760126
42416303
801716904
472516044
899659811804938240
20307037
2283920237
853266974490722304
1051396218
34283650
16183815
1000345987012005888
63514682
940736412772642817
1860918122
135601821
2502466327
19380829
2759569055
548384458
3195819854
309705905
4769657246
22264801
291428614
273607259
804795643906686976
777985631607746561
873620275077632001
880908026248646661
988098122411859971
18231308
945802969181839361
1155034753
3457113315
16016099
112204003
990407462120558592
4686739753
874374207060156416
2246867429
979519322
16633249
297269740
481545248
868280756837261312
4717936273
30885541
813158712
337773136
38209344
38460144
21983105
935560465
821928011939323904
17356547
3241600946
892783453
166563759
16839738
954488125451128834
105231657
48661364
163613556
24657321
968706139763478528
757688347502350336
30893179
2718639183
933624149804589057
202185721
222215322
85363585
2279460607
833386788249096193
34571618
488560862
20796730
99932859
1618459364
864265968142483456
2967943317
853038476727635968
891125789755924481
843982667423141888
791441179178971136
2527770668
914846216906780675
288424162
2925064521
4855029755
934469975812669440
808473387530121217
22304947
888036025880260608
495345944
571878655
826408723824283648
1888300836
716684672
898911928185126918
815459275741007872
898926775303938048
2882533653
227977025
911715321563803649
564947096
990665878906724352
760102550418911232
116601812
57446225
829702207255805953
728344211729186816
157811288
3379387865
821714078188113925
771428244608258049
785002069228941312
91386979
3119585611
861616584351260677
103888057
2344205304
822567864259510272
1512360512
735859906427904000
933223481818234880
731598900289777664
736010006592557057
935781007856304128
132204038
591762810
904126115983364097
373432520
937874627950284800
979390690600906752
820790461422047233
27864404
2952691579
535572415
3101512507
930737178996441088
15091234
3109954699
977023608
937830997323681792
102153189
17132534
818486084157878274
839012308340727808
821228241721528322
966436544595791872
27649069
2970839230
356336253
2474437374
3260323499
28707801
904529623148404736
947440856541274112
975064266620387328
865570306437521410
720323991894798336
808061682085953536
791795505319796736
354851419
35512761
897851855694417920
1363545236
157432121
875490794056151040
984791210387795968
379209090
81603209
4194325403
3124592027
4158880085
9477212
23349838
17642747
720723379871944704
30739842
465268826
58951570
885901034
775372198903025665
2903933126
20742159
50698579
260604820
1309125224
36198376
946524674627956741
825488341197942784
819089343973163008
27461428
3300931691
3252998768
122173354
832239649296936960
16598363
47638836
988753968871419904
617206612
796530448969113601
997476303153647618
77596200
913501573338234880
31239509
960583749904863233
784809697207472128
977039009053659136
202319515
3283875397
952665027261222914
119521303
784158680308604928
974740778776965120
985256554986332160
960623522400821249
1219346869
825127507032670208
737648898
3183114390
1289865248
2324697685
575102540
48797605
827961617409142784
832879098640887808
3382567035
44053072
1026779472
746264952260956160
826810167358545922
852614209770848263
3720217034
470221829
820597651209129985
3303052750
2818445484
2859213890
512023803
841085279033294851
176619668
950899029495484418
805905741068566528
829481472956329984
993529931605970944
50411471
913405184297988096
777002090862227456
736643
882048605313527808
15447907
282860069
913463110232674306
823672008655388672
710146599704502272
992115144888025088
53003701
742126112235520000
17112878
1637526974
1285980817
824494418967273472
1020931831
28928861
22452901
869529486529675266
1912297520
2551250270
992835161837334528
114513960
996805816970895360
351912183
418122181
1020183012
785473702217523200
895814938995957760
4758248667
155458094
896189233563566080
1386178290
253316481
1887672271
2639061885
3130888821
1320616477
963184434307616768
3239443772
922556981147140097
831055766
967164656610627584
830130975074091008
3449009596
948265463141752832
760502335
935943359771713536
755224939712700416
4890675892
976922693525176320
930787519981113344
989814665634111488
900587053066444800
28621789
988199531001954304
1345488846
992064437837217792
260819116
801820077200965633
792723840405233672
968921495006101504
486361268
949842488801476608
75155058
961913833920122880
804479746201489408
1010186622
931372447705612288
1689071005
981871396954423296
371741294
939568957886947328
545506695
829796107869945857
20849008
805965229444173824
322207615
103593224
4446387617
952019936573931520
2440987489
2301628435
882612344492359680
880165549950595074
17282022
939236207237660677
32620139
229138911
959252368662687744
199272149
233905612
989393632523239424
376358488
1611230635
896772603788054530
14756395
914541114052497408
47710876
451894137
824280698194448384
50576527
816381419454808064
942052787059351555
17711577
350062656
423854207
994562822515429376
597649066
22933347
37511883
985962170029625345
1892978426
788066503
995751803760332800
22318800
849815845
930761339513065472
4320648682
3536091448
1568807689
20726187
755677202
796814501794508800
2425119255
2841750680
866736641788047362
4855815293
947589047588982785
880990708047507456
994994717648719872
3320213086
944019186124193792
943988417670664192
210693209
1522581132
960157079662153728
2536479877
15712105
16209753
46817943
910492003359760384
769641584
18637396
26983512
168075186
330301760
1201545739
898204649232228353
903804683126542336
1490635236
863261922
1640917519
366498596
862448511962546177
3526256423
3063725919
828771200398663681
778667370596401153
774826986141253632
1022293861
2497165970
919143095958147072
780771282673512448
800463336630403072
2609947378
1084336398
3827945985
835541438846943232
975135076261515264
2374531620
965062632179826688
735305566541783040
3189202877
284757897
875689456157773824
4458723554
379511613
3291516273
2502336505
970966440
837150684
344679308
46361105
618784558
893684951534759936
983150033368375296
399051233
987840551260184577
1659290389
2363274032
468955419
951961437370433536
191167764
3161642458
949630932084056064
855917212812562432
64592190
16937762
2683973970
855864505867182080
914567786
898774726474158080
370352647
776787558
982095920
20418437
63477009
994075168627724288
37315687
2992868434
828452915224272897
15879550
923496559383265280
858019254
18495916
1680691602
2223753794
132518022
932300394117697537
40114507
750018015291252736
814277570040594436
888473738974552064
589581948
3044392381
37387336
2332631778
40004349
18358861
987475175032549377
890735764962549760
23443807
3435192275
1049212730
969241566614360065
941957275
878102572296548352
928271279492186113
39320905
830800790310760448
71980003
16220605
45895231
1051504753
939977258663600133
3428054584
954475780876197889
251337817
826311271070920704
937527208909799426
17912690
112006107
834529854339088390
20097201
989622076829978624
358448762
17792906
2707584582
724012560534507521
190937995
220935584
105140723
2453352842
983521878307467265
3033857272
926257227610116096
815300389675405312
537571327
490895406
871128532264538112
2890820932
48854106
233111629
866523657136418818
12726792
14926859
3171142451
784071040892739584
830033762331262976
95188073
2402328356
1510654326
973961469489565698
772029528705073156
759851245649539072
1084253460
810651990749495297
352634212
459269265
4725977661
835341670921052160
798577750445592576
1955107099
840520942447091712
783436591448465409
803518439813943296
414164523
27707682
3108978757
892170633966219264
47262017
954135433109106688
33923443
47395667
848922091583922177
67539772
125951671
2531518079
741064132905082881
707628064734388224
226667742
796076404484042753
1354949786
114098925
872994095161016320
267347654
1578676843
545235190
2195578222
286680865
227362755
234234048
930885876
45479382
884883523366146048
24579517
801276715809075200
441349648
73307291
1932940099
2911245647
976188361
228604552
961387138259435520
2851109528
1671908917
16123077
433697321
450909173
2228916782
751308933306851328
14828950
952227536087519232
16272955
3301903267
601192861
84860555
3275106368
943550794695086081
961799630890635264
6017542
95672893
829424142625673216
869090471137558529
832598690451832833
17503811
818977509983162368
170839967
739836121891409921
896043203635302401
3493563087
34064883
125815822
915983992133967872
1250334620
897101592
758494460619657217
67682709
821278120518946816
1053717816
843120278888747008
920385017376837638
937584701937799168
2355111878
2747167770
562248379
805505572607029249
977582714877562880
3040227487
108154555
36012111
2896573098
100150576
39603710
987769710044483585
2222469066
250353515
979212105533440000
896038564479156224
2175081505
105241964
919468352665456640
906843627338510336
359512530
823683568115286017
44661077
2724051738
19866787
752845417
1897723183
303587013
922877886545235968
983921965
810538012371259392
2434296900
51198926
2982991282
987646563806859264
820869512845066243
121651277
17466176
15760637
10907052
1356002694
80893384
892419005784272896
14745413
1398194666
2207732670
62537327
2963149338
989757358992646144
1421837046
426119276
115604864
17679704
948786071269130241
747093939786756096
3355657394
2567997909
330721266
32443514
3245566770
977445761091747840
19569052
2261501328
873228926189015040
75464049
14215842
825505618895085569
3219175044
2394913104
860261165703852034
946486039865991168
1576323432
59873939
451560385
2977413549
803068269259276288
757199333381042176
857459108
824468105564860417
948766715416141824
253530342
850352281824485376
732134468866183168
844860096379174912
842033024862703617
836278326272622601
32569133
48756862
980454886025216000
75966525
78490558
1707988710
961113187453165569
17057683
261549123
243814975
915641278884433922
820441649645907968
948850508
2291114155
882107592339668992
975806115911958528
2168916182
808398108161875969
878424757884071937
108046485
410429674
3074470992
1315295947
964923513277644801
908350253077716993
873265780556795904
2840388132
780804581747941376
247077264
724954296605917184
313641424
335740728
48246434
2784097289
110876411
127254873
1859214974
30564747
77285641
897186194534129669
948518008800002050
16179251
886037059244371968
984158179796766721
979444529743978497
1961141418
2747470643
959224042137047040
46013002
1182277687
4294025712
863983953631481858
1326356436
67000735
2926212391
978267215605784577
2800458310
2323305488
3317285634
803254030801760256
868234162389499904
236957688
709256631368835072
37119394
33250147
325902381
4179874221
745359725550788608
4195564180
311632838
24742395
840699589799862273
1674018463
938072430
3316183728
625206983
3094330707
707210331572060160
1650852470
140183736
796214037243633664
21725802
814966999331782656
3009929305
483448012
737365185510313985
114764668
989027464990089216
253311018
740840493156818944
4547656288
4064208857
614441215
327390380
951330857066754048
962922615852724224
942235944773672960
204929232
757755996337016832
968502792368410629
895508786
946226886
825123248132104192
725033637482233856
1312034432
796482539942621184
933839184422424576
175154221
25135325
341713853
961654928841244672
92381451
30119391
908006943666577409
915663790502502401
4858065226
2841052291
968511353731379207
20696759
494264965
785999917584048128
1411870940
951099402394963968
972605967379525632
724037074110783492
740736783126790144
729086825172766720
4250238793
1101838710
897169097536008193
980165152560615424
862873718414069760
814674994378592256
180596658
21368228
823985725913841664
432188209
860310579294220288
70555033
703633296668884992
5402662
258172382
987820603
250936276
2562030497
3020327698
247380353
833045028197040128
968628622234828800
170735298
728988968042246144
53987498
975539957535211521
17393944
144325625
1669284246
142877262
594974916
822596242043731976
955413503610941440
321631653
960249131821387777
2419809048
856166926468251648
888565679309369344
23935082
924233875592802304
453275723
871035628649099264
876911842723024898
903902544
3091609531
982035076899901442
28459661
2327963935
966471109011963904
3318167594
374684129
156067291
773607351798603776
985686096188203008
909501042861129728
122703840
3219621795
888767187833548801
26125483
909378985
329118547
41378381
83770491
983435127949840384
822965080698535937
839758770
124018804
24781975
40317211
75576664
857386921168863233
918959798569152513
806625064993116161
825021787444490241
785883090358972417
727658300217511936
2739958019
3541400178
922085548545794048
391181013
4675697964
370540187
821873849176358912
829358402992173056
739532428616695808
986765844347801600
963549742398627840
82110213
962498426171805696
828044050775158784
112543823
2885947654
321654697
1441112460
952115093969530880
764658461644914688
852223390039646228
437523529
778572389449891841
3227396232
2734507831
752178260327276546
333614165
756263342763864064
807598845383372801
3043141025
365767052
950217805
1049167994
704933289619005440
1240077378
24453770
329649863
24447473
714969941640777728
806266270823878656
39922703
1360436700
1897678872
379388895
100868662
823293022557405184
16977393
51147113
27775589
21558695
762686721897136128
1301518362
711026018048286722
782648718478548992
35656661
872883285998931969
253632852
956883928421314560
964301826689519616
22908778
27938873
30901658
36692024
88708525
113669819
178474906
214332241
506226989
810253482
1051772989
2159907348
2181999885
2905749286
3301185099
3327420822
3396386859
3973087414
785213216854937600
728027596756156416
815278404303929344
822929171336798209
835362524195356672
876240172555227137
851205216934522880
879739719592103938
909931056652062721
933174729694896128
950771658008219648
961370881166594048
971325093224820736
961414951184158721
24079322
14435027
540287608
33564245
239009799
414221776
558818756
1590074131
2613329659
3383770029
790270769527869440
824055142135791617
824075448950722560
851541155787485185
846051310478741506
873919257238786049
864998123990425601
984219421081329665
14343878
149751818
41607951
45834623
51231983
157890191
516735105
471049878
2613411062
2656614540
4872729485
750358957126848513
849643892714622976
882084260412362752
884956872817598464
890010730849746944
915042959992741888
918018451234361344
938953632313065473
968594691791998977
845407183160459266
812023361723240448
948718879299252229
37698070
35638630
21624712
885833246147305473
2654285401
17546968
49518858
30039418
1621849184
764122160528969728
345715881
372536444
845995872752099329
219036257
780598103367749632
346134044
15902084
824650904834084867
865639492484440065
625250841
845477586771873792
844983089981906945
818238289333227520
5993862
811008691969196032
3265745797
910758197463465984
128462240
790260823872663552
2874358611
357243996
961714800760848386
335376166
92983554
52249263
225189494
3040030648
511351537
48414514
1909281625
878739731219189761
1491428076
787107158542454784
3212479115
2924137486
825721981161046016
3230060594
897204501568004096
4872846903
497254482
2339574482
43552637
214798114
294079657
74539018
1415875386
16721218
966322859760070656
2323335038
1184331950
824371919482793984
24381999
825183092667150336
709224785683877888
761700258
797344161712271361
134504976
34458489
35591912
385056403
982786048164950017
22804865
18184205
71872365
310072934
2423008116
723537344754798592
3146050372
27032207
1045455883
827893482115235841
913076273232138240
11101742
148851257
1157143663
713582080291172352
909974907865391104
833224452787761152
580224794
881636389552631808
16457261
901405090891825153
825846669010931712
47721786
80134711
747891181338525696
4025552435
805922628871524352
978376837079248896
3060729876
2364708276
2761026926
760114933241708544
2200411357
1926775910
35568270
340029108
2568375061
83314813
735463958203637762
703362741084495873
824633060071243776
3351348514
22211858
510371635
959246254235684864
17406799
880895576111370240
901180643022848000
933593491225153539
957777420832165888
14250847
19939369
78408027
190799144
632367546
702028051
739882081
1585983950
2358499429
2820006249
3313792933
3248464428
3439044209
4095136774
4468426519
4747106355
750682349847797760
785346728518115328
823651149823688705
824342267238313985
835198192987709440
869878756755648513
878758657453772804
890440443388973056
895028152371695622
943254609543524352
967947682848239616
30292065
35170131
39631299
797920536357720065
128429068
238897233
450964054
846260966
764629343813373952
799373373394522112
818237482454151168
820819505009917953
821741531212058624
839416776421171200
851671302943367170
879321507742310400
896788896784297984
920023898154065921
924290773570465792
952992525660442625
950771043412582400
937692081048387584
958180461506891778
959800529814740994
978384034752581632
18320938
26425847
100832012
203611601
317414715
1578962246
2535942191
2830022552
2842034452
3306356200
754478404515328000
758403501470822400
823282931850420224
832389481210617857
841716426117386240
17444647
914279468927041539
21282394
72214980
1582467342
1661464813
2149915710
2875043388
4601174427
709618484934742017
770718485961904129
781156826347732992
810889655285583872
818867007156289539
886537368290906117
906630453653856257
929532833823150081
936260603819180033
957786302598012930
484080959
2180769477
484352039
2496118424
463102304
1406619086
3003104409
952573640976957440
986806086379458560
2408676823
822095757289422848
2701408981
797225201821884416
785127407602786304
931239693534093312
987744955186728960
948687527703179265
809532714
88497758
758846300439715840
981267077909463041
959565893465530368
899889479015571456
896183210693976064
8287732
986080263871614978
818525313407844353
834652261875871744
570368555
65142279
3269554988
4896012493
1641872414
843867077597417472
824389729777045505
807782838351237120
398687783
1700006750
159471232
981669283
18438022
954535765282766848
700931106367885312
351709887
124491098
21599766
3375142540
156765413
775383530452971521
415108913
923931754922201089
138148530
980941053363662848
179747809
17183041
27282113
291903954
60709735
617427064
870960866
36174766
390163345
816833299310059521
937735607559876608
893716425604452357
975870463581724672
1936777352
948648307399843840
54999242
2272057687
2581682284
958088669373648896
962347650438774784
941796606512386048
400454957
780622592130461696
744750970546991105
820795434595745792
863094890
102066800
863000459576881152
711598740457562112
596209855
832613696799113220
2966294049
842734155033206785
954665455
39938116
895551255262646272
888995535268466690
480639273
797983496463667200
29260564
920133430569873408
270528803
756914019697590273
782092560
4890616384
57606064
859849640086089729
376534185
14649177
40946199
822817401511301120
824457525948919808
1449478590
4312825754
2310546212
735103080
25381565
871521882826264576
823015031289757697
981358265484414976
88102877
28191620
841818083270496256
710972349340786688
883728838580109312
1387605979
825593425680437248
3396000057
840774198528217088
43487271
828736882452295680
219279796
132917003
781231599853576193
2469936522
524931069
172867574
626391901
825323561149747201
15982764
51429993
143225212
129450434
3173764968
41881460
877284932971892736
823054481311014912
780146808882290689
1390353643
370661013
3303569708
958072897477758977
200522027
865918257638846464
343145140
964190420556279808
973269249509679104
3006492496
950016752125202432
998515392
22875032
2379700903
117820976
919791309174566912
35165884
465682953
97699126
843608576623104000
2922403601
462478512
426364037
970399617375354880
14537271
44409040
760811840180019200
19832821
833961893937111041
408905990
1120879074
979338412414074881
590298688
25249441
4149897572
1448797848
2693686866
788159751104245760
747791989966409728
15573838
180785464
602273768
233267713
826226272418283520
1040803128
912793229715808257
785538086281154560
912432191526682624
908892819347038208
2802560696
327000990
866396516
1513936188
466630969
3101998342
89544556
14774479
952249097951633409
936709479302881280
706661136196718592
826880668839747585
245586089
496975264
319279464
3391360361
25526748
3000889809
59513330
972335096320675840
18182718
818984645563912196
3485160723
943630562681655296
927574713077043200
58525387
121601279
2332744298
18493710
99203384
2754616770
983338611872620544
951627555047649281
943781613950918658
2835038712
2367537494
488799600
968995270066401280
786178721371811840
3371900770
906631341327839232
44883029
955435610122211328
2920868647
817398463272984576
388909847
826043339837472768
866445854072332288
729724057340514305
2455958576
865187212643758080
824281845139472384
33619696
792757777
364751601
1380929965
500589735
3715941857
4760843473
54743209
759511436372615169
1048740613
1957346118
620188550
399128672
809942880655699968
88787882
3094569866
963071657693925376
486081900
151776277
48100431
3305406949
2376394633
584760752
28816731
749217316953468928
922922273400483840
964741128301006849
31513556
21296691
442296361
733305813750665216
1326389646
847544146214739968
809124591100723200
879924583985537024
965085578076176386
833502197786738690
871733356630863872
853462154376343552
29071845
982724836555403265
2864933051
940721387102261248
831500603960406019
2954129111
740408801308905473
822829415109246976
972643111
963363522510929921
2686408494
24278389
847499706536153088
15469000
465320229
790669828839186432
2592115970
943223253950017536
164698439
23939887
881393483151417344
1632064058
906317974297964544
736676509742571520
775885217223573504
960094372904751105
956830873227182080
426735512
863788052652621824
535645171
934454426701647872
2615155192
740310857247162369
362939787
908204365659357184
512417432
4516755989
864909376783503362
715920031943516160
829603737874288640
930907344615149568
475165013
3972554675
361417698
44320256
1377450236
796259338935418880
97697833
918233327387234309
804096814806945795
968916302466375681
17679815
171352533
389562239
2671167073
881105019667447808
26629216
22173235
803330515
243965820
924756173525356544
1686392227
920710812259401728
778112372586274816
940743217183645696
32311804
257984395
911711400271142912
825369985
853927875505815552
2899759003
754641452
3611013914
460779732
810968165492604928
22531716
15735939
940502084641796096
783219259564498944
727933551526748161
217310671
889512201232539650
930094302159454208
873568920338345985
581062152
415773425
4831048993
935303738012700673
243734182
972946316560093184
3173032388
26588542
32320718
27693015
2173125320
430246721
582231081
106891542
976030431647813633
147875160
980993897055899649
971525772967112704
64369407
3137560986
703281698545364992
120322406
269657992
980320150124576768
845739697112535041
2419341596
912104790385057792
2849199731
2721171940
879554219392552961
790412845
911997885956349952
21443697
45853985
531519405
3166653756
900038696438611968
820396211744178177
958966911580045312
3698220012
1686369542
800405843405438977
822591319335960579
2358278094
36519979
821355319284604928
2236719330
977643306418089984
3654736697
20215410
822943995743473664
634293345
818705040
950072141424349185
976646494756442113
3198224507
561685745
160994056
822296169749606400
2738045058
869373898541809664
547565203
1834645674
34148866
188436303
346782751
1655908398
2618843767
976082638388842496
384586666
947899396112486400
445979505
463982423
897985808325640193
3826414281
2415321072
24100503
3589010426
214266683
935916118870552577
2978503906
118047066
54608012
922450973779312640
954475692430905344
922636956609269760
134991429
912523197383241728
855228117119631361
16005814
2442611733
796528769154580480
516682718
795153270
3327274592
73272011
14207775
965151277666549760
921417114396667904
3167287438
757373134559387648
36743305
1959585792
283604862
2416211350
631109702
17972355
1964971453
601218464
366280674
33590010
316449565
940762714045022210
788935401406955521
2854718158
900770734053523456
830619040963899392
308335124
103054234
134546123
2414558444
930269690001346560
948140156225142784
3180827364
945814887950946304
920957628569620482
474351727
796990452163637248
919196492467814400
17245005
885604602082717697
21704309
824385098405572608
2595431574
1024541209
798764450048184325
703536063881584640
4061092694
948233743084544000
900826280081358848
1025019841
891006903941312512
2664332899
35659120
3279055795
357262809
3114976789
713400830351785984
49222955
209245334
973301558262816768
3018442977
123328453
237935529
2983504309
2918698836
283335371
4482329417
714720425801084930
352584903
390135080
1041492036
3997431972
933873291051245568
3194576138
358383631
2186657970
47467930
960226212252549121
449449967
883077031973572614
976112583085379584
825511017434066945
826545760753823744
907550531153022976
844935564897878016
425511467
2572956582
3902218894
148800323
1347148117
264625383
2842282216
897185279517261824
782335230439002112
932414906107752449
935112014602543106
53430466
270997805
28180659
962415675548553218
916441888323809280
20002777
1422010609
923557501194219520
347271473
931036987808669696
915852258398441472
963661333
701136412700073984
924305581254492160
413597188
78052193
976258221852778496
2339179946
623950538
946662374
3263274484
883419560241762306
829540764988252160
140372345
61875073
894988135985172480
15384969
105761199
2847691336
830127833737371648
831726373584650241
818418566
2470812752
825404143447711744
2386895198
825585998050516993
44717905
1120103840
458936503
4328375373
1969630836
717896643757150208
1829870216
848586254128209920
1295633268
3244845565
762479876431425540
1340819754
842393129995116544
1622049547
30414118
319155442
93817949
2362567844
2914169024
22209247
832426593859559424
170150754
2240681213
1493799349
307410294
59454294
14680172
835874246358405120
839072022
1217000503
390336169
909409114731814912
23031094
779153256677277698
780903679041871872
230924803
816789185784791040
4108712836
817496892384759808
828652191200182272
901654699010650113
943088428601679877
3056253303
922186795030212608
262943018
4694417744
858887449
61570503
17816058
964301582664953856
4764470904
22067034
918538904290111488
133938408
408913965
898390915055665152
2818102352
12995762
1952629212
759093223314722816
566700073
919667724535648262
139956991
825724977894789120
74290735
908481907528228865
826433405093031937
1682940577
838505876390563842
858710738944348160
4229345533
794281298223398912
532214896
821595119531028481
865857627913207809
7752092
1048486908
813197769443831809
886999759948574720
14434391
23825103
1150030076
1344450697
3914425845
909480152081457152
923812523563823104
901676316663132160
765191508572110848
924794205528043520
857324815601909760
15636550
3940581501
2784185232
330049692
839133464913936384
824417450972381184
224298143
1187668692
774483262693527553
302617835
276773221
3380797665
28195867
847491998508474370
195004376
781223381907623936
1084524458
824752643973144576
241563938
2874491396
937134535627612160
2679328605
849443803819913218
874006150399877120
849765405396791298
824151499139940352
970821103370293248
18007580
4720263377
255249411
2291569962
878691713086136320
20689324
976658794745757697
471683030
621005437
22659416
821125393696464896
977891999910125568
898807914357338112
3115050963
1327460473
107273238
781474283541233664
782850534621319168
334424918
828021668757004289
2420823542
779974832725295104
41810230
132345883
93692734
3191659030
917761510436429824
3097941748
84337958
2451308594
511291883
4697036054
50841324
36851923
533347011
415979512
5845412
1402631522
737409493382795266
3102620614
2529236736
936764913648840704
2281074463
736676996227334144
816840998441598976
850058807476670465
2844291427
177087665
914601951052140546
914199264024072192
228144288
797203493161472001
832365596444618756
835678775182573568
3672169993
1106657622
261494209
480739373
251976597
15149546
2248027963
820489324235894784
2675241528
365779542
864848809863426048
825479840258256898
941820928073220101
14590723
20467227
3818754318
826961331978792960
3528993194
818834056301277185
775838751368974337
3451986623
951867813081354240
102153730
179823503
929336987286425600
108764893
832729941468852224
853042194080571392
4495311856
19008900
258987795
789825194697207808
24188879
4222394447
2534700561
3435479968
784161008428482561
237536251
2312548891
43987148
25019955
2208596730
2268067657
2339053037
60578303
3283847042
4834051099
32259450
886327886860439552
954023369749532672
810795986922643456
909173905239060480
936608152476295168
930676515863498752
4046257198
747929964280897536
856361809271558144
808430604001964032
823942399864938496
19304930
34313700
741846395724955648
821551402006773760
1688
943269805083189248
67364035
251705823
17411581
912539596629540864
3142900322
921164999405461504
714219239809241089
873234990905126913
170840293
4881843375
10724692
2894033565
4178371273
819719052901969920
958814895125954560
829848913268056064
2808542293
845392971381927936
32843491
350293571
760120624022822916
937232076671037440
937060358157684737
744167037782593537
976911476068880386
855887892245135360
96856149
3032145463
852912496197414913
235500827
478407982
758648164123602945
2421002281
1132376383
14345578
472146804
888215098510200832
513878029
405142152
888436045796212736
1241224446
200259677
918284645682130946
816353777657659392
818735468002975744
107996155
18655355
29457839
1666676904
173184226
829353757729181696
853040165295706112
560967502
192968414
2594130236
2855116240
4301326102
3317659546
757958457039335424
973429708980412416
292160987
25507417
124267704
709457214239453188
66365462
763260388750176256
828048221947715584
182047323
869723979904413696
719624962504581120
14095589
827213465437736960
363041417
3260499620
4478958561
770360191061745664
855221976
40329215
872646354513928193
17427401
22787972
18392398
1155094543
844792538
560725097
4051989855
796382844163620864
27574690
232269432
776380093635506176
213456730
804711980485459969
11033292
17726822
865296897971560449
965015705123930114
741095325516075010
357231553
21972189
36771921
48599448
48044894
881222783170228224
968243797707587585
856466313891500032
948345530043772928
1301923506
938116749676957696
83889785
825564664763293697
168918386
304576511
46775436
825729746910773256
2902931482
741734898621259776
262834755
1566412309
21974005
223710359
169958838
456078914
173796289
168771859
857294191562338304
22313603
170159379
904704260
927402258681044993
866169311672639489
975559533409046528
2276791819
967163272095973376
780220386260557824
28744880
2884140716
42271334
874711016176791553
931508299786174464
44055444
743074548665311232
484113739
891376149930037248
4281226093
897839411693363201
815588896536834049
143845549
908353204240318464
748580825046757376
936231201873977348
2614416259
902293174525329408
509543707
48318772
949527312625790976
219087726
2869123172
1347965988
912139835858710529
3794584677
1040850720
909346909029986304
829907882116210691
16064798
1242752905
73157990
874581280385585152
2664837850
957891832205029377
923013015611387905
924087248521269248
923360170171711488
886191629031395328
905283153690066950
924452603676598272
925186488614002688
942212808862662656
865183565595783168
20918916
924107593831686144
926285703251558400
968276871317090304
839663649136455680
783001998006235136
1006612356
243790613
906159764576518148
922424849837916161
891541993603686401
961253680400904192
2986747256
924533624925384704
936044361388843009
841133482206232576
282836650
856993488767827968
242890984
214428368
948390329048338432
974482086290583552
435142161
796538787396521984
915740813568512000
2493061298
3108928497
105220714
759598995765243904
921450232252174337
285643281
23829718
2862670588
319361790
973919637887946757
260813170
502277823
819274405536813065
3019030386
2788782152
973648788115124224
890825837641175040
302881437
2725643624
265718472
2269361340
825495434261049344
829840915497963520
100044211
1028758322
328301125
924270536825425923
339199598
971325185327497221
938609252884729856
949825389584580608
755814342
15328937
846163155986341888
720335136
382864334
32877315
75133818
15620393
1520931992
2430203052
22658326
731925359965392896
780530777326882816
4552096272
23853692
1971269514
209811713
2847021941
963398908734042115
864688038991065088
193989105
974536190
216385540
971492552988876801
826299425421139968
18874834
800442390733471744
3101495186
1962117006
4853615919
1365811
900005534186610688
269211359
735670580150689794
2532127677
49412814
915282966028455936
811266096733057024
21259918
711477402
256261321
2792672981
755591454697721857
962449335618121728
875433552380391425
4596243324
969766656414068736
499466784
2262723403
932638750097670144
705757368
797495191041167361
782421853
2995352419
1023410515
3103289392
797129501570371584
1357496893
18689581
793539395626217472
37772031
906806227
706876542832349184
247733964
865003854
3091936858
48417747
21025381
452380849
719981270688632833
2788963569
4783279532
324725761
237485961
488831225
19827221
3334843313
725880574095724544
765317678043049984
934447930643288064
759714473556840448
909010944860262400
866153478443245568
26564529
973117224146915328
819650150222073860
2726515189
968398015483478018
289076875
7946352
266237962
34407606
784496896870014976
3327594888
965687144869179394
340648774
974244523009179648
991824054
774442074087182336
759571796978917378
757657912143712256
3145633501
824366109373644808
825528318384603138
149372504
44347447
111039232
951965724268023808
823907913676816384
439198830
868950463676383237
709760189419929600
16701083
389161462
934481144879419392
704125665881141248
819359814132367360
753442435858968576
930082488742969344
847687940427849728
877327507376287744
844539691949051904
949608779019993088
823024101463724032
236093569
962505068930101248
25345839
23304729
944458637560483840
1890645349
928269303761158145
18414066
153123083
197656452
752654342650335232
941754604118831105
24196939
71715641
19087421
1286798574
247523146
389136799
817418253018529793
859742482036379649
187288184
2445629773
2480936977
2341464631
805640781134336000
3117913999
326835986
906206083
2915129749
827591534098780162
909365688040513537
2263157618
108708410
16801580
2534319429
540869067
892883719995961345
428917289
468482003
830968440743661570
928792810953822210
766476225829335041
2414073730
761985912456613888
231632516
4716565044
271075882
917814948528513024
448891258
783470735960313856
1262776610
387781361
931386897804529665
945391409137364992
274132260
537816874
523293657
949688568674480128
247378337
787151367378866176
2545843277
805116939550851072
737333335979134976
1301910416
79190961
891719336892653568
849806128154255360
632927277
136585379
3220061890
2932942216
138650325
740710632769654784
17310782
377796715
18278636
75911818
900981244313321472
4369706113
299984327
823300746464624640
3231436580
818624813149421568
48806455
4364923707
2848946298
785327755214725120
897480134495674368
448399169
905854419329093632
1710468697
873547291524833280
484350040
166392869
326770082
815937415701532672
825774300594597888
859069400
957175314442055680
212094971
833777334528331776
826840449952391168
64952882
729701410103791616
822213976796733442
311167475
1012344390
728316155522387969
584140237
825094681923055616
617465225
19570960
2687431995
809732450733740032
272715236
1206659508
948712054977974273
2330367498
864597043477479426
464815693
863089127100743680
3238981886
184660434
2236439455
965300435711127554
380105454
1445211258
723902494171123712
785282611891564545
936030279516479488
345486161
483330559
3152272854
349325829
2848802507
358884728
933139269123633152
82482044
255377127
809521836144762884
1380737298
17300204
588812638
1546571053
2723043564
296536208
18287312
938881312882077697
870008100190867458
757290242428854272
2896115964
2691824359
869032385207296000
959174998190563328
2279757288
2685612532
4377628817
4612280685
840699495000244225
91743765
421563015
470171162
38657987
2594077627
2717106752
245827197
3368660009
126673678
584368424
1924171789
887366707
3265222782
14287919
519029255
758179087374491648
35153673
231518332
3025052073
2319167748
14089839
3096791407
16858001
825871048243556353
821572435
2887004465
420784051
947335488280649728
887138591750705152
51259456
2836710789
193446635
280955333
389179502
3055921978
2403944767
881216061126914048
114236321
398518171
30395567
3548858962
914223316185075712
889714183763251200
1079688841
2863596854
27211961
259330660
885560246038654982
770816099046875136
1017979867
95382124
2286129811
883077761127956480
14207975
80462206
58487646
3371836160
38442478
775122469996888065
4214751
2331044448
2859548278
800054653295718400
3047343780
965347428919533568
34438002
25623180
249967206
3058720760
966553297409552384
844711123802836993
293689383
822972130543353856
407465636
713383138336985088
18857024
18459548
967919413516107776
3910760593
59289148
1308934165
93462621
788807066
385567882
3028506961
2953583434
16771060
2181378840
714675565136056320
276836567
225938924
164422451
1021257073
286680780
823583332780965889
967448700875431936
844567117903073280
28271449
262203597
25422709
923332301454487553
772694192
828354020259528710
912114209089114112
34795605
720726980778442752
1330387950
932357048020344832
823866286753148928
846449379817000960
191199892
258626160
853828517712216065
25749940
913573256
829481216629895168
828020113878155266
872623827447980032
825822656431849472
1952905440
29973860
832256230819188737
58247771
47436921
190149987
1651208408
931367472992792576
122280853
934960017194840064
2320262018
788855729067143168
16019039
161511153
821095408441184260
746056999109074947
898309929521434624
825869181610385408
288584040
1273349252
24071517
826860708360966144
2364901363
16311161
817047372706512896
819128285967843328
949118801370648576
761013546134167553
2310662821
874811244015955968
2466952481
1502892860
915744787801788416
61239883
400089636
868220908116348928
828066182209085440
25470319
910905217075564545
943338274285867013
909519301299892225
2353974979
2732944034
796828131642392576
850854586478989312
826882538467647488
17756037
96686084
2517897416
821235792559427584
725057289539997697
16465707
17633850
955425266
843828814245445632
939518595242934277
3780525136
843571300098625537
869655540934336513
2389372243
89820469
2849961417
17498712
19865053
178525052
2855937448
451536482
37506730
849493527159607301
340523273
917812611336503298
21345085
25838177
265449792
55305827
862324808939339777
3637912419
4135765818
818170988592439296
801225433588957185
18168399
862882482387025921
364702553
23307771
897951341296967682
960784993592094721
2362592550
488458460
2713080925
736821346831863810
3134832613
576792801
755793737507221504
898156365511876608
837760940565127169
715317475689238529
2466437268
927454330776621056
854015651685564417
262455200
3015040780
828736155650813957
262949712
2957948640
2784185644
383552361
936072536
1071696854
1250520254
865350444960415744
1963649881
634867594
4187752822
966469425447784449
220863206
872173075621699586
949473624750247941
831693852146806784
837415381757214721
867053022366576641
833436521059479552
862491872861859840
761733384565616640
26397698
830821086392619008
1213929649
1535317741
804923094737399808
824901212667392001
962849731234942977
795702415211241473
911580385582166017
805615243510562816
757949401323233281
825061214652858368
948792503850979328
4373450909
876132724628750337
477451310
808153995202072576
19862329
30089980
799038561811103744
4491699617
951972219189710849
860249422403428352
3947025803
938075469437575168
824314615391784961
759224013172465664
56491145
130846688
802206650035736581
2227385081
824255224302944257
4822119385
899089762576986112
953211024936783872
826101886390525952
834761594173321216
746301138
220712406
3262635932
789190661186527233
48797538
905828148
724390238752116736
512122096
186472574
856292536339410944
964154755294654465
4399325477
278315777
3188174984
14522241
765763200
396320916
2688292905
859577874684293121
17130878
1932081036
22136885
871949089944031232
721909801244975104
3472127838
960805231
237965217
864454614929645569
220807999
25442904
802352830036250624
444804260
706635292648857600
940184178267705344
762474701788590080
448400262
838559901362302976
953763882014789635
2902482412
785795854183440385
3245489989
94603953
2402328198
942908818685681666
863156992218726400
35056456
2521931610
750874301876858881
810690947591774208
87900546
33634242
15553122
29006583
942054862409338880
931567118545330176
23262079
29329102
898940573285052417
245595540
813323907386064896
723298666904190977
27124758
1659185610
372347126
3388334597
487967411
2916472828
292719867
955514900884926464
3068774341
798345912829345792
505255284
168750733
895361923214180352
3190275836
937864346595745792
4032464440
3052406629
18273881
25687259
978787610
164001835
924104853898526721
797939334175424512
823663695037337600
796852079100919808
1061889985
291282549
620527696
941847226283802624
805964308454600704
939379199306903554
850933368682360836
811016334742061056
314216205
26901657
215891347
846775607463686144
4591711108
910898668852584449
960676658834497537
842802644
84704680
934862311050956800
4474124001
961985675938672640
897131280432680960
464074395
829914268246093824
775001102433394689
823601431424811008
890437578
826571523850907649
825752081160105987
164705232
218047641
4418839514
826467066937016320
715349148472467456
873005217003917312
25626755
43472027
2866385391
915063600288555008
309399778
774580950
355844006
958771694625280000
86835353
177578128
550196570
829711668397621253
4765616508
334715006
254782044
2457845918
73333278
2638115036
1321271178
339058298
918254523910467585
352102144
2345334790
858846275831312384
336654624
19070326
931660005312311296
49878945
1373205756
321777232
1139409679
707809027594592256
28527791
814130011343093764
943491726005608448
923851861
366370704
904456701042155520
378844127
2973842578
804728085417459712
2183488547
942721785707016193
825479213218095105
817838845517393920
323451705
962819485924282368
822927465777602561
159451240
403354830
961794394578931713
823185321076682755
712951035031982080
829846532199444480
705124365
961775328975826944
959821127601106945
111719374
923242090661740544
828118780861517824
3164718414
45909420
938960805717983232
100065631
4094816567
3454457423
820780116116541440
290980590
431071870
16106833
3243189006
893157850989514752
76058560
825134298206400514
798989218747924481
802268473305006083
2198634734
747130819270086656
40411640
2852378032
800874236080517120
857686198747144192
21821493
3112338546
953673470101082114
962131822112071680
964472556655915008
2739446098
1271512166
2311086683
843504404938526720
838946864019963904
884836951626534912
825062760954355713
55044457
960137909251686400
954502242475757568
893695760931274753
558021496
879516452021084160
11982802
37289070
710850389600555013
930126308
871184454940860425
141986398
884913549369372674
936587633962217473
2897693669
240043818
3035193289
4703069094
885775148
3011850654
3960092595
21953503
904719917357957120
298337217
910610376382832640
381829318
931569802388283393
220443154
965130853578928128
246082925
3068628960
4002396939
452051983
867148570264309760
202262776
818826854253600768
128673641
127363719
3733477452
3124664090
896440575007879172
17495447
730828496126103553
937439258888908800
21630342
589177606
4871858145
4426916594
702011826947682304
25131564
122253774
3113203775
714332401644625920
824300405324677120
4594487838
847958695182979074
602726059
827598317160890372
321815540
819022138250248192
432734907
855567777268027393
442341378
248457615
536675035
38947867
2185255081
346922993
796913836691521536
860576268
514465124
913453301718487040
894702827682975744
813526575480127488
24734287
194302476
4833108692
427102343
907761553914593280
784789543677374469
2893567210
823599994099765248
848967244713385984
788736677556596742
37023787
15312401
3045307684
755876067538112512
1430651965
746707110520455168
28911707
24424328
3077250044
16851877
225225182
812213289694334976
7794142
465828584
2182208461
960910491139919872
235884580
894563731711176704
1924071992
26657119
728086533287247872
33436293
827934520112472065
916458451697577984
440688620
2203172486
938839438930731009
260909367
614464000
18572616
3077615801
23812651
169686820
837272410781024261
16442690
19078560
884408440910745600
951349253628203009
366976635
811740481193267200
39296373
38781064
334087333
825922335794307073
850080079661150210
947835227023568898
775462236
467727548
109177293
2796980429
851678533374136321
899410541822840833
929839586863435778
846527458769743872
869803598045036544
806292180272877568
1915476836
2728735689
344747525
826081894563450881
12002602
2480866554
796567356529000448
362439595
476781951
843213248384155649
249222888
867813475871072256
4818698044
851711263
3188694442
841435155755651072
1496282988
747837410
53220544
20397796
3139235347
825019113948983296
706329786935717888
19679818
906178655747006464
25506240
706173989274652673
865571176357265408
1129905950
2988785197
21273166
716679359
745128944714678272
3187848737
771834104866279425
863073782755450880
956681238533689346
823786681752961026
1941209786
880921223407968256
917400125999259649
204940780
756944743511187456
944738147283369987
827904054554562561
50087910
477282967
833777700879732740
790863321763237888
756594773650124802
809617631162445824
34651140
93460326
715922499930832897
826493458084880386
830423106766372864
822048569368707073
818956561863348225
925515405988388864
712249547863539712
16315143
932695401488179206
1967801035
831934358412001281
41990462
3419894505
2258996838
20665235
924576995408863233
860501935
946001162230214656
26059912
33175047
2871649697
760554163226963968
951527482343198720
126145029
2706430603
22373012
20823023
397057968
4345124893
865399875575218178
807413918586933248
921446723100266496
921442813098840066
272097020
22806783
4140243432
2156624579
706666581741318144
912366222452420609
901538246412439553
872617494900609027
2811548906
924757470488100864
1905636242
897550986725781505
946088241438056448
222465251
1090407266
934419355768680449
264180688
1262962086
4845994031
925155596076290049
1648203012
59183013
46497038
123087976
32647066
2562584864
317396608
37861222
770608744526819328
745321057817485313
939279303568535553
224817011
2562852312
731892427015880704
807947646438518785
857087732153286660
185723734
890692436
540026221
781573631054872577
35104212
1021144975
628417129
843795934181912576
825121284426174464
347000422
819635459592769536
1352386830
369852988
2206239824
886042863997337600
987840462
940419150433935360
868545352164573184
835816332
924231020974555136
2186536820
2842671219
901819002984456192
14456422
3091130922
865754531610509312
823287122631102464
15102679
613863857
780974295916785664
825094752617984000
4273888219
16459498
21835467
426657749
1398300060
889291121146421250
143159404
2318516194
376472551
902016731199057924
909757874355634179
3719991973
302293685
834950942139248641
3904973535
45505601
819405910678212608
186388988
48316506
702387168858271745
751812318959439874
981238580
503437704
156421710
901667341
824965088536887297
825024893427277829
20639694
87445520
1388303107
809604601280417792
23123716
797142613744877568
71232154
113949650
814964037247123456
814893953954758656
45876785
834586606866616321
815295817871491073
785291299737919489
818823731837485056
828204975645925376
798360561264115712
29918146
813279496296013824
31548286
40395356
341644925
533968111
891548045065809921
894502209441849344
901505618392915968
727864303689318401
1428245454
2336928152
3303642121
952745082
804573487767703552
1252520990
860833064
727756277980499968
808009630009982976
1236780481
175074049
931767357495808000
831931924365066240
28376225
885905641302368261
726683119261212672
4184457737
818288148362985472
900571185720680452
889585550717538310
118862006
891334064157937664
41741487
729119583861235712
3040965214
757378121846755329
848926459326603266
38330635
3127106002
776903357390688257
824702076009615360
846030794460037120
904120227071266816
835268468693843968
266724618
885225168
3245511576
44428771
2939007541
887838159739813888
828623110353981440
855221957666590720
915795014667476992
27778816
716073859
547225608
935493760225595392
946955295665745920
815382934974668801
54631859
898283712550498304
282275320
821846067591286784
841445554097917952
47446743
828302764371542016
871831962809507841
3531209417
72743317
291774022
828105812153421824
869294221
3219780194
914197163995025408
773900757141745664
815449763516661760
441145583
891182956173250560
803771177558646784
934500442364559360
260236227
491856478
735528193210363904
774413948011413504
438578595
195553045
759511561648140288
894588814177521664
29365520
842432472
751031312648171520
930775690906972160
898813755408097280
490664156
800375946775707653
2645739650
319436171
2449324992
435564722
21906070
808048613486039040
1123137259
776560449932275713
826943265257582593
925534165130530816
898842667261415424
845845453086306305
79784897
921562006955724800
886564408666836997
3073680943
905902001195696128
200692926
44959505
242597627
855100318253694976
893531142686744576
17816504
2434088310
800542823455989760
817913921931739136
37990581
172524141
413722926
4780784385
373042824
2327674405
769194497020342274
830905941855989761
50332490
1696503140
732515283902943232
755964849339764736
99660780
3116456960
780942158014676992
255028547
849426879937466372
811121437
2915680584
1918749528
828323539900063744
22083052
3091230840
1012494566
18481498
745039403391672320
856719219974692868
16487842
251842416
46157079
4096494208
911720264173486080
911702955782496256
2916646212
904874105924714497
3969254843
705613169872478208
867920480942133248
871899060092805122
2390266628
819999198720458753
4740030283
325690227
904536257711054848
822594909416914945
514887483
474260446
828949487548776448
913776764463202304
4732180638
4310486772
727865323249078272
905693090714796032
726471882741043200
941734281315053568
2271543909
727401541754314752
727869142859157506
4837239886
727867877441871872
282812321
727760082889547776
794954059505696768
17072387
897846669659840512
3098633816
927422021746663425
940778743424999424
888981122633400320
50930193
829041039721758720
853139823514705920
324010095
2153594124
76501911
839851300086931456
881624174023913472
814887251909967873
927467692965052416
897154083693383680
807695639400316928
907404836135731200
933283475829932032
1302489960
3184961480
925754850373017602
895283307805650944
947390526105452544
940366133651062784
897790052456996866
938439887258238976
4121805314
939670537504215040
836634159938322432
3388031188
4271035467
809414682708738048
44436320
23726559
803567505650384896
109394930
2211896856
75591075
822863585239908353
904021901093158912
508767184
2332662804
2389077738
4615594696
77902948
4786156003
821392313020743680
799511998308483073
366575137
532742307
65497475
855428178298511360
2910849026
897319878968750080
2267146754
827011184469512192
3123909949
897032308221280256
3284365614
843017399204954112
71280156
896555543363436544
3260484108
2508745278
752686172430794752
893911625375387649
912660761054507008
2809166419
797898926330441732
20739801
2925474510
42675164
3457809193
462566866
992081976
4285353973
880269747459207168
880262623400308736
729467869969436675
842450609055784961
880249670634659840
880257535483052032
940515464949596160
178555145
819026230636904448
812020442491998208
918329271994613764
949676594658009088
32741395
3277151052
1262865078
3481681034
1880130798
939349990433890304
743418411242426368
951782753120366594
705050495442939904
94663216
2648972456
3348375095
936726370062884864
33383017
33634189
951507675870670848
951934948688187393
934757737728061441
1056716616
809358142890872832
907129869795860485
908524667446616064
2687970596
816692173462786048
4186888346
933208922072145920
3580738635
929553356300922881
1658663401
38895987
703088026247757824
1411201586
896661501984907264
18240118
1044661212
465992018
1082185315
822526056
318415029
904691022789099521
580857186
922249966675996673
835224839929675776
1400958420
949967557276020737
23014287
901374950509993984
17171578
3065807166
23132135
951226893805805569
863936564900003840
17544520
3098115975
73366833
32676418
25920481
891151254117863426
792223519
36937675
897267872271028224
2784448382
922995568636334080
3998120122
818322978865692672
2503716023
1575301334
823552863985082368
841688604858560512
85881268
823197962327171072
37131103
835717413685579776
830191554509811716
797250295122235393
880424816314130432
463483290
825171571786407936
823144079181643777
353429316
743941203205492736
1861520899
119166897
796729146848251904
820641288353628161
50878266
3340096995
912030102959083525
426752369
344633710
929504981937479680
931554446361817088
950341418752585728
3320895309
177300933
950914616833568768
4303181
826722000806694912
261672087
814643532736696320
872641496935223296
842954808906694657
733851968
63229823
418245987
83674188
757252723364343809
18066377
898930032890064897
802995063278055424
828474714091827200
332999634
4633235559
840598709385719808
850301208971669504
425580285
706824677587611648
831577691719626754
3258162788
427931555
824706494079832065
776133390122622976
504706779
16659005
804193653493235712
249519218
806191336021983233
850427261304135680
22874039
233808687
482385007
2435540122
179732982
4823335694
826982179204915200
834049312770363393
917372864180965376
927315679761649665
939255972685602821
3309396740
1132503684
2163597692
705441650076684288
710375905873494016
810938203582537729
887057451031330819
917634626247647232
66360919
169913250
863317525
1721163391
1942483842
2384147209
755867842763825152
4163174295
3783815248
824992923884322817
719351740743688196
826085385499447296
848276549308739584
875375652060282880
903002488915333122
905646663385079808
510873452
571953394
27345380
4902714075
2854865919
1366108442
65222047
937937995
413590655
4490901492
3078942992
830541453931769856
11347242
854159477477658624
36652443
242653054
518896557
879361689954787328
911733623853903872
854792794984120321
335315794
195589587
712755744
4033739783
24012046
36801982
57151592
818141544649814020
270921976
240272522
2923657896
2319013403
950650316957016064
229316244
708124405
780576798320975873
2934708133
826308790366597120
952447682
813286920398589952
843910035772268545
100880543
1560779984
816332646695534593
880776191799697412
537476067
16881378
896660607864152066
928549066107011072
951151021438521346
818452914217881600
902005769662431232
2258783034
930400092049129472
507877806
87318093
937153572570988544
942057041706803205
2585357848
927478189676421120
821420676766662656
14611061
880701684216999937
895721490573697026
25795147
896086736811569153
933036525599821834
482536461
702708335951228933
901041453291511808
2227680650
858064692710952962
745672743564226560
789590215283408896
458630525
886730561015959553
842950469483872257
872819864355745793
842949129290506240
3186170102
226637533
826480810484183040
823030141790154753
812056645270458368
202343624
3671469617
248278337
903050509463977984
895084403096928256
34383891
797123350485155840
4864536709
822592596497301504
835978597047271424
17410607
42373491
508006873
1522461378
904866954934194178
2314018987
752347062654504960
895783389994897410
423631401
822158225596444672
738729254582669313
342484581
18541773
819681590393602048
762622133105078274
828677251898150913
826109471021686785
18398582
469582871
785209740
1548756944
1934787661
4440707423
766318102577577985
829520965902163969
837747719414374402
927608275096481793
251367059
1130042420
793907307088211968
133397127
211161075
410594518
875782349757194240
620995894
3116882325
3437868796
809177267595341824
822856963864215552
912737724662210561
929817782576848896
126181918
115292123
2280712396
745739924050083840
826194615741083648
944372286827778048
839026325968965633
428353946
837561853
1935163351
2559501992
2998864022
816000464458280960
848940498320535552
854809963335757824
876484209535098880
877412978924154881
889921146715607043
3718241952
726872852968931328
774230086937489409
795270955245457408
931378143771942913
940975642463551493
15946493
33581984
85618618
146450885
509308474
814140012
1439916415
3213594764
3679122017
3846363435
4505179934
805345210557493248
816045085427015681
825520809678548994
827011405165559808
829807311317323779
853645234298900480
863579884609691648
883529255853867008
52440175
168524035
216270430
557349349
492426312
716371621380890624
747149269845614593
796488319131586560
822645132319195136
827662335368105984
22441614
573173793
605641377
870848395
1135769804
2394967782
3565028294
785303121165594624
832467049339199489
836853005148356608
328282429
802997975081435137
755960322003832832
796810025817829380
20800366
804134184826585089
101938339
891036965402943488
823541990772133889
769598415059681280
839260908249440257
1394909232
2922124766
823298254435717122
67511538
791095997124358144
3302868796
3296626170
823344122543177728
164706963
2223789247
720711668087529472
829098861528489986
827898887105085441
877372087366631425
312676137
72922303
371483512
402824931
543747091
919062894
1293687300
1328206963
1545785210
1710476310
2367796346
2835659144
3027622355
3090280011
712637147581390853
796513067618209792
808347738161065985
825776310790266883
832674511459807235
834115529677774848
879202028299313152
881746816823431168
885424318926258177
904283597988782082
939970357443694592
945721068685213696
948845241552969729
18468025
815708250217840640
153227552
486277358
594116718
982767486
819294551743623168
775034466536452097
868827562805428225
801100959652970496
825181839358701568
821214325448785920
846134700494262272
914031841157566469
885964768338747392
862470633086525441
886774289738874880
893900539083313152
829798169357660160
2910641294
845506343414874112
44043684
36846904
3695853373
883590418700554241
823328889535680512
815285462440886272
824980762713870336
742160124618248193
28595549
828038191974346752
866114580908576768
482529659
916083407838433280
2827770165
919139318110740480
941485338031095808
2772614161
2919833635
876837943687733249
80985172
936953959910010881
59386332
24789484
942622290688188416
452836157
3011206740
949966655362293760
946585556422553600
770316651443081216
2895024571
2788934088
948055551430103045
929020614282682368
811251016410664960
936120667862216705
811377348813721600
915103400496308224
900101544233893891
330948133
2341452164
22402658
2956896169
896778379143327746
864645476632506368
3032671584
899150318939783169
766920434885365761
900240444805730304
854689033074741248
872780316607434753
3316173799
2937688112
870848565735809025
2793715899
167525898
904387943879421953
3316366674
928921370175483906
4772542358
926338762329567232
897541015749279744
733878282337280001
728135143131488256
928926056081264641
853208599312703488
3292625815
908358305738760193
922550326720323584
125476337
908382438971269120
899915091486752768
828301905591836672
928899607194509312
3186208459
905606399274520576
883252878349041665
822726095791263744
2167369452
928893992896311296
728092664705355776
815416263786668032
846093410406686720
949387848591073281
771666086030811140
942115462502117376
1305818593
2242125590
28811891
49672696
3299998634
897853054497771520
819176997037473792
4166108896
912335737789566977
1411425733
796381089275187204
747537722735104000
813462112278368256
3384695291
813883855
769381991275962368
921378663614091265
936218885694529538
940240078332313600
919222876053663752
14397242
3018829926
897304031978151938
940908692249174016
896029995310530561
899982124228333569
900406288055758849
781398992441712640
913762435403796482
920320524508631042
910565497531277313
789872225168031752
631664967
927930000484868096
940923984656457729
852430238399176705
93933068
3050130792
3009118856
2571203778
3554698995
900541071708442624
385062246
15604794
925996827639349248
2884707645
948463686062166016
2974593159
930399388387622913
23967659
995761638
944508477694623744
749111484358111232
2563656001
256161555
24195886
16600574
128500019
901651051404812288
909865403379195904
829510616264093697
15212700
1962117602
862691217636773888
2227695259
3056903853
734930461
863011310761426945
3788076196
943740839976689664
4697175726
713907904613470209
938684448555405314
933310996709437440
492991594
129487681
783683515837616128
918014034275983360
944717299256315904
1074775441
456701739
931300568978599937
18829520
943756490937999360
215178490
909695628237717504
21041379
4915639327
847204026508656640
718193927136759809
811699909095202816
1048983758
837325700625391618
73537202
1292662861
2369893166
3138454448
725588574
949174056053608449
52197012
376744269
439593476
923940864107220992
777616574203170817
23639716
2791451110
52704889
30128109
912373306375929857
815011123502153729
232603657
100493922
2358303461
271884357
1924892180
285287627
925530990415613952
850148074831966209
888030081343340544
890734575764242432
211417707
779721208946368516
909209605514891264
828667827624280064
16132258
80114229
832751112507662336
885203193034153984
919806946282278912
28037721
792251114
210428598
848553564519763968
936078345648967680
531873911
3310215452
747574224160759809
823952277539012608
234224995
276237498
723451571833585664
798703395343208448
3076660949
46831734
910372400390340611
2916909384
796277888203063296
928607661490192384
2980272732
197716782
570366925
3346254712
893832596769189893
4706615712
820698468255748097
4170131474
736669252447436800
909032740200181760
800536879179235328
751434137010049025
899016282191704064
868192943877668864
7999862
1532776500
16942658
35559773
2585761906
858906699205189632
882835639225462784
17138865
936469309664190465
2883397341
166454430
24932455
883003734099345408
833105332469641216
174552094
854320967648260098
4541535439
460369306
857704311522045953
1345480009
909088979399491584
2792897314
2723241253
70499835
570155661
1897570772
25626376
182279153
936708371755003904
3312631694
555535752
538609237
17888839
34023470
329330720
16548855
896573323
109854452
825469388656480256
3433433123
3097390120
741167167958331392
841033646299586560
27789237
1110712596
846100514072866816
874106117886005249
1701595334
125412970
718003371639066625
896740836070772740
869883184879738880
401586839
15129104
2916618725
280826651
862746688510976001
44313316
403179950
45765762
27914147
914487734844235779
18996376
860654500431880192
875487271171928064
306968647
929354173862182913
825740488367955969
2396604059
4363337294
2749385039
920642810788925440
1676516330
125233653
931039482941358080
3373858493
904165445254696964
2185461735
892253960786006016
896364666993209345
879886416335052802
823367709526106112
310869334
23255247
941680410399997952
55430898
4157939543
300985390
814946718013755392
63139313
17099112
942850661527437312
2169858927
398181385
920987799188312064
895015476899840000
825747424849301510
2796334270
830516139281100800
1549026396
942467935997538304
828400393705058306
4507313779
511077655
2971229502
932259345613639680
825047464365404162
29525911
860677363
2705845232
943886814342995970
896682910996078592
4032474673
329925175
132664085
75311987
138914345
1226689524
298665362
758597687860076544
375757941
17172091
633919575
17717593
825839859797463040
24198971
840314166091034624
907089819330682880
880806870566424576
270061561
825463629990547458
819721668612517888
929752815559462914
835640727942103043
926487413123190785
944805766715731969
34722931
48829629
555976671
16592225
795446189902745601
826487672843694080
935613782876938240
120806450
351153307
300398814
390838564
2857355637
25122891
884474452561494019
1244531304
798689912249688064
828798124315463680
17060507
743806431959334912
19909901
4476084275
4842878215
2620109005
56354482
2909355958
3804200413
225283361
771717031754334208
3013059776
520029915
22645697
1894314398
807589703298019329
431208928
920654380776542210
3218665854
739844197935644672
211215801
815281892345991180
870480883848892416
816714241222709249
758873397564538881
3102345505
235766068
4872519219
896044435041136644
2549153545
831532143989776384
1538839230
4814274802
805491910756405248
927210393461776384
825858687327674368
825103333660598273
947563542135193600
867706148945883136
89303029
257130991
920614811670630400
750184918756499456
4862269702
844008201863544833
2844364176
3929756543
2865693345
888626196824698880
922643073158410241
1354241888
442948736
821160270504439809
2263132050
883052959424290816
898231845925646336
2821669070
29309901
16304067
848908558620078080
67199358
759435974527115264
2975420677
819993993274675200
90241792
1920211609
411446545
2897773175
26823719
831972659609104384
80370806
842563650103721986
295285502
936236963698442241
909929172943982592
2994782621
161939676
881654132406353921
795538097119305728
1016484138
20852175
715936819368448000
18335844
483279333
2435517199
870106159201439748
898826405655347200
2266803997
765384381217267712
87480406
2832602623
808115854210715648
847481312705249282
866258644152799232
888160578539319297
829402802787020801
2869139377
827162185415659521
893308458652631041
862144354705526785
244328801
829977013888782338
800111181058838528
828417234267615232
802649176299466752
879147821915615233
826476069201010689
876062215073300480
858506685136084992
830228931085205506
875102174824542208
876157973000724480
824877094236680192
876558081026600963
2230450464
929488823624589312
894891137940340737
836917628933394432
894556841283264512
39856740
845392892227145732
747429836394749953
705684324
832662796357730304
718432215290372097
441154386
823065856460652544
552780824
369883408
557328931
549518940
34736991
164570228
829428896286310405
811551264542597120
2871375418
15656663
1905027679
842525052759244800
2590658359
884218298283327488
332744131
35098906
4654699512
916816411095212032
46828927
803135966361878528
810639135694356480
793200858208931840
850727236281958401
925214500894019584
1528023500
120795231
927178841700700160
254186531
22185122
2575929534
19157840
1096914824
3182221885
15565732
19516513
934181338793562112
369835992
46630283
879331251412508673
796938808100913152
857636499466092544
2824261985
28597397
9322332
700250047
29813546
486190313
525373331
824070500326539268
738201370482745345
23860507
409635943
1339767902
179794541
803638410439053312
89789937
202331684
47017680
771875070423760896
42436889
760923244660523008
917138556543307776
2364705097
910602679755427840
363760052
2653828751
2610309458
2149805262
1281584466
612748815
935186901874757632
3513956295
117532643
724698129128259585
865106090647801856
753406909403762692
175467265
726394937646915584
89771937
32383958
750481571363164160
67170520
2437816520
940285458
812344585
224484797
820714217460273153
3066996365
22406727
47863689
390952897
158350621
921073122383671296
17530826
933449750128578560
741963895020064773
560483970
730380825699729408
15476712
259637651
76887019
717149686176550912
1938845239
890793665995489281
965188334
887698839100116992
929741556751486977
935933528595976192
240940301
836618734647324673
823396497714577410
370080511
875675667505008640
48078221
258741909
884204947960725505
758130655222005760
802184729235554304
197619337
14273382
926563357645193219
801215898455392257
842536017437442048
249752699
16392738
4584257894
23641425
3225649363
1359155396
612143605
812670830014504966
192351844
3811496773
4826141870
740580046465703936
385444597
37599351
56481865
29149313
35270725
611512760
21968079
106535498
2809396552
808369805094858752
2701239444
234377523
826509612090347521
16360059
508116008
10855522
134296707
3418151453
2818654580
109693443
47236048
803650444782370816
827856654951538689
936834537820172288
263982175
18315333
843606578
796222807193583622
20778886
185657632
913437798983766017
453025139
817769628684419073
712340069789650946
375071011
936714130832097280
20413056
21046153
860193335235022850
162556444
850049488664363008
3315855847
848219781073383426
3187320759
836383863819632642
4069820847
847942138545422336
859493739911233536
182200542
2556793152
48717116
938093357884149760
415208785
804343686310088705
427921745
880819093976170498
22990501
829353948943351809
301795932
842806568596918272
3073374880
885851102297698305
912088184925884416
792504050528849920
935544564823273478
899082776657494016
829015367628554245
931882253801705473
1411625089
108552921
509185272
2983250529
825404663159783427
1123303027
818224400554029056
834404686392328192
826496319044792322
69088703
4926134953
22647819
430090370
113271930
1945612596
820818162
4214466983
3237510143
512410878
777850152778432512
940946392180289536
4346030968
838525493368483841
13033562
910541935181414400
874085209385443329
71280602
20802179
815817273005002752
842206655781695488
829512693233152004
907652011520348161
876097823439151105
936014780401254400
513724263
941540173292109824
786380343872000000
810231967878762496
17427513
1349535121
843699532193918976
48690472
17167416
931278145679847424
42095892
3391405013
2422894309
898913528890785793
788053603088990208
943796678145880064
936645840952635392
727537549288345601
914518132454248448
2957924592
341190477
1361464596
438688096
4049588292
872046534208004097
25974425
461013813
906261822549852160
939004384448364545
863372054317367296
745114513821704195
67416437
751947774
881336677138128897
872914326264332288
2568352530
3147834467
803921318
816094868
887266968872595456
2987823817
878397308794159104
943661231155576832
31633148
1281740239
160273215
556814156
374667569
926524310491037696
314054566
912709859077951489
69005409
898868347
3396143585
26214873
799010005655633922
59132641
1176469741
874746357449465856
31928147
356421280
807824724185194496
456599068
816463021379846144
213420865
2806413827
1553307865
508241506
26869816
896037930040311808
30181014
728323761208877056
871990688870805509
424569568
3343454290
727595749844910080
821227993741885441
822990440161050626
931054608
889897036337758208
4488769523
347785608
884224110414381056
893636333721182209
86659367
282640287
824281921714851840
847922625107996672
17302067
885682970140352512
64009474
862474644196016129
819265206601871360
812404877573750784
16426425
772958490356617216
281826197
3983636474
941406356052918273
865178073603465216
153539850
1248759402
778847899274784774
1200497383
1041485360
2193466765
829108773696499713
35139186
826611876
886371706335625216
826110895663226881
824678781663215616
835268331921866754
818535011074842624
855484114866249729
869586132790419456
832557427325300740
863466119591493636
61223147
45193863
881310164879634432
815958011785121792
703237811940540416
824395857625808896
2832096234
874065317173096453
826582750958231552
763199328156471297
787441478024859648
825069943817437184
804330898720227328
722590718842269696
462958223
863593337005023232
918781062200872960
821390751271649280
174242226
288433921
2342986453
18738783
899808009475510276
474076398
42146993
827302314402836480
192220938
29385824
3110568878
35728669
119576067
1403503177
6323932
746508782973366272
936296067666235393
869707952759898113
908822787233652742
4183540876
468851612
940610486349041664
4093089513
714590554495913984
840236163885613058
877702138905976832
787772914183512064
44384976
3009175853
784519202250129408
20637214
64306543
937153913693851648
790779761521856514
363314430
821420877816463360
4821515421
717796191384182784
1116216127
780806537644093440
824835298097967106
819456265029980161
1345172978
277229509
826698089196969985
836788887192121344
786811991394430976
3192525401
286388317
829745252395339776
4765471392
265600371
37270422
4345726217
737376235156705280
710257906747179008
760053765210800128
1592316451
824130871712247808
705774378475253760
845809027967692801
823389151726882818
535838465
758716568851230721
826910727600345088
873060960721707009
2887026221
930974298465898496
813881653076471808
2409269164
727234317944934401
366163310
1372512036
4634498301
830362708658704384
938044903216549888
313172711
929530907706437632
392102276
777722641381720064
17031934
1320601364
827138237843922944
784770859252658180
782714414462033921
1025556092
827199374086148096
804581396962508800
714280998414979072
405792939
850330743473455104
2491523990
3038784446
818454399316099073
2661842046
1018528668
57826518
933733237159026688
2191568058
821454811954487296
35108906
825854633373483011
863183913593708544
861624579978125313
900087634747379712
2968940069
551481276
24973126
4556555772
878635355028807681
822585233249882112
110790607
2363066263
308226986
32970306
714263567663505410
182073209
778283990017081344
2761592377
3953695528
735594241561403392
810178352871047168
779247136944689152
717802419225112578
1477241472
2763021482
4086744676
889589208846827521
850860995337736193
390164649
705299120
784771562595573760
3352466116
788608403455217665
29112110
105014175
809923217653698560
913923444160516096
916049596262092802
392212735
601418794
1315355821
842472365628047360
827137989658734592
893405045508763648
2334164851
20846121
924991949924216834
599551093
152059976
796807918121259010
282803801
825091341000572928
777683430305849344
823283730055774208
837169613527928832
827186757225611266
576220377
823796403113603072
825836501737074689
1612310400
899085537243516928
850145994381549568
225265639
2990835027
913989447510892544
348059478
1237139839
268607705
872086377202102272
626515184
945552243293552640
198204287
1380155510
863036925908852737
731159200743612417
91368728
2897028973
812028824
146565235
366374544
2240258598
1040771412
712999751491280897
874828182
729010873537318912
34850663
1004426490
863189787632652288
833724275286736896
766057748316422147
777235210475671554
26312383
489691285
825568497434497025
880841903196983297
482332981
938117120566669312
275736911
15159040
912128240831123456
2924369251
2859936410
19794863
219445010
855992979265343488
798936281954668548
224159098
433558111
933282706196230144
520061467
828250698181664769
845788208503795712
768275109341597696
3159556177
784822038166958080
2974221209
17115086
2823162631
292698581
3076690570
779333699108278272
803251521827770368
943161683190734849
2730759696
16302731
240201514
943077421623869440
291788432
758668293058113538
82121358
2678846534
16841147
3301171864
195023592
3065748572
718582416378576896
23390446
795020475588026368
869775625
936384751
3076444642
783799594249494528
3981271347
885364339321954305
376584753
18992348
503129500
926863126317948933
60954808
715635422387417088
825716488283754496
824062788905472000
1927156488
34858992
330509973
2458976628
809299807303073793
743211191787368448
796367969328758784
740726152566689794
728840052
923543473554378752
2536281337
2775744309
30250752
879175320045318144
872348186194698245
3018114903
3195797544
3011947880
4790374997
730729242334531584
1245409088
2478705061
25385496
887073393089970177
783278598123843584
2294939966
470543884
221063267
704778428
23094875
818464689516638208
729797054017503233
35221306
4134967269
3369278890
425482648
711528896
867634876899393537
443406828
775094898781487108
921424310601965568
880451913480908801
834398388355473408
862320147821973504
919392001837162496
920071017011335168
3394722154
136402916
21615417
39715856
42780235
112532110
826780993356836866
822645622310322180
18798286
20871788
73452506
4888878552
816045345201209344
2164284266
1703870515
940232794877452293
827880002758836224
388449269
846934487355273216
726264918295486465
23961749
864640749379305472
4357495341
57043672
848609180218949633
886032877011558400
110808992
48497926
2486311429
759088783539081216
1928290020
823337401061937152
1201535478
857457629592989697
823266816852008961
214513723
370484092
878828330623094784
132767707
879044852952035329
44253771
823346676614078464
823209205578403840
1708695000
915614198
884105787081150469
918455574890676224
815883325650956289
75674315
817198129875472385
71978321
907968027483934720
43600111
41877640
859992452022882304
856596564516651008
713015737
773578009966211072
1547332116
476309296
472188228
801554644686225408
930870359745687553
76820196
803310029155823616
769878574052548608
4739677485
26346508
22631057
760103091580665856
40983589
861927176
873980130544287745
755477551636619264
274313263
844175836941029377
329144599
3192067642
1262317352
3151851602
22080404
730164832134107137
172796684
2813211061
3433028235
4619570007
523886156
24031559
758410890
28689241
95485350
942249876649160704
734048236500045826
766499835042205696
505054047
2495771354
824767270220025856
4890882437
2796903343
4739614948
349372439
931487901472444416
23746411
942791482154549254
16284705
3167012560
531656845
36598831
22844639
500391228
237042055
881510345910755328
473228831
70542057
854064931376910337
708105695355219968
838092613861330944
102745381
276266427
309258839
357229422
34076075
1695197929
784741782294716421
961710014
892525275703123969
351346086
90296448
92037419
915039652041588737
271432793
61108815
810590628727914496
244353807
3333055535
325001316
55948054
276106961
377540405
48339837
901309327188910081
828718753663873024
822811143207088128
2928973191
762057068937445376
800418491509587968
14226658
2935951393
774056740174303232
918744720100220928
382886484
21105276
890591545509896192
20283294
616573748
2876041031
893316758987128833
489975747
17490707
4708082121
4722204972
760652482645155840
822488340805120001
461296462
19613894
199419058
767198582273368064
829733779010883584
782292383450955776
2805934129
226303657
906315371195514880
2564128819
2922538229
826263698817875968
786801801022451712
2656765981
616750587
757118699212009472
520346479
20374432
17860053
799321819165691904
30338540
900086383091433472
717775665928531968
4012113892
865226519412563970
1941753763
828826282146213888
814590942502092802
818112703218778112
327468407
2941362064
161838875
926282278552113153
715516191016615936
524307591
2653586448
251667263
4165089203
966629053
18050405
855594965057110016
3796075394
18857388
26830763
1547027863
32291774
849042965477695488
2892129586
882664969145372672
321774180
29275869
895551066250530816
803428319043547136
1345454815
22962349
2763625010
21659132
1086419731
25077489
575820679
778581027291660289
826938667281350656
849372179535990784
43650621
820709145615728640
890977722683576321
108001959
777987996297691136
817846787662704641
3254889277
386263630
801805474165161985
2353789531
796909639791235076
56561168
241955334
830946630819991552
845833560611340293
2460279166
245441097
4202560288
506228902
19943886
2615937348
905811834397048832
844566484588232705
737355119780499456
312921284
824974918735388673
780583961957314560
2984781465
847627361566695424
51944245
744678804308762624
829700903099826179
854050146228862980
26035408
840334175886536704
292276905
1600678208
2370525344
71331579
14968867
837010354051952641
474937638
2224408518
19558732
904522863608287232
862842446614470657
25444079
825000900192120832
786350701
744646153275269120
18138592
492508418
940428701723971585
612164188
529008588
845716891859603457
15808765
31122582
43797990
868333390637940736
757270831600840704
846047953840197632
836986275668365314
773145516
2869858477
1452861104
3017732286
17378581
240112167
826581812973621249
772750747
746750606744948737
1254959005
790355406350458880
844695996428959744
792397248718053376
2863996955
796473629617819652
862525293449424896
4271553552
60043549
28878930
834204084903243776
7855062
186667011
4900058284
904397340584366080
823342851438178304
926620369
7334402
2856842455
796761850310488066
46818339
313084502
847899028826144768
900418562740805632
2209184731
825384340292935681
826570605168381954
927538098589913088
919112580542500864
49162547
362603401
3253125358
3312840571
1952510090
2863631170
247334603
946549322
7713202
7402662
9855382
172858784
73238146
806319813349904384
386213355
88942134
154646116
28744000
815277357871165440
948078367
921528731495292929
3535835608
569160639
256510253
782067386002333696
829712720542830592
22228174
342957470
796811192924770305
2564499672
925592211890286592
823528762117537792
36726020
847052620082679808
816365222202052608
786895757668331520
56861744
842763645855645696
2746644052
795022220619825152
780991657961517056
826980174398828544
339996742
2552925459
67548758
923893094810079232
429521868
68827789
36087937
1266323203
920124653124947969
4064408333
716689065517662212
900711972664160256
802608404283924480
16827148
817166972764962816
24732076
949934436
913485110858665984
3361120619
2200188788
881174262983254016
848658731613040640
14772775
2495727134
262420136
762484767275089920
14098909
755629865097920512
783681718226194432
22511174
17278992
2511048108
2925782170
1520965903
713731054906044417
808093340365418498
444283883
352548417
16051471
131497030
91942071
3862412194
808744186803458048
2742017153
1519868952
40433607
516929524
819568768158486529
35354684
875829222543151105
1316686338
787728243960844288
2211730434
24841698
218396108
2961548462
2832218144
62439819
825783812227489794
1122756668
758675716695220224
896158368120877056
923380204596334592
2472233908
862957171302158336
4706460988
815893016
3711852739
19422491
1229007625
4772906052
927751333247111168
1403261666
1604464490
925342772755800064
803327166519775233
2363126492
924329295790604288
704810329826394112
25606671
913222391416934402
2567268222
363279110
616742231
18698555
875180198995435520
1548489476
104865001
337489592
831585864631382017
163299688
116525945
795373655559639040
2648638897
604117870
525678474
77329593
2813530168
737637845813350400
844723701245448194
825413904591360004
824319371036262409
826871032913022977
773997422963986434
461447655
865172970788052992
804036009222672386
838066336500633600
19378040
137542214
3037232182
829787503641010176
827237152836685826
922869448691740672
3050320028
823748762753339395
24201182
289206404
542947234
22929686
30128212
825516557283557376
2828622327
21127612
423896495
3316388106
832075769581010944
4602240394
2647434836
910632961459888130
712410043031932929
462573965
1514832626
364068224
357589333
263977435
213606334
39364813
805205821508513793
54861430
3047265886
32917190
31416622
572282251
823338671822737408
824469842153664512
2923333369
866757988240957440
849326066590154755
2275144147
43963249
817145698428874752
822524419058712576
25538771
540426306
820369213759987712
798953701972938752
892107347262406661
4462237455
82533658
382370203
173915182
180135165
92317603
2964478881
23086574
803662599535677441
20210093
1348299643
1033441682
302905474
20744708
3329332379
950593608
814136257584463876
1324488289
229545252
2949831028
881569857283739652
44439862
835215973447839750
2211356904
860189500731011073
212344773
816406404684652544
2412741120
921763656567750656
796849197840531456
413274241
391746091
845750304024899584
713839291210792960
827873909282324481
1267075441
4376835677
4906517705
896868358573916161
2363804264
1319045960
807989942
806341823874666497
48420155
863935054405398528
1436668376
805388016692920320
34753678
912864259259777025
233127875
1149311275
841480037517910022
901703629
131308230
524758328
887570782359965696
779720144658595840
824061679411470336
845465022046232576
1056081252
321583100
910355851583598597
35308470
3058713120
4067926289
269200179
89552709
786164780373577728
223166587
824818545196486657
132496568
365181207
755057897583804416
839516911612354564
80944550
2375574151
3368136199
1583523446
1219473421
908669578787659776
911964029962407938
913368092604059649
830182457039286272
574023889
772445414536712192
862275054696095744
909987800640040960
2589045737
753693711830097920
2777370727
788773098774421504
32296403
841381342885625856
878693823144001536
4446656189
76148455
845795695
2349035834
4551173799
422820766
326665662
435422713
4206011292
862948698262827008
24371236
3178371867
60752837
36082878
1626608653
860893410277728256
913128376625483776
755769077663207424
293087843
15857447
138584469
530822447
776830741984444416
581398451
805566304245731328
4202588974
762691398399295488
25568699
893372150811418626
127716574
30372536
889185836121563136
358429801
2720602209
722820550662316032
430306392
799408514682810368
245317425
742855314
156008095
2744919340
1341999997
60686360
160103089
132339474
825859167072169984
838351435595149312
372738237
278333739
15545122
82161116
797983077385392128
904414768357707777
817188719501447169
2811485305
389841834
2464754106
219884164
4194513621
26443215
128763579
824501132793880576
376539669
829979854087057408
525595860
22773313
897742389820968960
80455838
762463276022112257
891294379327070208
402409431
894218186094260227
46994040
761765164311941121
95092854
759155531332390912
267228781
870991973385162752
19461153
3938173949
832432662581243905
896847475331416065
4800344656
54139139
867842479738900480
209311997
392207309
852287863244935168
787771717661831168
90350267
130057886
178362634
165808050
871029086851932160
18305815
2633793605
805487443356962816
755810312914210817
31331259
703692143580323840
759317154
2328126524
847930237
873269697306931201
875029068223315968
830908366377611266
967776494
83484465
2747321640
12
3011786412
4751882834
741450836421664770
892164604649799684
791555256786165760
870453846090371073
19396625
825518870421180416
822830153826963457
614203714
16378486
276530546
27801361
864967929909129220
382685028
786309892990574592
293131808
823729085318885376
898619096039927808
151186626
849339150000152580
385573885
763046596095332352
759481842814726144
858325949674336256
29769998
846014785246367745
236506960
15378310
2440337784
540472551
142461232
504775861
902598642359386113
259796817
831481628
125730512
4728262155
32774989
748709805666103296
857387768065818624
524531939
4063590502
81206871
1055343517
884441011853905920
964526624
843844520554958848
171267518
822912287988137984
261538972
2410016034
17690627
792442371963293697
26350255
3273778675
42447494
741436933717557248
336176278
843556423548067840
907036222442360833
4538211017
902731622243602436
348666133
845359091887280131
861324932801740801
861687923791589377
15731259
843595546073976833
827771134233939968
829068804483272705
20352497
334937812
2496335227
70568532
455537870
100591775
878001126477447169
258127708
186481679
811047093720727552
2268123672
772199184778661888
890347386966601729
56310925
115563859
76957653
822922920351645697
628520399
4294745001
319104757
822124776026214400
141977378
4269633862
897859493014380544
2638240907
493822843
839300788702875649
1173602827
706975019922903040
722431116
313732350
977280494
890354526
361902109
263172459
39724652
762856562343882752
496985240
252357183
32671625
732677174994460672
825739345265094656
863039534870781953
1009899738
863035897054453760
809567000364126208
71660718
870077183028604928
215207998
783214
289118612
1284956808
1571239068
1635772345
219601555
798296697952735233
384075177
108146158
1526864863
800448085012795392
868068429575602177
163194830
25694156
23865382
429227921
871523165972910081
822475925422034944
22650870
1339835893
409486555
278124059
1534378921
41814169
466953226
71253934
21514744
16549769
755886754180243456
818646699023290368
44988185
248482567
798729566126829568
800704496246484992
74780569
4531076896
863027975247343618
1093044156
800942537083068416
86129724
12354832
816036458335236096
819677401571414016
37590426
39000115
22771961
14515799
758050879354175488
2918161040
15976705
188195180
863161360129159168
850099098736873473
834081571493785600
839574081854930945
835638974072901632
874520083225354240
874914151096778753
191030575
106682853
873353661124104193
874901152739053568
832840107023593472
829740747951898624
543780273
330488403
797215904085975040
838764299816480768
781534268
845316320900108288
829390100639387648
797617218511060992
129891935
781304089837723649
800106323224313856
84653850
4149690013
46197784
2370283937
820326344131104768
815743914724364288
16721452
199330520
817566648077000704
569410072
148529707
49583547
21001599
4559352072
26742293
852453129945702400
950531
740597986846203904
16000356
17018594
14834340
239760107
10228272
799365493
4510256658
20479813
824473943931293697
827654988935610368
838944474831196160
2951725117
1597734476
453319164
771408483342282753
2175281919
787373558
22064255
498167911
762340453
835740314006511618
755808822506041344
828051037810544641
736935466604363776
824773862512533504
805094082863394817
793902637733146624
810619093749559296
855109542639751169
15012486
32974114
3455796672
26089729
83795099
218325695
3901384865
280728365
942156122
4635492640
28711102
2467720274
58528137
823583545100816390
22129280
21684595
2367571697
2955555394
2255182597
1965420800
782414494953713664
2800581040
28162211
602491646
824810554376257536
738205633355255809
44134773
1286312880
182503471
46335511
2317351705
316389142
158414847
19697415
11856892
227837742
71294756
3214594359
21414576
53159373
3262564118
818619925480820736
27433794
1055907624
15548278
814643107031613440
831711011694583809
830886553123700736
1355181415
2707065429
3432769414
815629376326729729
825562970872647681
322894088
3267313010
746406424121581568
808094297325113344
805264274813845504
800128123274608640
802935568254509056
807079262087823360
720548633435746304
803793160669380608
798778606478442496
767205417059512322
785175469549203456
749005051180355584
4882526853
805667231338270720
779784169765298177
804119329579089921
796918378564820992
799062406844530689
415172711
826495455567761408
721164985431433216
175175474
2260128698
3223426134
39374924
345715168
3167508269
111683028
751283435382067202
247791531
14412533
15463671
1106501
97474887
187289134
14982804
89820928
50325797
244655353
1176994477
61734492
46479416
360285166
21705181
49800332
13604612
3108351
14293310
742143
51241574
5741722
5402612
2467791
14511951
9300262
13850422
863596621
849169945
712554407976681472
25203361
112897540
24897739
115485051
15485441
16303106
139162440
16711026
171968009
3080572888
521747968
818581570177024000
4401517813
1530894998
66661227
758304109170679808
4716252866
496553935
817923454456373249
4868688743
234536718
39680368
186398120
18614595
219264201
21762950
2159446230
823755885054869504
43790923
2168144414
2168144365
59031230
87818409
2453908099
2168145180
2168145656
239949176
970207298
311276757
128943538
836042147774234624
2233154425
759223237943390208
263528349
55887469
24913074
248735463
15418628
43126499
15576928
629844555
580312540
789913966910836736
803678804669382656
2939397649
224851427
189019490
800202388061552640
1176937356
832384754
757623947441545216
989210029
751034069824176128
4378608615
800191637502595072
797485736782131204
81281442
785447811584253952
808657333584855040
37033886
799138093
366084762
4345757009
60745624
766866242086981633
429402328
802238599391576064
591264175
797553658657378310
46316567
825758465268314113
2975577580
785164236804632576
720008763898343424
31608060
179703126
806368075922685953
800542393510412288
756250953322491905
4228873573
15922214
18227519
184136149
254117355
21619519
610919499
825749947756605440
745770663944683522
57362508
797080559839309824
503663007
3311777984
799424284686839808
387149499
3331419909
756342420854288384
3037248745
814600948601405440
3318393619
786914412531769347
812386219384508416
820094438349406210
800508822905204736
794383908435435520
770006376332525569
796122264601137152
804435317579100160
828030499322998785
828027575884775424
3190849685
4854332050
54938044
3002807011
466803699
28068072
570266167
2402943289
809545705958187008
24806248
786580814691639298
1132243826
2966268891
829335535357480960
246103
1864753754
140405540
19755416
40838211
130545305
259403751
93143080
834865464287297537
2313976580
814538502339698689
825684601
165071554
817931640429158400
59849033
2471632388
4646423969
21495530
416437173
25632541
833684221235441665
825530419466616833
194355896
31127446
14377605
759251
764293937464868865
808392620833652736
825043982006759428
80085145
62862758
123655512
69762387
23839835
798892913962926082
3279945986
2490427410
382318059
15488382
22526677
443215941
4438796652
4140183553
811330195281952768
728632005785686018
2836421
1536791610
4925188717
15554072
797899198645538816
744252001572233216
1216789842
17578198
1640929196
2421067430
17301707
35270579
195669757
704967105402114048
19107878
15458694
15728161
33879063
87957969
61149653
997682274
319777415
168838692
16352566
797592683468455937
2480998605
920230501
355722698
327721535
612057704
15947602
462980781
428333
4207961
15224867
48802204
205864193
158426909
325830217
939091
15764644
16789970
15442036
476256944
242836537
250188760
29201047
60828944
1099199839
1068481578
18061669
2891210047
2955485182
2964174789
21157904
21269970
5558312
18632666
1180379185
113047940
88784440
266133081
233737858
75364211
296361085
555474658
202206694
264219447
291756142
1071402577
1061029050
600463589
216503958
212262370
1096059529
3793186695
17494010
757319481504870400
507800833
299802277
1380859304
822617223399440384
531351424
868856461
238862918
766547376
850633633
22095997
2970293603
822895446557413377
822551270519095297
825454451481645056
781677821282385921
84746657
802342758925090816
825300648170242049
772205260982984704
818526113144115200
4778253918
817151577622454273
825260610128605184
825347352638668801
2883112982
818587843941367808
332807597
1901999588
827187776542142465
3158571186
35383293
824740486724231168
2631632418
826136964399300610
816007196802772992
825867091685306369
822527103216349185
724330705321267201
822533749938196480
820526383998926848
821115559160913922
826432740912410624
3473325507
825162866273746944
825237970185711616
803409563689119744
823193220851105792
820413772829364224
821766686701473792
825966783131590656
257497216
420148179
2333566868
27185770
804845449588850689
797103046824226816
43014978
805121255326289924
4101427452
1530987500
808150105316429824
805802950601809922
822676509668216832
823352452237971456
823260803826614273
284248732
826642105623777280
716656163748769792
275830889
2531775750
830330036
842868962
901160826
977660786
16226417
346225460
22271574
830232611855355905
22721937
169200280
799921776905990144
752621952322318337
806794262004150273
755683773275000832
816681466759254016
252684779
1365840828
809785661855125504
798739603238907904
800449955324260352
800446780374532096
75116472
815209725407137792
797103314718621696
275174625
804123357662814209
799641775530856448
796838577636306945
172873081
784817181477470208
717546814623318016
553921006
801224294214733825
1394361
14529929
373564351
197868200
2639853499
18622869
4831124783
812351747343679488
812726442513473536
813317718199832578
819085509964115968
818995397146378242
67461777
757664451604643841
2291926262
14052239
702624962088083456
806994119746789376
3298902036
800113758903287809
3153537270
796317237216821248
288552416
785487766930927616
17800215
2427771799
2482301984
390054363
3078134492
759270824117411840
86644028
4490534239
80235953
43114247
838958107
467130216
66213051
2984633672
51735659
780955609394884608
2182071774
801256698534989824
281695815
728244260902932481
16946047
755113
20540348
821782476515409920
2300314556
34354747
18082945
3390254459
43622660
1969346438
162452290
778933753150251008
2707322102
825419484328402945
828379022530842625
804897277500334080
815295571233767424
822410781866213376
4794182534
823171093854912516
825083216277209093
1568656350
2394482912
814876509651537920
814300070392774656
815022585834590209
39495280
282280659
785287536084004865
28695927
796400472970043392
3310222104
777890548132687872
95042969
29903616
796362384084439040
815574858566344704
813032126044053505
522026970
169980486
741286249550356482
2412931580
782360091303505921
31888591
28568533
807806382191874048
14188527
85144571
3073342380
808480622175985665
814627484335542272
708865969284902913
737468426566782976
734893405931773952
709517509607755778
489984866
4254018082
704221897286819840
4671268010
4481508922
4852175399
725295042013872128
4495923140
3414559738
4470811228
814523829292859392
828182949312946176
19889684
261019817
4783126974
3407211299
716003004533641218
703394778675875844
702239073746837504
703333870138163200
467078420
115213091
4704369878
249386280
720281941908463616
810123569925619712
2169254929
804524535617830912
796817946832175104
138639829
90710620
393654944
48674221
2252505013
140310322
285914459
805947777498877953
1325239976
796936815869509632
792821519365840896
801471052429803520
18787284
744927651542949893
25388316
2173054549
540543234
809819942279221248
794906337146707968
801131857
798572392981282816
798182763631251456
805921410040401921
28225322
3986978474
746387674286559232
51241418
18686907
1157784678
10667142
837570356
42167738
14878054
319281321
1653075950
37000209
763490045978374144
1724244086
455013632
16573941
1394399438
725758776414867456
189658688
71174380
2912186920
701395258
4821604474
45919079
749916458
239930238
28204769
250430268
228835299
176036644
248901267
31444922
3085835595
2445809510
16520491
36296642
3320582525
2941470153
3342797139
2574431860
3362475065
1020995478
4363020736
799592972
2245320642
32599606
2881141315
2873959053
621300790
2328002822
2240332862
172694825
29507824
26517098
570476694
798922261
37868134
14717570
3330083213
1288191476
3348813239
3348826413
3977396962
189280347
2180948154
15960655
424287983
192812838
21694485
68937856
18148266
15672994
1965544650
85361505
1219059858
20188834
293934083
27687672
457744153
40439606
173797962
3403610529
39680834
70999252
887562607
25461505
23083404
3192968494
342803375
31311757
602317143
17291393
16379018
15661871
20793816
237845487
277165873
20536157
50826280
26585095
25300308
18812572
145314369
16457400
3035000078
907478180
11856932
19397785
17591016
23242175
1020102944
1656505459
7025662
1851981464
124003770
123248643
216444984
836356579
437237510
32673307
1330457336
50393960
27013350
37710752
144887472
79810206
4170491
27222419
4620451
14268564
596893898
28532322
89342675
606578693
353096513
25684480
2516471389
2620386487
38350822
51639254
1459469305
628599657
470683165
110265445
3014230837
541810453
720069902
366144752
211738850
486948597
2573202854
14949434
20118080
106837463
426180038
47232582
107246994
430093646
50357051
19725644
