916638350995525633
909028531082055681
798997683268558848
816270444923879425
1001274480642215937
66758282
914263461575749632
2396677714
824830635470618624
1000542126898384896
835873281211265026
991670921479049216
877559304374628357
998340893060075522
935629184470343681
2586960993
3784267347
3111013145
917104961216970755
994367261271044096
779121929882046464
778040367988011012
1665685016
1301761476
3949922494
713092759335342081
4443906263
2329147410
852308860274692096
874808940135157760
977157119093985282
935882551343964161
943220872210460673
771184227031265280
800538678862876672
938389082480181248
142477353
965773565894299648
416417546
730459919128875008
950935812291612673
1348962337
3217933288
717101687798951936
989350428528857088
988542937305944069
886618818465943553
942590547453206528
822660089723097088
3567908597
987666998258814976
152329662
970817307466493952
794673913611616256
986033355861954561
905212974150844416
904421803900235777
939886182141394946
381834873
2992631465
897286400982298624
2973394529
3341890342
4459419569
861352736138330112
820021857265008644
934217495254323205
854296185645019136
368574084
982041691015274499
937495906462699521
3243758338
944399747175141376
970908756128264192
977538727076560896
951076703480229890
415859364
786865102729478144
2875788222
980209836536352768
4098537881
956567100801339394
3294584925
980809928725159937
847946892008976384
949795240705249280
215039104
4249706549
3558482962
854377494333534208
142204481
2167355027
3100130260
3256472836
937114682665652225
4639134436
133423020
793424323801473025
744351450
330446733
1964571728
282064204
304596944
932429090
740336334
151123001
183387449
14872237
60865434
155659213
90836187
29479000
158487331
354663280
904068391652270081
819338294379114496
2329070186
723166222133673984
891322693156515846
939992958316826627
907696895555981312
977702220597743617
938571189039091712
897883619770945540
4810539142
2866958762
832577121289637888
830542586620280833
970466685839904769
970727435229712389
974716159923769345
972076118873227264
270607433
2701839717
854003392976482304
767009389496692736
918463031327240192
806692773592174593
858493778302205953
862747145849491458
946453749286961153
706263395931136000
976424590112157696
976422930715435008
953632336020692993
2571480416
855805881144967168
83647576
953061116019724288
956704038862671872
4571575576
2828517573
942581951046799360
3339428615
884508273008926722
847910763679420416
966184218337468419
838869304976228353
936897550120050688
820856072852344832
837844715869519873
2748618107
3304005101
3421897035
715273828079894529
834407282091909120
356480799
3238632731
813868740643344385
973341579242074112
2806136111
946397719584739329
961587755867426816
