386263630
26776013
69380070
832764000668577796
751517562224185348
989970032443756545
959445493184172033
294148277
629144026
978032116549242880
516620494
3804418637
923747818208219136
992527412935176192
3003813236
984082428519243776
983142848219500544
982816411625181184
25627344
2899947701
777116025968033792
936147725938298880
981494232715231232
981347662619344897
911507860093358081
979314292221710336
3308834925
1350746131
774538039
486973802
344165937
790704355863396352
943624279358431232
1411428144
1963386122
953061730078339073
32531039
1729308728
966400204747526145
2527867016
29518938
964838669973704704
1365379332
2996997009
240493633
966395702187347969
965244979181387776
784381171669098501
963436871765327873
1322917730
51312476
2687898756
20566851
959762365763014656
888964842727583745
941381351139311616
4899283273
3373271693
601142453
777216138275094528
280388340
919651948739153925
951082362313506816
845706539872735233
950421444223295489
80183354
3038868897
949847288213573632
3432906412
948259912295043072
3317756775
947288345863864321
177189893
259702785
944626598069854215
261538972
2923664756
1914305064
941477279888224257
1031525916
107544739
630696500
1659186018
4434361309
704863056225050624
938222766507085826
347122907
869008453
65891834
4593871521
69392968
239579206
931337311173754880
3044678555
709683120623239168
3969411627
936398057599655937
1704774798
2967645248
933877888805466113
1144170362
930822995123286016
930170674928390144
3301660038
2603831926
1544847667
546533007
38248485
19735593
923121756960780288
872255827
2406966302
813857533584666624
889533179924709379
1912987358
3110997818
232887203
827250185793310720
7040932
2688089348
471359203
917083977382580224
774756964106502144
2186671744
3948671423
180394769
911795206776745984
817454516538839040
814477791739645958
468800311
882191509105369088
391714229
604488068
2723489376
41351100
904311970110812160
50850203
903779800602611713
2762407163
891458649457123328
901915981160775683
1005049352
898894619290763264
24995832
873441240867590146
1493471834
2938284976
899938181210152960
255082876
776784832999329792
895753152238157824
898049346662522880
740498845
239070169
885503089192689666
896472721843990528
274236703
811344373233262592
880862248935280640
889521022004850693
36428142
889556388220993536
1335360367
765271141459955712
888514903308468225
888398033809018882
3033037387
886101526409867264
757705666308038656
885907630912405504
880793005912981504
3428537721
20344560
136666922
882216196497698816
437758828
761734636766695424
363448417
1628280283
1424793648
2846938083
608578427
709105469399408641
445170815
98857127
4500358632
384947436
1979395446
29695702
872634361253908484
1524919674
3233887080
721012624687775745
1325476381
861982376750133249
23615145
2197979971
607403114
403874281
2537454629
1556422938
728288162502451200
31138115
2985908054
713305298
573785980
848255301761552386
830081845
441211715
36146489
849027342966116352
19076619
3078804837
3582124036
774767220069138432
846075365437194241
17925026
1542131456
778983822
741755033738346497
771063594775670788
278880052
3615321208
1209919963
4003811063
805459311749165056
834179912869232640
830154040659025921
830395295984914432
829473507570544640
407840322
1202295684
829065471253159939
2696797612
2274699500
1131602268
827682276494434306
799093198660534272
826603255622987776
514693786
1624316154
823983412608434176
744150240136044544
818998544329830406
821348433852243968
819619388747878400
819351325381185536
17071881
3880220823
3333808547
2990509274
465134707
2807674068
3416654495
105616698
1884174517
3871935372
2858937401
809583566619283456
80111061
803285495040143365
808875546969014272
317822793
4137928618
1522652641
2893199312
41619135
395667205
717143798728359936
803252031955881984
802598849806303237
511335405
801232101794320384
912608010
801039152598970368
800486878168240129
2785963336
789955404901912576
4619401817
798326370690547712
798007593637658624
797108542692016128
795102423501119490
28249338
2508865746
770341798757670912
425563361
76969808
38551207
789841072608251904
1473386965
785529778208026624
428719222
37778261
27631625
481651583
2591667888
738945657801707521
2821958477
780067276275978240
118844174
2523555460
3815003188
2995988323
919854811
765926284715229184
740707124049645569
110209519
771520364841201664
19777168
2865340248
769538080302850048
769335308831846400
2983200343
2411103074
727567537383280640
4258299501
3028604357
1900583846
93928243
955467408
4716725534
179722123
755211458309459968
15714558
71571648
753972756002189312
500988085
2379517406
163583618
846337044
714147380560527361
1609527342
3422834247
1411504957
1599826092
132906641
1166722658
729025728893886464
101832945
740941278708391936
739966607280214016
4785166154
3633141917
739328726656131072
26089219
2263376911
18915145
39418152
735962760253558784
32756705
709538936276852736
344127112
29455070
731612881377210368
1668248820
280664117
313719282
729121319703486464
16151355
93432210
1180618734
723663658102878209
2955290443
701038414066540544
214226163
410140396
100802999
199049252
42241651
2427032503
717056110872674305
133022865
16214397
713788959894016000
205685115
3064466237
5750262
4259070802
708642483555540992
701737903953735680
177345917
4925272707
277621175
860604133
2713577835
701235806250336256
2352023202
700436057968410624
425932400
2748976439
2966750032
2573352247
64563496
1013712690
1101894662
1487779616
2321579977
27932065
339394534
4801597764
2875929921
1876844581
282292870
705813006
4323865575
4691207556
4560099801
431838112
4533401114
322350962
451064209
29592528
1379813269
1128930872
3012808853
259312264
3145522419
371813542
890021612
3582684075
4164629961
22619809
3291304643
2976667655
2686353036
28777912
2240065850
1090872955
300009749
3612549676
26547212
592480356
242366377
19923453
3835832782
3890064802
3899947697
3012316228
64203323
1077877177
246824198
3880708588
3433411241
2746495267
760666542
286682467
198290884
238906177
211420609
3388460704
3721882943
3696684735
2403772325
632501175
28928501
69001418
3580084642
3602939123
3309982845
1064798460
3451770737
68857527
3245641067
2322831353
3418627257
3295510071
2817610670
22958172
2543980164
3428064137
3379812971
383425526
52390106
2165062839
363430733
3279849504
3386350793
3390447213
1244932658
55354933
3033546584
33873500
629451389
622339963
109576967
320810440
463964088
1056744337
2192493151
3316594360
3011224253
2903087715
314015368
300485284
3246489844
3303090028
431673974
222969886
3026960771
423936342
3262205938
2757409999
1102222476
177982787
370296811
209706440
1156060896
3145163817
3051691431
1134602173
365204238
3012349504
3097292194
2196099210
3082634860
3068411186
16116116
3074930559
202001509
3063354340
335370479
2793055681
3044870865
2161485576
2472777385
241205770
2703707598
1122268537
709410756
2615917261
499411112
3036853108
234435757
3015884270
186158315
373409443
98639008
2328123428
2370907542
1037845434
376296202
3003209409
2924077731
3001654875
2196211959
27720060
309295882
14696942
358224154
242279116
288487571
359723456
255747063
19679877
890541254
45626864
1398427956
2954065594
1649240102
22053855
554077806
787384651
53797316
431825892
2919205662
1262790128
1563005659
11092732
450201416
2450681479
2891595113
515139295
35018897
2880386026
551248878
2851376196
1961615292
24304384
574281819
2891239303
51299771
473087353
1948804105
2422013983
625200322
811056596
1733709716
389655807
59450828
2873298121
17148928
1326319159
2828557726
2234097225
144943905
37191967
16966767
16419154
2615886132
944664176
68167079
2800208968
2465983409
1689681300
42686438
1651214569
104241209
58929644
2800055808
180095388
612665985
171176904
2795193066
22963688
2198092067
26544005
2565346339
188021736
2610005016
258336925
1569049615
1650168198
2717857802
251417428
2715984637
47500973
586235099
966805483
2680422458
2692730024
542144867
2675798707
499425582
589514970
24883957
2634720295
2632986096
1568911922
2604171578
2390057353
21423657
743544404
531629336
51886129
2581423368
2579077694
1069733635
310025229
335184840
23120811
156805663
550984069
158076999
615754353
704265630
227343209
162731178
16825847
518644221
2411082420
2496459398
2500189556
2222227925
593679042
2481028464
2433595150
414003740
1450181996
2440735765
2252110555
278659381
98045911
146500308
45441574
770245004
2174395250
600326926
923342880
29335481
2437847644
164933515
447404514
571411809
334722880
2379717344
39398907
1543524830
1061383345
1672087218
769850502
195806355
29812065
433659489
2342039042
468664704
336701030
1491703050
727645872
448937807
19073385
2345591340
94436938
2269267814
1924255069
1885115232
2260535625
48495118
2299288880
1706117576
451665135
21874890
2165941117
2317526772
436067092
184112400
2308591354
170689752
891659792
47486415
2216220332
807155838
1208955218
355731632
2289709844
19974436
704108353
1969826401
2258950784
247087897
547726812
16129455
2250673218
2181194984
1554977862
562315974
1325129851
1636313784
49509826
1245190249
32476114
328771861
48776894
31341463
446685003
362920317
1283298403
785062802
425539400
119075976
189329194
339447235
1646637060
349338240
261989978
35643514
16948358
59216282
16971518
32556872
2155171237
1979499043
36644733
5040921
1542492223
1115346072
367230644
705551803
191960556
18777888
1968759631
1967636473
1967606599
1655603090
709109392
1691947380
776353994
183248351
700302977
536243858
1474776378
1325327234
1857174553
371029653
1665492438
1080212425
1703334606
19795809
283086943
763916946
1673409614
1661163511
1661091643
27414539
1490606852
235721214
23722331
612119716
1577863056
567404224
16667011
16384927
37770320
191666381
1153137252
1111972225
1210662498
329791062
505910139
37216598
14861069
1265509771
396240502
258434085
210936597
545533532
359344162
30327610
1146035605
1135976408
258951235
479836582
33725602
248500795
1059184136
952525668
1009446787
412312870
35368834
866439306
22534409
582546798
715915429
629030738
637332974
158813169
631554074
614435084
598649743
30539091
580909751
155773550
28495433
486066964
456817056
453051115
36258103
419221455
140729134
380247268
383396220
143908293
394199427
22086247
17480797
49341633
312873443
121810406
300421493
149170559
138144452
348524404
217195632
288862559
129821560
22099352
28634994
8005012
234822928
193911663
33913831
250713031
213494417
194788507
234406468
16096778
14135068
134683525
24628525
141942309
107444645
180888723
97582046
36890524
165230284
103964033
128625582
120625781
118006581
19634195
92694184
14767487
