746800565691219968
868522251611766784
721046256
547363355
18025393
870913564197998592
606042057
21631041
872194841282838528
978330081549602822
1002306648818536449
3435192275
146213826
846385824002293760
979983409182269442
1965224888
3406065993
787393555715149824
1123137259
805188426685415424
446276608
3267398448
2547730155
28680522
843982667423141888
831282715
227977025
4395117245
1963649881
992463597321191425
56722736
1056716616
2717106752
941090279590854656
386035597
993953903849885696
914199264024072192
808061682085953536
781701900
293557774
1357872870
772927160990433280
2339053037
31928147
2160091333
857459108
4459642286
785614979034525696
710256240287289345
146487226
2722863769
948204177834106880
67203827
3128464986
1248552884
960457107882594304
4824422625
1707747062
923543473554378752
17305650
2408676823
900587053066444800
808313
1466025854
27470242
3241733917
879821271873212416
905227595557609473
54269363
1964971453
21315430
832821715105349632
801549353227841536
868780384695222273
911442383677673472
987840551260184577
314561651
2771884869
856366821024215041
3241803811
712575330
3588883514
937874627950284800
1041024998
952249097951633409
14590723
875011908897619971
983489505524056064
958072897477758977
948718879299252229
1439385192
979713008208199681
932085767131758592
951575743498276864
995399041394577408
214716439
136016961
825829081866436608
36679707
435422713
1638517201
922636956609269760
991371420428132352
1513936188
321631653
929741556751486977
901700080192901120
426370950
492991594
2155747086
969138694308421632
1661464813
1319290879
813692603002519553
25771289
3065599820
197028512
774616297799901184
837480361152106496
783670160217501696
715260786
864213029214355458
738786290313920513
797470019173183488
31548286
936030279516479488
1365500688
3671240660
25332216
806266270823878656
26742293
752472211
379209090
989269341265940480
811704830
970433153478180864
443513179
823321464233480193
837091326730645504
36335593
963177812025905154
169980486
919667724535648262
705124365
490566701
335740728
824906529878872064
989592759202803712
921353295784013824
696848951828414464
27154281
906083580580913152
979191552693231616
384075177
842501341
1478689148
797487906487037952
902771323
113669819
797555001216430080
81072149
862109300294111233
856977541
797606028221161472
2444558294
243485318
16245668
26824556
753442012364435456
988257252564963329
944225429774200833
50712509
2806405433
880462267543945218
760520173325549568
21962716
965296874969354240
70191069
317054504
259114219
485923710
57606064
970112857626038272
318754754
3436185388
330721266
237152597
25212761
3230216658
1326219354
1291534676
799345170
49518858
4312825754
4699987686
971507504810221569
932027464288743424
1934787661
851567394078064640
964293025810800641
995761638
268168494
19943886
2641993872
949630932084056064
876507741061136384
862746688510976001
383552361
937134054
53827280
3000889809
1340310878
2152971122
973648788115124224
824989537730441217
4639134675
245080453
992081976
971388137586020353
3542240952
30790364
958798033449189376
16944266
71909226
273810991
43505958
21297332
2359760824
817705802978820096
1118926609
1407808855
862916805295079424
945859911887437829
158046636
163397126
350642536
931151527
805787526489206784
4085912423
921140071390162944
925605007482851328
822589426463346691
884930557611712512
780187061194227712
1499032088
828323539900063744
2600546179
960784993592094721
2812326617
830112044074536961
165899886
483330559
823721727884599296
986080263871614978
316449565
2581682284
958088669373648896
809521836144762884
979140480096071680
963519693477818369
447489856
258171807
741067320957763584
977995996046098433
26940346
3594809244
924096277406560257
1446853159
869678899726237697
969786101274763264
25507417
514793921
856651513330106368
73573657
20516008
724698129128259585
3011786203
26901657
761582548740894724
7544762
282275320
46130658
4757616015
1322296566
20634874
75190347
294378438
323373418
935436540
824666151896522753
733762770605244416
979647911935053824
1345580348
881336677138128897
246188086
784610138502139904
4364923707
17137364
913142074643550209
1442404220
45990454
1496282988
944339793495937024
2983250529
843492245835669506
488799600
3293513947
2423008116
703904681
30651957
48417747
967178755956445185
48954042
2759942412
426006114
709224785683877888
17503811
832674511459807235
138650325
958158515629187073
268590342
19500612
967799525065744386
25182633
919734991390724096
1341289135
34771848
968033547406757888
22964452
821355319284604928
747388927653326848
961414951184158721
2733823453
34031582
2575929534
875487271171928064
3253228622
984885823429664773
972095770273992704
980993897055899649
1608647108
35830479
718593156384559104
868153809603657732
4878610324
17427513
73307291
50848344
915837860
199272149
864265968142483456
171352533
90911917
240470639
21331492
2364708276
2345813826
579508077
388909847
1297217084
899085537243516928
871561323976544256
739882081
18146892
16058960
863072107521093632
896928094463950848
11104872
3037232182
23313210
2510537625
826043339837472768
21948147
274860023
973146471406145539
1315282741
2181378840
463295573
16286033
3047265886
1540148635
890670559364775937
151587798
15115280
933839184422424576
770907611487211520
955227917054656512
963473006164135936
929336987286425600
971956715053862912
825721981161046016
842802644
3254418147
290800279
3300604719
390907755
824096624406384640
896788896784297984
517600737
822695555675684865
960094372904751105
1600678208
28408923
821067086688559105
69432968
865197548348354560
821420676766662656
805931101134999552
948766715416141824
1729561772
798274015005642752
3289831319
630513995
2823162631
983451703440703488
2480866554
563104875
724954296605917184
844567117903073280
3132256162
3287916110
824457525948919808
880484634051715072
255179832
197194577
2389310258
1026779472
323348420
2186607272
860833064
565637271
3938214077
178496396
920774640632586240
258134278
960568117373165568
1288992620
4003001639
966430239541796865
1046114347
731925359965392896
2780731078
736676509742571520
15982764
493297640
818469571497783298
833865247911976960
825883003436093440
887570782359965696
4215296176
494264965
825469388656480256
29385824
171652654
868106895361527809
926140609144016896
64895755
713518837
20814200
32959566
825486311956045824
899811055437742084
2485341969
3091609531
2325763800
2978163619
237485961
77329593
2604672105
349325829
27778816
2802560696
546561155
4376835677
1859405485
846559990408142848
3291447454
886234054542184448
33596934
29277631
331324958
803135966361878528
4163728040
931366803862822913
345715881
904801148145631232
2903224588
757373134559387648
883214165820792832
261738009
1403449562
118862006
938232675915010048
3259542060
101824702
144865342
2591473879
124049005
93462621
974347486960726016
293367058
28885106
2545843277
346782751
964082591300276224
505067868
779721208946368516
544348282
452471818
1295633268
776903357390688257
937408874407133185
2913172269
879792670901751808
854012041748635650
1301910416
774230086937489409
4602502773
898739108
4306341081
1684284607
863170732645163008
823583332780965889
888995535268466690
21983651
97067282
798965688614301696
830968721984352256
52574513
841066116277522432
837790396335915013
766675158
885413234
134790907
66066411
88942789
2736260736
585904083
35993022
454647936
1862540220
980736093803950080
185392797
265671927
978773805769351168
67162877
716659430264164352
862231634
831726373584650241
823075410124668930
466193102
1928290020
855228117119631361
795153270
28343682
1651208408
951965724268023808
754779897252421632
825127507032670208
47498331
2263157618
852287863244935168
742578779692896258
957786302598012930
35153673
829354431812628480
827682668582023169
826099421817475073
870960866
917013082098032640
3611013914
231529253
116229679
151633342
601615203
571448569
962415675548553218
896414975895502849
3755366896
714720425801084930
979815509955923969
865296897971560449
3245566770
935183739860209664
936014780401254400
906315371195514880
140372345
241400800
3320895309
979287198414622720
814925120800223232
2893567210
529700870
2294961852
789931658891759616
964140058990096384
1692878329
1520931992
3479311
910905217075564545
271407300
24198971
828771397425967104
298593172
50807947
829481216629895168
1670974896
957944569651482624
603835660
3047592287
2890820932
943269805083189248
742135289989074944
478407982
922085548545794048
2844291427
860654500431880192
161769541
822929171336798209
816840998441598976
177087665
823389151726882818
32291774
856732580
51677225
1901999588
104134072
78193434
759088783539081216
862882482387025921
3124664090
807175717
224315603
32513311
3016422684
50545387
704428508445962240
842432472
4431639255
821046642912690180
1956906853
18231308
732515283902943232
259417328
150942035
237302610
3066992568
828343688183050240
936608727393746945
713159737324544000
260604820
1132376383
47730523
965799494620102657
2377744136
977150849456705536
976076520677609472
978291119246192641
978613024301965312
60796121
220712406
225189494
2404580623
788428342680838145
1724076060
726933267316768769
707760834
827165816110080000
126203308
26166924
850058807476670465
2920970340
839905562406043648
968628622234828800
926879331149926401
2821414503
823941955201605632
914223316185075712
261579469
936469309664190465
488948336
828398094073024512
875868998474375169
758494460619657217
982995216
931445565354905600
747998139886477313
959400617407066112
2401704493
3111872206
3121856445
4330966647
4408537456
3165232408
2528233098
874006150399877120
826920804822560769
939255972685602821
860476748496031744
885775148
3074470992
944372286827778048
899894838
975692384670502912
911964029962407938
834967506653753346
27029811
849601781130829824
340523273
947391627882041344
2400503833
18138592
975110656893571074
333698004
1869575251
340926209
828400393705058306
755509064935743488
780155430412574720
557862834
1323693571
838613046293630976
1362931315
2896115964
873191426573651969
864681208206172160
843795934181912576
301795932
3435645009
824460816
829108773696499713
973117224146915328
3361178921
974702618923630594
1347965988
16771060
2199906958
2242012832
42817530
899641669234110464
2916646212
2932942216
21001359
3241229693
3262564118
790317659325919233
823954919807860736
939279303568535553
956883928421314560
811593661641330688
3910760593
759749160862187520
16359233
966117117220343808
271075882
2824261985
940090798447648768
14098909
1158269520
559834781
320992470
1060722030
843433646962999296
125444237
797547199928422401
37933415
939392534689861632
941754604118831105
841867030269681670
60394265
2848802507
377601385
42955171
27765017
849248032881348608
742695104
965347428919533568
164570228
792410491
956842068927795200
415185453
2707537280
37861222
967783402345820161
588041726
2859661852
825426418062544896
2227369292
3013059776
1710468697
2347246371
481358217
15149546
971156687133474818
87407492
830449275251355649
898231845925646336
474937638
2875889482
1957776163
1216721442
882664969145372672
970427894441881610
970433024524505088
890591765224464387
358383631
754421742299414528
2713080925
68887025
321777232
288716345
919976734115745796
47385801
803776777965408260
16457261
110518296
926653306717446145
813889887678189568
789480115952463872
883077031973572614
922582100175228928
922582209759821824
922582303624249344
807824724185194496
775122469996888065
790264339907227648
783470735960313856
846163155986341888
890216312840081413
3061715160
716679359
865178073603465216
814630194233405441
1890645349
19070195
822726095791263744
1531250054
4064744285
34354747
884111159552598017
42826350
99588575
959438379346747395
869883184879738880
762024661429415936
785327755214725120
4399325477
828343811139043329
3347237649
4596243324
1512360512
944741354147663873
933818096888008704
967906649259339776
619614848
919187910
116048117
266744628
53220544
784221950000308225
461435555
788807066
872641496935223296
265682992
931685875280482305
482385007
774628898491527168
17099112
466952405
430246721
782092560
20351331
954023369749532672
2247424050
955096062171197440
943781613950918658
3513956295
4759414110
24782760
967448700875431936
23639716
635018382
845463216515928064
823514646565060608
4833818488
742152378741329920
3219616071
2613411062
818710165025214464
825648560616005632
864999774
2355475598
950168599137677313
17816058
914031841157566469
234377523
144104459
332744131
65114690
906206083
823907913676816384
1220068964
1025019841
178362634
963483431123456000
903028298900525057
429329325
272396530
4892627313
16801580
827237152836685826
924005657375854593
452836157
891507280004485120
18086309
903520735586603010
965742340416704512
38442478
864248478624604160
748946826972332034
14937397
896778379143327746
900038696438611968
872994095161016320
37048835
288363743
3318264464
50698579
2239825045
890437578
324725761
1041485360
2609947378
912801022690635778
1024541209
832094441796087809
856466313891500032
936159237696249856
21345085
799010005655633922
785282611891564545
440688620
811578338120712192
816045345201209344
53987498
1563794083
914567454
965888178413436928
31519922
942115462502117376
71646441
965948209783803904
2186536820
851711263
963946512706236416
2701125511
361138002
979259593
753276132846346240
113099633
4094816567
949061181922308096
804951551160832000
2844364176
864149311160029184
1279826539
567422544
920071017011335168
336654624
4856090134
897846669659840512
407362710
23147444
917372864180965376
147425395
937099971857408001
2882200709
936236963698442241
891719336892653568
898807914357338112
241286218
706666581741318144
2827770165
940449629652611073
916084451729223681
20263787
953354594926637056
827575158
867926329
904165445254696964
218921644
885484268096540673
828082897
625206983
934677365019492352
3405259520
1020428491
949825389584580608
871273120107069440
44428771
711973103258173441
134917795
520832415
709076044343541761
872279835732836352
735135856923574272
34487657
2863631170
810165936074489856
735670580150689794
1382627982
431871482
362939787
831111050632232960
3526256423
872578270843199488
957245915147849728
2736243744
754865125417324545
957635409114226689
831669930323898368
944331739794690048
934454426701647872
820435347817512960
799973282485309441
825780236558225413
361902109
821235792559427584
3260484108
806794262004150273
23255247
921607710147338250
55538301
2429503927
842244414
153283741
442296361
955722596158406656
46476526
2871899817
430705859
100031883
2739958019
862474644196016129
815278404303929344
788608403455217665
2394913104
190149987
2990194243
785209740
1248759402
775462236
948078367
249997262
955847262722252800
888030081343340544
2942446515
1096509110
5845412
747576081578852352
366976635
846047953840197632
37270422
221969181
957262205023526912
525925642
862525293449424896
807069720902070272
477454382
830939480
944458637560483840
778550398093135872
49068640
2865506073
832924850700349440
907404836135731200
954464504288628736
954146097525649409
1950275317
1483245182
820098415
1508031492
1195056774
173184226
4872519219
921142987828203527
551469369
232650394
24734287
2196013858
736821346831863810
788904231021387776
227394002
225225182
474351727
4706460988
841435155755651072
793907307088211968
957850385670164480
825147673846104064
1301923506
928022771526918145
953556960149827584
32741395
350478896
925515405988388864
346922993
3855729917
828826282146213888
1278123914
148974063
133397127
1703870515
826496319044792322
589177606
2382962072
816365222202052608
867157331494268929
3260499620
24728130
916049596262092802
3098129598
392212735
31181402
34858992
824731214410031105
22609939
845465022046232576
307973474
743074548665311232
1400225360
889714183763251200
2461070703
756924968974233600
832616065259614209
713400830351785984
947563542135193600
215157610
379676132
472373959
259796817
898204649232228353
2200188788
27789237
28784705
925781029004210177
2161726026
469582871
3017732286
913463110232674306
828066182209085440
226303657
2922538229
1128673398
850330743473455104
819204823493001216
136082507
889585550717538310
588812638
824395857625808896
4507313779
24789484
829712720542830592
803748705849450496
820776985693655040
546441303
710337844267462657
826571523850907649
819176997037473792
868827562805428225
429402328
489975747
508006873
61437586
861616584351260677
952473966802649088
900406288055758849
945242119601520641
2915680584
2821993288
3313618153
3139769353
798584873334214657
878006456548810752
784741782294716421
759582884449529856
827658471000600576
37626960
561888767
100880543
944715236111724545
849450778691547136
808093340365418498
950016752125202432
2888678241
3223715058
882854173120901120
19461153
1452861104
818956561863348225
1559150990
33383017
885742759990120448
886032877011558400
951507675870670848
845788208503795712
2734251150
25191196
921489913354231808
496098157
1688
1315355821
945169094252392449
867634876899393537
885732086476185600
3004038184
3938173949
830228931085205506
2987823817
843539360045719552
824012722635350016
109854452
998515392
3369278890
1924071992
75966525
944342193933815808
2422894309
71232154
914487734844235779
344747525
715271442401628160
4260569294
831337256673742848
278578977
885364339321954305
922186795030212608
846934487355273216
531656845
825316259180969985
3097390120
944415633462116352
1305818593
225283361
819778067002314755
825160077682364416
863909822529458177
752598541080473600
888160578539319297
1436668376
51063170
2206762619
1143409718
2433809974
2517897416
50990188
3396143585
872646354513928193
927751333247111168
838182109869035520
1320601364
829879227566669824
288818576
47665718
75103953
726161607034818560
695074495569068032
48829629
783551455
28928861
797113468621037573
2491523990
912248371284291584
757321525896765440
3194652644
32895244
789219638089580544
865172970788052992
805491910756405248
776579877801558016
37332624
4166108896
308963414
2552658054
280955333
887073393089970177
1530987500
731121229705289728
824006355010850816
467727548
2375714753
309705457
909346909029986304
156758009
3150600186
1639495824
991824054
742126365252542464
821572435
434589861
2749209315
357331066
1883456424
708800580995522560
58348748
830905941855989761
2649534870
760174615557660672
3078844807
826898673984434176
822429500063576064
54631859
930974298465898496
2407733792
921586791261659136
825103333660598273
853736933675024384
43418594
99932859
386058412
822542606739587074
3535835608
1004364444
865354454052216832
50878266
323904457
909519301299892225
846136371920224259
2320472316
117532643
728086533287247872
14447009
839854634
2223691094
927210393461776384
921182063935606785
3076690570
3127106002
797495191041167361
809527767146655744
197716782
800533214
15212700
15159040
235766068
311167475
827880002758836224
898774726474158080
28862751
286363253
824835298097967106
17717593
876558081026600963
860685408040079360
57363232
839416776421171200
864998123990425601
822551270519095297
935315969035161601
831170203144822784
312676137
83152279
831230387380682753
2733119942
753394482813566976
126181918
895013592826748928
85099854
242954148
811699909095202816
30972240
25385496
877185623697879040
854050146228862980
887704019296276482
796852079100919808
74715952
881251328198160384
241955334
1140341359
2851975510
4496819788
35098906
1439916415
853584254881681408
801131857
1357496893
848553564519763968
245037036
796381089275187204
894059387920293890
239529985
4766959164
817145698428874752
2451684921
859992452022882304
1516633062
3040072501
837719366481375235
1197477972
4468426519
855465529200574464
927608275096481793
2471632388
918534170959400961
30372536
937452715302584321
98555460
112532110
758597687860076544
757118699212009472
167525898
899151135658958850
858354574893219840
922869448691740672
2365734836
420148179
831981042395406338
845785991910584320
32926612
346015198
830182457039286272
930520919923154944
23132135
845392971381927936
87480406
18179420
904456701042155520
923342250
1514579275
1612310400
881174262983254016
2869858477
825309736958574594
1004426490
863008229185474562
828302764371542016
3656608581
86659367
18730596
827760665641234432
4617829947
15303059
2363126492
19246775
824992923884322817
3087612291
912864259259777025
708716276458323968
20802179
804436586691559424
926863126317948933
3309978409
616573748
73052369
895131333424558082
833903765010993153
43600111
929296181766828032
712248375857582080
934514750544842752
762484767275089920
18468025
16472781
827185947271897089
4789918822
932648727113883648
24733117
2841231333
228604552
912360421360914432
924642018034192384
884224110414381056
1613838523
34210734
283711318
233127875
282836650
824662050970472449
62439819
152059976
761450632096129024
890255306516836352
25606671
277229509
931658883369701376
830885722512973824
879678472150450179
829520965902163969
423854207
17138865
777616574203170817
756542733045620736
336176278
2687970596
820058577662578689
900890667169095680
928607661490192384
2961429167
882776857296474112
513265708
2157204132
448539231
854320967648260098
741286249550356482
1612067526
924054836550582272
2149915710
17490707
101938339
3439164489
24038579
268624991
829977013888782338
214428368
826871032913022977
917088527606726656
886620224228777985
913485110858665984
22080404
2806413827
987252752
1087037803
79784897
325220064
730742278214582274
3071506277
919761096705298433
19511386
2918161040
132917003
170150754
913923444160516096
893405045508763648
2733194172
817923454456373249
3355657394
865754531610509312
91942071
917222014359760896
700111533
804134184826585089
759570314879655936
917634626247647232
863317525
3351410687
41034221
50735725
908605887895531521
15545122
743445248693649409
15866956
777534877830901760
71314120
818995397146378242
862735690152509441
843571300098625537
2763080418
832018129068888064
64202555
838351435595149312
879886416335052802
843595546073976833
402335158
2442319020
4847157879
67313083
845750304024899584
796905806818144256
3187848737
278455486
104865001
267836128
1477241472
2216271504
829979854087057408
96686084
755516022
272133879
898664200146386944
2746644052
824267489718784003
2460749166
274313263
3321869212
833369552335601664
779606186907824128
2204007571
823552863985082368
826081742926782465
767740022317428738
51259456
39728827
319777415
328702453
886982432938840064
834529854339088390
219445010
334937812
994053811
784879777198972928
262672747
821846067591286784
824706494079832065
828255766905815040
829687259423182848
61223147
376744269
12874852
857457629592989697
528986496
180653777
724409162080391168
24441355
374199331
399178595
755960322003832832
357008470
845506343414874112
17536486
835215973447839750
2761592377
820478141328019456
3432161123
2206239824
365181207
835144105290264577
893900539083313152
23746411
50930193
33923443
727595749844910080
23235568
192220938
48497926
758418755017904128
801209579673526272
2761232870
808096675122147332
879924583985537024
737446035140825088
826759596723273728
976570982
900766600034471939
3011786412
855992979265343488
751885872417562625
1571239068
2874648993
2736359780
877254240833425408
889703392670515200
53309297
831577691719626754
739844197935644672
891374139814051841
1450107163
335923694
326208666
2855937448
860189500731011073
884166345268514816
904511698718998529
136102085
15554072
374817258
902424874840358912
458377940
281695815
376472551
784770859252658180
116099326
797203210385690624
862691217636773888
51944245
546379592
2563777934
872195582340759553
2567268222
2621932677
42466321
45193863
398687783
3473325507
938344314
64145834
946662374
896563043353726977
829611052321083392
321774180
476309296
2510918743
902665919041855488
55863383
1856618899
870049697863520256
776080708758450177
751068221759975428
756250953322491905
2239855208
332999634
800542393510412288
786914412531769347
428332685
732767937170284544
194116324
824275547433869313
4778253918
1074775441
117489042
3138454448
4722204972
242890984
283721629
2303624664
540455580
829068804483272705
705613169872478208
745691064212807681
794906337146707968
405792939
937937995
36145914
829089031556300800
742740634566459394
799321819165691904
506228902
845809027967692801
17627777
16290849
784771562595573760
785313443847008256
89742506
522026970
823338671822737408
68001030
819274405536813065
2857212001
906806227
2281074463
378495180
882835639225462784
846590280660758531
2458935073
780582056132681728
143159404
831532143989776384
801833366177910784
4790374997
824451668045549568
896598403
449272298
24019364
16314587
2223789247
295285502
829098861528489986
790402495487049728
1023278899
704514604563435521
817047905966157824
3310803258
325690227
814302058786361344
4810853893
1548756944
812028824
759878156404727813
797141514640101376
780748607087534081
862742043080015872
800111181058838528
839300788702875649
877367191594647552
800106323224313856
2813211061
849119923918053380
3349433536
759878181289533441
847627361566695424
1393486296
482578654
3012254874
856652395694182402
27485848
32279102
75311987
873885393372028928
855251032984743937
2998864022
168838692
701474713768308736
822639660505698304
802184729235554304
181638022
2169254929
871004526123397120
21495530
553921006
948145082
888650520
88509419
3455796672
831571140
37131103
35048027
3078134492
93111391
827654988935610368
32774989
792442371963293697
113949650
2887026221
870140138604691457
138442085
1381088924
1049416950
807014648247648256
127546520
22042982
758772487060676608
83185208
84902138
18481498
315577705
161838875
4126993241
2564128819
857332702047068161
71978321
798182763631251456
174552094
18698555
3314015848
22402658
1969346438
813749485994213376
874106117886005249
821420877816463360
804924163961987073
2226615308
915068911
814876509651537920
802649176299466752
822544851468165122
67416437
1355218452
3316388106
20853339
461447655
459269265
2875641098
4890059153
782633620171206657
4468946052
350509998
705441650076684288
817151577622454273
291774022
1508141647
111690672
1575301334
830946630819991552
14435027
42447494
848361364175421440
755057897583804416
307078569
760053765210800128
435564722
36907728
2335812336
35934245
762984797899747328
4252553543
810123569925619712
758050879354175488
745422001141997569
854110199509995520
832284362309644288
848302753235578882
1522461378
823977977226498048
330488403
102572648
327721535
108593828
821160270504439809
824055142135791617
741665214832070656
883053969060368384
66365462
2572956582
358378520
728857110
347871946
1072718924
55450284
841381342885625856
4490534239
573173793
885432353958526976
875022170
129891935
20120523
805155628188651521
606412878
707093257897906176
862470633086525441
348478575
356391703
819094652523462657
716371621380890624
812361923304034304
2496335227
872605532217122818
824773862512533504
1250520254
66979754
814887251909967873
818141544649814020
1320616477
1273349252
449600949
751034069824176128
778283990017081344
847545582
20352497
4192295774
718193927136759809
385139013
797215904085975040
1538839230
989210029
1201535478
845833560611340293
845492819678527488
878828330623094784
1621672326
313935732
2390266628
235775183
3227276122
28128388
233808687
827856654951538689
798577750445592576
40132419
829739215839698945
809819942279221248
880543353024241664
851671302943367170
861927176
80235953
807989942
139956991
2952000088
843556423548067840
1063766958
32522055
65497475
3207485949
73777010
879099050347376640
833777334528331776
17060507
828417234267615232
239467440
875102174824542208
765277167768866816
824899738256371714
261778218
853684577369509892
780955609394884608
858405703526088705
974084113
938380152
3484702280
797080559839309824
802685230389673985
786270411965263872
1308926647
878250328965222405
805491219132547072
16070370
26443215
848739490554298369
825457288257245184
3279945986
705241168586661890
876835162256023552
755187198304149504
2902931482
18082945
748580825046757376
60044395
244328801
2402328198
873060960721707009
803384680984838144
823399293511835648
185723734
27032207
776830741984444416
264535319
332990169
813279496296013824
4751882834
710146599704502272
1372512036
8108072
770834951000432641
341190477
3043442118
3385199859
331756025
15236710
302881437
829101001672060929
4531076896
1160631043
873203769068093441
777850152778432512
848658731613040640
849372179535990784
26214873
868042964089679872
2428776326
845309290390839296
3334862661
15656663
858506685136084992
824823926479998976
871994198781722625
784480040046080001
16592565
218396108
846439433872310273
50332490
824501132793880576
827671903422791680
102607671
486277358
833105332469641216
4828013916
812726442513473536
825480219893104640
804782778512535554
718239605892497408
780584321207848960
741270822933782528
247733964
4538211017
755808822506041344
68128274
2568352530
25610343
87445520
951225554
819999198720458753
828808069266149377
871029086851932160
755455172093046784
823340356834099200
830600917082894341
4868688743
844798330014089218
819135838587977729
780806537644093440
2394482912
836984843921653763
45765762
824039443401150468
867221769416998912
802244013990375425
757778071734804480
842104538605608960
265665561
56561168
850919605962801152
805862149792923650
864848809863426048
2191568058
824877094236680192
4499430739
4761042733
1592316451
236215810
483329059
593222428
148770386
39994183
1270756538
775553609031307266
1893810420
3161320944
856225981090148353
828456559072129028
2211730434
280581737
856703218251960320
820265765840547840
44968793
399648746
124012818
3240887142
831621236786499585
362251658
2956551986
383836745
529031245
52381776
29967129
35514031
829804209872654336
18907243
816406404684652544
816036458335236096
778933753150251008
1895317778
152746136
833074694739726336
827199374086148096
2955555394
842763645855645696
4219456873
796539851843764224
869702651432230912
771408483342282753
32578044
1338031380
3000041730
827205615789494272
366163310
818885914713817088
786811991394430976
119260719
15544775
825196384697643009
28225322
746508782973366272
825743669126950914
382886484
823583545100816390
16210068
18662546
845795943479959552
855109542639751169
350091389
284757897
942815238
850201148241858562
825518870421180416
807073358978367488
26037619
616737225
2844155920
841895697213468674
869519454882775040
779155855497388036
868997622685683712
806897828094218240
954361044
125505919
831857956513685504
18973754
865932084011044865
862269888747982848
4591711108
784994658996871168
23758754
828085234075709440
64682564
16790005
1842701690
16793196
63549462
831227764837527552
42790254
822124776026214400
846534236861595648
4889147415
26346508
60896015
2351117335
857325722410655744
2869056617
163639637
4036199954
1455506612
773761651975852032
842255909837463553
285251482
426578718
2593708296
856673197185478656
852699748138184704
415822650
281826197
719598444835446784
846523378487853056
794774642867060736
2562852312
799748204963065856
154311445
1951728966
387321930
853011227089424384
3110220273
28833436
76042715
3814995254
2900861101
500958779
769896643
2646430273
2334144626
750201174834417664
825815235135025152
2200221
19380198
24312336
44959505
18220818
810619093749559296
2802913963
817728729896067072
851349171927777280
786639671635750912
2994983093
220935584
512417432
792654752
824061679411470336
378206995
70499835
847942138545422336
2421067430
162118905
321451955
798936281954668548
44883029
747537722735104000
78161129
814130011343093764
820349906854510592
1568267354
14297863
799101702
828017401388290049
1585983950
3765479422
809235614348414977
16711026
579261513
846449568019558401
4854332050
835351465837346818
32189132
1385193146
817931640429158400
997682274
32671625
43384002
767484720724647936
793902637733146624
263528349
2334633194
132581895
2305186374
429217137
241629241
1448965466
372050829
321029781
716804705645682688
814896562748829696
564595075
736935466604363776
769878574052548608
839968978852319232
824861438271315971
132339474
179732982
4174527256
1336259130
815535641270349824
31652154
804606471249989632
804215606715314176
43715183
1894699567
832889592457998336
832279115898187777
61149653
133938408
822680829965041664
4805513900
743204150868058112
4794182534
4926132287
818256382088474624
799038561811103744
823815095566278656
716432228
4140183553
797899198645538816
330600032
1089136974
377656614
804929953
47529246
25734594
