903260107236134915
955868514237210624
102594136
884166345268514816
54139139
118576470
241027939
900826280081358848
15498429
1004336046509838336
28583776
612597311
1345687285
929352829138911232
138141495
7864222
1120387332
35591912
17152685
824320219866923018
468827989
895064592
800506766123364352
862470633086525441
1634248890
748083981153861632
18472833
80407536
15463486
80043764
14246088
474351727
760053765210800128
19107878
933185798022758400
22879254
4706015365
23645988
730770664840302592
126203618
17172091
158350621
3405259520
946018506268700672
96856027
919965874311782400
875311595286654976
959676464701435904
539204391
455809758
150774780
506429053
3143422488
822491301484576772
62867991
22021978
394724132
3161681103
198357693
904787246175272961
309705905
17048323
24882415
17066022
21334179
244722043
963379217575620613
1641669223
818509336934748160
2519044628
15987376
60885089
66662429
1434363277
801080366
2614813098
17763819
2962868158
312029696
30722743
17414057
216065430
1959685813
6487292
33447166
815364772317184000
627643516
65277959
390925665
325258622
75939860
985187852836376581
489218573
254319768
46557945
65698096
772107908
809781690054934528
792038436
16157702
12364172
342863309
2955076692
212445456
58504135
926601
15210284
21117305
231328483
47730523
5743162
71285235
2328204642
22545453
986139606839152640
14362404
244554868
19817778
18989591
875581291
932047991405363200
14849562
2097571
1157143663
38539421
50432286
1909905252
402888514
19943886
39197185
457743272
4764953297
277915571
818277212348674048
2983250529
288363743
432242860
299505155
23791735
25811031
50669520
808395289
706555238648385540
168290603
23593446
1101838710
16072058
863717316093202433
801283380478296064
19346439
39603710
947532584916959233
22869559
866442796823195649
807095
2223157392
893308458652631041
45544324
966354844754894848
366602165
24734287
241201438
791101309994737665
42090912
18916061
319713124
92317603
13367172
330579721
59331128
23031094
937474183486775296
617266600
393515511
25585632
704718761060868096
65466158
336172993
1566746503
4388178688
3060489838
750481571363164160
1726074810
21252618
14677919
53259553
33919343
537496507
36697842
18121069
117552671
884578187392544769
2674458072
633449056
57211570
136300373
279339435
2030711
45295248
16592558
17527971
797885126625652736
130596773
326071624
282280659
745279710209314816
15985661
976496018895310848
17470695
54617733
716813053
15446531
283058076
823283730055774208
898395230189215744
3005617779
4809408511
59283767
2267241
119972954
975548535067348992
2593708296
182637996
42371615
926164634570067968
129905901
520475983
942092306420822016
1965420800
61206798
75367781
17820493
3231061699
4888600459
864143250239651841
17480656
17358750
783869289061167108
1731223328
19152385
955616419651076096
14370819
32304094
21231110
14200743
2478705061
3802399814
52180914
4098100355
163995093
849769200214257665
133838021
132283755
12804312
27676108
967879572338462720
53503202
489729616
6751172
726233970426273792
300040225
235929410
18028893
20207267
103554348
15279429
705706292
137752344
249966525
14569869
16637487
14340977
16932565
2411066058
144989647
787149253302812672
3157910605
24889586
3722356575
414138120
19767495
34898084
62264716
80650058
22159841
827165816110080000
26178536
824359737055735813
770503750876266496
1581522368
16475267
16623443
74820061
18663573
4749863113
9532402
17436250
20764031
4064335367
881786613415673857
42700240
14353202
24506246
14207809
463765807
548004621
64916983
70664371
248884036
2801562730
1911657864
521747968
2272111265
910523023
824458268420476933
199481707
1357975226
251918778
98428164
1135163143
61454352
17100984
1362368612
33960482
894923075992551424
477421219
47438403
20441260
887726090508283909
467726691
21879831
800707492346925056
96675300
1176994477
14515799
14133964
17074440
195111389
9657712
800448085012795392
35773039
829480325470380032
28221296
95885662
37738073
27075032
87914827
37865281
725688814069518336
31532083
823613018248544257
820277156
260813170
14348157
69986363
18295206
603025587
144611647
4282171
36623
426802833
1652541
38154268
1230979592
475454826
46493847
51241574
257886199
18678924
114565156
897989039726481408
423625300
250849580
11395432
863886690439512064
804400232234483712
17130180
840138553
23035456
961792879713644544
765773166
317225299
262799542
353489777
19203768
21619519
965377665791176704
524653593
965685448126316544
22891564
796430551200702464
19847765
110899711
150686538
19865053
57362322
27098320
1915033663
148116121
17907987
18771370
27101698
809725224
11856032
52392666
907759856429527040
95360702
27763028
23672153
812363924
163018653
4366150513
2498324239
375662595
81741855
964032914626359296
19034656
55988606
3414559738
1031612276
26668729
959902313199611904
28785486
19253863
16861311
243805690
965266179836252161
17094311
2915231540
29010710
20605481
110157548
33537967
848462732
18949452
101005636
16041234
46904795
27943005
797832546541154304
820698468255748097
3949525095
37590426
297532865
91386979
887418059501305858
325001316
860123351154556928
18041052
1787201851
227373977
964328005907763201
831483464
259395895
780206406024691712
274294204
49031364
4912727316
15908631
2467791
34643610
16162149
1017637447
903352402820055040
926620369
21316253
87501688
413274241
484386120
255455323
5392522
2493677497
78835016
16827148
66365462
37990581
340418291
34371118
830908366377611266
459872442
21406106
929823128259387392
791744773707235328
487600344
1322420269
14606079
250188760
865279786607706112
573498801
69004966
16686144
601389392
10069612
17006157
19088288
433534414
19895040
1508031036
3031797886
168704134
819176997037473792
292083207
7848802
218975278
12354832
16029522
248879837
17487795
132496568
793309039849418752
872460123125448704
2415072836
46417885
20508720
319692685
2898598824
1401015511
4220627254
3083379578
2400284491
21864892
540543234
522026970
3488416033
1967216306
404179950
36918675
118245138
15742985
4906094548
219189088
21611068
3272147484
22772264
18025377
117460060
16125224
757893380
860555190
2247128588
24193077
292549803
20526449
247114704
950531
7768402
862324808939339777
843969429952118784
16378486
14173315
836226687272632320
136550204
203650771
19983050
815199661699006464
22187085
242555999
2757769988
15012486
177423199
144286635
195553045
22799750
65497475
827804009469661185
825012057141436420
109071031
23332846
17888709
189376144
931605320
335060282
2733571258
621998206
14799724
63004503
16459325
476256944
22255742
29450962
165189356
858924511
51781119
223166587
24703826
22737278
487942988
849700305939775488
798953701972938752
474974313
455585786
934500442364559360
25909944
85006768
644073
9300262
2324592686
62911882
946199776412033025
920124407091212288
39000115
31058145
887704019296276482
548384458
875141800184467456
2335899655
362111287
17194090
24788848
5513002
739844197935644672
5988062
2572956582
824892437952749569
431853661
23578274
281877818
910492003359760384
161163311
850507814023942144
182885193
57559138
90275200
15704971
15441965
15463671
821016767203901440
17171071
17442320
917484441806753792
1025533634
15360434
820585
620197006
14619527
19174497
27569272
165335229
182374416
912315432178192384
800601708845928448
225265639
3181910208
824981114834018305
888066140710293504
561756305
889745082
109974187
718375439367028737
76837768
2825298484
104817597
37388034
14573964
2926212391
2432416417
848276549308739584
19346337
2885543426
3185540346
794651044450041856
868648623608741888
1459796533
815277357871165440
4537026207
258918216
898343981297348608
227837742
18018355
4517565515
824732613801828354
460247323
809887021
3452914273
1534801405
16172747
787353069180768256
244615489
2795090677
4541535439
740577509029216257
14820509
836726973024120832
46775436
23983272
221094094
825739345265094656
161514333
824996460026540033
164764476
4207961
14029972
13524182
11896762
15115280
2698369310
707172401792946176
717875763031195649
279089944
164397041
4751330773
3567892574
818914720069488640
283581814
238897233
182988588
270921976
1475804940
2887026221
200255945
519098655
1078492333
382373824
2960094956
361372147
778284438
34485573
388542782
759511561648140288
240454812
862741
184592351
1088901
102208685
450896622
729046313841528832
25898324
594722897
60506242
19668442
4070425990
17243582
3063996411
768982188436000768
18382184
2875686930
518254771
2420267570
373056157
19515616
34673976
133938408
108631068
1686496525
863201889269071872
20707765
758846300439715840
28395645
15464697
16012783
18655567
2836421
2467139606
1183316539
784890784273215488
1058246118
48581849
322881819
110692399
23080711
716564185
328957563
81202321
716812878
96671558
47438401
59490293
550010708
1106777071
29709009
113148501
23839835
4242967601
1468713079
3262635932
21425858
579747564
295476153
358545917
822995966504615938
58569513
539010491
147467535
165944767
29086646
870429873621172226
301638162
45715838
2361926641
8011072
326255267
265710881
15359578
140496030
1963063788
769702230
50452197
14573926
24913074
122533830
711188856943411200
48219458
826251192967823361
113064158
388589891
927397609576079363
39155029
388983706
3052530873
29275869
246939630
842550390818201600
19877186
17672825
14473955
16634508
834406547048501248
300642262
23588075
111163466
19867477
131935861
3144844312
4086744676
880974775484547072
17524863
889414569126383616
3586375092
34906311
331658004
19165963
740207864963338240
25073877
2667857126
3213893748
25242262
71365246
38286063
17314616
888091668288876544
2881382597
200153274
191852684
794652582492901376
358464377
384678464
119516847
15369502
801241407419781120
45931428
130496027
798918201107251201
2768830619
89887215
87788695
41634520
19139963
227509119
2465873473
867970776325959681
31122582
1280329908
454071012
2863304846
824869577175683072
382376904
866349256533188612
18397698
247138147
132339474
1002887335
389841834
136357861
472587261
2334193741
23493597
887266962836832256
824843287232081921
817453551102267392
949934436
116341480
15952856
15985111
45641327
16170860
15978412
26046318
856551428512333824
3223426134
763010018
239548513
133914833
822237572780982273
901564781009698816
871489254253150208
246769138
828466619571515393
14298769
398172747
765094930435809280
802978381184823297
1917731
334079075
875360565425831936
18967418
87977606
722431116
189532580
47379354
4850454946
156333623
856596564516651008
16513335
774413948011413504
787441859622735872
2259535579
24165761
44909288
755057897583804416
823634468212645889
2332505359
14146966
15418628
15455314
41419199
349816997
887946728
862837228569063424
863153173476802560
2290108693
16476783
4230679634
433810987
236026761
372603916
149249831
815440083192926208
18184205
65375759
28817015
58945187
858906699205189632
755835576
780800756311953408
766092631961133056
482529659
121261104
856160674686185472
963128467
1965473508
28744487
314932615
907818883410735105
1873252332
724074356024836096
18940023
42447494
128163
4868688743
82489457
20725994
218325695
862525293449424896
25937737
924369661
797063166861701121
520832415
47285504
34487135
30617103
2975195890
32871086
70195260
2984679029
3061311382
17291709
19784391
510464011
372536101
833829997865422848
64426122
325182372
251909478
11744152
857154400565039105
778497924317806592
564111558
2193135944
835560000063954944
2863996955
73181712
3401363555
3037232182
14338931
2570615502
910332056
122396513
846550563017781248
19285268
797106713832914944
373689086
730168330493911040
26136365
2390146526
328669031
4031369063
857620990104403969
312241384
105327432
16315143
15384720
829520081616900096
40094447
431322054
739618500424110080
1171109054
26186655
326560315
873345667414077444
2704027533
19082263
757270831600840704
18350235
81412465
15199030
217654510
206576967
413189258
119927179
759481842814726144
35315192
2976183585
754775250
60610778
831685465250131968
112526560
824362461142716416
19976519
876094478867718148
718267858602565633
315184639
824666877960028161
22429979
2289632876
725175240066736129
1480236554
19214899
1507338108
845313637812244480
47101500
23354190
822141524863553536
20575398
379645652
14625412
761167885720956929
798733993994698752
776903357390688257
751902676011479040
881020400951373830
821901681231298560
20399893
16873455
16721452
576700778
1282197158
157099071
817854677157081088
2910658399
580312540
582316217
21526029
24436550
248895533
2189083044
278124059
21833728
288755234
46197784
66213051
69068417
32671625
799047255378391040
341190477
16790005
469582871
876257323026722817
17397339
799467853
143159404
4900058284
3455796672
819294551743623168
318560413
1459480004
149283816
2269816479
148529707
862042817522159616
207652447
843658492917530625
305243657
175832159
565926309
824181925707468802
27789237
800024640496209921
186120260
820296058760667136
859479493282590723
805214360780046336
850765289641963522
434286010
20558140
2153685344
15525413
223960671
3227267930
854057889907998722
805155628188651521
2259214757
384109987
784575415457308672
22954764
2345409164
46431656
4361001253
246549718
52423201
997682274
850952858484822017
16555317
136881432
29431996
89749745
48135584
432734907
825518870421180416
388876702
2321540005
1675563421
1014249685
2884571249
824331320771878914
2345766519
65690103
3206775953
4484115214
22929686
2324708472
46240599
2237808535
186667011
862120784063414272
860223122783559680
830570305743511553
11265142
875029068223315968
370080511
543780273
536904693
3497941
2706430603
125571754
804343686310088705
874397960489975808
866514672853307392
275893586
28162211
63703572
17490707
253301816
32974114
749380775259234304
817166972764962816
14801863
817014996945223680
50966681
2382106993
828982087902490625
108288348
377165739
34157109
104271823
813158712
427670244
1855584931
13923412
2935337105
2396514096
2369834522
835107965107597312
23189508
29769998
816859945329008640
823777564741144576
14135350
21268897
744616500485558273
336199283
796811192924770305
185715600
816878758552473600
180535644
842398676714676228
21728303
325385270
38029205
17261066
2724095695
824090731224727552
2815881960
54861430
848148994102611969
19842774
23637488
15717596
20772763
2590212690
92580421
824787330493972480
18686907
373522445
1711586252
1651522832
2840227643
810619093749559296
862648809612079104
722242009
71048726
1381088924
472462833
874916178
19422491
731855934675255297
39279821
1051396218
17272615
7429102
187289134
857790655787151360
2421067430
900840696
160244947
14247236
839420851099471873
126722715
2316383071
751283435382067202
5943622
41724474
2889924959
56864092
26909691
382685028
824797212425191425
843909367007272963
21059255
193972325
801159713035612160
1891806212
14386156
14226495
825043982006759428
248735463
133832049
36948268
48802204
834081571493785600
942156122
95463107
19084896
454099919
22771961
19750159
16912124
824119137031094273
824450140131975168
824467746436120576
825153022653128704
4091551984
29501253
86129724
22129280
55948054
36686040
18464266
373564351
2332189448
16356190
7855062
635608354
153860327
20742461
786309892990574592
824473943931293697
157690631
30325737
216776631
825810657240965120
248482567
160010755
66211398
115666612
19568591
61734492
215207998
2573480784
19767116
813286
15220768
409486555
239949176
1089606786
3339425482
142510630
874394695
1004956382
19418459
11347122
30354991
2828570187
17579312
11866582
74216988
449588356
50671851
19407496
13108242
90426521
23982939
3096980973
355156662
34176543
2152299192
16549997
3004113596
2612294682
274673392
91180720
16129920
