736952929538695168
1644590880
1009520335
119179565
965332798079827968
962249965
134240162
623922561
993520103223328769
1561077758
1478430702
881888653164859392
888522257693331457
890319316327047168
797789147738075136
912467973926989824
989812839429877761
789613490403237888
3301052704
958958453480968192
2449913803
897623110563885056
928277885151887360
981210316368498688
2856320248
992734234421944321
4822904303
958064770019741696
816806920543571968
3580248555
26528770
874636442290577410
889877870209884160
743423157105733633
824657733412651008
923668154735316994
881653065752997888
1575668190
438668235
911307513244635136
869928896845803522
945725809360297985
3980772021
114529350
391775695
838236617328353280
823381817076187136
974657831474487296
756647341025656832
394825851
617692639
19068720
846190758696673280
901664428617195521
971985059509972992
888055635828502530
113423378
865935433984745473
4357732275
1941399547
2713427480
1949781798
882043154249252864
947859069087367168
782620709977661440
949023014347268096
385537554
819369344752816128
709086771548704769
930047911
16155881
953359606868205568
1332883273
726907317577474048
53745076
833779760845189128
48400416
38277778
873211871293300736
775625838385569796
757078971590651904
938152602935726081
894465693755637760
881447427848495105
4542527896
48606399
2253787674
714290778646818816
917995310399590400
30865717
786319145000402944
751163203527249920
885525659459747840
2424716275
455587915
92832500
4091455097
75061914
1694193782
878403261522472960
902943514371207170
892857321709330432
2940254315
23769223
273063705
3411261559
1239514435
57234339
306924364
517098987
876437686776729601
471359203
70156027
2468708726
754845211176554496
262912979
4829324697
22170416
101021872
782039579054387200
41109410
892241939151683584
4444870637
3306240758
180986738
346924655
838798224622235648
804493620023873536
834127580089446400
4761064634
36344253
2321695634
853496307155181568
867212300528340993
13366762
3031942490
787589187247697920
49136127
825915477675429888
874759992
3104088627
29084047
931286316
574038392
56088401
531229094
2588109960
16703058
