3166653756
555302777
951421117620633600
923810350775992320
42447494
987005168628662279
829977013888782338
851541155787485185
3611013914
48497926
1155034753
960754813070815232
3327420822
1597496460
832840107023593472
43650621
573173793
711973103258173441
3435192275
508006873
2833024551
482362854
2496335227
17427513
975788214936989697
16600574
277261996
829389163745202181
713582080291172352
44832407
789494016161165312
803060886789177344
1157143663
295285502
57700707
2393248974
973973082
66211398
930748294329978886
3347237649
2562852312
778933753150251008
814925120800223232
1656439500
800111181058838528
741529260
430354836
943740956339183617
321774180
212614057
967258934489710593
789525504688844800
752472211
1666993754
4405523956
978612980182126593
706225427413655552
18231308
19865053
755902660050432000
1707988710
15115280
132339474
403476372
4855029755
757118699212009472
1276427090
919961943246557185
180497735
538664570
32671625
954138022865461250
854905126687055873
935296858510856192
172867574
3288402270
512417432
931549457979772930
29802237
1612067526
459269265
895762945883418624
727000497513623552
229965645
797063166861701121
783883688463458304
182220456
242637589
757615547500548097
2162414043
2284066573
93991368
126267156
16901643
703728805312073728
38688020
590414915
973698920
529455059
1033648448
709114077792997378
45571759
3166046356
4899657542
4789397027
207075015
4100949383
2399025927
4754723895
4754399332
59956410
4726007537
4628175436
4693445774
2931977180
4192528034
2969992499
4539129433
555288041
2462346114
4454921664
4541830035
4469509874
4164429193
4241007498
494421276
145087572
802584787
2863815036
766547376
3408885449
4586791814
138409823
4213440313
4388956881
4270034653
3250914614
147253779
3229506722
4449146961
4183970120
4458563360
63258820
29753067
14984226
14263445
316244138
3816647542
3543212476
3286777436
316094261
4063443974
282671020
3328845024
21921594
3825546382
546102502
167640842
19856904
3562825573
2456521382
2164008931
4235630836
372024942
3775617569
374199331
4195263914
4292007382
301507965
2505220368
21691269
109091002
3440881344
2366558503
199082624
2521541502
3343256627
4112598142
1357149710
2271700413
47505482
3431718874
3569277075
1416719000
65936962
3024088539
2573993016
13625702
37990581
386064757
3560379048
3888008718
2864981177
343138234
1455506612
25812185
1037709072
626201161
31223236
2340698592
509450951
456478533
4130457509
2987335687
27897541
4201792093
2203773295
1226407285
1297947752
3904344750
2711736046
2574904722
2894171364
3298091964
21326352
51116543
593091020
4020313933
3501940452
15445129
722291904
231218861
441432618
4135578515
216558300
988425014
3420813371
3245269654
384940104
17470448
45381821
603798545
3897891492
116512229
4070070918
3791293754
2775180295
1558510549
286126374
36545100
1370594612
1482797180
3142075631
1714431205
53829677
94492750
37211852
160273215
16009079
3401746774
107651327
280304237
2310481844
316581761
1296718201
18198566
316243571
1187624539
3323430455
3839902522
615318971
18548136
3698636058
3727442060
2884614405
993237104
3796722077
3689391253
21275929
14645160
3243022731
1390186333
3707340976
3232609878
124049546
456692341
1932263718
916303212
3387219983
3702205096
3308983627
76058560
461720060
3420340515
3173613283
25947729
49783954
36688390
47276090
266536604
29542988
15987393
104459389
213436654
2879751098
3430340985
3371116804
16323682
2227712774
3372514318
203765012
342710587
892659416
2893372832
1314617598
3424620287
1364608040
2851818146
11855092
3291170900
3386029804
1146470090
847568418
2914292572
2877453437
3269975809
3146138241
509303924
3316350948
2224644214
497680871
87383875
2173135652
3324827866
3308475799
18134063
2729977052
3302007042
910233571
17072206
3386886616
226367101
2288952343
35831704
410462294
3023046964
3368620749
3158462336
3227444635
3251975568
2730550162
43261344
18029781
315866587
39294154
74607514
3362293151
598973191
3330580193
3296491840
3035660929
493429544
19417197
2964289534
3347025141
36041723
2421067430
143294592
622024780
23676863
1352642953
518800338
3320187970
3254221990
349589305
179732982
61017900
41984111
3246629824
487600344
3246245949
20741213
910790784
75584152
2489464098
3183122398
193978434
2891958143
604772054
3083280982
37707238
2452504134
2862841965
2451433968
132955268
570762948
2751317807
2911201607
118594521
2970459250
2997931438
36879981
423794904
311903342
2535312846
15397465
950300377
206400747
228728978
2865626634
125746667
122257729
2687641645
1462683738
18565896
104772059
30100775
2766139064
1274015509
221342241
2703209933
97486299
867157297
403773099
485954849
22149608
15801295
1295765762
463903235
2433342836
266334976
2379416963
262970007
36440724
554767377
25573504
632548862
459449252
572193010
2168812366
1725118814
750930475
22645645
1631205608
1408604845
86125212
1522364340
1124571427
351871413
32352117
30220298
158606469
