23525492
16023311
2862555526
27477243
852656891742367745
24111487
15309804
20998647
15740491
8510242
19071682
1028951935
262131825
307706217
54546430
14615871
2856787757
1241533100
931239693534093312
829349976941674498
277409333
38859169
513599724
30915636
729068401
84157175
891378804
109665508
926111541799325696
45650544
90667794
252751061
56376655
1410914034
827265599944347648
870693425275785216
54930784
111126229
1058662002
85644676
478969921
455052840
891470563
1513757486
276662259
425919596
534649806
702874663240626177
985912510116220928
1392440562
14804915
348063877
713838657178771456
1148065915
2323790174
260502553
2499544129
700704837407608832
418794092
119170132
2829638994
2798114615
83402287
22745711
883398370227650563
3433644317
918220487829934080
3256951981
71943833
593821863
309822757
14007532
2296293170
3288607679
2856245599
3686482216
540036536
6576292
114756202
314856241
1739629794
958422847998832641
25351387
741328322
14096763
15159913
17451742
14616022
24247327
14688489
26669457
47644405
442169202
820690956
2771136154
476209056
30272031
48128243
372798512
942156122
84406725
1058520120
801939264577695744
77096215
716647077007073280
356444434
1077093230
15507433
30927826
48075643
39279393
795704463528902656
3230805541
1280446951
23853478
218325695
18939358
407396556
55369810
823638938590085124
339061487
21722797
875818414614466560
562042787
260018899
703643366525952000
711711759565000705
1383059977
505064724
3218857158
3425984182
958182678620180481
1869874664
970135332896219136
185749085
38733200
32446490
103469035
297112640
62884021
372026751
77920769
15569249
575712418
1887127609
956382661697662976
237477771
224320485
297532865
37590426
31058145
48120914
15893354
33919343
14552725
123327472
215207998
19107878
309282144
61734492
59331128
541122287
70412849
1397276168
881268998494576641
570514692
773900708
375719656
498383754
112494676
565843764
77779638
2925877043
2485610310
73238146
33933259
18916432
14344823
14159148
15207668
17539497
1915684813
2160787645
405792649
162455722
16799584
184743867
188066564
506833286
343624644
624312786
37726060
1492713042
126019552
735834115
720724650620157952
602538744
2347110074
3066095291
895694037356654592
855149368827146241
317177801
2152588347
2905069637
415197485
3131775337
601295584
707607145
242939330
259800864
806578587650445312
972249073855148032
2359723584
2515833488
3009467887
1710914702
2427675404
142896252
23612630
85227160
930626169841610752
327862439
4207961
86129724
38936142
841367560213934080
893491689712734208
900028415604125701
243331169
783214
836305915452272641
17450599
21431618
14412533
14515799
93069110
19568591
22771961
14529929
18678924
79743108
13524182
21316253
137434032
12354832
18247062
39000115
16032925
18767699
21619519
16815644
450941680
18227519
205392468
2836421
11856032
1068481578
2494186513
2566834772
5778272
806960295591739392
893506769229672448
23022687
19726613
1074480192
13218102
294126378
21011811
221162525
3044915783
857596892691267584
21009178
818867788353830916
208188142
242740229
26849171
1890035497
732015788
318697603
819281068700286976
215627267
867454883720515584
257694026
799764016885329921
704878183653339136
727567537383280640
2921605392
24944475
3271242582
192600573
24268211
2435654491
47641477
502014062
1901325403
25540492
306793532
3300750635
3908763133
3255932474
1894081940
397286784
60739240
199259821
38573613
510705486
704394606302003200
37388405
708346432395157504
781135576187670529
16573941
2848024435
110521236
3246648976
115444194
15780986
2556220527
944414708110684160
184594756
125096820
887066222721994752
430019058
8622212
178851214
38457600
17837158
807652362256928768
47739450
519596463
913532757690552320
1917731
15675138
5741722
5392522
15012486
28785486
51241574
2467791
636693670
540262310
178123644
340879421
2355270427
224938627
1292811613
2515061283
45995963
121183789
188065873
1158461574
26565946
25321854
59238284
1468912507
702602058394951681
944560982612996096
457984599
39308549
18266688
119837703
126755086
247981000
2935489123
857344471
42733887
147750150
195616854
2736492183
219568208
606645426
2920026661
838305138
467023623
181130099
189943870
50364386
558927688
3187388895
724020780049268736
2739818826
316906143
579247871
29744111
2743671304
51097526
2962245814
3003257422
122474714
288992625
107595465
2409316513
423848220
392253621
383333971
558106521
52499247
112530963
45663323
252122082
599537781
2846196896
262709185
346952459
815117322
41160276
61668330
832672006113931269
842072478834909184
1730179784
837450024288124931
384108843
1588986660
2691296954
3148057632
17759071
3248294029
28439523
2222120916
809557464777490432
374072177
973351650
75021126
2924458898
31013318
129329459
37050751
1655213671
1355343462
981421351
155626234
302183620
197072692
899974992
18905436
94217655
2799064586
180088363
14594305
923253723538870272
923265636746301441
48284445
927750279822495744
1069396122
932735279386968065
913049358882373632
130781810
2559996985
63744415
1109160846
54583264
227759897
174665387
54539941
377185142
14071230
3127832094
381709866
3737685740
961677006
481664215
50782578
817827976628813828
24286061
37191851
891650829031264256
398250824
398302511
74846319
192954567
192998193
273534681
564780178
33616942
38208394
43334753
36469850
619138228
1367531
13850422
9300262
35986844
37284771
595058283
466059801
347401952
2768915128
429202775
745868760
409310704
36069223
832273095771701248
251357775
36062815
2319175698
44696928
506227066
107505899
135387509
28375849
274733653
37710752
16365636
20431922
15066760
19725644
36184220
117662694
17471979
128565636
191600166
209223008
62601419
27715697
835952760893865984
842770983140425730
26103842
1906418779
123650053
963581341
16985914
16985548
3437016052
3367777703
281109445
3960016757
124053234
223693187
3598762520
188827132
379765354
469966391
15874410
120103615
85843762
1653950293
21209087
868115821792567299
15210670
353915576
755104087218262016
886007599799439363
959279862
237299871
3282859598
39344374
2172753049
1249735536
2184943214
2887178404
4861813340
2261972876
565017080
253197814
257634353
771441740
45481956
827588297824280576
712683178054533125
1355877733
2369714587
72872728
3797236155
1310401268
1228656002
2338419199
40018073
856515878627794944
2890157356
283185622
34192638
25073877
54576440
260907612
197179688
63344223
818876014390603776
822215679726100480
824326864407822336
22203756
20733972
824473943931293697
1260660348
761885700899745792
171171179
299005483
2201794429
750217557072683009
2705805788
1452411698
616361793
786306534833852416
755134784792244225
97323166
715799989457432576
4547561549
22561302
3341426745
3606127940
783508981369147393
2916862482
581905848
1690917422
821785831
184477052
4104108323
1616426947
4219003279
32789366
119534385
273613654
615927039
799459342894432256
797858355037556736
215372931
1355860496
199542002
801517112334417931
3051122920
566482730
2286754441
804199229262467072
2963992675
14875165
251698498
4175421862
805222220486311936
739653493682642944
521706600
727169389
783728530299424768
159497043
4926437788
500096033
962947861
731218110875738112
258635500
714443745605713920
263247693
609158396
863167147
443964201
3291279737
806334525253021696
243238092
209431942
30283046
32499835
1618514112
1592440548
1101376057
2879725307
2752185922
794489827
774164857
2159145455
2443987087
3261983755
729751859469017090
4337300353
4821775560
702131588646223872
4854537532
2155469503
773922933853024256
344176162
4882315203
20416109
2442918152
299299339
111045742
3332507547
3771277455
1089589093
2339314981
706958061466836992
16248319
793599285518446592
36992695
257507834
1421214109
109301353
190906140
21228708
124346967
783190617597710337
1226199920
4656786300
2863574275
402181336
782397533947506688
1739647802
441036984
75370286
75941021
603760731
227707612
571202103
81596673
50325797
122126138
29695099
1898196481
43244433
29099985
2871914770
4520307941
4606788973
168984051
3901790415
712632668
196730088
27780786
3315139707
4472420712
4519640294
2698210248
377032968
180814988
73850142
3146555508
480015309
22299110
24990069
993661346
3252129063
2833297016
2634769094
300943212
2903648493
860729444
2283039667
359639580
456020218
2990457166
3007821017
1219737133
2334171851
128897641
2182503782
255190929
1482510944
84303941
3118428087
17363477
3028754323
105624070
2214412730
179486686
1414905805
2222098430
2759298134
4152379462
24698647
389227822
2576653717
106821811
31257785
2883468160
132379447
3247963336
188074296
2745488034
106244912
238390414
2241678152
15224867
2792526443
65184105
381688396
146194530
3630384738
1570692128
1653773136
26521816
2287267158
2369615377
3295434614
1677452204
87837981
102857396
3167477018
3246775818
2305969401
2841853654
3405059165
337383632
2630948292
310476518
425881490
1206288360
574616137
3733401855
558856151
20798689
3617300173
115174294
1928985025
1658262620
1269723924
3170646053
465116633
359201971
3228343410
3030351814
390360720
3305823533
2724752990
223998172
1518672566
3271259779
22274653
3388805937
3165910443
458758206
385400237
896344915
3321826206
2235082016
110715764
3377791553
3191092426
105968535
2905783012
1194863629
34593277
276470314
3245677688
3148774493
293338829
1945085910
140883357
14869296
130757089
544459972
712636856
78704561
1673959200
19252216
262749118
1632220008
22075676
57497901
334804627
23309765
2451162385
881885760
2753197429
2595842022
201777703
274610129
26592725
949010029
248319359
950253265
40159632
620513876
84483672
193787689
106624391
212072971
212662946
33773091
218372750
224384860
183096400
481523382
247036617
232036070
35210888
347631773
2827003344
1076946247
3238794097
2832140916
3079332857
262532333
2713245920
3011197344
54471254
3256282357
3268568708
3272657041
297912997
3272478445
482836400
2468553854
1724977848
25438844
130800699
2736976765
1852488133
340366664
3288776928
547910860
286866670
286305919
1472321300
2413024195
1067357814
184517281
2818518989
401594262
257282828
3013616432
544474106
1284227995
413704792
2189233292
2504106692
3267950252
2201064042
77042833
588038485
21170191
712696385
353289925
2170420946
3375936856
40384454
274603067
557623825
1900436629
156745841
45778775
576035180
2873030134
117836693
22513919
2437858489
1624177519
1730024071
330585412
2353244216
2279763054
799119714
463092491
3291077331
18697461
154667432
90289733
586671909
33488160
301499991
240400367
121902355
24504033
262443633
270650606
274334782
244627354
549356020
601270308
409349704
48540329
473236042
2371596170
2897262175
2909390618
47226634
473101992
2266666385
194321816
3210478726
2546433853
2953903749
3362433490
3271242522
2202764791
2964459628
3273059450
470584319
851008638
129193125
1707854317
27788848
158495061
45971202
15954803
15247638
1942472761
3138547447
625225369
142907059
293672296
2747458343
242804898
2884177121
37391190
23069627
25170188
59561358
11294522
42117366
2869531
31880180
14577706
185809250
10329052
750645613
415295186
1552124245
3058900264
3051665292
1632961662
2996464190
18816552
1045854992
815653789
479644889
538540659
2399931182
2826555760
889021730
31749376
3062486061
3068202269
3044309183
3121571370
713292288
64729463
3002568910
43880447
618531760
578290097
2648258322
612109420
619101692
74885844
3132940800
16617157
18874087
19000334
1234389122
2556916815
274673392
2472632300
205324874
352428506
212055875
3074621865
1203446492
3010688112
174850192
169228393
15174710
156969952
119166791
273596553
27080276
125211166
1433696102
2291703554
278587006
48939663
491683083
36367130
476328159
2835430243
2771113803
2874338057
33218717
811148275
2841467883
18867844
2895210037
41873654
48771029
2820643370
771520801
20706182
2492111876
2527708728
2187457544
161047612
132278694
775988425
2320821690
2798581465
41854966
2784843634
526970191
93900481
1633833704
26828868
718715004
88738382
80885440
1415584578
2769146629
2657177594
1268350568
2765899089
1669132694
116364497
57330707
283821871
601282823
576355381
2535692504
57470354
2218633374
1362264776
1418372736
394025732
792102270
2184657680
2471579023
1416008772
122336522
2263321800
842268512
2266524391
2770708985
15138829
18091706
14293310
91478624
16955991
3108351
5402612
759251
742143
5988062
807095
14677919
15164565
35773039
18510860
229114225
1947301
1969061941
338970840
145745936
506862635
49341149
703296793
2674415700
11896242
39940842
35633666
2352032185
2602297298
525708620
1183097605
1090167512
34866039
2352295722
115727047
1582853809
2550547410
2530962950
27386347
427695730
204959455
1324320331
714781442
1489244672
551576144
2564161087
1151704333
2405114473
212643500
556348169
266095001
93998871
1924026013
2570480851
169146823
25767670
2377785331
176896959
169099974
19103888
829219790
2524641823
165836109
1395271668
38694146
242170342
716103603
59239314
306304686
1673958458
1631159347
16054085
2401707758
51435870
795309128
627395817
2499707665
18458473
188285210
22626365
16252233
30288532
22080883
20961314
1444344619
36111035
537829505
43970862
632264709
20721167
359309653
1861221270
471456089
550309808
1084233998
22536055
492220733
1511363683
20179628
249722522
369245377
468573320
1209737174
351783454
2239733634
1861164356
20755318
16583214
1205384988
20464059
47656374
63476726
17291641
2209819070
95169615
15130444
10392812
1280497280
456263284
2211802717
250499797
1598890850
554511653
267877486
29456684
18080534
185238273
18061282
1087810980
105642058
18493144
39692437
36641046
21879329
605567288
1884707395
36668989
589583519
312396765
1335447962
1721322584
90149837
356901949
600508916
264381608
1685252882
88568425
2152228914
1270332030
86798925
1329693487
127649598
1431370458
189431848
473083505
500877026
993951462
167797168
57437761
1018564298
252601946
88006285
115151538
1737105656
1888423255
544738007
809568018
374823563
1636096712
119548570
201732294
316712622
314675773
245519347
1727004656
328752459
807075308
1876529298
17327750
1633035937
54234364
1872376363
318622801
340029960
1700694050
1880333845
1151141604
334747758
1832850553
1854299994
781220809
1078287248
977675143
566811865
610272174
88442007
1049104568
57090819
483891728
1263153110
333549172
1116198943
280112953
1358062944
1322467172
1428526338
43547218
18465714
27250191
84104732
174645824
1467871070
31542425
1724110506
213555316
1683643722
1344772106
1731363403
1729798910
1195336573
1472463829
40756537
22101274
246068594
860604806
1712957395
613457644
278611454
1715878298
595987389
906406206
166627128
945859507
23434446
1115307553
59655672
326374590
455957028
288337914
1571973056
42703964
1711028766
74567808
47555752
461147962
755385222
1615744356
334786499
46410681
27842373
165440096
52904093
10168082
166720297
118134842
214713778
403930034
599570615
467968995
289110094
28675735
1313165581
701190595
1524991747
26831272
430795292
1071840474
90452704
1283476160
17033125
248462993
381844202
21827061
1266067428
1092979962
15656004
475243742
993153006
62807483
66185823
57430197
202270507
234573331
28388501
60213138
292131326
596190000
44612148
1531948656
16968876
15518969
71536472
551388127
22056123
14345113
27870121
16958346
80326298
420689662
515097040
763977163
122447231
340462326
733194980
25136956
137780560
1202544108
1154158238
1141425684
558225091
23461804
106466542
484501258
377740806
362374603
607787777
21981136
247334603
15684633
252738486
122466242
414023422
791536639
100235408
52839878
34466175
889684862
94437857
343169718
15682352
104630046
309673767
16378486
904170457
19249301
605680199
14299583
421229685
54741211
412371513
14221884
87974017
385864387
22202011
242784815
224821863
300851841
482120892
435019232
14058833
14463012
304185316
455923250
253641238
31444922
407901830
64482762
16050296
353133484
546071548
116969475
502401046
274659732
368914992
57007083
107861276
142505574
40745276
34983959
17790274
180505807
125719825
342998260
389221925
14776551
299379031
18675582
32075814
36091929
14371388
51865695
403514048
60957924
280138158
220201405
359647780
384344154
352054334
311605756
21266221
36468277
23994797
117093671
42772641
97487366
31313944
14173315
229941457
66676193
106456932
27235163
33790310
51941966
342196627
16959345
37080738
21388284
6053512
117119367
345669698
34041069
65714675
294249353
15234306
237807504
98206715
34922138
28542394
5674192
22169466
14345566
15754281
250439568
19519756
79169008
63628770
14923512
259296155
125158380
191638599
205224903
38494518
243808079
38423170
13058232
12925072
39256997
104237736
39038934
171260200
270106531
14115587
31612768
38771054
280612374
271526487
154522491
264929438
21975713
103649663
244282519
138797212
258052187
256036425
25217100
194204803
56413858
16367396
78147720
22058196
62547406
60213295
116510204
47351630
264389736
35525543
54060157
20847350
221197430
131679022
190521203
168800470
120191326
1652541
104507937
4774881
254614369
15079924
23339522
143276281
247101183
51566951
219723031
160702967
38954906
228783589
155943516
245098050
240016532
73480540
68349399
25730246
232374324
37926315
27830610
33838208
150292107
18228026
249025836
740623
24223641
246492104
62588199
158750671
14576006
15129247
1163001
100058399
7744592
29464230
27959419
17628927
28693930
116339415
2893971
55775922
68261717
132225715
214774372
130566528
138018129
95029866
36670223
98012790
180483768
18650159
41471798
168439656
154575265
68378696
41991299
72560460
215055344
113303885
125407470
39413716
125331429
34948923
51446354
137961450
195335062
11332
86563249
14519349
191102664
74026628
203463717
22658594
17783366
174891125
191062304
173463881
37353865
36563254
87369180
193348936
24708917
15582157
172015583
103142017
213494151
181647126
16814727
113110312
19642657
69642048
130839183
16042104
76402505
159692774
94559558
63923717
20097323
210931880
73986605
29040062
19079151
156677161
140818475
176125735
94105842
43237308
210603954
77035063
15041470
120083514
15113820
189167876
207804052
165712536
17805062
208082446
213651463
152959682
36101983
30135051
82931963
210734999
191398231
178790083
206599083
185970022
63558520
200710396
161062616
146499657
68614310
182884305
59151921
196174809
160260305
616173
100817107
111313631
188839879
136004909
16465359
157493238
14706902
202732932
172482337
37665265
141092234
137216548
95576182
148630820
202546155
190745840
133401078
174739368
154202677
76962419
24011409
88321965
144072033
105223236
168813877
202188901
108465996
183484937
38535159
84061825
207550025
190787640
14107459
25220026
112814233
64902758
39592333
166514590
181661392
39330391
178079559
76846962
18330070
146966381
150003423
23138885
17113829
190767251
146557663
137726388
9486482
186170820
192408983
206669673
192400334
26733925
153412118
132581988
155690761
127613286
104559249
189152391
143183512
99564394
36590013
158461708
125143429
117718970
204517032
47695809
151524745
62690057
209284883
14813803
199580376
80060273
205613428
120232956
60223057
155396444
182098058
22657792
83305398
47685057
204103556
153239405
101938691
18461227
19219374
125078334
125065941
158045692
124026699
43475901
39653424
194688801
102121678
204860738
164455733
51891247
185026700
154500610
197295132
91147242
64781315
15341988
116232610
46737744
7219442
199071690
62414419
39603736
25300430
18399627
57826735
28329772
55885084
128696619
15229328
160235468
47526986
202124139
31003682
25921387
106171126
124542954
53752305
138239471
90072913
123111950
77006534
47170961
46924900
136771078
45214626
100399043
97101106
52308504
104766987
29145045
24619092
47778639
51140358
47136444
68825536
116242495
25569401
138063020
199630074
191323113
54469863
162595371
206926975
179599026
34911230
202311278
18953266
16289622
204817456
204614715
59467747
163358706
16298415
16662077
27805007
23400537
19300679
113582399
96973238
34011197
17241486
89931264
16887389
175622980
39812315
44157761
83942025
179286344
199023130
174910057
186149930
180502956
197658297
18267538
27871470
106776691
19378184
203979312
56837859
11114042
191425763
15808792
34024024
198684046
18577206
177232717
21155938
203149889
85736993
7251502
14770715
27232025
7879982
106569230
163606513
201853613
29548063
136910454
159448128
85930999
51592313
1322691
24299993
204187215
18752410
18421000
18077906
18587662
20617330
96278424
63039818
40024095
202709006
106210424
146177270
201099358
76833499
41306968
28302705
49167436
121787086
155853568
117688214
177638979
194478987
32458410
64033323
85074332
125432413
202638089
202253319
109047917
126930511
153061156
187963849
142322638
41135945
196590220
25453082
169949434
193445856
199486245
143532467
128212550
56257206
113969858
201396844
195609678
201180679
20232141
191216371
190084221
109805221
200084351
177301082
112266381
2676901
67147760
58397328
177074759
62336688
69650562
92578480
199947201
118931132
29628889
117205140
122133359
165997630
48791265
198975831
180703009
27719507
137423367
15326799
190615031
177219288
14317519
22046542
124285199
17417963
155699819
25859388
87010833
19078616
195992493
113337260
123031883
193354227
160253015
86415861
185349208
169220592
40912103
95619518
14348419
107185833
15998880
106170056
37831835
29781852
39054167
176887159
21156916
179102206
76186150
70724190
186488850
73236973
198620537
132911463
17323860
184795671
87050549
26385039
64360934
76935321
108070964
19190027
196927266
18875965
93694951
99802739
49406321
182966561
31316099
169131762
81654839
18976168
132394928
175579201
174315867
17377730
190386212
21813914
63763973
22251973
106141252
34374572
186060119
87002357
39199238
190778267
189305766
42845059
52724961
136709814
59871788
96874848
1384531
159687131
148418872
19081124
19632835
21778850
73335236
179299867
167366508
163837517
107383359
50060948
95620346
15290296
16441139
69631814
139614457
130412110
43283854
18040012
135617503
81346386
183927886
151055424
194387385
28841668
193299083
1315431
19419370
121492693
125073034
187337564
51801387
148243483
65233702
117562254
134781907
183066817
193156952
22039366
65535116
159695505
15749216
91365583
31184970
176408747
76922581
172068024
116459484
180608603
29620256
136840565
193458094
27275381
18002599
176835864
75704938
171186512
17339508
157379461
28469711
30465877
57454601
71268084
168262669
187257013
106469045
117848979
38433619
72620314
22432231
55670112
118221151
142694064
15726500
17081275
20466319
15576494
61477304
176932692
21342612
90704666
168674765
144042311
159180967
54837501
112784140
40654867
161328670
55882303
159716429
146186837
92357540
174435162
15926016
83003817
24457262
128664419
191178924
182469680
60744074
138994136
123690246
25110768
156372449
104507400
183707260
173349592
190831650
154118009
15300520
159627206
98170394
125682232
16251534
178024623
72900026
15316113
109767509
177772435
20091736
157473610
188696771
69273811
68299105
175422613
25344447
23693140
36198283
90477623
175489193
84886371
14926475
189013487
146512265
103328209
126537373
73908822
107423035
189195867
109313816
185835547
44403079
19309639
181699511
30273301
25740983
8534362
183438069
17219089
85987553
123032639
67008234
19599524
15030098
19199335
82379087
38671770
57207894
41382972
45817503
102164081
158233784
164322849
186451270
186450171
67218195
27727886
71198075
145333215
177692298
38696661
179635033
177065324
133879298
14236982
50550642
102242714
1114231
75455910
93210720
21903435
62758291
76971850
151872843
186026142
39290058
49357379
35848478
18272838
14968067
39791158
38743251
155405625
86489565
110907032
168709523
27702107
180809617
178733412
124622014
182931518
109983021
179165239
12884642
84737789
20156966
16039421
14061847
88588876
14864163
23203100
182219347
108770142
20646588
67220321
73448937
28473130
79074329
103736300
179299100
31034628
38322404
106421244
88984746
111771934
123703985
71290615
73636700
12763222
156430935
32140200
104377412
177450459
174005511
152351708
154289209
71879849
19934980
23620437
62711044
50328789
169000963
17642747
161630030
63753206
128222457
87494926
41861679
132676757
125582213
113560997
140447768
43351925
184778639
177635028
56118542
184400895
54637047
176433965
29769684
125409895
175597430
184392717
184410046
73657492
31981212
69211707
180950717
184417614
167469842
64835047
183399459
167582993
115445320
183347132
91295570
17138727
184326188
173371820
68282737
31589759
169736223
69927758
17545037
80205912
77294376
107119728
179516863
17786624
22779417
140563179
175617418
16368946
21428504
31185288
77358735
179193640
16535492
12164172
179223479
92131061
166161084
182689263
32818739
16603339
174814423
45853035
24233316
52744973
141258505
18774140
42770596
173178313
173873473
81921126
165185772
152389419
116307948
76659916
110259812
142842965
179134553
74533038
113657492
15786922
121157889
162145953
161046558
83981620
111697185
93226402
169513535
14367745
109757779
107820770
181647595
118817866
21508308
113567371
180625394
175867844
68121390
58151507
39282319
25032716
165883754
105104720
95214377
179271453
178344094
24137122
145316698
17167975
33354666
19613073
25726121
15962292
178657776
12188002
44729934
50528205
63092001
96230368
161653687
138919327
20187037
17375341
33973514
168905133
66512200
180233222
33564176
119942172
135157129
106456272
165189122
38901871
180006090
179126035
176424742
60150061
128164422
28615480
143273586
166647303
179494659
70512404
167507135
23841552
26545353
49051003
177097644
157516380
34714954
168933111
24266551
127572682
170005346
163986985
127570701
26092570
140565424
70942193
48502051
61898012
177185878
170924845
179193437
179184333
22664506
128344736
21850829
116908760
179200993
8962482
129926371
146270668
24626969
65642972
179046835
177088785
17463660
17094485
34649696
176610892
89787930
177757285
63845800
137451260
154918892
45833898
80910249
178198448
64537827
17595980
169622322
105325009
106899466
23528810
17177164
154607469
134160137
173980917
61818955
20813898
146146938
150671156
132555335
18050436
36734991
56211095
26267585
138180351
40174385
164371642
21878458
170895161
174016662
103457965
112493319
148348333
14922932
124767346
155900089
15401350
54229868
22713080
71159868
28424440
58611693
50376145
174451957
25266368
15948631
44119993
170093322
123292527
86261181
23314292
165106811
167536955
91428839
167428123
174010503
95588373
14202732
61610259
49048229
176561664
22093870
52358292
40926937
48696825
172629406
109793150
167537402
132676427
63831516
108436877
129821752
57117519
15446520
176051496
4003351
167536999
125380311
167537038
73733037
25763891
136117733
152060435
146471023
115379754
19374588
167071587
69319223
154654719
26820795
22665545
18287589
154654406
173144718
19429716
154696298
158242564
14379991
119509365
14342125
156852178
60148606
26932579
28139385
109237155
117735401
28824426
14390192
36832842
41715854
85299358
82214130
56293707
138386094
167536938
100559316
40877819
83846395
58832231
162288593
161208498
73908704
134898339
110913818
40159637
109295657
67193558
11946722
53081373
151103360
164497610
109806161
129259707
161332257
105202220
33909776
173873228
169306034
119091684
160195491
162532430
156038860
15192462
36730584
17880018
127488146
23351437
80323704
161023771
150742521
156896593
173050443
68960210
135120989
52427661
14962181
91211455
64783022
93871619
164747869
27945564
107256696
53112612
30964508
25262272
149007753
172437020
61187432
102366242
171995944
21507883
171820700
162645312
139132331
29650732
169634903
65036724
117292737
56081354
170013191
159593243
17065667
117008658
141313671
44394327
171109138
161376413
43112415
156525136
150193498
35244169
83659451
137180310
166172649
14235401
10268302
44817367
103877455
80152429
152957134
33098495
164400261
114951488
156304995
128022438
144916975
169528807
130918184
16672274
15003109
55748658
168735242
109294020
155364855
85404326
148160727
144973851
161562274
167758494
26754303
35919060
85901858
114066765
168845546
153557606
74151509
138806553
16593629
97229829
47916936
32420896
16457192
15473072
122421733
160671125
158101576
164988362
147992253
30458301
167911829
16243891
41589713
17543985
161730294
131460655
112062536
76840708
61910628
127087146
125889451
115490133
24733117
96986156
20245310
26921324
78705681
166949530
39235731
36835532
85742782
154570196
167468261
14859559
21273982
26298714
80116170
113064720
80343649
66127468
122750322
108998795
138661397
156090813
144314773
16632772
167134756
35048635
20746875
159872962
129806731
75857937
6123762
19735514
114578415
18149467
166631549
40938614
153276482
166307839
37230804
69126688
103206296
52528502
165805633
154212123
83849824
93418512
65052465
159373673
29413354
151966559
20161260
17491102
14295629
133044576
133558295
44171091
158138864
10971502
145768782
80943427
128472974
162146576
126420774
163516179
147310625
16058087
93699621
162496028
15158464
19061355
27961004
111164518
98075242
21729493
75567037
26881854
7891592
160054036
32776112
104890318
110180431
15958265
14262772
157402283
18192680
29964804
156810470
71646397
23773758
38221637
14518714
28153657
164529571
101945988
27727419
20799927
21495069
145770909
14164943
143516139
20737595
16930716
20549654
15023223
160669307
25169797
105179173
115886108
140094437
148828247
43160782
45859796
155761177
22763051
155726544
18435913
59916471
55840081
17270323
163166695
156173506
122323279
48707391
15558357
134383028
56477481
162409903
25374212
46620750
20253666
146345598
41642955
94897472
42742924
110792288
16214926
154598371
17995130
42799135
18548136
93867486
14158116
89367536
30497314
15274836
101936996
31462438
26618468
126427293
134457542
16090230
15959652
146518263
15342136
45416208
160638746
54244548
80473658
14449487
140159652
108177743
78632485
84810323
101876310
18183592
161047340
48733827
27790493
161048142
161037074
57356985
66268785
161046658
136259367
51139742
156183095
18413172
149843472
115275047
143473276
14445481
39047949
111682407
91270237
23745502
16605600
100350221
54601825
49997792
160343919
118488345
131962984
160166332
155044397
157733122
77571211
125059102
147809163
96121031
23834772
14535966
15991355
12986642
136688323
20177741
19567403
84154696
159358715
113161929
91487062
130925204
158463360
152764627
100723128
61867719
141735944
36100518
120556883
67766355
65525097
157525960
82935246
111280261
105728658
114727339
130363234
21736388
81219342
52911539
19917546
73179233
138368999
74505167
22234257
46921207
30335077
43345252
113728789
20687509
25881390
15471560
125619172
33555818
16129920
15689313
101437513
54682145
15075941
18673924
98417831
124479728
54389440
88842147
144909618
98718092
31144939
14672922
44089345
87231927
34980085
38443225
109376334
111954542
92235968
123902051
5700182
38153487
16370003
157494202
90458659
49622624
106024946
137948389
43002465
15966258
17875000
22663793
135827696
137056094
128298024
156674262
94411525
15875472
110006536
74236674
74243993
132379233
131024165
107516440
90477652
23697337
37029298
39935614
153624275
17950265
48618822
27761886
38853657
119540434
61545748
79599776
14991366
156745114
156745403
156746816
156745315
156744714
15880188
38074970
57258714
15406708
150681715
131268540
153615002
20749408
106424240
107646809
71320877
15519647
140795925
149889113
156132224
34611031
111381319
123504650
117651106
41003275
108286674
18461885
143406517
21415814
151179036
149204427
15211703
21309952
56686526
9897832
25502998
46194244
119725330
19923951
92563411
70031600
24185940
83160317
65438534
148683266
155626086
155626206
42622127
20007155
104969871
87000676
39766886
106232593
16513931
36057008
15989069
18956725
112753826
24898931
20199944
74403820
153282382
153533635
134598200
31441779
17080796
12120272
119100727
110265514
61961631
36064768
14808551
30344064
90009596
25493143
45967613
47787485
134700282
126459032
133687863
29220100
18297391
75086891
148769811
75901117
48003437
92540746
24447267
153980434
13051062
145770860
6890172
151994376
88034288
104507406
75375556
35673815
147965734
21247089
24628309
153977813
17944319
150369731
46511375
93614842
152307769
148424644
43171472
45598963
38571956
153514950
153510606
153509669
43940794
145265163
83480479
140059824
29860740
106934483
123336648
153510348
145491116
65701902
64420485
20240291
153513099
109342397
119838689
60330396
25620643
42270873
153511581
129672868
5435942
93937046
133757326
148363935
90366493
103916669
48827908
151122724
25290300
18257163
130541627
100510388
14200773
139040754
24565968
139808368
17916445
128913663
151995175
120237398
152014583
18392023
44466851
104626213
151994041
151994258
73946280
20569035
15861944
151316680
95475025
116861232
25856905
130599876
110436185
79241219
104521876
130860954
27079883
139256185
36182228
15452859
143304798
110335664
147199693
63131413
77340991
16056406
43909030
82166146
129050122
24584595
21652045
123862119
143160281
140052420
61478021
32924982
27326210
149406029
101533260
75390769
9940162
37273635
128211083
96840878
55709333
141546623
86376231
116381330
36203094
135067747
37831315
107085336
17802972
138111063
18813482
144913078
55413995
149205661
125435306
149131426
82642900
118730968
26953478
138583353
79143798
16264718
147751153
29730659
54988830
139933180
137849312
19304481
41838567
114869991
109372851
37493022
138818617
52057510
78520450
36990012
95471678
145160124
107366518
34513794
17033708
119364325
22286463
57569177
21040094
51072191
43577359
97354038
141748079
24927550
31838293
78612362
146428108
96818184
147404828
77042428
144748989
76168588
60171643
31043468
87030792
87001478
44630109
18545183
144687486
78662259
19188815
126372954
130190107
16211162
129377675
38291612
84964338
70419855
94127267
65219237
143750092
41419003
142885309
107081872
36515569
81619592
63540410
20462045
114483078
80361231
142843687
78995028
139742594
39400515
115411956
139030439
103906021
53207446
129029699
125888613
108170327
77039758
18166728
117792571
78063544
137293658
13175282
101533553
46476526
46342497
144672154
106358078
62646191
46540740
16672557
18209370
113111683
15843240
129906416
111806237
121474129
74735391
119781114
55419136
132162367
24064669
115507912
19658173
22354555
129341647
81221639
17490866
17235959
35610654
75257812
14903690
27896825
15412070
15547079
662783
143114769
39708815
145320298
133934035
38616509
809010
22110931
12007192
16264792
17579321
21764657
19192221
14084476
27569136
14765557
16105553
17875543
115091241
142843335
117898482
143084509
131216742
139940465
127359799
53756845
41617819
122301530
123531179
123531912
22809994
17008328
123408860
135707956
21913557
32799607
122303217
14468304
50276317
71138738
23223266
141695701
135972958
111207903
142297003
75028535
108525067
97997578
108443000
99002749
32422169
103872774
26889413
91418281
68050751
46288013
14116024
42900929
70617719
80392651
35769867
108741954
142201594
141883689
27436167
26464084
98676606
136094690
15125703
134624855
131995242
38835427
16968240
96876906
30021915
18830590
19012514
34172295
123956903
15942379
16611121
24430413
104076047
74500606
23634287
141245943
50074759
137465237
14875041
17927796
110154818
53657495
101807827
29999430
35767916
129905831
102159262
74340942
134240024
53129000
38507670
140577697
37626774
51127807
60605912
122163181
15632345
23710418
15651801
15325560
30944238
87128787
89352544
19000765
10076702
62541810
91458608
138893818
18878528
66026489
58182421
128885937
112521824
23602147
139806667
78724801
38236806
30317314
18932935
126110468
129603917
17184065
37635895
128639612
92936291
108175918
135560486
110504591
96243124
19790537
43257197
128191933
25129904
83144511
58277286
66263320
66239050
12811952
48834856
36462460
26941928
138739261
21993071
100190895
76797329
18242032
121758290
118674964
15755782
17735453
136588086
53063354
125401786
14200437
43131881
93035670
123389809
123464666
69048089
83547274
31891798
14593685
126982380
96917251
30969337
61497141
36563018
90157390
115703637
94479068
86450518
70999427
25381437
135207578
72633758
113187832
40218214
131101467
137439289
57288884
130064476
16110770
59042842
22028966
42113117
122825471
137106672
124531214
19671858
119516427
137721204
128303033
110098218
110072422
27569483
16569530
59074083
27713482
18686823
36240252
28764153
124310729
108743419
19605375
130081723
1734381
79121225
103628594
18377606
14170609
123757069
77788410
131220892
13049582
43526613
118200303
18083379
22276232
129644422
39836499
55929057
28135324
136934512
32585384
137128869
27559439
122726813
43047040
14271227
69743934
39496172
19606515
119129440
46557084
18378334
14468043
67129024
95962516
18490105
20474280
126751243
135985064
15280385
20251564
16968806
53524514
111700177
115988007
134752578
17375852
123261516
89116668
124673811
14213491
23870788
18073211
135756561
37541549
73575329
67020315
17036004
104434793
28478793
21883088
43987039
62126497
20089594
132238569
23502302
16832947
87756976
80640460
74559550
44454874
16684911
44715382
73217124
55045856
109371322
76731276
40010114
18946929
14431400
44576056
35686672
27868406
135438204
130309657
14079425
128362412
18010273
91113728
15508743
25040738
57586856
18381502
56446827
19053307
130990889
16877125
89215087
24092515
106816456
123744989
135190660
109639362
115930756
40359061
20806376
135391414
44908784
37999968
70961195
14078999
15947185
111993848
98488096
92713246
18262412
17568608
94620285
70124891
54634406
88717570
17635234
97732250
49224286
69455674
29357179
78944143
80872762
101525697
85577460
133804608
134175274
46719826
94501175
17897108
122215796
133056605
39082322
124126298
101290480
31175661
134243671
107799957
117446998
104933666
23342928
28162811
126138443
18531137
111818800
28126216
132591789
133679540
25583146
18879847
130905540
131723365
122624145
43893025
103874854
16186325
36785104
116454697
63353912
26603005
62072233
133503987
38139412
56098851
132568787
16055177
46412072
120171578
14577013
22238542
21479776
39518821
133520918
106853639
19091621
51528468
32925079
24583357
16956020
49608724
41158637
40961326
12014232
17520649
17172786
18533317
24134009
121555391
23306954
132551978
52241413
100063506
40215565
32995539
18220320
15782605
111400890
110435702
48764460
90228244
64194057
87990841
27151738
16258913
10818352
8527372
15709626
131274095
85903712
17749520
68435602
109634891
35969496
36174263
15914174
74591948
131816278
119782329
1222331
98713654
9426212
54980530
39424870
8229472
43874512
127551836
115795203
16084725
112281637
5506992
59466907
107912421
65590754
93861882
113589872
98666399
46652822
15675025
26795160
23118150
22916629
17575852
59195170
26512815
23249204
125746328
55010291
34543540
130939707
125692315
125690728
127497204
118606865
30745164
17074714
15785068
131114456
18466925
26776649
15484678
22554074
18833982
116877154
29781318
19309542
71656598
128337666
16664681
70950886
130648284
17788646
129614468
110713417
102550455
86089288
70173484
130495219
21323607
130644716
31308809
54525773
86582499
18949053
85379866
93670875
16053846
18922887
18229117
109078632
103653957
62554155
127670566
125694433
105203953
17788508
20477352
27688800
41044925
77943376
119833903
80404024
7216862
110160818
129003518
112318661
37625213
127153188
128987006
33264543
128982636
128713702
21694244
108460140
121284295
115056229
63149033
19933817
22300305
31085943
114579295
117313461
111950574
111915041
84384314
35648595
19649135
20699950
73004557
31152881
22810138
123572203
20987405
99871452
14713235
16369818
45440992
23287234
78594337
23915100
40077862
109430368
108184778
100844611
59885749
48482750
127689297
61856458
106885045
18009084
122513445
34389894
66391609
18771566
14174310
126399981
21496702
120899797
50206432
15883802
30894790
113004624
16192261
1140451
21833290
123154683
123932020
24212723
126497067
14695514
15475963
87028588
124332369
14177438
61935355
24303
18171416
13702772
82012769
104707775
16330582
126114390
15121972
124440743
117741656
14412101
87646480
37686286
109480260
112470045
114811794
106690191
114990654
51150195
1396251
124692039
84389041
20414217
79225061
117344427
31502877
123326704
19182094
104816973
30816535
45935124
117843794
12388212
125004122
26351052
125074515
62897663
113752491
121166956
77540235
45299319
93965443
111981920
37877645
123398133
52866126
115227478
29365602
44911488
124489033
23621975
24343083
61847314
15749997
19678898
124274498
83189838
113738404
38002432
60809481
23951197
78700879
27677194
46203865
122141722
115786249
121783313
105577869
91264561
124383651
118800981
119044610
15784302
124074522
106635447
31055897
12075272
21425125
109372281
23489360
49663664
123620551
39233227
18704901
51411874
101806609
121759386
19070590
95477073
121241798
69661026
30924802
108674803
119929412
22596829
16438083
24123067
113382970
117649322
74744630
76756227
116889070
59337355
17606918
44659026
115229142
14948441
36264632
31406325
71599961
86265986
54624876
109029747
96957407
17953779
78144979
9461212
35930318
60627264
20683726
121793122
45972124
60805409
34695269
89043757
64885613
119101526
49486583
21675574
837791
112598179
6315692
34845682
4603931
121280002
105382818
17848135
19747963
65111095
16845343
14653115
29985097
46308074
83119805
59114584
26612917
22321352
17164352
52487310
119766261
86954819
16099325
55824538
16300959
89371353
60742595
23452828
22634420
115159933
121293912
98522379
16001909
21726490
91884314
113913543
120279073
23798183
80464013
98161164
19081271
28813431
15249171
18109396
112034921
23172966
25253084
101831311
91024982
111976108
14887986
80387352
54758667
106857965
118464225
37063833
120895365
97139172
120229989
18026985
28329453
67991319
96051862
99858535
18700486
120434230
65676399
67453671
77853252
31396778
14504962
19424599
115708608
16186743
34172647
106165285
67617810
34434801
111567827
19877600
16691027
44802087
94214332
35780147
17307877
9806202
115682122
813039
16145309
14585328
59839521
118159942
106216529
102875592
70884547
63168167
61363554
19626711
92214215
119409329
52105049
119593660
89540432
102431847
19353449
18762810
5661892
13773182
78169059
55343567
47832945
119881816
81043444
108527783
36997226
108805876
87841444
75458770
117542143
18033662
46542220
72885728
27967307
30973
117129894
14289232
89320750
17498122
15652066
16588095
9376622
14604102
75250516
34597813
92345657
24715087
78642150
116901815
62278724
118995415
65757310
84405145
107201301
34893411
116321426
52076766
46352248
14669290
30968496
16701007
104607015
20428286
35545367
17294281
16413025
16014459
94229912
112913996
22640677
110632927
90444561
96932559
28431983
118547485
14681872
65652396
93601614
35074792
65262507
9256422
47186498
16723862
53792518
17333704
117500488
54039049
109812772
16450914
96153696
14221588
14926391
90994593
48800532
105754199
40624878
54944202
2360381
88261014
92437145
81191035
69704816
8929822
48619960
55376252
41229224
56228914
19826881
45940443
17752368
18029520
48330191
53754913
41826584
15349160
39580569
81157403
20368528
23826962
39996251
46412989
24113781
109713282
16544931
15866576
17062725
17086167
20050047
18993093
8251132
2569261
14590523
15124448
17085629
3137331
15789460
17758996
14674067
1050111
18345963
116784750
115669793
62925053
106300269
111678992
29001933
49652155
105879513
22308807
31509132
109030430
52065674
89954749
56811213
116901853
39698834
15850331
29327931
18147467
111367762
28617669
18570078
54980156
100698653
101129777
25679581
30372442
1592601
94618543
90683345
50806224
31630138
115561022
65915948
36356491
104600840
21613782
76347387
16564842
18808656
23193747
14946615
110203360
53443147
111956278
48081284
91396544
13961052
101937225
47398447
111441917
62402751
37557785
116289238
116283878
55353587
55223340
16912085
45927095
58823549
54755545
17492536
113560696
115399995
115399523
27213383
45661076
34082620
102174143
48423335
93175728
59798838
104025626
115728704
115751451
101270447
55156309
80399103
20657335
50460873
104248691
12036032
46294118
53659187
24469798
29121447
31401116
10119442
31448411
60181744
18223550
20081488
46297760
47662698
107285146
22628061
41406433
112214763
98964742
17263149
11178672
113366476
34681467
45846574
66705952
90962313
79106875
97737014
70690543
22702711
41670073
34410927
90467889
90969632
116018674
85997123
16061486
88734801
26377270
104213830
85870491
115484843
22662720
37010047
14101178
94401960
28639935
108040437
42364120
16504112
14228300
114284396
22081673
39932160
87217003
35567088
113678263
14851523
107146334
14065571
112448453
37329053
113394982
16672510
9508922
104728023
24072440
41285981
26871592
104866267
42462248
19512232
63878235
104570036
29504234
18777419
50385128
82521529
76089086
16513531
23678096
41093522
64487764
18393753
17093617
111054121
40776082
14283573
23163859
67971522
37141470
50721156
24257965
95476361
62471732
92119966
95358981
82386155
66644967
105456317
86243683
29479208
31388299
32698675
83740833
54671761
30082320
11171732
78941245
109982043
109978498
14780889
75053426
17392020
21335593
48422133
45421423
65921615
6138492
103955861
108972530
108647613
29287875
14420238
12624592
79655100
103449394
29523520
50436996
83664249
30711732
36788811
13036752
22075548
21923297
107625060
90887511
31453604
84717398
14306772
19403274
79006617
17176563
74523134
103902383
21208494
22301566
87098271
37667564
41450987
83638227
10202
18686380
61519287
19884952
428333
24773177
39179579
50747187
96422110
19489108
16539565
10333202
47411569
14301756
150433
11155742
24122752
6120472
48799389
54595224
23440628
23494793
20547645
18442554
29752717
92677317
18386711
17354015
18694547
29612396
68613283
17808502
87016070
14219310
20676730
89519689
86125675
28696999
85991781
31438909
93042208
68672774
18469000
51626007
18782656
85611180
22155985
91127176
91909647
68559072
53067214
89224491
45877615
93720227
17091172
96061621
25416902
96191174
95769463
16308471
92415382
93693158
96001741
23340212
60988265
16239509
97286436
74588229
39771997
94617521
95713118
92334740
14824059
37584642
43081521
29051741
78101877
74411089
83937714
14389615
13799922
81910133
20118774
77467163
16515311
18659713
16539403
100223755
21279472
17588185
93757048
89259343
15938122
18822966
94506107
17276952
22143466
22907501
25965585
96111840
57949536
15420104
44406858
49437936
34747280
14266598
27155007
19746543
63786160
15745400
19760050
19996202
23593412
28914307
23843882
15281618
18248631
35526703
74024057
13406702
16377431
37317307
18073937
36498294
22015428
96787471
16625745
60699354
89277802
74938245
97736506
51189749
43091483
16971295
23540980
99520832
18323314
15050895
91387097
15025059
14070830
69128478
59307126
24960899
46767674
68258903
59006743
94823996
17659667
16046567
52856153
37925861
16260669
39353177
77050519
18167830
62582733
69326622
27545343
18724045
82933323
20207715
81474118
78056243
95073811
95758705
23374063
23961186
25521061
23457444
18049840
41383510
16001206
94465013
85697382
94724061
95544986
80625405
21713480
50603236
71564153
77695144
61265074
14435305
18567583
52498333
19681873
18727032
16501716
80294473
7744882
41172828
7746052
27442662
80714835
72635730
22642283
70449178
28179931
39563959
22634593
19781699
57107167
18739458
43252642
91092300
55843168
17185300
15928315
66992089
25678139
29215289
23809262
18285948
70308638
18425602
18295287
76027330
26776072
18227213
18223327
72098102
14616266
61534756
21239830
24237345
65110132
33924050
62284608
16585919
87082906
85816984
76718033
20286799
59158212
16255492
87227715
37507593
38662810
33655844
35742108
78812496
87675052
81967402
80641144
16860823
18002496
77497048
19124961
18483736
29140338
15725330
27817316
34675554
70615008
51029636
25523484
88714063
46161888
15235672
87480754
16195439
16665627
31586222
19069638
48001363
40402810
40272245
36123078
37406269
38441030
36102199
23692100
42158080
39504886
32810488
19325933
25081120
68702544
38197151
17063480
73888950
20698426
15287435
15456857
48210763
22204519
18218565
24181375
14922720
19054024
30741714
33542214
33219484
30956026
31221705
44090018
18284793
22664140
19446195
19469061
20382179
37535959
19260570
17498425
19413335
21995906
48519989
28418204
15091022
16908562
30131526
655053
34337069
20803939
21868620
37745937
33784651
19520520
23973440
25017948
15850277
23398660
22842588
12194832
80879290
16889559
16704879
16717057
57720688
17004616
14436508
22377195
14821347
23774237
36996547
63153952
47712797
20858691
29849540
76950692
2608911
67174954
69979058
74709736
14550219
14765238
21646543
72544775
18037907
23006553
59704280
22559176
21836331
83952542
17357668
22485207
23676021
82638017
78149970
10373972
16676041
78386738
85433436
20958510
18254005
17542618
63527331
16536187
64235019
54246944
17800397
36144751
75572111
76195929
54490799
16485528
14901884
39492456
20849720
49246176
14711809
37602242
39653091
74256386
24291858
78920402
18063381
73478113
40668603
38539956
670293
23208160
29361758
14081282
18980932
24911887
37986651
20065440
32966272
71353652
7491582
6657772
67651680
46702564
81857262
780457
19877186
25365536
26940466
21702010
60979535
19750985
30820606
30962796
62547202
70048688
31398463
64448274
17190051
60618253
19445522
65227212
69704280
39895793
11722042
16810321
19428730
22225966
37771375
11183312
74239171
16912237
14458390
19240073
26779199
61383862
16513464
68428607
43923409
24948601
75130886
73192749
16036587
43888471
38682800
20462930
43726847
24910144
73697524
74227921
63897695
20248215
15061263
65116287
64330923
77382239
20076000
22962719
45620406
69433861
12977512
49403833
60811230
80050601
69402439
19468364
80172072
46338768
10365542
15487945
78810098
51764313
72577362
14563253
69254825
19375576
76656711
44936906
50028174
29370070
18188791
36731667
25602839
61853389
34396273
49768643
71917379
57323708
38833974
43766579
60684946
42409529
19048014
47524452
15529733
17869819
18820681
1516851
15782390
15584163
13027692
67886498
67448597
60194089
16042250
19679143
6750202
17233536
17602996
16465690
25153138
7341752
17257283
22693702
21003009
29087308
39899632
22764745
27116045
22276284
56753151
46798151
21663950
15093157
58113278
63854217
70210251
14621112
55214383
38856637
16893996
17825891
69412829
69412044
31441260
22731366
22257924
45072784
68548554
62581962
15117431
41386615
42960104
20702724
24989793
23631822
14787024
19130934
14664690
15384679
15811955
22829193
52499553
17258487
69036982
25392173
18310778
55546512
19397035
68478591
35716325
17097533
67049607
34352746
57749753
16580185
35120520
51351712
26781847
28430301
40012499
28007899
14402553
37720263
52083998
51221203
68258296
31052577
21540725
17032953
51175642
24032168
21942888
14416988
12084362
21707592
45546140
28081902
19920382
21631487
23703690
18215165
58669804
45173086
34360451
22973561
61656590
62838580
67331739
68059524
20796099
53437427
56158040
57693558
26388811
52839500
7808262
14413535
49999478
43161701
54016157
67749267
48831679
61611428
59611167
45023861
48840199
67384015
55381997
17543272
14505871
770759
14720411
28444187
16520708
23540117
19924186
7543692
19466125
44896010
19069606
35800270
29931919
41796356
59565746
26811248
16429384
14078808
67386410
59580778
50975413
15434978
15078069
41193711
17641330
60751185
66042965
66214150
14389132
55661441
49700533
65997970
16581734
14501625
21723444
45914445
17382712
18150258
66338682
60747342
27921103
14624381
14926224
65448329
44292587
14268914
47474748
62661043
24452431
62318649
46486797
60771619
66720641
21425995
15831093
16397508
24501702
19828552
25534432
23182739
19415802
67323352
20911052
29496979
27671982
59192911
17819852
50090907
61936813
17560191
44029329
48520159
20489875
26093154
41206370
25829051
22074353
8216472
18790337
20902034
18785364
28341661
60484594
14958377
10682752
35757225
17012267
53811115
18328324
16161275
41177582
17007862
17379096
22946730
14147891
57983430
41299898
23135992
43911535
15343285
18500000
58195148
39856917
24392055
10355192
49905272
21062194
24985550
29252212
22634470
53036323
42189923
33345437
48238120
19599904
20792524
47693294
65648828
40410836
18223040
60215885
16752235
46229421
52867745
24902750
55657566
59849447
31315642
55668124
22302160
50749311
28599031
14800829
40244132
54954708
61667561
56833856
32155203
61446721
29193100
52779259
17514354
17044179
14791466
16033802
17311573
65329703
36256712
28324376
17874662
53935110
50059198
50416517
26843069
20407411
18633351
31453667
18292099
57943696
15224617
42961964
55915508
16084628
47741704
38696571
58844616
30621351
21660348
34040874
46913615
25165939
18558291
24017018
40807622
45412415
24241099
63175638
18253799
15101714
25097470
20055774
15230294
45158700
17800696
18090627
36198563
16801155
20090888
60678378
15519430
20436059
22430390
18257134
1861051
59143682
21417334
55563473
40278554
57116047
61802200
21958391
61803195
59151270
15441559
36388767
24474273
15153230
24473977
18833628
46969537
14251258
54533674
21266648
15202507
32849121
16308714
28523323
14088485
16850080
40246433
8441672
56432311
18131240
19290592
19022242
52879601
18535084
14566445
17519571
21873720
33609160
52385363
61197924
15695651
24486835
23855472
41254123
25402994
45530992
23089953
33529339
41497592
21660353
49373856
16804350
57520582
49811632
19487352
29611918
25726723
18147006
15830716
56718018
17510441
7957772
22108246
59369139
17842515
35953469
59699309
17836273
20742461
16349937
58211938
42253833
18911592
3171031
55274332
33324960
46732934
47621712
17040131
14350297
23826761
58812452
15139068
16102856
51120562
17884975
57372031
14335673
57911808
29576013
17695016
19977407
14211392
54621177
41552427
26006577
20665273
19113730
39343395
20333731
14842279
56501333
15526837
56195646
39563680
10257492
22546650
24520360
36042554
49745342
22412151
46263907
32614518
41890230
53079577
26336132
40475009
22503777
44975076
42045262
24171417
765750
41286118
17941459
34404268
20934457
32422354
16900850
16274815
46194404
18156398
36854615
20258334
21505142
49075649
16616139
58123
37850131
15964196
19834459
55005940
51206743
38093895
33830605
34581081
28791003
7799412
20191014
23408068
53661644
32812611
39531206
22527832
51741204
22511319
31554293
52809818
15678295
28006010
51331958
50677094
21218806
14819881
34907387
39203306
22498653
42304286
18234444
28785578
21333066
43541153
39293838
8438972
19285839
49371787
27635863
52076577
27777737
31384426
35406801
51456289
41611404
42618861
15845467
50002763
50777952
20535982
20802212
46048042
7548422
15927033
33693274
18440857
21690980
25810923
40343354
16302402
48405539
28594641
20367109
19036700
17493343
18232212
10039362
44197962
36609126
40035673
44189496
29517113
36493799
38989374
32184836
45771316
19930293
46161745
46263806
16727547
37570657
12493102
24396366
37693117
46771108
39806783
41622257
19550577
21459115
40946305
36751706
48614311
16575964
28765801
17576413
20071621
18832833
47170379
41881035
13018052
46855199
29835521
49409995
49121875
22961561
18929690
25286000
26390167
44971697
45853000
35145506
30795207
45027627
23227694
22013083
16019154
22217443
18777244
15402600
14608952
32493497
28417329
46377264
19399372
17468192
48059864
1787311
24214044
41818976
48448770
19593852
26265033
17004618
30941935
19250603
48139460
14803701
18885069
11555812
19874841
34067225
2704561
43193576
21050592
15811188
17386922
19207045
37633464
39040591
41801846
29173968
19627225
14530638
37876592
29269401
42065137
42077118
38752658
42083435
23354190
38864481
21524655
40327950
41085860
20073166
37590733
15105643
20264700
17444122
12756922
33968957
27923359
18409842
38509501
43178066
19367642
41442943
19983133
35084132
23960884
24851066
23098881
18775184
42248955
43582760
26346619
23894583
19201823
17564184
23884783
23474986
41482668
24298301
41516967
27064266
44162031
16290007
18175694
18580760
19966737
44287988
29454600
43393738
23394826
20456357
19299207
30527725
44943249
42662275
17277902
22159662
21927954
23972595
44198039
16377725
46730629
47349774
34992817
14100512
15641265
14206155
14528364
42881063
14621484
27639290
16492753
19617688
10914602
43110471
30327204
1292941
17219462
14110996
17996062
20834936
17396867
18058555
16556254
33728466
45180329
37692162
17047975
17497068
42791903
44565324
33949543
14140694
40158126
45903610
45281797
14501453
43165967
18582224
26360531
44384009
16871528
16893223
38414508
45692603
706103
17827997
11271842
46264804
41624358
18220272
45867499
46196418
21102024
15281965
19919692
44129982
44464181
36771211
45684801
26455886
34177717
21861365
32633318
21002173
17051844
43849753
35054578
42956808
25014459
23550995
15119994
16134910
21324258
822215673812119553
30313925
813286
13
20
18663548
23590821
18260217
17514060
1180981
29249511
25289765
44644300
19731904
19973862
25597559
25371220
30512426
44198749
44695563
38889506
15989570
14311950
14638635
40022372
10087072
24964611
19611843
23614520
29492696
17583487
39524364
44436205
19070430
17933481
14376862
33998893
21840691
39662735
16617094
15430356
43383357
40616699
14331935
38974689
14147348
15408193
14685196
11282762
2427711
6752232
21413447
17517331
16286328
780889
26705764
15507393
6205462
1507651
7042812
19096272
21328991
21386564
7940222
15592708
19377997
18453792
23713290
25466770
18100753
40339160
17637684
16687747
13590202
41543268
1376981
28875486
35081374
36428038
40300027
37699510
17995684
34732399
16545072
27093057
15897179
43010279
26465772
37196852
16399552
14609388
35751296
18814803
12149242
24443595
16669691
31080733
39053938
20193529
36150794
14305346
17194296
29733432
36053133
20012004
27766831
15624981
40498531
35148450
9940362
39068513
7159522
40029351
35228209
21584466
17898327
37626804
17289116
16528347
23896285
31467882
31470272
30232405
27974961
38423124
21413857
40165375
25723698
23782950
41136380
25893813
19494501
39037721
14469769
27492791
24942859
12642282
32503571
23329030
19756722
19606448
24762732
14901312
15749983
17233225
23388920
31116702
41100892
15135153
14628459
18261845
38497702
9263952
27492650
22603666
40941875
17245752
18508384
17969791
39609157
39542127
14467072
19038475
16194041
16411480
15895538
26793833
22813738
35041238
15903305
29078002
28076778
11781412
22182837
21176203
24277003
36481682
19503553
21092207
26071994
35749588
41171865
25512921
28571325
6070762
19080017
37269207
15421558
18520911
24854571
40101517
40396249
22271966
40681459
37720341
38889111
18703025
14871418
41063
7877382
21440482
16871327
34945606
21759334
16946656
17945585
33898808
19553521
37012965
38349772
18052599
21811235
18351581
20850549
14602835
16519893
16521150
18190373
29483786
38262803
18239262
36510159
15380206
18057537
17311342
12673712
21401331
8644082
17531748
29783732
15983480
21315481
20655304
19518491
19576733
17506358
17431643
17770831
17785289
20292584
38110534
26768840
17010913
15208859
27854334
39143849
16711640
37602947
18394443
17044790
33259143
38942514
19474963
1416671
30342344
17680568
32315679
15918708
13510542
24760461
26229646
40354419
8315692
38686771
27061002
17368287
25598893
15623629
16370782
25548387
37415982
15245909
31019385
18499802
32034427
22408510
10388582
18694861
32884497
33907952
12476142
19562649
23826869
32844753
25584532
18734913
17813187
16935255
19277388
10814
15715582
26883760
15714949
17882897
14439302
17168970
15651655
30382387
5747112
15776423
20283276
10245782
21275931
15445672
26097464
19022403
40354609
16544774
19156379
14307134
16005389
14211616
37657320
39721226
11191652
15025498
33558461
1993851
19518629
20744513
28864197
15465087
28074037
15821164
5606492
18485436
29944052
23885018
8737552
18571701
19909857
14081500
33861801
14610663
20572027
32773553
39449196
16567074
26541582
28877039
25116684
18789697
21859563
13322212
34261686
18182237
36749136
35369872
15836048
14231171
18520924
28381177
20801235
17449246
16266663
26948890
25648595
27056630
39565706
20020647
18464199
31618064
37705913
16684007
14289168
34012282
20441278
22035674
16331865
35243825
23989968
14381781
17798637
28670507
40059704
20710322
12114172
35838102
18539631
40179241
16948868
16584682
19159202
37012216
8863512
15153771
30596986
23803280
23857315
18307423
7528292
40043655
16692154
30944167
15795820
26016099
9657862
30929661
39770957
15838694
26022905
30468842
15980434
10101462
16330935
18390790
21354559
21025508
20853057
18931823
16328002
11916652
33496284
14573272
17368548
16498727
24224268
8695352
17086594
5210841
27277025
38639759
34743761
39589454
15405401
15406144
20295092
37817322
15569235
38381865
26530722
12144232
14485997
36191073
35804289
23862487
14467906
31213978
16845580
29868741
29867586
23510982
37754108
19372915
35667782
15978244
24713505
16947666
24069926
32369504
33955489
38878178
39874846
21706001
19775838
18559349
17098338
14882900
38205368
19952889
29087410
23449954
5450952
16633326
24626830
26872444
38157893
15065843
17664277
32224948
31139971
7901202
32929017
19001589
22857369
35858257
36190591
19066621
6796502
21768058
18233898
14754467
23875722
13484192
14820299
24112163
23024889
21417111
17825668
16929087
16297024
24372945
31141208
17873487
18339832
20188950
14456471
34314872
38211356
22073621
14420331
3006981
29854956
33637490
26751546
34798959
19673185
20279370
17069950
23272358
21032110
14569187
22019009
26336221
27766811
17838033
30803792
21798682
18082580
23494834
30957365
21275241
28584257
28043835
22538873
28120317
18246347
21153379
15022050
21014637
36514556
23556086
19377869
30019178
18020120
23424410
38494891
17237686
14277595
18048584
17393086
27542801
33397366
17870872
16469964
15997041
16396773
15117375
15048421
18858466
20712212
21908338
21658412
17532650
17134985
17053901
34608885
20441796
36998066
20349225
19075361
2552891
21321994
36319486
37468897
21772005
14261617
15443541
19089363
10697222
21618344
15492609
28275937
14998161
14051442
24159062
25729999
14203726
17344737
18941080
33580998
36143450
16020228
23820269
36469683
31048444
24333791
18569603
24089650
19572710
15790297
14542767
14430060
21206042
24705816
36388940
15489888
34773633
36394454
23578922
23136101
29674962
23008116
17242874
20622724
18044059
19850083
27845025
19518542
24566398
33772857
19694900
21695030
15768197
32984830
33587194
18363783
6149912
15131310
19394188
19646437
12504732
18794312
18920777
16916369
18227444
14669398
14417516
8071902
21058759
20663322
14777614
17850012
14650169
19921490
20377334
30277473
22762705
20712545
18479118
19287290
20981745
34353527
21032005
18223667
17657031
22724889
20600246
34381026
36241821
15719116
19434976
36246877
25716965
16233732
36147039
20556689
7140862
20347670
14626367
18336631
24303849
29878132
14496930
14112637
28301317
26756425
35681463
35770387
17048501
29145243
25015800
30879069
23264042
21839575
21145074
18244281
16265012
18315355
18018670
31413832
24735305
22968154
27289436
32165182
22946948
15769327
19320697
16369537
26861254
14850829
23264936
20325435
20120996
22334938
20337511
21966159
15675441
17290569
28598978
14442905
23349206
19923265
32031499
27250894
19561665
20712796
18498427
15931391
7336872
7321082
31142191
22192874
22858939
24023760
31117383
31204140
28202174
16404285
29982238
16014809
23612312
20054770
29729158
23263681
18190886
28471924
15635070
23210899
18634567
29217773
23841714
8667942
11273652
20485057
16006948
24301214
28120169
13776212
27725177
27697857
19914859
16886523
15543181
17660580
23459179
18817513
23551460
21672621
24948659
972451
25937296
18023140
17022814
23610561
25726636
21337423
28325576
20523695
21231796
16120598
9669122
20957191
18958128
24158257
24821753
27145841
16535111
21782063
16511942
22802679
5798782
22207713
19889728
15319126
19032351
13489572
16826914
18313436
22240513
15846151
20674662
17275142
21297118
17543518
20454896
19559709
16366085
988911
18227209
20290146
15600527
18294571
15514759
710143
18158267
17799147
17577242
9506642
16291234
18506736
19036725
15263852
20602318
18527909
18170347
13025792
15599154
18408132
18346687
16250675
18634227
18351093
18729306
18943752
15717762
18683820
14583616
17814568
12886922
15464011
18048053
7091662
17543497
14709355
17480797
14437619
15461548
7270292
10615232
11856892
11134252
7713202
16143385
16422205
16426556
17487968
17791651
17889601
15089632
16511204
17049255
816154
17644000
16447710
16362869
15770570
14361581
16240108
816202
15625031
14477520
5832212
10742132
14267267
9397532
15935591
16111206
14385676
16221484
16219277
15172810
14830705
16145978
14752723
15351784
1564371
