304616288
3068202269
67428830
2398335002
297542029
3992373014
94465013
61090009
19122647
757761239195934720
32661253
2416106401
779044378929168384
260814309
2713357760
159549621
53530962
3131775337
3380566618
27250191
15599154
271526487
23664429
1925542440
10943662
2384732965
17111526
27651401
780491080198418432
3303296886
2203664568
505425525
158070493
1158461574
1035806221
3038299080
1676370121
375662595
21839575
1240475340
222141922
986614031887855616
101851792
313545488
972571568457961472
21800988
244042538
360047784
3305610617
765550094930341888
2701943450
34549185
843824078628798464
52593386
25686444
2347354946
28386018
980833521848782854
19613907
2557026085
1280446951
533806457
50386061
237795990
15018428
368702665
898891222567100418
284639726
2798492049
972266953351073800
960609757571710977
27799073
1260336360
5931862
1126181142
60828944
558054702
971135048731766784
970135332896219136
95573482
146341446
492220733
39000115
807777094180765697
857259941945643008
14776082
42970440
3328831982
3098647584
958867659491303429
958422847998832641
708014718
908358174
961289890095869952
73181712
269080996
17417739
20088983
322073743
2876482864
1962159559
864555413458604032
434857136
26334203
1684234034
19805321
394114411
894630377028976640
430048955
44937090
2784853101
72928579
91156911
14850576
239548513
372026751
52998367
16003633
4579261769
2374466929
210235686
508974282
769966778
190336769
252751061
170354845
94418344
2355270427
54583264
3182390875
551269006
943583894418481152
23512625
1074480192
23022687
126179463
89427344
42724842
26697854
943234086583328768
106481113
27079883
715358666086551552
1107303859
19926954
47724293
806960295591739392
16885538
884468577730011139
16868080
59577781
14619617
940419167756390400
30855079
188065873
314764043
117833629
282415954
144748652
25757050
938441572961660929
829016940588957696
186583544
344653120
146252766
919954735226073094
355944181
926195204
310519035
766108400
23612630
83953327
180633358
336396113
150814416
1911112620
945995834
1228907636
22846965
824379991953653779
852656891742367745
400340620
887736087841570816
15909657
274026929
303865205
3834939257
55394190
424511268
789427705116762112
17007509
3273220608
124763921
15233637
1168534340
14775998
80876593
20380049
31100329
14704278
351124495
58683409
48445890
134870834
74326408
3029579697
2250948913
60644777
1101402740
202890435
242893326
3001347158
322143316
22492599
3506977515
3305471267
58481326
252868645
211177035
958081542
893506769229672448
15238094
840253430841126913
16404285
24159062
908657619274993665
894923298374651904
1887127609
2434101548
27029537
17517737
167494170
76696176
1415616332
17436250
169514394
231819250
61736345
142053410
292549803
184143817
870744566609084417
21960398
15000537
37687262
1101539173
740031643273027584
330257143
19070242
34936539
102693272
904698646897229824
907980200729825280
20963651
181302855
431871482
842077081
2528017561
15029174
54309568
14324883
202313343
61462187
116610550
425522808
2337119462
3433371777
17910554
769279505596723201
299928124
3184574881
110541296
23348842
2154052898
281270833
52758395
28144343
34613951
39659684
174421336
334944709
243337600
770643482482397184
587914725
2283978385
744600909062148096
819544845442314243
17270262
516138193
47354221
22015428
37029298
261160205
867504295
42719957
10716532
356872664
771666432
3305981926
188428849
47660321
258924726
21339626
17860358
577488696
37820042
18362348
54616608
874011323754881024
16017424
824729720268980225
816652616625168388
1435461
226286968
745328172
143835460
3126183218
2432553818
66267332
19867003
770704798576414720
242944499
3432361036
26520417
240321837
3231804466
66509482
15765991
126722715
35493841
204599219
472280764
393153088
26051412
97261380
297690193
299877078
753306441595908100
1876109748
48120914
11659232
1383059977
1071402577
2313867224
455668017
11179192
724969452
30871891
87761810
263373101
180423094
218982732
387937220
871466086293794817
257661436
2883141143
309282144
821782476515409920
4074638271
5763262
1310607152
22451908
77105397
851808935397011456
150686538
864141871752368128
31015297
317643185
17827531
310043213
790579998910406656
13674702
31353042
14988788
37590426
3315242912
870164641
23272358
1485600931
24873949
2976955005
261838928
758026247872008192
498852873
1966049816
20094138
258885469
163598915
33919343
179163585
17870282
174665387
14856853
21334179
829709881041117185
781886423351881730
15489945
849981408978362368
799406276
43970862
3063438354
24692390
179653548
269896114
18332915
827558250203774976
2444109577
167024520
20054770
2908784357
14603515
13262862
1364920530
172461015
15031183
842072478834909184
20626879
752533939990958080
1354419546
1031612276
18438933
26108757
17289717
580277991
24898621
250479378
2826555760
518230213
54239985
363368593
274334782
188857501
4906211
394103606
384375523
19539716
182438581
1212291354
38936142
534537278
278652369
167431658
19112923
851847665683922944
80069319
4913353622
2205519277
3588820338
557841348
619159265
227339800
831992401178787845
111664124
26170143
183898020
33788499
55930769
21901272
1418372736
259300516
80657587
17654451
1681704248
711215300474064897
834500480155918337
1356942170
491644912
34369632
102702095
58322812
187319088
20090888
15562948
404370559
734808965767303172
15893354
768259014807347201
15201979
826822492794798080
25521061
2396531010
156981745
325777887
46275302
2898662910
28332786
9332442
819067501724069888
836678203037089792
3458195901
2283822574
800707492346925056
832672006113931269
14268812
97229829
4854322107
834444914192588803
115718513
829101559858524161
823579302042238977
372402043
32410378
58869089
45399148
168290603
831567731820527618
2239565996
128717759
38496530
134149607
18539211
17465475
823367015830323201
31204140
2559382351
824366425318035461
2408628171
126110914
180723447
825001060154503168
25096930
424274008
703948542038175745
1639207880
4913722342
124234624
327862439
15109378
136390205
227790723
290676747
92345657
18670049
107170206
824010746090704900
316501231
39448218
823996206099509249
304392714
82066670
823323989292490754
823638938590085124
823693635564802048
823577218748190724
29464781
288370667
4847583324
154909422
1854386834
627357044
902971052
96665704
15923061
409486555
177822689
16459325
821769014691168256
821419495730401281
1553746556
21370475
821016494083633152
783470260150276096
15382186
816277272013537280
20102835
80924527
22544777
2610029334
15739494
18722097
89220865
58619336
272016697
358346497
2398425918
1313969882
16893929
260422033
14327933
15751083
16457429
103469035
88750092
133990365
257091348
80890381
104521876
49677012
15939889
28994305
299236836
65369238
30036528
812044909356187648
620571475
20776147
17577242
2804483838
93082722
173491730
16061946
24613245
761844854
533161065
20280088
20660342
1493053800
188957628
229144579
184860130
301073375
22313347
20055774
426802833
3901368507
564111558
52530334
217550862
195988950
634129420
85841491
50854062
52494924
538307129
3236330519
168332195
20459403
22383118
285198536
127956843
1522459368
237886660
188039125
244128288
14173315
1222271592
26265640
2872332330
757956967113560064
37050751
385141332
55371713
459817163
273685770
2381659016
2598246906
3449135608
34630066
708534852283408384
93069110
70511174
21153379
2321063701
40024095
3077515105
245983319
312588745
795035539523203072
14745776
39524364
24500036
374865200
4747202429
47632905
131629607
42995067
3153892631
1022693570
15464697
14021902
2547591006
743161872669630464
17243582
83675474
188066564
3378190378
564000560
1206282198
38833974
1552124245
27027330
21760810
16589206
543585998
22665545
781618575874387968
15812284
14185317
89820928
990095970
607549612
168780835
849971192
161732168
233774775
126709077
205212092
101813892
785884360146681856
39711597
619455696
722820685576347648
234607057
15291042
331703548
17881345
15263852
23721089
136310943
155942920
3877467275
44202038
203539440
90901374
17594279
250492272
20017835
18561344
204859134
52195360
71584155
108713959
45009355
348530162
707607145
394268358
2191000195
801865453
9862752
2841359663
3458582652
17846309
1084375028
556051103
21252618
172080778
257088221
1881128166
2500134024
18881645
211868614
2533322918
28182158
126115339
26080389
90420314
121636605
21011811
2556220527
19877186
50513517
34609213
738844511422447617
17833557
2860938676
246458223
380399735
423967602
766311061771456512
522739053
743801187669946368
766044666676572160
2347763826
1534167900
31591773
244655353
1588781490
169596283
27696993
14389474
763008997
761218161987444737
1093090866
818876014390603776
4835148503
209148395
4578419423
40757013
30915636
89713893
753304151271038976
20525929
14261617
60654735
17037144
17970486
755886754180243456
21252385
498949911
10168082
1161879818
1685513923
242418441
41639797
753692879499976705
755124594646933504
27948604
214842351
3291177865
58942338
113440497
16301854
755061090703114241
22772264
277516059
12755092
140188005
750395887029858304
24114626
3245949751
14408713
6393032
223167597
44989904
52387765
1531750748
33589330
67030010
391768480
47276713
741051995415400448
15727317
18246347
1927775408
16371887
330797853
82151660
28140646
624413
15110357
734806938584653827
24398702
181974858
160561302
605797565
815752525
18825339
39086606
16753660
59331128
169586280
16930125
34713362
61734492
61216500
4370201243
863527548
3342812001
234406945
359601344
85423396
130545305
15600527
325830217
818910970567344128
15824288
3148603093
19107878
18678924
417727024
2802527455
1468117987
3086975121
583057845
275207082
24900354
15399512
4452015921
24703826
33653195
3319089207
23103488
166720297
27801097
14597239
2194529533
87608477
392810019
4833293404
19554219
2325958615
2590191937
24926288
15839947
4139130916
37926315
20320020
19618782
130496027
16472218
508730409
17791114
423580918
190298721
72949789
59147502
14413466
218325695
3077073360
18938912
330579102
270379099
400171041
57036865
153243247
213367093
2927737171
737744862506815493
2891165960
288293123
734744196876111872
201804860
54539941
24931027
5755582
4835575299
21696279
1119316969
4817600774
14437161
15295015
129834485
76138084
2347049341
262337291
16244449
534660908
22078756
4892051319
16366085
3001812537
2641341142
718876367480172545
121280002
90289733
20068053
15497952
1955278333
52059918
160731260
24032168
42692687
237477771
454947269
14342564
1522468057
357162119
260236683
317980134
29561048
3148523352
117882437
84445191
216379128
46119836
1877114198
15828276
138293549
571012449
140594999
17290577
369746299
46668984
37208326
41940756
14616022
399817260
15108530
732298086840590336
718542579130871808
731172750149160960
70690543
52499553
413227708
49117919
48448770
117467779
95506425
19771515
28650498
20813112
2996982741
1967194993
91478624
15948995
234020066
18082687
267371257
17423992
26593129
1472321300
900294817
4262349923
246872121
2798556926
59471383
182839127
132332780
1241533100
153745521
80703645
1684808305
6576292
38146999
15007149
21491910
350289592
31116702
474974313
4099910955
35749588
34277697
717994058111655936
19929362
17466132
3525428122
143798379
10691752
2463112652
36474190
2750140513
604017792
11771512
15507433
16244891
81168795
26574283
115564212
15837659
116953703
904408999
249348169
12788332
512099490
720649930017116160
1394972214
35038762
719677645030629377
2178243152
54402235
90252949
44209472
318477569
34435477
1157383172
246997271
340384980
143298690
743376480
111677152
15724667
430664821
78893232
773789287
785748907
408814413
2949376767
4919628916
84387689
108645028
222312634
459051859
30873459
1061029050
2211839412
3002362660
18696996
14629262
274659732
126719717
1228362463
715182122743545856
17402120
544794416
17220934
23606334
2149765556
63347727
562456722
189216305
84679163
804556370
2349845856
2531942016
1665298740
436925910
23614002
15271184
19069866
232235048
3293798355
27854894
73725514
105939814
108176736
28381177
1194910158
105915404
47184279
2424440299
37945146
15921559
142721190
114786624
18916432
5402612
407013776
136550204
116061991
45604374
123336648
4874914306
14348157
970207298
202206694
296361085
357606935
705423560089563137
473270848
519644396
35859147
193939364
37115912
296060169
2792200786
24198142
2978562969
46948557
1081098265
1626904404
13657922
15463671
136300373
19076678
986754980
96223348
362586086
4905679288
9990362
18868201
1952604397
129905855
18025557
8404572
140252240
4645212321
166503603
1286925638
390985197
1799215166
247892067
17445944
514727834
40912473
57430197
1857860342
2485363350
16826617
410216127
380004412
2793063717
17800215
23634358
63643870
7900962
763699
2447926526
4121225056
31413260
480814884
237325206
55940991
350457031
1511973836
1169961914
76195929
61306771
3258313314
18880366
48939663
7801842
18684946
491683083
173919208
48747306
30055390
22481472
105267145
1647573157
236220226
38441030
79106875
24464743
28471924
15829003
1710914702
21027715
20852178
108972530
17766403
14007532
26953478
526784196
564284085
1676010254
3641987953
2319510258
833799602
37752080
351168359
15691733
159813944
437641712
479856992
3289348209
15918353
169000963
2485610310
705492743590703104
720356336
393052835
27457788
89292711
1023096199
31464192
63344223
20109439
21672621
997834628
41731187
46817943
240430436
116784750
1603381488
132912934
705706292
27688803
84620127
313874489
51768731
19546277
1004818963
15292471
2273269213
52972834
53065659
23232204
23455653
160977683
57054498
23967935
342307993
1679276983
54942556
364762860
79743108
47688440
52483588
95143163
167151178
764204616
185782618
16097429
53739928
96391851
773818880
2157198914
558804838
208494046
21316253
1515903200
348345136
18379407
233985354
79002496
19785811
1563398220
2377561969
156666863
976542720
1947265657
36775984
1967216306
116893103
302069015
16971997
3063078811
24439201
2482734985
2712190164
91415326
259917701
15582894
436389559
2427885031
102177669
24484212
111080705
92183278
701464597
335149021
2291703554
306385800
22187085
428333
18956073
1219362518
17273285
1889931
20448439
2798581465
29249511
170461640
3169937979
18228027
326255267
72260786
28657802
17793878
23687364
20454896
153180731
45577446
20237824
18713552
38662810
249787913
629756258
4164806595
2992491431
44914045
13103242
3496550774
3108351
14511951
22041466
18915795
109071031
76456274
14335586
1414149896
242872360
18771370
1427797710
949934436
245891006
48075643
81965017
16311797
32540650
93944978
491783634
493199977
83636590
193022704
78995028
140286364
22830647
19146432
30929600
281638864
15690243
34274380
28167086
40872183
27751891
1536791610
822215679726100480
26062385
14260960
346197350
259387971
14238142
135342555
1478358456
2955207361
4417219215
21231796
15938122
39492456
54176768
52499247
14385676
478849885
24948659
154985728
12859772
976866804
36420300
222112435
73238146
16789970
15764644
113420831
818927131883356161
550275928
14529929
325615084
308233424
147159769
15675138
50325797
14412533
17968297
50073507
281593711
26843564
124224165
28652194
15922214
59676104
28414093
62594694
30561212
46417885
31447311
57111966
9855382
37986651
41847726
207660339
44136028
124490608
106514937
143923948
372798512
6904552
5976482
21774229
15497533
259395895
368366215
759251
369238541
21301933
485924782
7380872
38838127
39155029
18622869
254117355
21307076
326555679
599503354
15458694
19198755
118747545
15210284
564106953
807095
63004503
222622640
227841653
31128529
43409523
279202383
185775456
90658621
1652541
51241574
15097615
14353392
9532402
21406834
15458181
20065440
628709039
197423425
33222598
41988894
47954642
30944238
77032777
615565791
19019298
78369108
22924755
1917731
15469170
35039244
117232710
18963809
16698389
284694021
221563863
291734275
123327472
28181835
90614279
23484039
15442036
216105697
30050899
238282710
15646547
28185163
37742873
1222686962
338597175
155784594
729177876
377185142
135991437
55369810
1092979962
970557774
17448019
584139171
256705218
17629860
575712418
105925025
103130238
288308178
86129724
28722356
48125246
257549999
176609040
37291805
64320126
292495654
16125224
18963842
38483313
510592186
77889726
1428441589
26120980
1322563938
27720205
49793110
1390240988
114192592
20053279
14660096
67403389
1410932120
15563201
18697188
415531692
29952250
807253855
1603419038
234446900
15001046
40934685
13063572
1296661
517709195
7402662
7195902
2182436540
160983113
9300262
2283772130
1182675871
29077144
14999172
27599874
217510835
1556361283
40553282
2382117350
2424388281
1410590874
1262814457
37920978
120180668
17068382
236026761
326619024
997684836
335370573
2657143946
34308692
7334402
515822213
138774153
2328937074
183667282
254321616
16261445
165907703
31037199
134918286
18175442
73145792
22891564
49164309
12354832
1564371
260405786
2864316239
314099893
14493552
2999795299
459277523
20546536
7270292
46557945
378843009
196854094
18297948
398088661
119245234
143626997
2817082508
19186003
2856787757
23606500
4207961
2209411222
23819676
2955485182
2214559128
2814258183
61520878
249722522
2965114979
17145499
17340781
33662891
1071777608
113697185
17773720
86961179
2922928743
3077394499
1027151035
16146513
458485275
135709774
236480864
2198378545
25987359
1246236312
107441863
90467889
34511441
15048627
3092427779
344709911
95740980
71742133
227789320
78694788
544378056
370789794
21104773
2434
2332617303
15925218
41476394
291998786
18149066
164400261
20957191
250215613
112526560
3288607679
2392211474
22737278
342896837
3257262027
1346859277
294126378
1252086380
2771136154
2709537044
2559930512
1137600571
250912539
63787812
116834611
2411400990
240737573
81075524
593909348
1484354562
29077741
3093573484
3031801468
42411601
241201385
39254779
55677432
6430462
3405998836
28390344
2264812224
87480754
5798782
151872843
23218749
135976728
90987752
19029366
203113709
172460787
282629774
74774650
90725320
18570258
17900850
254554893
18392023
236862850
93893263
32007346
57402958
39770024
44209145
15989570
125435306
155697552
217473715
25076603
17875543
17819480
267866954
39181467
335152150
256126425
78632485
24214044
55303005
13304022
109602429
296521334
46131063
29733432
326301436
14804915
61610259
15107298
365027879
112967808
97062355
392790508
111925200
424368002
17885180
37686286
347466521
142843687
20017714
42893717
22032260
74164455
478757057
15151310
380428444
41670073
349304829
176456922
237460776
526972581
292395538
41445718
152014583
29479859
207660816
233072843
529746444
284178677
92572677
234493276
106934483
317531538
169621357
584119262
21887271
207116000
398210739
15129727
35021563
362654346
169108126
161696160
46554393
589268236
16073416
23443095
264274146
206803921
98907691
125421644
41871330
137698213
749303
37333918
415204419
337881467
234028077
763977163
476049143
15935591
80616961
785750953
274161869
39256997
851621377
381603450
15351784
260876459
342998260
15960725
249548988
23820132
935019944
82950075
29540384
69600690
16332210
22919519
726639882
83670652
79469963
17606918
140906686
14858000
95268898
78320856
89500050
1009731906
57955878
842437290
899953801
147949556
158495061
988897050
1024853850
47704085
19256238
156026622
44724324
627395817
52056388
285606682
227707313
718625815
568484256
48837983
312268274
356278148
360694537
544466882
594752946
16369582
211215191
223166587
39424870
939791856
549862794
51108835
179246362
299397226
1140316267
934782030
836052565
774416064
1069710066
610076827
60618233
246440145
116564271
54205462
22546420
1280497280
18297391
59885749
55295275
507811383
1345667292
1054171338
233696188
1426461050
16807621
242845155
18190499
131301936
55357522
266898327
210837442
23694685
317817201
17679229
277011035
84209332
27220145
26334526
116877154
103011563
1582548500
463306588
50405939
363234005
952477584
1603853384
720238182
1613683465
318680271
79022250
52205688
1231085083
48728874
107169769
15096908
116564623
836301678
24521010
17762236
1665991039
22723658
1554525492
221197430
381498003
20782017
1726440840
1566500335
1320463135
205918743
960757598
420601569
938213294
1702571186
321473952
142475446
41739417
211175980
74538438
805247934
1282036652
52287103
305649821
63813290
14360409
16228326
528949429
300681385
924063600
18343454
1615744356
87473031
388468632
1345220550
101304610
1967663058
376194493
1874699929
2190453079
113510315
15993122
297152577
1563402026
2203101402
214587276
32288443
704972782
394133967
36569305
1591636951
2242758962
2242878558
909518180
12101862
2252567580
328575516
19707986
2290628846
2291928919
87227715
774173852
1710525986
1650695036
40958822
122399820
12164172
2155681508
1922798738
19169171
2227405741
158438984
2286794600
14945496
83932732
360817814
33609544
18780213
2345933348
1402476043
615471114
920226074
2377014175
796860444
342927994
1875882782
2365995152
606434306
750392858
1320710305
2412923713
17884565
42339512
461496891
2330783750
2424032424
2349114320
2427675404
295509189
143557921
149920337
627479245
59450153
15219854
2472859273
1062203112
413223602
1969188740
266664252
25074644
1355343462
298132818
43133359
38264483
608532461
464123185
22921775
19780355
1059359743
618187843
473083505
2595998343
16037856
401597810
377116297
1382682271
63735961
29232084
1061004061
1547801874
149954544
108418669
109302025
2304764489
50611261
2696647920
74733407
19311787
15691324
45483654
2730222072
402212011
121830942
2770483501
95672893
1426382581
774651668
422257573
61623085
2796128924
49320435
45887629
29033774
51432866
145361326
16169762
65194555
35294292
302791174
2828957924
2761268267
271966943
23208453
17875323
15582333
13728482
93653114
2546307577
20182089
70378772
19862026
18944963
373551099
14050550
2218233889
15483352
796997678
354049277
24770627
202782977
937723303
573997773
87545582
2364758167
1898664956
2916213357
42042991
1452818935
1149485610
2284930469
747876121
2559722468
112482759
2938433741
80351451
2961054832
1081389787
69680252
2305355246
278081549
2153134176
2917916230
24390274
3006258669
2312829909
157778204
1673168113
2956804520
14935323
621057383
97958750
24921253
2990249839
3000036225
3018818924
2375533844
28279637
190890578
2992453712
336643613
182493733
71832238
285954773
361974796
121312996
3149683659
48807855
18190886
158802394
1426168484
3214359621
2865959272
246309084
2497185313
114061362
609272363
64489845
44677704
494139666
3130995657
160306237
47960772
35857998
774425804
23596644
121230578
65420357
851008638
627489629
172343542
568565386
137371037
3219874460
297112640
1900352893
43197903
15569249
144909618
2535882049
2761802987
1167174798
135565415
38461740
23538894
130254735
211034788
400293191
605383682
151994258
18943752
3352765499
292990703
947505115
36791239
1337931404
119707587
892258068
353289925
20822875
716453653
2613621834
15755270
62543839
230027206
2926136996
4635045142
4604228124
3099046642
2232255944
25136956
403477188
41661908
1045110018
3284808572
104938186
365562587
52180594
80885440
16801850
2965524777
58044503
413355878
340366664
721608044
19576571
46644822
1942233108
213652631
519607649
97737014
261918703
36264632
3068598381
61657281
2267825994
20067397
820173752
45671898
27030065
19739126
3286732098
224685124
208731779
142907059
384427130
339822881
192942213
3321604452
3623193689
3749762656
3056142064
3761605342
2788190167
1242040290
30174678
270978821
15110431
19868028
3312899520
87420519
75742264
2359796533
165862343
2875097319
2617471956
3584633117
1525733438
20517132
2651421140
156638832
3728726603
3907577966
3666129258
404177644
82415812
374003821
301809951
163589845
307706217
18158096
154183994
801936866
276724024
165411483
776297756
4069999572
108387045
296283378
532782304
4184019852
2252238980
544093665
2925193450
19557657
19050314
36845916
117206108
243394821
119179453
1631159347
39800314
21348368
41669636
1343716350
94101350
22428439
69032746
128044290
906434047
2689749997
935339798
409951959
61733302
342930427
43092107
18588815
1488042110
15755452
60010930
4128104381
4192205473
105624070
302105813
324834917
214502417
596661417
2362990602
50364386
126401831
360080772
76461271
474232856
136048059
27055034
127683479
18215973
119989222
48377252
626983614
487491879
337742544
36665547
140059824
21661527
2792526443
58113278
4684531514
33537967
15135675
27763028
100802089
123738314
195840785
20423695
454201242
146186453
3044915783
131552659
114670081
2925877043
3087045099
15692988
109257354
13524182
1530850933
119515943
22508206
55896443
31404932
49770884
14270650
32606999
280545550
177944746
38211356
21315320
31127446
1633828237
22012091
1393155566
22428221
27174024
164045545
34096609
26283307
2359945422
34113439
66720641
2359875289
109025212
366222426
61868624
1339835893
408950996
69669078
18943971
77920769
37692162
454897760
950531
48831679
106466653
1566547009
25442816
23911915
177646202
222554961
117821354
55034814
1668338150
835407265
114756202
17285207
226338599
19824951
15434632
225921757
3048591722
31128730
1078417386
16298388
15433452
785541367
22508473
241165319
125748589
234573331
2286783277
787638702
111264632
2397985568
17907265
16457192
510516465
73003960
2866541451
407935542
16160352
573149116
1686495829
769721616
106816456
558098857
1249982359
1342917680
82657929
1638925448
98907041
83650156
268287042
335470872
15345948
16070546
11031552
14615871
26022905
94620285
14323791
104299137
813286
19262734
3327665306
198763121
574578077
243236419
277124730
27225542
110004599
34618434
26919348
92064478
25504959
70765315
23247996
264219447
266280017
212247334
221162525
1252224511
17463923
476209692
2188951178
17144765
978620492
165204211
30313925
822215673812119553
74820404
403727931
240135871
17906632
348063877
20218675
75690416
39279393
14246001
101495057
358252545
93876666
1665386791
25097470
117501995
18061669
10615232
35941034
124009544
14515799
103955861
2950769694
166252256
142896252
5743162
25630016
2359930063
58870848
56475632
30927826
11620892
15309804
48701148
81661065
179546580
829219790
4729852412
252230516
143670242
595478653
17660580
226595853
27780786
24054721
22464898
4924283734
84406725
20456357
61853389
282082957
2153496444
460246990
1055515873
45394589
135579633
14832450
113960138
636949016
37191851
39575928
21009178
38509501
36749136
21247089
16910688
88738382
4843925001
2467791
