23607802
962491075112861697
303796407
812001140091092992
973433928412413952
30943920
2475139904
2187789073
989250981199335424
349151372
2510285629
768902030534455296
29206074
3192181292
2941688403
790872473877090304
715021955481468929
167781199
999647636310327296
373432520
961005688947273729
77548797
3240778546
1075724090
77643082
837491878291460097
1017563923
921232022177071104
259287317
40434678
936895026298159104
752281202
149972960
197178807
586785185
944572024919347202
935907828572803072
129027166
919926971928264706
757152907
737140625657712640
2974120305
978320908317229057
339500012
2908508817
753326328221433856
851467363476221953
40102980
939456964131737605
830447521013063681
44776767
261361916
1444575242
924318973327486976
3390293278
4886061346
213465040
966865917471789057
2204823535
967304967513141248
938133147027468288
1437201361
2154953864
2626544225
965710112257134592
949867187480727552
713489070601666560
855498465085882368
336814136
906402613247098880
711307665629175808
747581518504169472
918902123320020992
902670307013611522
2962080772
950172897515130880
1319883463
378932270
40384836
1206616459
929939810
2571284530
933528307508924417
4194119800
931213795
48116098
947889799842746368
2256308858
705121947206680577
513355459
569123319
1318916804
929201317842694144
928705587810062341
266173213
799902727211925504
334950418
823421257353924613
893329367635550209
861109330699005952
3279901153
756425749708599296
883855934979813376
66001383
916018867972988928
882426935900504064
373994919
1668414204
913208926635782151
15172791
913693473693327362
1171946941
914032644526100480
899685857405407232
54109507
771730486326689792
53017384
1361133636
3403580567
1000724150
795692700234301441
765766656459153409
3250655320
57724975
907315149983375360
1723604724
864051882
2728273766
907511614328463360
157773227
282180687
43582197
897507888784134145
2203246710
2481868487
892424080250605568
2701860871
2176849550
2705086191
196874253
1341848839
470489295
904464965603442688
714537891200897024
1002390536
714991721180958720
902756200244277248
2904064845
470044042
48103625
33923443
19605308
1325398530
892992532724031488
895164978742910976
788641521050406912
896437539871096833
701012815650263042
3041496101
2863647204
499828856
189764627
868174886
159534226
1486558566
1123496605
884439223960576002
2868277215
823305869387591680
787573023729528832
892137774312284162
792470725953196032
2564469978
827033593151102977
2475902982
2352484536
3022889996
2242211653
24897626
823054671292104705
2846310748
3045069365
299225301
742504352628285440
878749887680139264
218779849
751953424032333824
1575854005
311724491
826767232717975552
885316862325792769
4890380937
885500487667261440
819421123200716800
884481840324784131
798262680184295424
2898878761
2771374312
68414890
83575079
884592342933614592
896128172
2315801930
882641530523144193
809158018726330368
764912437200125952
804086235035815948
864423467332063232
55954221
798941026807255040
803775111228755969
2735843731
3045180431
827982535196045312
831747325546655744
2562327457
321515365
856563957737324545
4176197669
848647811801513984
595649547
2877215733
872345306008092674
3155112431
4350413413
19904112
869498702494396416
135541021
2603067229
408003345
1633339416
741626966910992389
2745536183
847787437178978304
304075660
3044727911
758143303229505540
832417334883123201
290395312
714208978826301442
111786667
946770918
168721630
192889553
4777509087
853579972702875648
2906199793
366330546
166638176
861957577143463937
223300063
835111021857517568
3154182048
739382822419464196
27599956
818674852726996992
855221519487717376
700553910
103772491
878685044
853306398716952584
294260447
88069914
2278124653
2377614781
856368016023531520
701824494470565888
3157588473
848175487205740546
726150187182350336
2413806354
119923579
853475987119521793
733529564014465024
854771072423612416
147724396
843137176443400192
338626783
853083089010126849
550468021
852651802059255808
836313274434093056
851605498361249792
2388172562
4130033465
701848531779330048
817204763720876032
840032796819230721
827132783986372610
962704140
501500898
3505820489
801026655909081088
849375571368955904
849339819377479682
2858694923
1437779370
819225166827978752
844730721470201856
844795267433938947
721686143717089280
808439604462440450
839106031527526401
325763009
3476697680
818641132460642304
831720627287519232
30554417
15760799
834504314496376835
623078748
3004960138
772474688635371520
829312320190967808
787703650302951428
2811593419
73534865
786168467649138688
1669943617
787978257941561345
829158576824393728
816380272862056449
821504983061315584
810869959551254528
2232091310
2767900880
712055441757343744
4430903653
811222695287222274
727780880442236929
592210087
816002950787055622
110063363
825410073446973443
103643558
36313541
2743837173
223625315
820207442004967424
811551334797287424
758921815712423936
1266152688
2824354053
704708390597988352
741621587317686273
813727484344729600
64083835
4290502154
701432978296147968
782144529390379008
806149858826579968
805987518978162688
787485755098619904
770466287894102017
847577707
752342950097543168
285258447
1881047419
779501709131264000
783657306487607296
780341933965139968
797682426700910592
749260801593085952
738001503726620672
779993864522256385
2805360160
788841397596131329
793954933259255808
50936011
219513284
4516967494
2808489531
754000543215915008
539295007
753591432301076480
335326799
793577410591461376
773633620527513602
4466364166
15546880
741908060789182465
782687625299714048
1173622044
150047272
2906529139
702702647728472064
4450909499
270227961
4877068995
3293499285
785220570531192833
788155600773480448
754337961722904576
785727201471713280
4909094610
702835805203668992
731551866098618369
2700487588
727435765299335168
785416261471580160
750798631268151297
779315421501542404
4768704558
785016078296416256
767792089123983364
772196699557269504
700735223080710145
782604620631711744
1308097628
712088568454184960
750583297852502016
2965222533
783427410033123328
2839211288
4733148693
2689686487
96744270
780815013107736577
771282025055531008
463306143
3359483921
1379037829
781070565113147392
4802329812
4660525573
4575523802
780933861651812352
773086079838785536
764201693177192450
3547540047
538025597
129893815
739421549996871681
757894523716591616
758587246488522753
2474649116
460607936
772310049460932608
4536693132
903788539
2620311518
767816008363040768
2987879853
758329863862362112
720735324629037059
853588387
599731539
154627705
769115213257928705
763258282559442945
1255723460
360311205
752461963414863873
4766886195
2258254334
173504609
196971342
199453768
702521084940161024
1854093978
720328148068335617
1611254030
541240567
369172994
73231838
757129752650014720
762081337650057218
4747207144
2465635880
741669686820012032
16580053
4094001717
313148435
733986026092433408
728948234199171072
414486403
726957669446119425
3054949202
904964484
1934936912
116151033
76156501
747139828966363137
1281527143
607099329
372267946
742849103487504384
749460125501579264
349059541
1864342658
1064788682
543099330
450425543
1908969722
50191301
2683448937
743264440758448129
29720608
1131351468
2205366111
721395418257563650
413341878
2764836156
501896635
49124509
3064035335
2279415930
701814914856460288
264800668
743779084023402496
467342406
723676725721346048
27189557
957934183
193457706
723679193767120896
4641502346
723681101269573632
701997235047804928
394259107
380721340
736601611884187648
582687460
736602821802479616
3007150948
408085438
2981250693
137913843
720225656508911616
723679554687119360
700801494186983424
3301222658
723677684509761541
2370603298
110779774
934188325
197365880
739031539
46388591
723094608817713152
729553811266736128
1315856305
560367307
346947246
326722516
292431930
1689580484
731879538431401984
364182833
428665209
286845821
4866544425
724153602948780033
4866581633
2537119415
726722646583341058
711295467892572160
2923313010
832349431
3313255120
721112334127632384
1054023128
2715296577
719340315140874244
3279210082
3314145622
311621453
216529432
3416401847
2674569134
1539042631
717128957292711937
1703347548
707770018767867906
833678342
4893213527
4571450189
244134030
298093949
447939845
297549966
703645934404673536
2222192839
3101008253
4881965968
4924975493
4922974766
4839549279
3245461544
4345421840
4663536223
4632689793
4406873536
4613261475
4636296983
2363652982
2337852415
604098351
709771459
407043351
2379400435
2982780419
2522822324
768377263
4086283673
3986442837
4031780373
2768334988
155726767
23551741
331518204
298740311
53174709
2167418792
101846574
3404140415
3630523219
636377347
634915742
3506590407
243198158
3323087207
3465557541
1093762639
3378094485
1463663682
3300251010
269125706
452224963
403912227
401558360
2841543051
3281054215
3190105855
3273386772
3231941342
769065972
1413670405
3215987753
3244366222
3154197913
1551263370
1408509804
776090718
3231664819
3186826370
2444549665
2740183434
2156709984
2205593438
2849178021
3252504119
2918978816
97380871
3303201557
2784278855
3202361859
1534302566
2607583036
3290228297
3255205066
349182899
3137090714
2338108773
1927458624
1641120872
1615851024
490722853
129542794
2590298228
396365573
1359375572
1159837400
2739838372
1152395118
2741773612
2658989672
2692448556
49658852
2285972961
255594629
2494752612
253435705
1541547098
973311612
2506996320
2511336704
276754623
829952131
2506891576
2484114591
345818197
95750320
2389774723
568637553
2227103071
2261509844
104555762
2223986925
1244899711
2206043161
2217369428
1942706222
611699234
1713945738
316305348
2167966375
2159677077
76931020
1912355276
621952121
1433516815
141042806
335600817
595128364
1414321105
222602823
1446967964
1419581558
231991643
1275726542
400360212
76373043
1526189016
239129615
1198550695
39314684
253334452
1262616534
1480483692
