3430954618
172580748
858957830
25553638
2420692812
97377351
3960716475
24897626
229033645
23378774
116900697
3064465239
1128886760
286873001
38724129
59037337
108186684
868654430
292728194
37041552
2300733552
518818558
14335880
180107694
417802349
23043294
24109979
1482937075
791384133524074496
22066555
123311353
226519339
1147824680
731255899
28574769
21889608
219161047
2422665828
35355156
3020022038
292103905
46306646
981750519721963520
4116176236
841315635359559680
742453163098296320
251918778
12133382
2097571
69181624
19279990
26270913
19077044
19263978
18139461
488026266
60783724
3004329850
943635194451390464
552950191
3185626028
1126345394
430826249
12700662
3837667054
323282033
31702589
34065777
1525693284
846531675752419329
916479452254736384
705092732
2732247466
34752870
59319830
2202200084
300466172
78743442
586291040
1069017913
57696907
3275046504
39613172
3345503145
908070489557479424
433326052
3912022947
16737406
85605195
2291840232
748746401601843201
956228695844245505
3230263754
151228902
526444482
3011471122
916295165211500551
2921548327
194623778
1108464084
41138679
2377703834
245592016
81172502
130557513
438883375
890982198953758721
916004084238503936
2864712093
17004618
26329195
57710919
718495181914316801
764615455914930176
29589123
35184346
3304884955
327794592
40105401
1022183952
32083265
803263807489536000
365040322
895788624964239360
7439692
76140868
16570573
405051962
188946666
2527764446
16175507
852973970026516480
69554907
2308836943
78366205
2966774301
964015344103800832
832436580
1553895072
940512874849554432
423830418
959676464701435904
3274684562
179637299
72073289
811477490879168512
19673700
307217724
73206956
3028889609
246963601
177613314
31066841
28956867
2602158362
18173624
270830712
1213520988
68523492
372891057
87123771
96951800
14857290
17329538
744494874242736128
115558787
3306241383
18208354
3105629466
342464893
889880272010747905
22519066
878723990
26549629
91383513
2542083714
46279066
541229024
1340790900
883898058
619841274
22449520
23799383
1265991506
62670313
629347459
23541812
1265004110
108785496
173999109
2756782424
1726852202
925430312544407552
514895722
58925643
266746303
487718304
353241442
179196236
836869541972017158
1403949535
4644564432
2354209645
857622858977103875
3223426134
588052671
3256630811
2180657600
907638040377491457
870472043325607936
876929295196737536
3874581672
927766458632847361
43295319
502313153
1369805401
3313874442
15279429
560350106
703026032295731200
2213700710
909102066
855202659107618816
288956125
2217292938
553003651
377513530
20950232
732939377974775808
733170759829327874
339787006
15978412
256598776
2244979753
71187306
2334193741
46677640
16403943
629656316
51263592
909749955836940288
33769830
21362008
3579405317
386829783
140297721
1005789476
214201773
763218841950314496
2566427273
16867043
80944550
20950304
2291803664
256881576
883401296
108039570
1370834114
849345421138944001
1267816069
129879203
752774945965371393
473538383
1206197112
3100005042
848995806480871428
305133386
42128456
1447114730
170424259
67497155
18696506
54414905
29062886
3260518932
1465241041
541470647
52605881
901435257119006720
12449542
234811698
239641139
912359571947085824
27101698
898079978247434240
469042028
267425142
255199842
58667088
609548724
116485600
34430522
73495696
2279776304
159113258
3305505742
50811932
35982046
23083404
53853197
43399264
3924002953
1505703266
349873806
460116210
1316779230
131948686
24271681
906400727391719424
312904302
1939860914
1535572164
43127272
777630720671948800
43989162
36289217
51219061
169669341
3100741238
426464156
504086168
2793123608
707605218498711553
2483046941
29555236
171244964
1059194370
2408131567
2645857315
2271284180
53643297
744334658
35936474
42562446
2660275989
118779247
1630896181
745665144
387832497
382685028
16378486
4785009552
3092607129
2317691034
2699730602
432955546
785640812205879296
3254030071
701574192781602816
67819221
830613600196714498
192033086
352997001
237944041
286311652
180433733
1676463949
15445129
242561887
807095
2467791
63751266
3331249458
37367041
178580925
38073084
255812611
171653078
4214201473
169646085
412008533
20790511
43581945
216089918
60132700
1092848149
261496948
722483805211103232
2760056651
938389076
37351463
156771786
23821407
4711843291
3267511380
369215929
2344184833
2327710740
1433241842
2413280054
2295218210
484459413
344292914
1411350780
753847575309017093
1228983979
16573941
385765178
110396781
3145782364
49698134
4760694445
14515799
358938695
1315958215
3460636872
187289134
118898181
380062181
775477877429067777
1621589636
15220768
337538661
846774468
834903368980058112
2987959250
3246280849
2810461271
771183199259021313
279145638
760923815257923584
392174444
2555471868
223715120
104271823
1927950452
308698535
26053643
2281024573
2330448031
2573480784
17158140
95929673
17525171
3453408733
106333318
15839499
207128286
1416464209
533773432
30516021
2195737639
259996461
4575193996
817130399507841024
256551680
2187251150
76966145
2864735092
77290892
3315148865
16332634
8399972
216354223
599003468
21841004
22657202
19896597
417630128
774252091988582400
8953122
256805625
734946060657790976
2462403259
2731116130
129665415
2413009891
176535528
2402574877
771736116021956609
1638144895
25771831
44520133
345572601
312171103
1143857077
398440169
25940837
788359453
37091387
75057316
2332549183
44029249
28412286
2904692406
46671731
36182872
276716878
1112588304
38131775
515917965
4754523444
4724959268
80634791
17915605
163559269
67126841
211228546
30447805
275197798
3033098871
14353392
2820600931
35031708
36418935
2823109674
2293485607
87318558
2560477482
60953918
1206917910
175800607
26114184
194338802
88368430
2724784058
46262480
67396662
74518740
56112914
2916305152
9695312
70468535
395080241
86366521
15577785
17094311
2303751216
16017475
124222041
1920360768
1873011337
1920604213
108224063
83691240
376759677
86651903
48176112
205441601
248829112
269552973
79758113
17560096
8320242
18715764
39539179
17884196
23794094
332646955
397705652
19924115
18004919
133049494
19017659
2363423462
2396133528
365879592
485196836
381746680
47099682
300606216
543073305
2218698223
126991667
2858174134
467909899
2519513510
41896109
17446621
199374855
2329066872
39016589
1730866657
586170834
123845842
138047260
369908495
15027207
16935292
135586739
32765534
50323173
16076032
158266963
557379987
23839835
25140900
395114798
614711667
39215566
135727945
15147397
442475337
23803265
21384610
188061519
417465929
511057839
48488561
84642278
19079396
105290578
49044558
59246932
238319766
344779810
54686166
166270127
185260477
336116660
58550415
250831586
295005580
205915163
38868707
205902154
21341094
16812539
61898653
105971448
102461122
23831914
64536605
38224734
46715437
38042166
24342206
36072985
26570717
27790214
20640271
53481352
42085971
49658417
46647920
27519026
18371803
38690599
35890601
18323111
19930321
14702626
19210865
19866673
17617227
17526643
