726004288858771456
1005255675839213568
961980924970881026
1444575242
140459801
827220414732595200
453113546
918040062180413440
4475457795
216016529
2581009629
885277928925298688
3143078419
982416466871050240
541240567
2799390716
843338684065705984
2246656650
3245239174
950715176122245133
2821683281
974283787348701184
184688931
1362903583
740886067516219392
753326328221433856
516478373
705069218513993730
2743182018
957985908741074945
949228232154509312
812419534007234560
3082951235
358812650
950402142438854656
944759085941116930
957614534
947889799842746368
945943047988117504
1354587091
899234046047395840
709225850353242112
614092926
846667263579242496
3246190923
796260568084738048
874127483335036928
2548991414
910574403175555072
903369485939339268
2492048237
909922959204261890
1592068741
909084551221268480
907315149983375360
492714658
903374338333827073
3327848321
904342869800050688
903772038552223744
880437282364325889
2254883046
44945261
821730552093016064
850627870674358273
719995646468558848
791676099201634304
861824491
895276945621098496
889563443531063297
868037354371600384
827039908686680065
892137774312284162
1641910560
207245640
3332386923
303760268
833319496710496256
2735843731
3106039251
711571655265558529
2745536183
768757335565168640
768636214685597696
22737658
2586483104
2351205119
842780579913519104
25159723
739503874378063873
4861339312
802957606709063685
830970281149812737
810331149880987648
28419090
1956371485
236265377
4415644394
575770617
711352884529528832
3138664247
811810883437346816
782587002067755009
2525061230
2797214161
737338578880061440
811309647491723268
1575717199
810340118988984325
337180994
799656831371059200
155492482
2182467384
929939810
792354230858285056
797310877418553344
2452419049
2894678717
2173606658
766451166251192320
877457599
237802694
737199097673863168
786953912679034880
2211263005
1854093978
4641855256
4425365953
719279281747181568
2842611171
742546007196631040
770380154581508096
769652470587031554
768196041799766019
714398925956980737
3104498649
71788898
1322967500
192889553
762830785799938048
956171408
2338337856
757389814631165952
3128786688
291969975
2973846927
755792604621574144
748341756782055425
4863853005
2964693177
752269619327623168
738122554381086722
750325674305581056
1681876225
749561772089217024
4796862039
2998578899
3224774692
2285427991
4717548346
729211479522742272
742515913623252992
742169811866656768
88604029
740647106420019200
739104383758176256
730789228783779845
731119844649803776
735492737986793473
730318125946802177
728586022460768257
4912877632
2388230045
726820239669903361
293416927
306949123
718001272712994816
2973373719
4920697617
722740836497256448
2327826470
709478808525602816
715651116676083713
718076039583440896
717824328151117825
2195726309
709466609090486273
715232709631676416
2890709973
2381239484
1546577269
706794760258899968
2436018182
3516983896
708247264364466176
4687453212
704314475004833792
3421244205
2301057743
705374521121968128
576449326
2370548390
4782192662
1223505270
704069108065763329
702607368438325248
700693368356139008
4807300823
4833332363
286878900
921579642
4494155897
833678342
4870653125
2720554334
3834741747
159276464
4836491898
4846951427
4833039995
2821484697
3215338053
4788822801
4745400381
4345421840
4718882963
4068737776
3289763927
4602346576
4504978576
3077800825
3177230976
4437714019
3124089997
522550500
4197470415
3408993826
4263790997
2428649934
768377263
4203949367
4190191217
2513287094
2156310773
804757116
3224657318
2312479836
2348898620
3994352855
424790294
3180116301
1327871706
3028640829
3214097360
628413068
3256606948
1167021451
844596601
2990092033
316571094
1522489764
2788722559
3344018759
3162990846
3674894175
379076814
3244477720
3048579545
3291377809
1408509804
142362780
1956507937
3431372195
636377347
3312451949
69070522
3416401847
2982780419
3401953529
2869514638
335166318
2725184312
610729611
2507219860
2924866749
3331941141
3379000415
3375620739
137891086
3355170833
778637365
3355230394
3352376607
2977659345
3249498599
119115597
2711631796
3318343018
2373449101
3187024836
2985175768
3115444912
2343433115
2727230657
2906529139
3183028913
1299522030
2803014939
3144436181
3083456041
3064564071
3082156023
2302132066
2949083013
2947900858
2306028615
2374409046
803311926
232881753
2193322403
709150063
2573430074
2394891355
407823970
1603286191
2222442490
2163328801
2178945182
1062927962
527940084
1311869454
1336701997
1042588892
1362468463
328549780
1231149421
1176826068
1148874264
761893374
557594030
1049255738
999395144
173604014
195535300
1011488468
909759360
978914676
882783108
896950848
972981649
970944918
897991400
149788499
965998284
336191372
282531252
265643681
870903361
355935638
705009416
168721630
477905944
554721519
272413720
874325994
853967982
424342266
916380800
890916654
908554357
906189380
889777621
861234576
864732498
851823996
829648446
798721483
804437510
410668176
784849128
370356846
377628056
627452262
708277010
706231009
427583697
631178542
539397858
525752771
602327814
553454515
485002804
373478857
368721926
540300626
523159223
500900200
498685795
497037049
295381179
283692862
403470284
472451684
235255767
365121705
431966049
241968912
424074361
421624374
414252914
401371870
376946173
152793341
387751746
383364871
180086618
