757991190021144576
523659417
336279752
989291167463469056
967135217638084608
888204178836914176
4415508196
1566705871
920214025056739328
29320382
907203843615850496
812198692094701568
908523978729426944
2616795924
2612889122
866733907219296259
59610741
96235622
785873602750980096
319905441
3302181897
590754751
3111403715
35622204
608629913
435903729
170900539
3306637275
809202374317395969
776992587852947456
539199919
795335400369823744
141041809
794150258234167296
592210087
733851659877519360
2432444814
2612798515
770856116645339136
222937390
342195110
711598086158585856
740563153902149632
4718300221
757679049053392898
847577707
322695199
721096370103459841
748336259601416196
591711394
700923523838050304
746707228799934464
742076961233592320
725170756833796096
702186785363759105
2167072276
3348936484
3224741582
731875709128347648
2889692007
4253716558
3876947037
725459306997403648
724451913542995968
4653787992
2859613991
379519055
4673312834
697230095061102593
379581545
513159565
101651617
3436320291
3386329633
3580292663
3644070494
513835792
3319425114
448508098
1523033719
17094761
1965224888
3323806876
3277843507
3246199050
2913627307
3239538146
1529853469
3237742660
3151793112
2690111939
3031550301
379489839
326032322
2368543920
3130261053
377061654
524145368
2950406340
537412742
553645297
3040562042
2246075323
157967981
1606827824
2945698040
2961144960
151294684
435485928
2557025300
2823404377
34093115
2837233016
618461640
2791446522
2749994399
2597980597
2560552831
1376740046
2530945423
2488732572
702194484
41731009
1213538143
2417958692
2423985187
2452307125
37836873
2364985237
1665695318
328691429
79803702
2358645517
576815131
2357828974
459715111
1187550086
114487697
248737276
581246612
605823070
234151530
2241883512
2285753389
297788421
942747474
999889770
467101282
2259447368
2226809383
1899098280
1911770594
2205376520
564200400
2179386318
321693844
812172866
1261160700
1935979537
945274891
1890686971
1739487451
1363537398
631356113
1562631896
1626128598
1624453314
438074267
154007043
354140332
223329951
1092940760
409626367
1186474346
1489712208
446607354
615677910
1302927450
575878440
1468605936
1447395956
1475694607
152584661
368153817
1335108354
1358023976
452208405
728931871
391047663
816700254
177872859
824365866
1155481339
831957684
550721406
31291831
538513909
1151008878
237461431
1060048352
519009813
1078421844
1059619147
547952601
1096780748
910598029
220601318
563229915
103397221
467097126
745486111
283234451
1059702733
538765431
866924341
403470242
803304607
1038953622
546311278
383023660
1007268991
710466920
548731608
979784563
979734504
920486384
965591646
476312951
829334948
960839730
377547957
547331715
522449075
776755556
601556156
896566788
529046529
722469756
863855660
474374283
629529614
701804544
234911747
612255487
523760948
478199843
318873704
812524734
805174849
426199336
177131739
371384023
709669368
401066645
462392510
461505096
335390341
53735066
531646069
112862836
385728661
81607069
627752105
323433786
284863120
571346869
569614992
612390680
721485182
711833732
626241323
431199631
595063369
608788727
243033611
601670550
385679430
230313039
610421033
438041159
340592253
339947194
49196286
584512329
