621214203
194740553
3241810676
107537021
237406220
312404194
2395614938
214201922
4140881832
456282494
152849161
3850201633
63982880
425871040
21968354
116569430
343557768
2227207286
25459878
230232077
536844546
135386078
85398638
30122162
204932339
770308464
35345641
2411863699
174789114
35368976
219200183
361571999
3010537375
859989740
172345795
712987405305909248
893813276399874048
249470477
80957405
17074831
340696305
57556407
40709264
54414905
106835973
831612067174084608
2661878001
274762200
356752859
230812748
3237438219
308763219
63321511
88559665
337469306
743345972
95699068
91286165
299196807
252870718
2480249887
110345556
1661586091
251340263
33820954
882495416
460434714
139894764
19330411
254795157
22686172
154670282
153152715
2206568061
1561953199
86861133
720373269803589632
45499590
126518959
801128760481288192
151153719
89553469
98491752
14765533
73351356
29035097
35105979
137916297
15382953
19994367
54922352
218366842
16894531
35163614
20397906
175161093
262434758
304745774
1379700828
723265751600123904
483457492
3174604797
238253819
110320384
14633871
74791999
772194013
86821170
1328324106
3838718713
2424542616
28032148
68865681
86957131
139910545
14344140
294120248
95107250
100045891
4584188601
43578084
17146677
148793962
113765408
66672175
481358808
92037034
489733778
3299132821
42987732
55493761
44496963
587602878
2437763923
976770132
1370200908
34190280
3635446454
439071771
341760622
103422729
55979629
98541868
110911172
332402038
263154166
492607151
82678132
759823346
849328400
391173687
19081936
88939038
36171035
17825065
64512620
97752150
164391789
24108943
38531796
118585450
3218059684
1441940384
233020788
2788533457
1265073926
54722908
162816379
1399487250
351935719
165038043
80704041
40346977
379501471
1568394248
2371189538
1093790749
190020199
73249659
21436663
39112230
41120758
108785782
1041353138
39556365
24067414
131280311
2944215125
98168157
87583436
531706726
34248318
2986640033
50392176
1602058044
1315699255
369166889
1218620376
21841004
107830074
42723362
31242656
38360819
450332790
24567876
105179399
48000256
2919850524
28575531
1363799064
146025224
37063837
14173315
23238371
512522504
309932400
323579405
1323671533
146461930
733324506
23002914
301899342
2424569809
16451325
5678072
1857354134
130251368
2414834689
165505956
221185711
23339000
18758825
433973902
41635251
2813529350
2565963218
2802014054
35069260
488422984
150932564
22097688
29062886
48463080
247832362
437808891
572325732
2696172552
32817728
30492403
86343120
16629256
2788841858
25538361
161455964
73983185
104633982
15838676
2688946674
240297041
111171612
2653331174
18731356
56822668
296630223
39392910
77810367
475970292
303938929
37599351
2370599414
1005143365
16839223
237627239
54319115
15353485
2255303941
48457019
30006278
547120722
2239977943
46675060
27045720
189677429
157130293
239641139
2305377590
57687507
31903768
39391379
56159509
100602168
83950312
173205456
2411539585
55600655
75710273
39736881
605457884
148498799
12570682
40924449
138298005
2383728956
191115872
16832435
35544370
79569097
218568451
199739689
36983592
38979701
129829764
101585197
1199194554
96534215
189640708
1648008498
16246688
19218763
1268451480
2288854442
767906634
33198216
1566209258
525408648
18214449
129084966
318832020
194783823
582286801
366649819
22037861
424585650
374676084
1602036698
998604998
22536187
83757863
2160942750
1485165758
132819222
504897306
284192793
33409073
57518974
109088080
90057429
29219500
1500269460
110675273
109027681
380176124
278098811
1019238758
71175803
14187290
277285768
746545112
161223163
1244753660
53219503
417224567
21941423
21874066
6613972
82225170
1354970070
1454315358
499928354
1569484884
627553787
1623581762
47104766
705943580
184155019
1131407466
1549213069
16037600
34194153
31067019
97722266
40345863
24377363
189147440
313643983
49996656
35147155
506278247
177737764
27036971
1343451756
22287728
30395471
1452847897
735811722
164447979
573565184
16732864
505395257
41518143
547992257
110282120
499461935
492881137
423523212
1308830929
339989329
278211157
222128910
182655444
153540045
87507624
110847831
369580333
33137450
126902397
264984309
227060314
40965783
251699918
96558684
21283675
872287994
259283508
15739207
14698758
395416790
18992720
331032308
96690588
121473537
21120759
63906207
28959789
18582271
1278451134
1278161922
21925358
265419674
989709992
1222863157
17824044
125740053
29278059
331661369
851536909
55851119
44681137
59941447
99852849
173920517
203266852
46754873
114993019
5971152
126089395
97260950
112477030
47461065
384652717
1033178532
609315438
285265639
429514504
50942858
221808456
227092305
977482633
385333959
213350659
948668605
14624975
41753590
49306909
134894713
14923674
14747221
14408107
93980621
15235715
276323981
22693053
14664968
35838284
205348909
29844573
15859184
874481815
18960302
170968294
25848539
1791411
165267258
34740363
30730638
301251379
60454732
95951065
807310362
38616657
256286055
776049583
430213231
16000745
18781602
322509546
212289337
707784834
17997174
21612784
92973919
43425067
743265109
75181475
19032103
631572257
17275913
18479513
714591458
29250306
573275963
612859753
50323173
17199512
17183918
611931261
22713113
52631520
24904623
101880867
20681909
51183667
18266920
154788469
557897875
570305634
73912205
524478849
113781050
44365116
61594669
492813133
545471016
62063069
49842790
38140624
501315262
30033750
510501783
49050269
65499400
111061417
500042487
42757550
132642553
78703294
423532170
21381102
47209624
151176868
434474295
433625216
119744178
117868375
52847728
52858691
95234063
381928110
54810711
402958611
213680782
362641129
11856342
357564369
194358929
145107843
14052557
53197137
28682014
118559375
17903419
59168707
10266802
36498980
95229690
23986955
114866624
35828189
39344610
34363347
216423266
46520625
258666578
102110423
42739836
24346793
19968995
44954003
22571195
179132639
260062139
48456908
64903313
291770347
68449573
30803494
60322555
32264173
28632881
34767359
119170526
16524079
29265047
278694321
273283549
270139494
53285540
121490869
18008805
128641213
257661775
65569176
109957403
17962664
22283928
159143990
41144996
128727401
255858570
40918816
27953891
53178109
90703732
144374958
40314843
40296822
227030005
39835002
223308421
39419180
23043294
56826095
109369991
125728590
17999870
129878018
19631395
85603861
22291311
42983659
44734096
96911771
21107281
61285926
19607400
95262366
22978329
33857883
39397148
51570574
100308854
35385104
95212105
63802471
43426456
97844807
95263195
108742237
105017346
99541174
52593744
96815634
94195671
96853313
95225554
41488578
58370548
27057312
15640446
95212967
44929255
30008146
41468683
26541286
86173797
28743774
56855530
56743033
59872705
43440021
34410527
61904823
76977679
64411570
73198795
42560650
17500472
89033940
14550476
94839848
23339427
23501022
63726715
90741779
92352691
61892507
46583670
67961159
90924853
48544015
45627528
90959399
18739793
45027357
80643046
87105075
88763317
21438587
23108081
21035409
19544520
19493072
25337448
24243022
21362105
17518588
30050648
54343977
18779241
20899023
24249046
77395878
67066040
47648353
58494409
59633721
42475506
36493384
37992381
19120850
61909877
21410529
61658283
61516447
27449758
54622492
44554140
44644475
54918596
27885248
19273488
50076513
25842139
15033741
42274437
43399264
18386021
59048747
428333
14782218
14681605
15155074
18691328
16533116
20192875
20607105
15146558
15025802
16241825
21166551
15854027
15312876
19735580
18278257
15021324
18318911
19249062
19238073
20950014
21401706
21492737
14049525
10121422
16023029
21842357
21762851
661313
17906193
19394112
645043
23348749
20012454
25757838
24108633
26655326
16252118
25540898
22630115
23815404
32920510
31203147
24903274
24496201
35510728
36139166
18782971
16463776
23809081
21830753
32765534
37689091
39380006
26560072
29900768
36412959
14934440
41591898
40332004
19948030
34409137
41392430
43260020
43717060
30590889
37437399
46593413
47504127
20289970
31164229
33929775
52916881
52919286
42645903
50773530
54416215
54933341
43393720
44698907
56535222
57844411
37837907
36137810
