159122244
32206125
25785311
910978267615715328
3611013914
896378980281929728
16513335
801268746
881222783170228224
177087665
17004618
881336677138128897
2776040782
4699964858
2797460163
757118699212009472
932300394117697537
18267131
976259250921058304
1651208408
16548855
918959798569152513
894737048761909248
824275547433869313
84860555
537476067
313315283
2518046329
113669819
246939630
3361178921
803009731497435136
3333055535
893176350160416768
2953583434
2911734357
797154744548651008
1446853159
766385079534907392
3124664090
195553045
764629343813373952
191930026
828302764371542016
777227800776507393
895396619419615233
3243006365
805474772381532160
894020104962310144
39943742
851898901925773313
824069497208340480
722593218584559618
633919575
826872724488384512
179713931
125290363
823171093854912516
27032207
758597687860076544
915360092555419649
617465225
824255224302944257
181363552
1520861863
724698129128259585
64952882
954464504288628736
726806564359692288
828798124315463680
132939282
15321866
856466313891500032
292083207
709076044343541761
763471889289187328
2844364176
2785625957
897131280432680960
881174262983254016
247050763
228144288
1355218452
54631859
952195241901162500
732611818951151616
3347237649
18665937
114761840
139956991
811578338120712192
816406404684652544
704778428
574573813
826890534522331140
14993272
19721592
1681045074
48044894
810253482
448891258
877997051904176134
271075882
2535428173
18182718
867634876899393537
24734287
940667705459437569
300994053
844289280805613572
825383865099251712
2331011791
713400830351785984
948078367
28784705
31181402
215845908
818552539893399558
4235379015
3192953867
346922993
728646414
918018451234361344
886687765034934274
889676189555499009
887704019296276482
3589010426
804096814806945795
178362634
244619289
789282606370156544
2701125511
23095477
934494196177817600
824395857625808896
836280381175443457
4706132723
348059478
2174634903
804951551160832000
914160143587270656
829068804483272705
922128596629643265
26214873
815011123502153729
857559959298592769
997682274
919400027499515904
934104997779902464
523886156
2562852312
3082986275
2293315159
55948054
803694179079458816
332026992
14413466
607848766
225265639
334385278
63112528
820431635145510912
59031230
1106501
45671898
864169479248457728
97474887
426578718
473637671
1924302038
851711263
3433028235
765191508572110848
336654624
19558732
1345580348
800111181058838528
902192865706524673
587634468
269443890
858924511
338608917
3221813383
820326344131104768
824127417744756736
882687869827010561
860555190
19107878
616737225
1640929196
851211
259395895
39000115
299802277
15220768
1051396218
49698134
32871086
20744708
244655353
2863996955
4091551984
262799542
18686907
186667011
16378486
3264908052
19084896
712546577659904000
19568591
834081571493785600
46143411
738080573365702657
254873869
21059255
1951728966
10688432
521747968
161963199
435564722
2421067430
36686040
813862992085389314
814969529466056705
800722798742118400
787838368226746368
18006752
46197784
13393052
778847899274784774
88722764
2573480784
787373558
16935292
4064335367
3047948295
1536791610
158426909
182503471
18921663
409486555
14792049
2323065013
24745957
1599507938
29450962
271725689
32004130
8370082
731132367058968576
295899118
753232715466539009
751574912758874112
397618548
360913824
21228708
21258337
16129920
42389136
89820928
43920155
15256841
17325090
91180720
4207961
1393155566
