935593480361046016
2312767704
976677625
903082806301118464
2870106334
854322321531777024
845726236638937095
943558444371664904
3853171894
902245351318540288
844545830564610048
3766403172
879696025363111936
923662730527236097
932745617520152579
262427225
723819333797945344
2884184638
720603809156886528
146295738
926886589988515841
869817490112696320
870961154973208577
792475561486651393
808402501959634944
429069591
858766048115478528
709492107141107713
3381456951
772688870710317056
953343226165030913
3372033857
995025217
778438021213323265
614164088
3234598207
802439215321583616
857110885298524160
282610176
3751566629
4026101908
3772323437
741185722045104129
837750949007482885
755678722729074688
4496870237
1001020338
169243726
823485001614422016
3235602713
805869661690675200
768551579121311745
778324354476179456
805838693596614657
947524163643822080
893013384433676288
740360153409675264
713338553820913664
951429752795140096
3750162819
917332825006854144
808972739486818305
1220489270
779208275636187136
893146672171274241
822461961367592963
866611127328940032
859152215554088963
16426271
1897885003
703465282539548672
552064920
908682495276830720
860285207475347456
3317182789
145428638
2497808480
735626544270413824
4729048829
3118840178
752647891169181696
933530522223042560
833972746946224128
752906973603966977
772536102947258368
284028644
1548417404
859673516941213697
751851554
935156815674920962
873155861782376448
793380634962063360
847005340868726784
1967316324
846019435
2728847226
783445080183021569
910922333170397184
1097419105
884120598565314560
3307899401
881237699511943171
792305454609293312
4060038988
4243708325
778192409360564224
907223506890493952
871351771624505345
4370382442
890598241473003521
877552705857867776
840652968055697408
883647914563833856
982130630
888694830762733569
854795428033908738
828198526391873537
3094361105
863783746465615876
746131005849862144
937658675262574592
936533932841095169
574666109
937700285912375301
570587244
3177775899
498057682
708583639756439552
91433320
851572800062189570
775286829608296448
700624969558937601
3578968949
611767006
29313315
549272785
964885069
3369844151
889941278720491520
761212855609880577
3374279615
1726282806
936579137338314752
2764891560
80138775
2367665955
866040139310649344
745202942584717312
145776377
855447806131220484
928631529298907136
905204221561233408
108051452
724942576479031296
801085189179015169
761748308368982020
737869365329154053
822892261855862784
1857343879
899021120577339392
953232103524700160
885147986753458176
876798117869490176
808392984286924800
1483101793
769966924214202369
372152072
738066473277652993
855126808882229249
843179619218067456
868430782062350336
925093724178219009
879723868365225985
4173752297
450942042
460662100
4394341155
703464780913319937
862394258363494400
806524838647099392
715261934
3390962733
872365507990749185
845984539054931969
925146700817293317
1314958898
828225858016002048
2873403009
836503574184091648
855316521643458561
827578618842902529
894133326063292416
817561557068578816
885951814599933952
3364277303
883978913764003840
938730614039093248
948888576070242304
730338459244711936
109944216
771237318204100608
944470880884846592
720899843674238976
915977450252832768
531681947
934883847300194305
943791479981596672
744158233686859776
986785957
931163296354455554
931760081783443458
840292379542315009
926835606818193409
793045870644228096
909882576072052737
3127501019
400021483
15907579
314302485
803611496555184128
731833420259708929
4715396381
4463716816
833734438282547200
779364027185164292
2793870903
3145048479
810234375191359488
211874233
870389929615994880
729374719397367808
783374078669361152
901560408431099905
784747813095759876
827475155408531456
849404345464520704
750947113689907200
771613740739338240
878514885809852416
825169519060643840
365001528
952623951838146565
1321056409
805763227229503492
738121687766585344
1537163844
832269525009694723
884674823682756608
887454465808363521
716214344212590592
865865843447664640
897933680525619202
2635740089
920795779958296577
2717376388
834512407426899968
879312790313455617
798234744332881921
771170330148601856
836694600823762946
939489909097803776
800289177581428737
765431799916990464
737022619506118660
764202964462473220
751416771811405824
892352819923234816
754643421978095617
788947878781722624
793973905438478336
2558528106
923688770964160513
845906822439587840
879262729277771776
815867075583471617
907569305759428608
838322589525225472
4107695781
3511410741
3955175007
806102150170427392
4314686807
748150618146103296
1899676154
2856770037
835621064545820672
744610148522524673
854267754614071296
901081416343203841
808579854270611456
809695166588219392
788323492290854912
829110683304333314
793808363947687936
749274769447587840
1650663319
921378463591944192
2226529827
4620454647
815688187045625856
940504329173258240
375035614
917037014263967745
825417535726182404
2913703049
3825902721
915912884688969728
882208914066067457
213014956
2565869533
806176624471326720
895685558889881602
955541133270056961
806039910608175105
878131236111360000
803255091528691716
4872464081
2739739583
950799001451982849
949262307594469376
888393389200355329
4696568306
2823846531
4559505167
2937004371
480343658
780310885332029440
937391140877291520
726960544876531712
935132824373481475
2492947573
3312164134
768748497378082816
878686501059670016
785254670
820240392054509569
4364307497
890521107018784768
936818068235456513
875623721544720386
847070675638669313
619923612
920322363719372800
737668077127651328
3313166062
94156202
709364935030149120
180319058
789104026843512833
875054430206513152
873276051467771904
903232987554336769
901580892472311808
2250402523
3227671954
781461690185547776
713855049248673796
773441756935454720
755349788820959232
40949180
940896088755769344
2948854426
470291722
2773695335
806322679594831873
870112698
880377696928374784
36117696
32203016
215702771
3186917738
2152906448
931432088112455681
2842259795
1610139734
703465486
794732256472526848
767060957122142208
837280864664969216
942392380199710720
713482016554151936
4928372044
888776519283245056
4924824377
896284015551971328
712563632698171392
4148891962
827575610
941432493491748865
865279462954422274
773162755029397504
836981704514502657
901414470676828161
763081926072819716
3432688253
4893140411
903752829759877121
763684006932189184
239176386
63179982
276450489
620930868
800452800
917369748073086976
925178209901084672
892117294096289792
813473384013201409
701489327776395265
945329496982544384
418041948
744316570655199232
852866472284213248
928623299642449920
799954211165392896
720168832615202816
864494886426378245
886818502685982720
769392174823829505
904438663735595013
854708198
817857327105769472
391514077
761938716675932160
4001536691
123157440
891381418844094464
763139434963464193
889221491962806272
881287115002261505
907332997032136706
863130149444874240
845988117085605889
729656933259616256
945555182833799169
821681431881641985
881655565415583744
797165919155982336
1385950436
716319662083063809
3320501782
827830326286307328
3247914411
4657966467
200294382
3587056392
806113069470535680
835957249982021633
841596793
710047129201410053
779340748353339393
857010209876791296
797459025013116928
836851232
804247275446927361
394113458
787062042687574018
811245059081465857
884508937785049093
753842077390163968
3409162193
826303324861390848
3544781303
742758451290505220
766469067129679872
747754119834763264
946829962807595009
4823836293
825730895973842945
713895670432849921
103591148
814603625708318720
856721610002321408
875430917476581377
769945545599221760
924143692017004544
829621826586292224
919209657138335746
613889444
909498177136529409
920007984436129792
2827434316
922039581008105472
844593606421827584
934150602229276672
922622616036433922
25337731
3397198641
3270351475
132410012
930788451808620544
888778615294488578
892496429113102336
846626447020232704
706886651017039872
710403529584877568
3032019267
4896163455
891425399074414592
905380314045980673
51024026
3031748863
940504331039772673
1960113098
928623724319866881
912652369250455552
1548676447
4885775146
780704577318375424
355801614
931952846127423488
876890048964296705
935247175344443392
794034176043388928
787370990963744768
4820296575
867037786335043586
1317544388
714434143875104769
1228391749
3429833501
4179778643
2891038237
2473715436
842339521727455232
788743550217445376
889904409865580544
868922519755075584
841686231763296260
886152114396958720
773575438899769344
716036097114050560
945546966913740800
4124743582
887902049244983296
4393570937
882507869215748096
750070469588611072
895363678299672576
977300702
3409013007
939028497510555648
781580467489349632
812700213894909956
928044231536599040
936032430305300481
3371973809
886250772798869505
943252319734517760
807989427410702336
753312110952779776
1296247495
885049521885114371
909821477737963520
984473382
414093395
4748119354
917994655337336832
816298188504268800
792344404321267713
794978468022943744
930360970530172929
3919305381
773265395797090304
934447544662478848
314897823
851356526195466240
714171918799269889
705485114705367041
288374816
946861411241746433
872934107440979969
2234116542
3332573146
779979616329035776
954286156933468160
3053142019
756692768
781122606334349312
743748346897014784
886148643438374912
744812624508919808
4874641900
44178492
721219039679406081
819926712033091584
849671002074361856
15585778
940485949229813760
4840009205
776486394898354176
795998373040058369
1464703987
1003175562
816758105929302028
830313733721296897
4920629699
856077107243483136
4926513381
913373434104696832
4048405625
871835979518279680
864940760864567301
2375403420
796826599974981632
3241669777
915545752969011201
729655812939976704
797504439347216384
183822609
900290085131878400
890197998948544513
849578714258178049
1190976162
1583403186
3061424946
807985073479962624
187488186
752958614055378948
2216742361
185899627
865159087218208768
998693712
759349430390759424
4044925833
4081374496
808989512332431360
4287904102
2428258453
768845708850040832
1926441415
2754877026
630306087
476755978
332433397
3048044347
801079671022637056
104151097
914909321644974080
2695118335
721734862357405696
1050198895
880229016
2317632259
751665122070978561
731232719036911616
879820111883980800
2229748184
3089024710
872022925280518144
3407209403
843852113524547585
2207752429
899621509169369088
373864858
845910007971549184
852416514498195456
923664306004164608
814702460
295937971
808659210883973120
811927260362113026
886981913688367105
1136812970
2953510247
2274537505
832623442134327296
2464172036
31795602
858804662094499842
827623748
4122218117
2895920050
833595222122721280
341150303
902555145325744130
771380679590445057
3979264577
717726671
949959867355357184
2725065595
583931755
892039602168614913
4923569638
774236278913196032
4260035423
2943982348
2369298655
848652188020875265
842876115660234752
2851174121
2393173332
837756989140787206
1362723541
950088874675580928
763623996491464704
880154041275305984
793870493455675392
19684844
167521176
2332952554
245162998
912621498418044928
4865380943
4189536556
897801601628418048
903108785107070977
773213598088884224
761823385760432128
1188457909
2456192037
880326878275547136
903200496227377152
907427875665702917
796346413584150533
734147629349670915
202005840
2893119844
3321939183
4244200420
887775744000225284
916638949422108672
765648863277481986
63555037
814413412025434112
915293502338158592
712228582668500992
923478866282340352
832890269615812608
933386880695095304
914882107104747520
843696468003373056
902075122458259457
2703761814
736098172087328769
943894503869558789
417525162
889423287448735745
100834038
770475142136946689
4590643534
912960289615876097
4723667374
845240620105039872
4039854133
748086108257423360
3001272404
772155621089116161
232276707
826914898030505987
827043329426780160
820425168619184128
875642120131837953
824032445267845120
3854506529
733580214849003520
331143555
733683078858743808
769715082
896650201125064704
4600556721
344331884
796050542132858884
874754071349133312
884683881617776641
793823280134287361
731935371232169985
934516609728827392
990319321497956353
876578434188804096
834425934551867392
4880819309
703358243804979200
892118430538752005
197379274
904731270328049664
1710806198
2335607942
795585171026219008
242450408
860980343037362178
751868313060409344
2458277348
882568512203612161
846504086677716992
918180388257792001
3252412605
898800814617227264
931758189246283776
851378235241885697
790566238242168836
880821761251692545
926464093665538049
941931990642806790
943618869121486848
756307309593321473
856192522376425473
948577423850921985
730392107211313152
791587041804972032
1925659938
2474352590
782689898339774464
808707698959196161
818639260190474240
941760417164079105
712433693311279104
1586375977
814686108
847963361308528640
805909647597142017
780320526078189569
173047755
126122042
879817650922295297
860055525156950017
918382639144407041
874250567547318272
4873592301
713437674011496448
946001298050224128
1726591706
939214282411167745
3752364743
849338180935581696
764801832451448832
746472293350645760
793814142402560000
865196694329331713
915288218458828801
847269234
860776084417150976
707309057225392128
935381093024452608
3123271509
817934866381762562
747882924398215168
235683422
763342808228986881
717813054868553728
792144660626104321
2461128600
752768727108714496
931440938483929089
876506270789980160
933998466405105664
842510812342378496
826382639821111296
593016217
4875889973
928325990056628225
928494499
905674082
885943290310397952
3366217949
467758394
1487437364
1472521429
2476712862
816368608448286720
928017350745640960
4872630268
837644263840174081
870572352781897729
3317311131
799381806407622656
2650139141
1444819988
737732857
855119465507426304
840153760500396032
805159981268004864
2152440515
2673029392
898088507322839040
3189682709
225819889
625057461
890946031290134528
459590613
920194122924875776
4269832883
1403630222
1932102222
1636509590
2664569010
1633206283
810188697060646912
3233590758
788837043409420292
4554585563
847894634365943812
844295424039096320
905070010628014080
2999889046
409430787
2906297566
901481217715052544
3107612945
2514145120
855533718815035394
77866956
867843938819899392
946403816710254593
887461675774955520
924392093749047296
912736939056549888
1430569986
951854072491139074
2367161262
843098261158313984
299601559
868212076430454789
2449881534
864233308334546948
742593844924026880
3007555805
746397668952387584
946283228578680832
938138717713260544
796430593147994112
159145681
822413696651657217
4870594661
2412120782
796366669878673408
2279281343
373863249
941033871935770625
908621332144902144
731066432214175744
1968473040
2802320321
728281891938418692
765951487063228416
844154312297250817
955736928451735553
871500414948126720
588911755
777794064578179072
2951583425
946551138
731598112813387776
847353204601798656
750061543522439168
3346409367
4882264943
872359159911653376
61900306
715868751393112064
931306642393661445
3780990317
825229554738483201
873741997126930432
734386943891546116
980956428
755124007385632768
4886596414
835668510126768128
772165678212284420
769940250059833345
2748535828
705098433963692032
332311999
777021646892703744
803194066263572482
882456228181553152
877650603626967042
905650308562300934
884332990385594368
764886541692985344
922856078232125440
841563977985490944
733712857787998208
789802060594176000
855085924304252928
802787800575721473
3144732333
219065249
816268694728884225
98112494
419727629
769680734600691712
941551129648947201
368605220
924200548462727168
918225010304614408
800662269260500992
3786964347
4765556055
790446748653191168
886982209743335425
896055538378846212
934496336266891264
357615404
805048044450357248
882337108731494402
789480788270153732
716716320318992387
739103446733885440
4829292435
717368855815970821
794131150709161984
2883040712
366815078
854566729921552384
4895670563
245318723
825230935608193024
417812653
922755298556866561
4243220231
856591899846684673
759460069134172161
2172108371
905448996872884225
2834371048
2867485594
868790454380265472
778997319253524480
3764310923
913817603717697537
861919649075785729
884574561571930112
776955939664560128
824405943517523968
892363870123302914
839496557443567616
2812999468
814020636116942849
943545295950016512
2206952513
874202849567289344
3392092827
806918034069786626
870407761036800000
856483099005394944
900443841207160833
830178240153153536
869883974499393536
893464465987043328
945662837384536064
3054227226
2416053339
879782325269270529
928604218210045952
756228558997958657
784491630
2939717945
939950146204454913
890596187291734017
2778926430
840610263321718785
128426604
816581614604009472
937550648995926016
1252597123
863810691035275264
2570569055
2828984474
772754058750877696
2769703877
959833014254690305
804654323351388160
520768630
855820000195694592
804068147716390912
911311143192481792
73199141
831581516102778880
23799588
721034720096710657
870675201641648128
796790989117652993
555107091
867408505283772417
935886563468283905
904262755720585217
808209901990400000
469675576
930871627323232257
870358838083559424
709111789531824130
881020248459280384
881170789210476545
2449460203
815852264661405696
855569772641177601
543042823
897748255391592449
793093891323035649
746488715204235268
802298427623280641
732171616210292737
834108410866044930
704823558363607040
704028982489059328
2731613226
910108947494916096
2254923870
728324313217110017
835602828336988161
841612594746150912
4603939425
206522266
881554712675454976
3485176155
801189710160863232
404351459
2807630933
3400579900
773440491518124032
739560995853586432
889606920000200704
847281007
828565461973491712
823527244245172224
948225731884175360
799755036590911488
859683113974321154
802565505412452353
852163651561820160
881518884221833217
102116551
4375076548
791659516328837120
68162164
548893623
478706534
853742814886326272
3048925248
1689387589
793872278245240832
386878215
3756907282
759128802035458048
831168474777055232
920287240923648001
719189877284282372
784786502031138820
2417339082
504188955
855851283105841154
819535219233587200
2713957530
878964953071464449
3036974077
849686650141724672
737163434899480576
835648096256290821
3383692407
929383488930877441
743295884612370433
1312286120
445368124
3431335396
943177983250051072
748044816177573889
1496154211
731157740
4891131739
4498779557
1906929692
713725023731757056
849455015630708737
932756028982267904
771374114955296768
770441849542549504
1238391860
954248132098953216
937043716455456770
2654894678
790952872708112384
2898511882
2800664915
803589066004402176
838529459682684928
879474807066308608
809530662197854209
1331676763
881851999230332932
948432315616768000
794977857319665664
3178018973
789470312983302144
187085548
829757137232490496
921410870705614848
902917075068481538
767263860906655744
3310877661
2360584787
866984351912914944
1004276636
760333877831409664
1350329089
884357692168339456
1275107587
4262360962
4440321916
811678566974951424
369072219
121690602
4441813216
821875625485012993
929273047533719552
911913765171589120
3431378295
837105718012620801
895411338863755264
725326728835522560
487419442
895154438842855424
114887018
950664539896508417
3307201973
792683783862493184
1401000613
3028423485
864522462440148993
2459566729
870780964384985089
802086098
808550914269347844
3300803585
840218411170959362
518661782
335944273
4734973180
1306790108
2416286934
895336734053060608
704398780838363136
704560122727682048
890922846091960320
818776469765758977
850621941098708993
872187504857939969
766023230498938880
844075438104330240
756504866835591169
37451941
1628184300
4767088583
853523113438478336
908607808094040064
861981671771525121
838635500823064576
842814494246146048
797463138425860096
805147647422119936
936687461182427136
1008763639
877862912915886080
837666921839415297
730543497556692994
73206641
825840897753489409
764113094473834496
375337453
931923162379546624
842328957919887360
1020976296
711803533
941113111
919147168627351552
349760663
761972230502907904
955843946474803200
864445228962508800
992633048
3028486738
878745604679249920
772898369673039872
162978774
2950223775
2548912992
387101001
1619691584
910045857541697536
877156877502742528
790801460489490432
705633724520509441
3126479572
944108182238089216
938525021403779072
855829857212792833
3001535362
1577843443
768190232781000704
860041845962928132
872079353437442049
908006216210817024
3232939953
814569558455488512
81067209
4513644147
934400846623846401
21820955
3032364963
700569455659646976
833155956808830978
2266684801
945624929688485888
760479434617004032
816147231006924801
4568890595
759372003686088704
913691979137069056
794109358498082816
296842273
477522648
849353245927628805
885449203522174976
772064344897101828
143124674
555868088
793475629450727424
893564343023009793
3994629621
906122453818236928
760200437773529088
3226519374
881502245291995138
912738975466639365
725336674536939520
580351131
756168797229289472
883634575901118464
366131779
908815609668030464
928057290485370880
772709704187256832
893146495964372992
2185003248
859360949786038272
1355423912
233929451
735149377459789824
700102441061244928
851742577581854720
936958723494465539
151947192
1600247436
916317990978699265
4920668849
929249081712619520
881110129214672898
823766832117121025
810240831689027584
1885859616
908093882835128320
947438544821374977
3300440789
1655702418
866911355118522369
804998551499579392
3289767525
763398273210122240
36252864
2695678435
2176947653
933873177511460864
796703484804558848
697812529419001857
39422196
861534825718714368
1531220612
1686163105
615192689
2582348603
701441168853364736
822757236221050880
379637046
1212228134
907319396821073920
1330884072
907884266985594886
720373816854052864
841011977132548096
714053226522394624
2345133624
752776067836964865
1722857006
785214455080562688
830865397071114240
1408740402
913318752015568896
367362954
2364011442
437895162
144464374
941989693700308992
703165878666268672
943977909664059392
712417588849086464
1168665918
4551205593
162417294
3427972947
2341207764
1633636525
789415058069594112
746285885700849665
875792003350638592
849901846986711040
859025562337247232
2726356817
139190842
814128692616105984
813832706966638592
754632687130972160
25086732
827246519686414337
858294403588390912
701729945064591361
844565610449289217
895305774548869120
839827350502141952
826857464004038660
2647574842
85097511
706041622
3110710618
882279086051209216
756362906388815873
3087091245
874749548467453953
780106273559838724
106181347
929250257560629249
4027218627
3410441141
854967511560978432
745992553598693376
921152995445870592
879110371608539137
2733258200
3343895254
848153937689456640
705166191996903424
791540290779688960
4919992175
4865574593
876140039855632386
886328483609292803
716290723956539392
926551820775849985
905801828
890442357262483458
755037831593136128
718644266
2558951088
4688601031
753636114779353088
1450892784
2984796435
4778219543
809824415466852352
924446114992082944
23992154
778621747163791360
819062009140576256
3129509828
122806051
126278129
4828376818
702148932537872385
883602077448122368
793828033807257600
851108677037694976
769620486363942913
2423897772
711577180229275648
769382787002413060
1415292696
883018095044030465
849687096176652288
877906063957397504
3719006055
853359713865654275
798907366473428993
889432679745282052
934218808356720640
920513358662701056
759112860383506432
4642595549
3284767621
2760761589
794388396
1642901274
482598267
890500341703290880
815857419301621760
711825106599878656
211314430
891364750524895233
733057802353184769
887369753995726849
909109517375250432
915543180405362688
810717736057901061
907993098155909120
4318012756
1887184609
3294121319
1219693428
796429542432899074
783623310554857472
793486674399490049
1106347692
106834267
1285120153
878703058418626560
877606266654347265
794004492077436928
3045052505
946514443403329537
3318637876
1161545240
938873368438296577
815984538706997248
481792431
804691926880546817
2434060303
927013494062501888
771321481603186688
948800512115314688
4874464001
775799421900582912
2682905988
456489652
3091670261
2178617675
825336100034064385
831781056
875636065721212928
880530886630023170
788639182008836096
1695460310
753870358982393856
804413599187947520
1475856222
615541737
823470027038986240
857875034513264645
838820690291646465
835238885349273600
2830549004
4897924223
824214311753158656
920694349691793408
215914783
842667420351447040
92532821
875684181627588608
727510759492751360
720733952584114176
3386350391
3167939763
831847740980199424
911258568468439041
543612928
907386589
784740736407404544
2603076620
911572870970658818
2360465617
226294826
930477303502721026
3041754457
781566617088032768
810011947332730880
868866503751368704
778558885317730304
843506357697466372
861353052468543490
943789701944741888
865528596244291584
941358707144908800
4856916815
2987567369
880356304379924482
2316930259
926118274970079232
761859919926661120
735361890
887257533987127296
807454348942905346
935285704745213952
3288927267
929600584176545793
818421319402393600
747751696235913216
734953182019891201
331618966
622201473
415016088
880932652181794820
904043857314185216
823151981766254592
953933188912513030
876192461026193409
4423104796
814806712158978048
768763460570255360
769936011627552768
936155070177177600
730368073602052096
901749430755495937
885126746890272769
2400105237
1008462192
839375327633747968
834822176654098432
847183226770767877
752965244461473792
840178281567547392
845184512254402560
928337348278005760
836460059043459072
813524319158603778
929794498263207936
797466843065761793
42412294
847414082957230080
3310881645
795890331258671104
2753517814
738062300020678656
885166506455298048
2876597843
742008814220783616
796105904638885888
1531633742
1860698730
934100276771991552
2797571251
2352449904
919358109549776896
1072448190
2753189735
242462401
731052949825277952
803523871504736257
873660748106526720
842860046467940352
2817059862
730014899527659520
4810016123
921122216531648512
932129818803687425
2786885008
840943209517846528
743222470405128192
926524947719172097
839630407389884416
721076848570945537
2156333991
752213285638897664
731881594294812672
909864330459537409
814188254731845633
759699051004604416
779646151448465408
3381596415
797374189984485376
943170066161561600
764244233033248769
878184449707585536
772190282720784385
955552749437050880
898296932677951490
1498498807
1932518232
4821310156
886982495509598209
3259957498
738437694334861312
4838551673
2848718506
1477931935
865777992
698553053998379008
796047225524723712
802834126453805056
872215755684708352
875256515355082752
2936019328
878224901777350656
219569091
900415389833756676
934124196237541382
857623920928710656
929716371075862528
857679195169845248
804351069144969218
861571143827939329
705279059702456320
826288751898918912
424484197
883983896764977152
852139110701707264
761753983
915241425561845760
4157008181
526382175
629137435
4905354064
795579164032172032
776896960125083649
943061595005030400
152173222
4152195869
794521790311780352
702800631141146624
859891087535726592
749585865849069568
951624649611317255
838452203924963328
4909422933
845290425422372864
837870975236587520
773622944715182080
887326371810291712
810116041565241344
733620481975279616
931611275301355520
2379186638
857258644806696961
2434813916
3410952544
706224925191839745
857147112752128001
725619127784734720
119745199
760573723653107716
4565799989
848785272099700736
3341310893
876832994060898308
762789089712177152
634400982
914139715464568833
2969826106
925951861273874433
939125768507990016
873547190563745792
858298922
493930152
736597405282471936
849379698534735872
53319483
886691382420754432
2263820045
974815009
886521234166513665
3285477780
925216585
934069135528677377
789085970046025728
753170493352574976
493340720
2396726054
122990563
830104838121861120
897575602621997056
818190206880940034
830033402468376576
2974978877
934539559655952384
854426526959489026
770522912638038016
839811300935024641
911545422229000192
940028508
771234199801958400
860936719721529344
769325823618875392
879587072578908160
3147362454
3317093817
724831995545657344
891028213178257408
2250469734
710511031001415680
948707891296444416
2994864100
938831116278161408
826898940381495297
2589064772
2605035906
783081679
836107782
3155965137
944289137292701699
405425718
747675767153246212
715002412516282369
878278209195958272
902869605269504001
857662296
863295803057729536
3065340112
897711989283328000
724354399695417344
3024251647
839944958270451712
887024354810372101
947882752485052416
874064732436692994
798992039224299521
2543698999
795235022433386496
2473389963
628387811
170132389
874273364113797120
881892153995272193
928960799346954240
239291111
867376422737907714
3046675047
855074686266470400
4453019236
1209711721
946396327117717506
1016946157
939186021840969728
849720329635328000
2664278227
2759352373
803616749996376064
2696027327
827272613730754561
845633119436845057
861428274294947840
425678129
908660493451227137
730694158629896196
889906817521922050
826044074302042113
1855632955
794889609352187908
3050466321
2181552268
894563727525195777
2689882086
695944810201542656
2641241132
919182172350754816
727227446429360130
4196682375
866235876761665536
2274444847
787568130071691264
3345813910
134573033
633627130
3172095748
903337586508357633
1408764535
4780858217
815586003918475265
4196026589
911936882275168256
928570300026978304
868369316
578547231
782856416621129728
2710020783
949560863635189760
4695742998
353360416
3288322192
817969094934700034
2628996280
932390568
362063717
947013789152632832
2318303205
516530930
274557870
830899059363807234
395132422
941266896384614402
733296641311006722
810161904329093120
885876255945617408
2834769701
874932937866833920
2787589108
899104139287957505
2440549700
700505352551333888
615704092
869127291313561601
3504060022
833266451670765569
888100366289645570
341636101
827540882094161923
713227687695937536
2283235651
917656767076687872
866748238979903488
2288657873
744416045251891200
823513023260348416
728163947266883584
176186893
896237049136787456
1273486986
817032733079826432
4264763662
2225581153
2270485345
3412534529
770324195695820800
778520038739419136
3126201807
886932238151057409
880080043015380992
1470749520
98102142
706782494742474752
898836185363095552
762376558644518912
778618135456911360
1155962826
855572015989874688
2155182356
946117351086460928
873057156718669824
806369926307020801
2938530069
2949346677
960465837655281666
572069075
3685741756
865237264837865475
4136071311
983069776187723776
983064514894684160
983060550115577856
983049939734421504
894870068676497408
2801373556
850332159625875457
2343987707
901519859539988481
1639990946
1033509078
938378911863492608
896773793384980480
885573539692195841
808442318416187392
2238798087
927912526356123648
950420936246939649
498040070
912948839937724416
426871255
717406981498281985
901408934
869952535616004096
751442838018203648
706262371073916928
934222106
821341064095219713
747138164079366144
4516099755
930378962043392000
942740725766197248
1725050178
4206516645
732951555821953024
914861779804504066
3900071913
846456084281933824
873912983558258688
921056252683309056
2159616738
890885263433629696
297514915
3544503016
830177423627079680
141829362
2345511866
351533381
945425508526903297
102730161
161389962
1160601302
845246365152219136
867506707
860764308145401856
879612561100079104
927943927398793216
705403571
1366742366
893500204049195008
851690657597050880
915449467985330176
2659539463
2475777211
802276207446388737
769000624079921152
4147136829
1027358288
763891959198912512
914938030913474562
1249716181
864575479784853505
866189341340651520
3064515437
3225984029
820601189075189760
2675361978
913859648805056512
905400675164725250
938048722201702400
859564505642266624
2763535287
858052136265027584
781797820705759232
3727842621
880509842246553600
4003459040
421205066
4246244655
876810708629016577
2301416328
4463842401
155689430
301653998
890163263576694784
935456010705268736
371388933
918431816813555712
924438909244776448
336195633
766151215
892757998803853312
2550573265
3210134547
3872640442
872196481515737088
2882981068
3435884710
404274698
843831065378742272
1647666438
1609441332
947410485632274432
795850668
1163943691
3451034379
4807532237
885731288732364801
893242483244748805
4771739779
2656670906
859960224144400384
862719062572445696
730113082559741952
751477428099350528
930709097082773504
945845106749444096
3090859676
2603975479
845522282315468800
922923325898330120
3398966067
944351787284393984
716197810039865344
3770743815
751001156869058561
941452874160189440
942377661858566144
883021759057981440
784774544124940288
910410727592271872
2736984137
2855248628
247240696
809485055630446593
3616956498
2163445305
923055636765724673
880459895572758529
701368818355019776
388173759
904556726023852032
2542218048
3008745377
771411690638442496
806799902395072512
839250678744756224
816974735787622400
845007272896069632
848427867004313600
3404149509
865638311141941248
2850294364
943053556562714625
3124799742
795371489142931457
943837788839071744
847555591245582336
335945600
1020435354
2259062078
880424828087537666
946622992515321856
902082635295588352
895582912715927553
3607499717
755521213120774146
918204334445342720
905886749720809474
912395337737883648
700594891693240320
752968749196709888
911919565961138176
587235902
800827679775879169
3346905731
2746805773
2481695205
919872047492280321
3382718356
810290150953590784
930380737731334144
493542048
338052465
340392753
827576166525595648
3432929008
941431789670760448
941689306971824129
810230879482159104
936189741317402624
2359276117
912041819684425729
743809555
3666838403
939744094045302784
825278640288104452
3263460161
312242781
741562129
747071790040612864
896856168332763141
777425461563523072
231215144
2992252786
724192669526835200
3417670319
851488737192271872
3031802573
772909541755326464
1535989794
755656058098647041
784282320769470466
722868607042998272
813444541621661696
3273235776
816663456246071296
978511915
1470795481
1316049660
1713017768
936737729014042626
2949404212
2321044646
1660769220
4208136749
129336634
805842367572017152
874829485815803904
920280591899267072
750000284
3100050339
794982804618706945
284439599
3928131699
844837513025892354
880806690328895489
801710677274595328
810511753700319232
715903301649371136
750350059917770752
4873407957
817005835842977792
2383952016
3647645661
371167382
851218736963084289
925712350736416768
919256350315696129
926553834868166658
769860552604676096
2952938261
2509152917
848982761146916864
899269534577766402
193334474
947885214998679554
899306548958306307
2832030999
744998733352419332
1410954950
948666285621202944
926431339162865664
3323777131
941587424051978240
952145458922774528
816025182
725663239749652480
3001191801
804349792767844352
951313190515863552
840540170923446272
876278382027317249
4514675296
771371141252472836
3400456269
3273351554
3217271389
3303098571
1269071821
3926395455
353567161
2950896947
3370067572
3490428377
722875442932264961
815108667892764672
780517750682841088
2199547563
713494616746622976
713091519058718725
710064252355272705
4702257391
306380454
171704113
724189587254460417
779021992792055809
813233821839663104
827609103103119361
826464040876638209
1693161624
3308160152
4883938449
871138669981294592
2266109162
819228781273645056
828950924412481536
570065747
3827907621
515999734
835940673853538304
796621104748105728
3378377585
2976254811
2679586851
173830276
1875785708
3820247248
770582291420737536
827463627976372224
801930726
829728305410617344
709280477069369344
252117843
2683897866
727115551626137604
3031163825
1617968600
2874895480
747418603536945152
799755415474929664
742842549916798976
811266578767577096
801807073050763264
315685372
782313205112733700
4920941920
3903404045
839846017201762305
187456933
322580797
269692533
865543043084042240
755177664030371844
329705826
785862453544509441
867050674076487681
815473705652539392
801754176397209600
4279426035
295745032
851574309566992384
841934565526671360
738080555317776385
764203071190790144
811640758281322496
2567156040
839174286518665216
1376847674
914272754
1867107187
852550389455081472
3490376361
3096580700
2893217703
2530813367
851343189281734657
844476627899875328
2639680612
748432649178484736
362911986
3336013871
2423351062
789222489012465665
123870554
885187371012169730
838778865178849280
434156008
830724486018301952
4062566903
3041051801
903712560255569920
858265811575865344
201643412
2763802524
701552713952268288
4923946019
743466835488681985
3395378249
738076533894610944
840590636155822080
850612864813543424
3041497311
889615149182660612
874204228796940293
855923752906915840
790299683193229312
703901466763894787
430463047
437862779
4084615366
2712137024
4597586421
835802848763969538
4692963116
342011732
899165318811193344
4327735093
861363590363795456
867690452698509312
3127171798
2838684424
835430631169470464
758421085612367876
1042477543
867403117809283073
2204423613
896659294250291200
730095299704856576
867093782537306113
1954458331
753607013398093824
1130330364
2854785251
867786215164178432
867087470298615808
850714181741551616
2978261843
2870373735
767486676558082048
839092677807337472
804819073569882112
855780062536372225
525268801
808286861768658944
845561218232406018
3396009078
904396332625887233
767620466626428928
816951740104896512
873392636639490049
4549128857
801595005769023488
3770369955
2718713481
259946588
875026521588715520
858653205017788417
886577034847293440
878073739098947584
734705559673417729
375509117
875518103509225472
308034605
863794397523177472
845999959694622720
853944203994431489
892465681421225984
831503095389622272
882357524250406913
1562822329
882354776339603457
3407147709
2936585645
890722229276876800
3027550554
745563121268498432
935794963018809345
3260040023
880183722154360834
793717642305630208
3823181921
555914703
835620934073659394
796054004849577984
872215080
892182050404536320
781923860140724224
893743484619943936
784739788544995328
881607837121744898
857210651059654656
815970811798491136
892821808411529216
894588094665682944
743766925881155585
897793015972065280
856850626352996352
767250367277068288
3221198500
632467620
749573900900659200
910789528696352768
851724272791949313
827128004333752324
785546134819368960
887374640636723200
807698955152879616
848524202504269824
604668355
4835006055
2575307873
880517172937752576
910051182718197760
4609416135
788567155369447424
901956508354785280
901541067434201089
870987309260443648
873252033050157056
852307378850713601
3070611587
2334761781
849371697413324800
881628012130729987
2723296661
3344566179
302529702
810730379560845312
358436425
3077852763
624826510
912266785428262913
918775534951321600
802243496870612995
729002728903593988
921447447972470785
4288858715
776916223678357504
827986021002379264
463120136
70486571
904463638458716160
891250779033669632
731918657429852164
773843364894609409
922806120489652225
709708422032261122
839409467020173312
928533330362077184
875483932933976064
850222899667509250
284980381
792694174504157184
869903425194135552
927040359112122369
3086319621
931830511240171521
923521475323277312
893568198842478592
928976499604185088
2393482938
828579735039070209
4458765923
928722790085210112
4878368980
913076628275724289
905790297463980034
934182703259373571
863997623606411264
877050158898401280
2620438713
2888773742
2717499758
934831902590164992
929493877291126784
185590698
934878472140402688
857236847726145536
935978547109355523
827037570362130432
936009425403416577
806474386597351424
822702497999519752
934009305870761984
923614045080563713
906842914071990272
2330168598
924238422637768704
764059877836779520
910561244771368960
898796792539746304
906939756394811392
821276815595606016
934867547421331456
3908350240
920587357165846528
940932631943942144
2921535070
346009447
855073828959121409
940252787346235392
841574520817385472
921358347542188032
883066516509478912
124578514
3016782538
941719078372368386
934046249891844098
921864027231449092
941380078822412290
934452917960101893
445373048
929438898396246016
917830548420202496
922214075467227136
936140341517979648
941904324929703936
942366978106372096
941713471397351424
3255881170
942475693207769088
785400704353570816
937446089216745472
1628136404
943521410043072512
930454715296616449
932510325861224449
