2284724942
374223376
2842796687
796405787740536840
115796069
751262561249554433
901476837078990849
241260416
808080017456562179
715250330687184897
923266857485905921
568582320
3300261188
785626232540897280
523807856
632769317
2589985662
624237192
2851445916
4602870553
1644583303
930605772412682241
3124362778
321642213
997928433433894913
2169597705
816072799
818197497554210817
418349654
615830254
3306190800
1942222189
29214401
843817043333857280
993984059142496258
249489067
222692602
704155885417971714
2274755916
1422172320
116611360
592943740
2891430054
3643258281
1184579304
803871843153309696
1075005158
38800658
1904448978
883658890176589824
3279802458
93059328
1529658222
569373247
938811684
369522723
308888103
4681000890
103385877
326496985
610648212
624514404
444023258
211101790
1593842461
400868402
305889334
3196320580
96488256
1176568968
553071152
2297163468
2679736587
157197075
976510419975245825
832093075
767514430099775489
917423426
163903192
3318496257
531051921
169134511
2598437118
774719617
4083556966
27185730
3402051245
1464649410
4917242487
98037630
3033793243
2840043371
351648128
713202795453800448
705521831516770304
860928015307608065
3327488503
1458858091
52788152
24424709
2973543740
950542733697003521
814654813908516864
2382306360
578588341
3183616213
2996742239
2612974306
545745990
47764612
718957577631981569
2531712804
894129070727766016
1969638668
3271668836
2571860469
4861721609
2789126902
859432230879408128
781285564582596608
208465176
2993551049
293145729
1323083713
391261225
535814083
20085246
703578855332831232
26177118
3140904306
796016559022108672
3051397879
1686568830
751933462676774912
1441884936
2225662255
4833059205
180860113
756296468256784385
890881615
248039643
2809921687
247821070
540387104
1367181458
614608707
51276248
17381084
427962498
2169283081
39603710
229284117
4915576480
2228913901
740301912050896898
85883365
222767027
2595406572
330769243
1880106043
3291618580
3437509433
2847533576
840902826
1366045087
2304218276
391047457
749683788
1716712507
20519220
2988719524
2363922598
1046058446
1552237460
792194777127096320
1585170883
590023633
305293078
2661460889
24099218
769252346329075713
1564771730
200989468
4654130474
811690704
344712237
1499066719
370902665
2844835651
61907800
2186047756
341957980
169220052
29481958
2305659452
458985877
334983501
488151533
626315568
65399591
782966718813601792
334779509
172756057
353139861
920163740
710615494328328193
67291435
96681138
489100016
705706339503177728
67945571
42266004
2376474451
292723335
245552107
103681942
2352723961
18885231
2181878495
2596869930
554716227
3024404705
526994362
3298792854
2291419224
230552601
2854150984
33727579
1005420907760930816
804264242929135616
303960876
833481965861007360
900162127
318265461
1938508507
182693852
184487347
158577677
3178724150
2337791785
796907641884868608
728345860682166273
392362281
301099947
98496307
491712150
743845794592231424
2220630355
390443710
7101592
48413053
139188046
2364480950
759702116
765982357996314625
2957757057
3141671213
2667679626
2904052939
1155440131
763827959987712000
27788211
359120789
270092368
978619068113592320
129299276
1723270650
3276660451
2185478663
317093719
958885810761322497
865300118
611147517
444705973
21147461
72735345
984693837892239360
812167633655230465
30213584
114626049
316891142
29115160
1668415040
2200762543
2555992355
2416424491
31055881
24051976
377648659
30953488
54118650
77825787
17046075
20290012
85457517
1663699381
52254365
614708496
129954940
2295997992
217736893
420023408
342279057
92472439
24664002
329469298
129834595
3304145422
107023663
329213049
1258326626
505243283
1674228378
1710929100
109033255
236301336
971263256
354663351
3974906660
448386361
176667927
542157221
2214654347
3059578575
342731874
2560707984
1654535293
83640653
235453488
1622129604
158080784
44065008
614387483
3346910614
4239652889
2583331685
1651695139
258625797
738488114537078784
2910302304
856716103795519488
945459720
759110136497528832
4658769517
74223382
289537851
41037103
931131679
173842242
2838668980
3432245728
336262162
1004334837556277248
36663050
14896157
3313100125
2466285173
27840069
423206747
2330897762
470689220
273027172
1000785852
457043425
463191700
926048161
856243131167145984
367862567
69165006
713557595982860288
1651900789
296083726
201096489
389516601
44384048
60974387
3383496351
860991296307159040
294936705
1041657042
24534440
978391685456584704
324979763
3528001277
1239562982
34199076
512498101
2478347568
770794763184250880
1462405112
363255937
967423709664370688
634216002
2281444474
891370391767314433
539710898
878787656133562368
716821631235198977
1686784494
2783735042
800524087411912704
988540660339871744
3424734515
1328303718
1468200788
30863234
362907732
334810093
3093831070
858690890
4468026134
123154696
1567435148
704134223754457092
2928164848
2551504928
3960857019
54055327
112950843
858131442022461440
3360217409
16385353
521851729
185121945
2797198057
2732128917
21813044
2302090645
853093425641553920
106939071
42510087
926138315828580352
386241437
889640575401684993
18697390
985109098181120001
704229200
1447091120
272724743
238762257
17300856
3298894580
4362579389
28868214
949304998877454339
212139849
996711994727325696
18348159
358383455
828239607431098369
115715067
937644892544819202
882280316647477248
2562899907
110615106
156408961
261784501
3944664913
861298702081765377
3346810455
2730285765
766357906379988993
4174943004
985972374674665475
1183989822
770454513572392960
2255838169
765033116658503680
2981625325
3415975245
995788866580893698
721481777315848196
35680100
1016815879
3249173357
1592523600
2341099236
789622982234759168
735291662
22404969
2988413206
2595330366
39356894
541839929
15950624
185071024
797135355250151424
717612134151094272
3279561168
608302409
252355206
846529046506864640
146624796
946826046971641861
966195116452012032
243535527
149484623
923644522294317056
944767784654864384
1470739172
2480345160
2804828978
609185698
736518552048570368
753620688
295988074
257227787
739580532233736192
868168645
523796317
309969797
2935766130
4722064177
846207334032510977
3304834847
2265197676
883718810
4267433715
834046349695971329
845290221499494400
347922954
91446698
889492808180146176
727219387065733120
49809673
194758102
770804200775221248
2484520453
2380964095
1033516999
940934922662969344
416502307
2159473538
902336814979063808
939260275466915840
1446223398
47579086
23898979
947791896
1862910164
1155212454
77196438
883448088634982400
165662681
308646022
185807580
540228779
712636106
2969022371
3318133122
2368031244
2579751144
2686001012
279352948
54606487
415500702
4213716075
2292717115
186866006
871774669766107136
394370976
949239960
412759675
720413242875465728
633045060
745050727295287296
2913233775
707037523265122304
73408476
2855734921
4828021276
21450717
165871578
731477863598198784
315536523
23122597
3343188312
323472277
2961509495
928872032
388473393
2244305374
901089062
3284762186
2213618576
704783627364769792
848219622847467521
726022356859281408
4448053528
176221395
767728546965925889
880949151382601729
895759220758388736
2882846480
843338896201207809
920499223
34187413
1471358671
2945965434
899240864551227393
4866412264
3180860249
898749567482474496
821314532282757120
739758894050889728
781583318840029184
151974122
4269745580
1594315596
202860189
625127726
745857696608423936
3408909387
382278268
29589550
52103
850073909168885760
894250781351833604
821005428133765120
2460690830
888415304153485313
259944742
94242867
116566517
314328568
222511870
4719863436
818665424833445888
373407729
811025470934294528
813685038
22395146
846245078125498368
36867992
636428398
594010574
2943383291
126827844
879959857952165888
1030066758
1596597378
767406213927624704
3041481261
777595903062401024
772938068
233801878
3364593131
842130954
337503098
291527182
742376861632598017
1058239436
1290546122
820713610196504576
791730625543860224
754908883143974912
818751319515152384
838938162932158465
700732804519239680
1141339446
1596589693
771094310007795712
808687873859850240
382374893
823695771639881728
2218742061
29210798
387489961
107786228
137437965
1240402555
608238502
3067820667
3248349872
115236249
1661018467
840374683925131265
1576263756
228830979
1367209308
385985295
3306685796
3633720192
1023726102
852201767609790464
2381737669
728393712510767104
2585180648
362258221
3157688915
129000655
827356575924887553
777978966321852416
880492979416215552
709484543657566208
1013711120
728302122844872704
1376093238
74521442
875491229500362753
544773798
738135795538628608
516199471
610221247
4560526637
52207018
173693476
757085300493385728
541444749
1733125729
32508947
379927291
718937519828676608
841884546551418880
823668597797126145
715254059259797504
738975362667810818
14519189
381257757
872532913186799619
404537004
738068376497442816
2562536924
235047119
2191686840
4762537099
796513675225894912
1637074489
746603863021658112
231003625
2893306732
191317413
2832102908
956975586
41697608
2314837357
2852901312
18009153
740327042709782528
331453816
3032577187
2919311712
2519828209
711496594
847308842228523009
479849244
768794911256809472
537933486
209214983
548055218
1437408607
832342753
830849628652322816
816484126303944704
110608102
378928938
96298716
724117985313476608
3274989840
631938252
2265026240
301837241
28420535
1699671104
1602695912
803727936125894656
139553863
361074206
4172352193
3301765718
857238243569520640
1618741752
4018881255
358635050
3053995001
3041765281
209641609
3153777409
3300381739
235902476
2793010034
858502034395459586
730081021798932482
615935028
2690227731
450529034
1126839864
808273446778138625
2971486693
2440881866
3069309723
772635120629116928
1323555104
4715076492
95587111
471263731
854429021546872832
719300612299612162
325678342
138863831
704934181491634176
861612197272858624
389776642
14319572
805345844660760576
311754439
1415480976
727290700564299776
746581835107315717
2567040207
2749121266
753706793742667776
2550106034
3300333230
2616464894
737015859667972096
848936263973564417
1142782890
3208297414
3545453720
2220468601
2944967385
33977022
4581062967
830871305029300226
136161561
731085887564611584
60764435
778310603676999680
781592343489159168
815241356918431745
4263789029
3237687922
1450520755
3120537366
2943228166
2658321495
2956112943
2189535916
817191585175793664
2899499367
730857166719029248
3319383932
277376116
522592147
712316892111708160
818163130182332418
707738866002726913
821092836753993728
790384972997681153
3401880005
844591806
18880568
846144450531340289
2393630946
1587248228
1317951602
1000713217
22852979
339205374
983970656
1518115561
718306001028521985
317023121
21498128
18812205
4854518038
54996982
799756213
848475271070142464
2457841758
14762779
70393313
45661497
723228954
847581271182016512
562229453
4506636141
811747721639923712
3223863308
1961631889
807938002085363720
136844742
362854957
2960196001
841856801490460673
772572324482744320
2887582458
411829687
4855442037
924587054
362783652
2182831625
3528615621
2660574132
733102286466101248
2765025656
830103410363990017
1199566316
929149364
478982925
739531739857596417
4466423680
2869998718
48635045
44035315
20306855
281348051
734787513831837696
814984821373997056
3248332104
1559045466
700723893363933184
31951039
3581809107
2591615923
727445496
471392108
384397765
2888367911
2877761758
2891512785
716975993987018752
2558162403
1383047840
3736655713
4889173639
2536840328
465245769
1287450140
2557612854
352190844
746690983899725824
836468485861560321
2307032955
768309628018958338
1935642114
220047975
3531028214
3331356093
444524070
1255647234
159598602
2713900716
3040334262
2826910270
833074680613437442
738844909428346880
913928497
1137479258
2217141518
1266364423
612601673
2705962174
13124022
2469689268
942456162
341740947
2990481842
3110980752
325797517
766460833740316673
264501887
2615485616
593733830
260760985
383323194
10026012
1180226821
819997660509650945
518092184
795733960538071041
29347106
937541618
2393293820
825821843596644357
4906327793
829425958612566016
730814506859892736
602331848
15747287
744377604
3010046081
177523674
190373914
1661341375
87873125
1845949998
1319560363
3016955064
1322372186
741432598241509377
940352688
4839873910
54399965
1689394387
938035836
186719885
1094295440
61498342
192098142
38319398
491451825
749980713676570624
898685892
141066248
512569597
749619733
20965855
3584579776
721579099
92571217
14353724
3197808847
62795411
849995538
360153651
3003831570
95510387
55660997
16013837
764910573662375936
2174339804
3096724070
320003554
125813988
2987345314
2968177045
343886385
2382950360
3487543895
242545740
58213748
2808882806
130869940
2411529199
528985473
141983568
3600609434
824467962941710337
321100992
123393696
461598276
3942201501
758071350628085760
4822625025
2547173761
3192183666
2300373384
857363809
1606886521
162869019
1714267820
2213561953
262391823
1482947564
2346208068
755464039
895468939
832625187103219712
2599070112
1508092178
243177238
1564649180
987617364
168481176
826998764586074112
983441564
320491280
20279381
17856830
75736270
3220956595
2709458755
1047633602
36005075
826070995089944577
209809522
621633098
3099195346
50425447
352535831
383362157
234468402
36680728
3140561760
461785991
425552777
3188906810
82768675
3165894086
3321912522
16846671
353185423
729287618
25444473
1276200360
127794321
2847913188
55572624
4851511461
405699365
2612842699
613094396
16099798
1035173970
128607291
1666824727
458046432
25868430
548738881
2804306959
2760751662
1129619839
585346810
71102893
1320700663
159505450
2172466750
67192128
460558114
283765415
34772326
2978033889
267953258
274211389
18699466
260128842
232244328
142461169
2918149741
392203356
536516134
1244788830
1577950802
917819239
398424470
2202074570
318449791
1480055401
2355508553
64249491
4212197344
12045202
256329775
347378926
276141207
355986352
33893922
469783141
758880483673411584
36285791
264431383
1226391066
266095313
39235987
447529384
761943489567399936
3124743680
2778987249
83025490
56491596
52713656
1716682010
826588932
724739181285617664
336362668
4220609373
47326182
4135938200
598022265
2802393061
3144725996
354974553
3240489601
46196866
322937599
726610974254440448
225888322
1585395368
2350745856
799133495335366656
3228014430
365248863
1894622580
760872871019241474
996287274
286472064
2239862010
326593629
2957915131
2827500465
59329360
463314458
14547920
3015554962
258212033
1157400794
2728513939
279242512
496597857
515807056
756154740
792811309981167620
2893406662
728592210
2560838237
550366020
2283050894
42101949
19371574
33020921
2894057367
14994159
14375471
4833001175
577572251
564705378
31226274
65097082
382528363
495670905
889609597
42523012
779163350
261540333
2875424925
714526480060059650
270722535
37603269
72160074
21692542
87333244
2275491182
17640702
579443574
18342655
3341869792
23635183
341796655
1684912261
3331167438
258879453
715768994716917760
4896782643
1557285030
137473109
809454548
77372775
707848492203560960
771276127
517164906
275386105
711062350162497536
549318354
352069004
832367138
346659274
2519565564
3071264398
872785777
51617080
1003122446
75006358
3146345696
217841312
2743004949
319650783
4855561583
2488361292
325188465
3139288452
2895322974
1069795220
509699165
100588653
2928020251
1915735254
51921295
747861198394302465
1188392724
183083906
1497394158
88245391
314252288
73160401
39364600
141649812
311650632
1335728028
306407563
284837359
426570413
122958106
2322576918
233133919
2380938278
4100035443
450824670
831415944
197293511
72088679
491761471
233764718
77652342
33089520
3321865776
1131990817
2304212012
1159302186
826254924
515981692
419788418
322956776
3076580314
182441754
1323444522
568619992
2535295477
2269711142
2487830992
4312617556
170887619
487169480
820358702
3074783176
1460590890
3343665773
325368545
4216024833
346160848
497509031
2814357240
1288872438
511935559
1378373996
3989144375
622120868
381333959
25028065
201859434
4039310277
1039165704
447317403
718512457833136128
1972699482
766800726
277048733
2981829282
498400428
2337867920
15080765
900793146
721988370096918528
2525558172
1141371961
2762148672
2343331384
2285835762
359126835
2412855170
2910887618
171762645
813412034
1110321008
2669085064
3022248238
781006436
295387021
243816035
716007383395397633
110561980
2429189426
212075601
322750088
2831065918
735947888086245376
2923299738
288337342
881198587
1470234134
59650159
309827517
1015726309
331225842
346156129
2314326320
1363144903
2393280457
23144371
2172525258
24364372
2283020590
3101368908
336714480
253264239
624232835
2598624450
57706676
50682915
434399209
725754157764730880
142068276
585234847
2409351523
274057722
1455312864
2210593790
2384656908
25238180
136208625
174863675
1115820912
873181860
15664304
2150093715
2493179722
2838517532
269182706
4777219267
312972339
198310620
3855080592
197827014
2739687567
1101522606
588578924
566384745
2983660030
334869105
4809414983
404426753
554726391
3559051162
2727643437
53059640
233332822
156805183
18963995
51817619
28034353
338119516
987515708
390683071
377017987
157898968
283735723
3018917193
2483580234
1651481334
100128657
375145767
264990004
237101445
251819289
3160691209
21068057
89284124
329187112
529525790
525921727
105059365
826342874
73479338
1602588278
2911542657
1081438561
357085709
104478468
193898415
2186862703
73008950
380077014
2384297240
224527488
90224934
3077248082
3370724363
17235553
141956651
288974946
188414638
2161949366
23412177
210237349
3133666290
949140888
1419674209
461732933
17927891
51170512
2764381913
49164469
479752500
1627132968
2520793132
2993183206
359779263
17259008
333205132
175188501
411858925
14719297
15663023
16262030
22881416
20397417
371418731
1202768718
253893825
66476447
72575475
21776254
351218466
33364799
2730955456
230824979
3019182118
1481221428
405356189
242454127
293238424
473040920
170321042
4674548970
14177252
1864776781
355671764
3322764577
292581985
610480579
2872088193
619082662
1177881625
47779121
328717436
579688249
529085721
2181394700
860650670
372539177
416605629
391388083
1868915983
52019962
1865769307
151971904
387189802
566055754
64265863
110124550
83706760
967510740
218012362
1323712608
2153117049
18157666
1006883598
873849384
386821178
778192225
97766136
23170060
21307359
527314060
53654613
44005576
2491408247
14528189
4021684519
2310013916
386672549
3811193599
1726901582
336315634
2279381629
1970807054
2873854750
100606185
805960849
1127276352
366217289
306411876
270076542
215776133
137035825
617751926
32480150
26691076
2532935261
2379633261
291807151
505778721
96268248
483045557
44274279
1959570823
1539810762
29820132
1035769154
221531938
362792899
333678475
1024885867
878939690
3131136502
315191858
116516215
93653000
550800465
894548210
739326997
244824520
46707196
67615816
1250298187
3359808225
227536073
273182770
150271994
3280247970
198736686
2888087602
4109338760
2458948706
2427253070
2740563252
61810086
2891325029
734287752
240962127
2361804720
91618057
151301709
294982927
476272702
332501035
783482058
14690894
548572902
74057600
549649715
1448082721
354898937
372592669
82519971
273327216
2269813893
2380696938
3416146505
111981949
516933479
821785831
72682991
438870775
591651912
213100745
41908982
392365498
26651799
1642004406
304452031
3110995655
53679900
22397160
16502865
1889198071
66172683
1043570540
528202253
119826251
66751424
399364754
3432951521
356402909
259538397
47467595
1630258350
1278450439
56474752
199492287
1173324504
50929936
408710480
15119211
51482246
496505731
116376797
125467380
1460715014
42440878
498304891
558561757
1344312624
14327981
108433481
132337572
389249703
29827872
206933693
975227036
314863497
54778954
351970906
134850253
3327735289
349320971
2290828253
253131082
62102857
2402013019
113738056
2880351014
375066840
283835945
1642516628
397526447
16368117
452820417
422477474
963170575
1392017941
1933128924
3299286377
159100041
3343758045
186879400
250006862
74623544
25027988
1556934956
1594524260
394188384
1385585515
70772140
179406164
889602205
514954431
172645567
2884657603
435586323
2377965359
405290005
1688856163
277046505
429470613
1138340456
568701512
18573485
463286989
2990328847
65462206
2377914530
169760810
322196366
45203685
31252694
2926435041
2737118140
40515423
196282934
424788356
447707959
22349771
2209823448
2959134948
581378390
3302381520
163484443
15842820
75628597
105640010
1676578093
538390941
905548206
485382140
385203734
57789433
2193494100
207663706
1458275802
1852762266
48145072
49842409
1118086795
981809719
2737823889
338112606
440665767
29990166
18084401
1391050813
55082561
15663941
386394870
3133872178
182529300
565723739
789868628
32229817
58483204
509502430
416753189
1232344609
1537056864
2432354299
775642080
239588352
43008717
403824991
36316723
2599108771
842034468
866937403
361960814
402919762
2206236470
615804718
870324356
462956871
36177785
3292557924
347445050
45773193
1869812923
551214710
288493411
1080994489
2469028461
1115078472
626909800
65987534
706214336
462608608
2616037308
1633681885
29302828
264000418
570093135
1205851771
328752561
258948696
2525800543
34823204
47640972
1351404140
39666923
806710627
233332889
64636212
17012066
29180628
349267343
44783090
15713835
208293925
2865159973
2273794788
309908817
2829169244
1544753911
2367889247
2740974700
49622483
1400801910
3245568412
2739509871
3084269591
1420041492
3199318930
637418313
1087327050
2372040241
425605576
2816591495
28448639
54353295
521682902
3138336745
445001521
2447598763
19660319
26301684
22577273
972220742
2377634809
410191033
205587795
625962397
2249240106
104981200
150220209
3231031172
3182708503
52643469
19219230
17762286
2347568641
1064878561
457824626
63213000
329708494
393089077
74495156
18944012
3013573622
330061011
280628498
19527766
20526670
45051517
49624888
30498884
2344647799
86448438
261482957
2327595614
2363677794
587343150
3289369607
792471008
344297576
561545923
427017955
347892399
558300285
34288476
1064038448
130258379
127693017
822134016
1873371313
371649585
491558483
2408665811
1396022953
28558671
2225780750
619247824
3152810283
40221315
2301065929
2907376888
2993411193
540388597
77040973
41400903
1447989380
19167812
735057792
2802329446
907099526
19300763
272219533
117508063
170826148
403822557
499852188
518700140
533777903
935031948
1183832270
1670268751
1677388129
2202199277
2579608886
12473412
261460925
268976529
309326329
381263219
2492421936
2776693956
158837587
457811212
2998587614
302785998
271393904
1104631142
352628990
19088279
491458120
149948747
301648217
51849193
223333030
350568429
29849787
23706971
18790003
48808777
168736979
2327801184
400927907
378182219
497654322
801045312
576635322
130239963
371576796
231562295
37745273
739392289
476628937
32218955
18562261
17832004
2886271012
1104457075
700022659
479067380
178564567
474297147
1892734141
2572285497
59570074
954846463
283987882
987394844
443249435
1628358289
21533760
22313034
382448167
3063639432
352257076
106575962
22271664
89093597
199519202
48304135
423724640
284380330
35300944
1725311022
594941711
473059215
278838354
209262118
337540624
819877051
125941788
403125514
24970978
160398187
479060998
2995374928
817468573
255859344
349815486
41954681
2848795518
1703665736
1113368790
152794960
115806883
30219063
553692568
119212349
408126612
636814458
2425890373
331415789
226390081
1247085853
629856256
277294258
1326030433
374776813
65675148
262937159
401748229
268077449
24030893
549070998
30270415
330225996
1726819910
404290823
29215615
191700768
30787107
278377196
1615805804
602337328
427086282
1699983416
968772818
462430860
1220308262
30690520
393743472
376457313
27803803
45591110
958444297
718583648
2482084226
20748065
254164968
404321067
305268681
602900639
140972248
1604553134
2768734187
292639977
567599660
144586731
21618962
2942493662
252385094
402127339
15909188
2328966355
231060134
2889596999
35350930
66139605
578020043
124722143
38945993
2884662141
2538255512
876488425
1666742652
142065852
32259583
707810162
1512108344
219198980
1100092184
22450194
1953591956
182011274
270615795
449469128
66382677
256162523
586101004
354160713
1559383026
2578815366
56792042
176831564
173187112
96412120
37563979
2712881376
596416843
257145166
1272435055
2396727908
304027701
194870076
1854674708
937980787
1634440398
106342979
1529731332
51289184
2242847461
235349433
2742730458
23524744
282831531
874883839
16070105
24135613
86300007
43999644
18777674
371331071
47307465
2633492023
115770539
105863198
347898290
195941037
238845060
2781224952
24322267
496051486
385712057
186661357
69945459
238675501
16716602
176830130
26597615
17533004
377092363
343143170
17078342
525790839
445212707
535568305
18010184
85503990
2450718265
792724560
247873346
1423962937
1301461370
66474281
419955896
31182784
17852043
24528253
8983
35427295
630700267
58997068
501954570
458976137
1278657684
180950246
954665856
405103364
69652005
50927156
18035916
17324787
29861229
30692576
18073532
117308194
56149813
314057617
251217304
379881374
2229107533
14554757
31524807
1695129853
63650370
24211652
570268218
67670777
163591154
190769557
1066904202
89641239
208207852
337824848
257756525
569321387
15585752
25536615
18615524
105195121
57042959
26311854
321777881
117480772
288666703
167997886
290187189
362300339
44068572
415350667
450934731
19417999
18278629
28648640
37836873
16334476
262476001
226033107
210748284
17217482
309502856
57903762
59166342
51203706
