64222678
846694222560477186
11912362
20346956
351287640
70304141
826131702623981568
35479161
1032956666
2923632442
951816822675902464
23407020
33612908
383830912
167102065
29391721
14854462
3401573974
469608104
457079432
899997847541743617
26809005
19330043
20710809
871843055711776768
106828724
238194104
158267946
30260344
291852466
23477573
274574767
132207818
36670025
39204454
458355671
2590679973
710833505542995969
264349024
3244762996
413876349
2209870529
90390631
165402324
27586179
3151184369
259937013
17198884
2960679599
592061396
1005255518
516325442
380368276
101928415
624619028
33676141
2943697084
549510165
2170053050
2807048705
2709901659
1125609404
2751021089
112426653
2307531240
1342811100
219581835
2339298043
1127526872
2457715565
73609394
744625069
2718776757
17719694
2548424375
458113260
297083221
1248300398
124236104
15809249
14433891
312754033
24625854
38190668
194982425
35202539
864275118
946674348
241444440
916622814
25237002
215935853
534069990
2335134190
441710091
415708536
62474687
538578237
257622110
21425125
587208040
22910295
234732465
622496672
373903918
1034099234
343627165
376708188
235992134
259709090
67283209
29930178
891121160
348770604
417909693
351417586
616953981
840178009
502682423
215420039
628344138
46335511
17560096
108568373
395187145
360219338
424887029
338464731
175668039
471130203
486275885
68972422
259164022
513869100
422890338
149122949
295655406
355417236
382063689
111626490
184542981
338431405
411620236
317329922
208981276
407547015
412627028
370754019
414449438
19923144
283949152
73840916
24437885
281947666
395005662
70033864
277742107
202722747
219281843
126539531
354419721
107095740
128940851
200476668
114986123
376039079
15319698
373515530
180055386
81297844
329785204
256908776
65398477
278289173
331013266
20518710
180705592
125375616
51867594
24621955
17461978
24153801
18122926
62946037
207507374
138330033
179248668
241495199
81026235
41596273
17169320
108572067
101050444
115367936
44591523
