898533348
1965233744
971700477955059712
26735842
290612259
4788533373
4918581312
10678432
1345580348
3289000194
100324867
564363143
190318666
536688712
290162408
2426257026
4183747097
69698334
2784820064
2706419154
42174248
935278346614710272
980859277509386247
722994846365978625
3090097289
4191219316
959243367929573376
31358534
167760471
336363571
478712443
978977541280223232
2498246352
766394444530745344
29309901
912937174533853184
86214145
826601742276046848
3864399255
974388368787337221
1908492817
44988185
501389320
16413072
794705817224286209
57648782
2848355199
190056198
968319572024741888
77022127
764290240907513858
24121914
770252167538053121
186692634
76510434
47499861
3253079039
52482127
736055341
3288707586
16569325
938482395199635456
920142835663491072
963904705461215233
2790555825
295001606
21503943
824625799085117440
1594173888
776530874586238976
53790882
961658654897377288
63347693
4731792335
582219398
15909592
931499822980521985
839326771828961280
25073779
425376987
950653610
2925946914
140605760
981322884
956155599355629568
807309951282446336
3348185856
287896847
2970883174
266420236
607871889
2307486312
741450836421664770
186578615
562331219
913070503715381254
3295947706
75600604
1445036185
15588269
1307988422
613497601
44197057
1357721275
249862942
104914890
939708186688442368
37102471
824076196623380480
17146147
110775353
295962292
16853923
238738242
124012978
810732744091242496
4799500158
627048792
796287842691481600
95296534
2998864022
358464377
926839795220910080
1297125469
908820317736439808
897322467592687620
79448341
1670865385
78537593
614076482
888036822458261506
19904112
896709138327142401
2705086191
1621344799
1517140274
843556423548067840
898103268
450272089
907268682421850112
825518870421180416
876820738795286528
414414854
58155693
166796183
797843521906626560
133938408
2785390419
64229716
2341787738
59712396
448203900
1009288734
37977611
897258041489444864
19569440
32535616
70986476
18253185
72886546
807791318
801255071745003520
18041057
837708132482600960
767919120
16347551
17243913
2997290738
837561853
68523142
809461192775254016
2994951136
501750780
1087436214
885562688230785025
792643945390018560
258568443
882972994804559872
334937812
2334144626
128712272
868312914863812609
875071017194016768
1163827219
317547519
18732606
734041923581796354
2792843635
4872419543
1576733360
2875641098
459459262
3000588429
15258794
1265810551
359796142
26464396
3533130805
2493269757
34313135
835911265
3413328946
852921973277642752
844744552607105029
857921031780040705
985311739
2868663736
838043829420888064
756744865136861184
599526656
4066320436
811755395832233984
3059784345
81332833
1573357394
259762681
2325739370
131164361
862663147806654464
728737008655437824
424971846
4893816467
2869858477
60993141
838930554426953728
858807208347410432
20729327
175824314
578211124
810301410537537537
580312540
39609732
1438365001
4450004903
595778254
122735104
807439322244874240
759399965294665730
815691173415317504
2830252852
49335677
845310170242666500
237087758
147015414
2788658816
4784741095
828654985923670016
17879010
12610772
773900757141745664
1616757955
153492935
140297339
746233745955422209
105679820
713714864250830848
15898569
705434820
1021173114
18807853
398105585
1838755016
828939097859379200
842407671277871108
38670486
4894095909
3256974218
127526874
92469546
837564865812189185
829310340131340288
2427906480
800886894376710144
17297261
251984241
1195092752
831943624254488577
2780636977
332174179
1317654776
342536249
828420607108739072
3331850139
825468557190389761
327758689
92195151
798739603238907904
1588971012
814260498732613632
825045046126899202
2220405668
716757689049546753
16500267
31128730
171331846
2597697758
101886465
29110772
196415460
329436810
228300857
259649352
973705435
301006160
822614729655025668
34367582
36297832
3588277825
14801343
87229476
3072494595
985356536
530980768
2372319661
816313916032585729
818530921926234112
1604252203
807899505852977152
30437699
751461353336893440
744150240136044544
722313116751642624
98849456
1938635371
2361413834
31290792
726307065635823617
787969334027005952
120995738
565808606
808819883404300289
4580647176
745831726165934082
26548315
210168563
3156995392
6987642
177317540
3226847525
305406015
4813701025
802265783564963841
765391657131016192
3275322913
1035904147
100686941
128920001
190906140
20741213
73986605
798317509443198976
88989461
348675847
1173818750
797289130384392192
177728608
15648401
12622882
796103541676998657
780547814312976384
492408472
488627256
795635394968686592
314747851
1657930717
32711580
776875000473288704
5625972
708124194
269055437
29030259
1475781222
4337393772
316946324
750397838983565316
1872990613
210684204
3066346345
307373343
1598831983
791827315479212032
3145875909
17027723
92362088
252802936
777173081475481600
785164672462823424
61144138
25079799
33087045
41717664
306849983
32528467
771912104110678016
197460176
750797794324078592
36539901
238868169
1015962704
773190731246645249
244957388
337521571
3078942992
738932601004515328
274295451
2786007810
2421067430
3293417998
605139542
346685581
770503422529245185
21150433
1580792972
2176877532
2427538478
35797450
2990313419
473224861
28445379
3140396621
232577698
341190477
1382242118
17577121
20857470
62509323
2584811341
131979992
3333306791
16679221
937592917
2492811448
116291185
748703444635045888
182790989
3571535183
18438022
973551138
728251727250653184
3092148824
3592871597
3253978786
750744574566371328
58171345
3237016759
717174266614136832
761939837066678272
138102470
334984455
748798765302099968
3326489270
734146107907809281
4900202529
351287640
1658707891
243457916
43482262
1144022772
32665771
1305482256
256418353
704952385823764480
219143425
71678074
3568624393
17771184
2881295272
10861022
735632256186896389
749665726760452097
19599061
272244759
3114154118
746873093537202176
23766343
723496208791158784
42426955
59255239
889724359
4357495341
57815613
4925933796
740797787034488832
264924050
4562729546
135684302
39970851
2629322842
503633271
258059952
2765930978
735675172879880192
575296924
1157143663
307008269
127783835
481330489
72783659
2454399847
730795130395877376
538427732
4901789296
2473514605
2520977065
2177644369
2906832379
365528423
24208165
2591690550
710180610950746114
717113911477198849
275439064
19995834
1564790898
351202742
148096299
717492932232810496
96851005
275074723
972826051
716396597886763008
3144539090
4361126719
2660471666
316332162
710850716785577984
516933022
3132421991
316542474
3888206714
2998573600
3100782935
4830576813
25023316
699202868788731904
4912417098
4761871157
24589388
223744954
284331722
1078142305
4861361342
3983997940
3405973859
3418704009
4855190008
4676024432
4150093869
18442721
874318459
45371498
3676784482
4479465388
278098811
3174510935
3863961493
194197773
4444788733
23255247
16569663
54741446
216558300
41332376
3611189242
3167243319
16496165
4537160386
4173893053
4204405693
362074693
2781937882
50220546
633617711
4015725973
2303810723
1191756632
11572112
1532459004
35245502
130199544
23173539
3333662206
4106811557
3740911409
35718639
4031908702
45038044
3810537373
3312670756
3921576088
3241123238
2226461129
28783715
3311193722
330968020
3232036788
1612067526
3272282912
3185222240
319873715
3740711415
3652302252
3718237816
3463789521
3529607653
2772693119
3241980733
18457026
35361476
3379641040
3322768096
98212324
9466582
2181897208
3254698789
351470661
222691723
53194576
21430448
342839065
3355120342
262050686
58578058
132857674
2446312208
14645160
375124833
967188134
23535638
3291478972
842547481
3235157062
3001292360
22274142
1158413095
3226721463
1672272156
3201254308
3186857140
296928225
129373795
17135182
42170658
2733511347
260640487
2766940874
398022656
29714523
66884110
2972541539
3004335683
2527659656
2984748485
259953309
109675948
2952851873
573913975
832145263
2927300934
515980324
2835936314
2908736620
2458339832
2908035478
53922051
726646776
1433737164
130158647
193602107
2777547554
633776171
205960176
2779763068
93718597
19022399
2666282414
1927658348
2785777708
599388545
1003470242
2765920767
14361897
2795150874
2439014778
2438352182
19309845
2646328746
1884981122
1853355313
163725504
2560409569
338405258
1303130706
14776137
2546547771
2546563757
176234640
40563485
2542321690
41179995
2296899908
76786636
229837172
215373946
2423911627
1702053577
455400025
1179204793
1322011411
840751178
46023324
71268910
1956623023
454848188
2285200153
2393276616
259433915
25368941
79325697
45384287
39899927
176559312
2326241790
146937345
41381695
2271470496
388559704
113663371
2276051590
939922981
2303023321
24180001
706980723
37599351
1552894274
14132081
48458007
198027003
379970186
32305485
2169304831
249891501
362337782
368810196
104195144
49819686
490899549
278834405
1875670640
1834304803
1534622629
17821255
80038787
1375626721
1606998188
87976525
1327914325
1619027263
475379558
331519313
212849414
292560045
27650053
1546600974
34741520
987283956
152541525
16838151
16711026
163598619
25515778
1002812725
22921373
15231611
1452264260
1444131655
1334094746
52752875
555168148
292507514
152663692
167384495
1056704598
33419014
1117432572
325733389
409007816
126654280
1255536474
1268347632
46315970
263746491
305918464
436925910
606689070
226762000
14624492
1155489554
1140528931
1125272562
207737057
633924423
237137622
868252716
937381255
876821568
349122118
34732573
1061672492
174763258
253353588
313128860
154419133
971127912
784122984
1018796575
250621937
996149131
37331657
300825354
16195027
517782498
375826110
19421477
937110769
283712092
604991096
23191890
216968294
620463758
787504718
212044097
30549182
373216596
270056840
923637121
452406750
436982204
592305280
49836149
115491149
257934969
184005275
172644668
598435541
21477175
188422390
579869399
40803483
16284717
176819651
868474212
587840129
193515613
17147936
321666884
32482867
25626979
16203586
15829367
568475620
338774887
90552699
16988154
73010305
17900833
772037358
470257828
76237025
183958809
626172397
608159158
343554624
13280692
570207176
96444392
31036345
17010795
70171397
41445829
270057138
734149951
18424661
15627534
17625987
185372778
225171110
427682101
528205352
423210112
20923669
636687395
62135643
424453571
306872064
29575703
16297082
151104533
626032195
308743876
430796274
39047949
594192132
17044562
108713218
279571991
253875493
309208314
26253482
515190011
498368569
427722296
363480100
606882019
239461883
19886908
341020892
14706897
27754737
6435542
92631298
404390606
585970410
15532037
318977610
113690308
593945486
297244727
23406396
136337303
355649253
185675156
244478831
352058208
18949610
60458766
293149491
33494472
91298698
473269205
186772697
191790006
552343041
559099087
130176159
508250478
36517718
70760976
509500736
412152771
541389102
256561338
197429936
9965842
260112940
267119490
115759956
28601983
409342432
16618630
506020368
506852084
493384587
380649567
470445123
487318932
487220396
287158597
396167517
407978318
18359321
179301488
21999000
17735895
22233549
448726381
454890357
308697547
452273303
28694956
444059836
449606768
273097138
436557272
442772608
301348543
38091575
189252968
239221322
432667572
16449510
345555288
388848907
28703779
27831697
396017244
123035277
297157053
260630997
276239273
376643703
28783063
291459929
154219419
246601851
19755235
221890721
393646886
19078243
388181195
108070964
204892490
388994613
166677409
387692033
243900695
345055970
37144146
366696999
17494010
18098546
24989950
21426191
72366180
204339512
27138652
16505810
320110366
254190399
292148614
190853982
361298035
50573557
27283653
20769988
114968260
297166975
24293240
253380888
312455699
28581873
333488666
31005278
16641945
31115798
253351731
337027641
18923062
137574221
329232137
328613653
20541959
317289407
16561570
166417789
23457956
323108694
309893742
23859088
297158349
219159546
271833540
115437753
284338073
14948202
241165246
318874184
318185640
51438816
317607745
317030650
316296586
309313493
305949466
21751658
271031667
23787473
236542729
300114666
298798605
18955228
17738035
19456164
35120520
181608851
192028387
300533578
303470771
16075671
151687276
16708010
238208867
46786678
18363508
15416739
302332339
298947872
27512951
290251349
42328349
261435301
179732982
14871276
247416036
168531936
272616347
288942937
288338093
260047686
145970998
72284492
251742429
138516405
226273650
32963511
279049662
40017352
287708948
285299313
226439472
16702364
281974652
40010238
185313884
195136627
261962557
83925961
278398088
253116381
26556051
224770553
271007937
256497145
23050779
188782155
130037948
274786499
255755006
52815333
57828467
198302958
151195881
247921822
271700671
228009703
257599074
41404738
119960399
233903803
182878455
209502728
262629099
16813249
15018530
16813717
18264081
258587537
239551704
239555059
237763516
231751540
223157624
61698439
53130511
17163536
240383358
226749291
198026062
28881601
249595502
46443961
239004437
18026582
34588392
246108144
159536443
239614878
86682876
22085184
164110353
47505302
18435034
86608670
51595358
15977208
18500313
32394967
163989175
232455997
16296026
81897322
185376376
236209803
233037346
202819700
15791069
46659377
212016981
188925338
61903300
16642079
208758621
213694217
228233233
114933393
17176767
124618907
125023092
226041764
5796972
17364377
14921442
164872613
215136224
78569026
218531700
29475405
213497362
175487395
117536511
209450981
213328685
38498634
209738134
38766119
206020993
205377891
16194290
203126023
104182717
42688165
197519779
192603689
61192393
193645280
42949665
14733301
55736459
182925847
19997751
11717672
185793956
120713977
81132251
188838726
188774904
9806202
40685248
16380610
181263688
160904497
40004389
17819356
18877547
163095229
37056825
119480392
15629929
155399590
57151110
173514910
15014405
163537748
15219854
131149470
20005394
140506345
37981738
164802515
18997933
15674113
39299241
14676022
14791918
149919000
98397890
148586235
16952582
14570348
121209926
73390118
59863421
133832542
19659769
64810375
91076599
134457077
126093139
108180486
30946395
32125120
120074769
76685977
91009129
78358054
80125921
21770568
18328535
17021779
57235875
25592055
22513728
81912389
61786267
114030408
21761576
25606049
17900130
109246368
20257611
5761782
96848784
47160838
22138303
96912124
73194619
101305491
69681764
63043955
18142750
62361946
13557972
98636553
93768733
10203582
82498135
79066542
77199232
22302155
56468050
56437919
50053363
49210907
49134370
47868594
23659976
34607035
15853023
30407783
26397198
26213896
24715132
19770308
14705342
14197903
15966234
17510991
