4117639882
985469856278548481
976203180479574016
199402774
629311445
28035260
395443213
884126831904993283
1059637850
2799763545
963915321315864576
372805605
378832070
94977717
776814192015867904
1655861276
1340194693
3029841580
979012516561981440
93694838
2744422059
23984038
272529059
1218558372
946802311841636353
2440334959
30363935
98746727
311009714
3044825465
2316574530
5768872
749813730
911932320994791424
91053923
18845876
25362955
45112524
1181185435
35423466
265005363
836968354082619392
15762708
774357990711316481
156721917
712552356513243137
330247065
1192749109
506408259
711620158079574016
874968991483166720
114687771
4647484714
48528016
1664913774
923829301195177985
121456946
2558800670
54710942
759734064970694656
868440554782289920
883432764070088704
224729999
265761293
3373434899
2304194727
860913759518433281
875103358259998720
162092075
18123896
28442504
770865702
132437983
271310658
403277573
430584683
3913004481
867357039294631937
908219524096385025
240606817
705471709000941570
2246224197
254943963
729507156916088832
867631563265146880
222771428
300445668
773955284226207744
724931798887727107
220785771
469385702
40863144
2512064747
106562658
169666802
388482899
788368790329421826
894635819822088192
610112864
484878777
3190995783
887268952119889920
1739829048
3033565235
3024055949
2756068473
3141133437
119068103
23832022
132455559
69578698
162825036
757483824
87006287
867781607884812288
759753410203746305
861955983089840128
97737655
292426244
455081117
586557762
9591442
857578646562893825
855379019474325505
847455478602805252
224174944
42628299
203595629
39972597
2294772944
18829050
168606635
770888666235404288
50419262
293553281
533032366
531353689
34304493
263872769
3635933716
533017011
318037096
22055884
382763253
105338396
19486963
44027655
39306761
733186017218469888
221672965
2907792065
783972683360894976
382957478
310228724
752561320675901440
1412756503
19583545
113610265
3308517037
216387646
208623235
592019761
403497592
2321287733
1565271876
590785921
189660705
712757457408405508
308550009
21247989
17878322
1627614212
252626553
608931072
3835189577
153105818
4867243078
716643698197602306
716869373869301760
278589654
702476118885076993
203879364
409033490
707190434511069184
580914678
20518710
407983248
867430242
365974132
227806315
18220175
243323556
112098465
18220386
1357096712
2259459103
2758411245
572552351
2543067363
4373277940
4385166813
94631938
2901069359
1039359918
41077169
700819113
567396950
17929027
4347749547
56980888
24672821
2420626130
25959730
2715799588
3028826481
2820464711
19791490
884193900
304297441
2614305099
3381787257
76131466
4065227657
1505941554
4047143963
3293641994
3420214756
1643000863
28895421
102590154
154953218
1861995133
575508800
34343928
24671834
1662283578
255997024
14303201
336178719
140805920
3304089251
345531648
347210107
194106477
3742868781
177123141
34436190
3244778014
3621823349
3606927436
346484558
22920188
74286565
1464858950
201269167
96150715
396106921
17740885
1030437511
144138169
2262782977
512394929
379956066
3390079727
1000210237
2929452167
3364335363
253519018
598517221
3128843465
2929221436
2807487384
180505807
2371614924
1096980222
2494227662
39633585
62499234
46955805
87710468
32947008
359896946
121359088
1269154777
350187361
3162079561
3020506535
245862173
3013242860
2210625099
3238567739
353836437
3198257915
435941167
1531558213
2512730368
3074441835
3124947601
853423159
461394274
250084273
2335688725
2949905747
353092413
603415084
1301184787
1640156994
136107849
773212585
811036686
39731996
3017641341
1671404612
1639866613
2863022961
621538787
240605588
262794965
2175840027
2277897114
2862292889
163712100
3040243021
293392206
485531336
1075894094
2353866379
44728956
930205464
3004118368
33030436
326061900
320646880
2277807272
1125139458
713078785
179275200
873499555
1015160370
63294599
292661527
52269697
18958013
1851532446
355549266
564011804
18961078
374482361
353069413
2848665227
1544387514
2622545547
1101396150
30428950
18046050
234096946
369005869
489697503
90246174
2816921066
460015283
594944230
2690252416
150490233
457554412
405060122
140915817
88880573
2776321209
2524788674
2371586943
2494521565
2873607137
196913287
382529592
18381396
20959176
256883252
1467392186
28440439
79053251
251108843
2415383051
142715427
317059484
1561077192
819687084
179412380
502131994
403300363
335858767
1938473154
24837034
133862493
1027220750
2718995696
925791410
517347899
19245004
26467791
535877225
1595751133
41605989
112726863
259654184
359315519
413119401
43158360
2608101078
2213958313
34871923
2722186360
707361284
787094244
527526077
2682705665
893193942
33612908
601861257
54361571
118698767
2457058243
1556511931
340982412
1622756298
22515643
148503766
130233549
1359455131
57893806
18662613
2544066528
197067268
27744207
523307234
237240391
938445174
141469655
22736017
230733678
40908929
1622932195
2350310360
2548026550
1187191928
336217953
2180404455
894857958
15057921
94112118
15768116
356396877
1392885444
18469768
19139193
127857424
521065387
394849157
282965099
1898485838
89282799
18648936
20299862
100597433
794786510
2469432508
70872349
954089587
255083537
54285815
21241370
434421568
363270266
33480714
39273529
2399215742
586626666
2386507183
2385682428
326818565
377072512
407647154
230455252
1169229714
839578982
1201551541
335531158
2362257241
23065354
2362188182
2316682027
2167967235
2351882293
414109400
104231030
709561902
1875124579
124870631
1258083950
628406475
277443574
26712586
322909918
102709914
1257051968
202722747
28211935
19918324
19367319
69170362
24537270
746858454
1287056106
18379967
210913321
982348188
146514331
399676300
2214352402
185963360
236551822
10228272
929965782
44551503
50671852
15319698
123262168
113966615
199834247
30414789
166035146
2231447510
275948815
85598151
800324724
33458117
2216045708
160221398
2157605208
1391875903
2191342162
16677152
353188062
799106539
269424095
770218291
81789503
42458882
2184495539
344601975
34507480
713616358
127525755
717678951
18055279
1223847306
27032288
2182704444
1493825048
1340305080
349781896
1907582377
1374928176
53136959
201934987
190709679
19907921
131129840
1876752468
2154400796
38062414
915284186
346031041
438717402
127027917
335184474
253547252
145050471
22811432
565784125
373497378
1860918884
440593997
636262210
152588585
114315279
1876784617
74121691
162321266
214106172
1725803299
615191946
165253161
289522423
80706281
525930564
778458757
605199848
574313899
344894573
308709948
486955518
1669848643
488366553
1602783768
195707493
326184319
514118989
39261938
339840417
613522968
529797505
249902350
492175016
165855185
819863016
1517379751
1361796428
805283810
480358848
42713245
516330919
235595290
621035449
414915508
18145853
637346183
18294221
1551406969
513607015
311723499
27152199
193681930
1286877811
17360762
29169327
762212382
1119496194
342660013
99898278
41386599
184338405
234298357
534759425
19575665
347316286
1440410546
18908435
972710695
1459158060
199562470
1469161656
849099806
18710504
5943942
381012018
31107353
120218334
922916414
847651154
39371411
315299996
353659800
850124768
1415492179
252322929
435859248
606673659
47442566
533105001
1294395084
325637193
946614565
281989065
1349700073
49611093
1285369273
804552715
400736305
369487391
712915873
465343077
317698086
88684822
964831316
763352371
1111504472
488659144
180252877
288742402
352177515
261046519
562017200
1318443175
349984797
128990079
23561980
363545794
291165656
353635428
175721878
1201000873
255143401
263363437
1260027805
19770390
22123525
56066147
93993462
514538551
19655239
378460963
18825961
19028953
313944291
323496112
1096123830
442695205
301309392
25521487
751222999
302010154
352509856
395442162
871810866
166747718
351287640
65364885
23083404
61788692
17198884
1151495528
1151464028
18511475
65624510
321367743
145344614
450668210
789306085
242818272
1115373649
105472753
945771662
221314886
171342211
531928151
283490778
412116172
201276139
212852125
263821797
418538212
132338160
121111230
179605994
916638428
1075216074
301475265
121081183
1068039314
284581658
79441324
509960062
188353537
734703510
55968191
31383409
26249480
55365711
924706208
332333852
317322410
370251673
407912404
1023048182
311002833
45842339
1009212391
579046269
18665952
195652555
983207161
785038820
986793415
766206240
39222646
585103593
114770677
26459919
898186567
225803330
833294676
731262506
423656803
45847467
209944296
960089700
372146523
216488146
149649625
227285512
112223337
18278629
93631703
918583849
190074321
411352114
238961845
13049362
373905965
176857595
886747644
17169320
19010580
33868372
382768247
15328942
183094956
544206107
18273128
361171468
114835226
392708737
300224128
585051609
17227551
462641729
858664764
62480282
39770819
64677839
298505441
829260271
827200777
271119716
14939981
17530277
334928449
813267984
814899726
18829774
255654065
133436303
176377587
61997742
625490680
227661678
780094226
29680362
130406102
61473589
771637602
285284942
620962830
577484458
21425125
451074589
158694788
278539341
256155514
430461825
385104550
152716707
273418522
169073151
616482583
403285334
626420561
39838078
196575913
40586467
189636590
41205437
78913112
166126663
228036664
599287752
202231158
25155303
128984198
570880845
50604237
474900768
280948444
570573783
158777509
397183609
636871682
611595511
135105032
632388492
18788414
462821309
193709467
128933544
385960388
346666894
629238359
21390378
569984573
286123583
378766822
201345675
558066491
24153801
364250404
547143742
475115430
234403798
47065013
74131107
76442085
293137206
303592624
16371289
349922005
83601374
124856315
188266000
155828514
211411397
615705720
353246951
607898141
420231595
140396997
358861641
19923144
185432585
39226965
154011677
485952577
410613987
550776893
376684891
365980653
362527726
362436700
270832533
395764548
18676369
34594141
256174503
590252418
229491146
31136468
110653420
591747057
187849228
175340408
563274841
296742598
369181681
581269425
86122538
368506745
208262514
136554374
338870380
551358632
553067256
340415002
548255761
458488606
210829826
158862196
288064458
39068098
554234822
475133998
271673784
492284874
548524727
285780785
84119999
471905084
340285669
17560096
530984449
56205430
519712203
357423530
309252714
72501834
293675739
189183100
495207677
490246601
122635997
42604222
153390303
365486053
485437510
175422184
460387566
443955745
84038392
129257445
52737082
281733586
377224418
457291544
456866007
352190716
123247936
192587282
385131940
236024899
247463533
283682667
174892575
239695315
266548467
372302960
236703922
284659003
234717800
315435576
361216370
393606304
317792025
82601739
236446477
328943384
108248843
312887285
59084925
216323453
381398482
186003132
216318817
259634943
363662011
309665238
254925368
258736897
106043289
273436246
317652920
210039566
136266226
266580539
202228814
161256663
169441579
283104483
319595252
329648678
227828733
55693892
164339077
316766201
147575234
312085980
293952885
62010879
281733337
165946670
253492079
200281463
238514054
