1405897886
3416609181
132029493
747702378
1947964855
995870677
219673629
976761196379541504
520009042
16016705
18033816
2458256605
409486555
19367319
2294733114
49836299
43704734
35547308
688583
3333055535
920666576344506368
780454154959523840
1661137190
18470455
352093320
26270971
241204643
31309603
191720017
14652182
15940523
2586506401
214396080
46769281
9051482
18812728
29287545
346353711
2932188923
78525538
844002284136742912
256881576
164536190
404322913
38034522
97630019
45656923
131497030
104384621
4438282517
26527634
867961908
750405289828978688
54244175
20058011
85601740
27225271
79899301
16016427
755317595356528640
136330011
45055696
755113
29450962
627618082
705456164
1307544762
4159930335
112870761
2910022539
274656902
3192188775
55324073
43974815
605987246
9591442
344831981
1686496525
1692184268
177264696
49622362
753298099997642752
105675946
2758345674
36972997
555453339
49805751
17354377
5920532
1726427034
130352142
18511475
38199364
19028953
20985527
14982804
34673627
70717194
182825727
34904675
274719785
49700935
168702033
2602243418
16371289
3131408711
117554234
55334133
813286
18148516
43677303
615434631
34760163
1101458575
1291770157
41530766
14416124
49753025
225960287
16455297
78943325
129821831
21228708
325076723
818876014390603776
1093090866
822215679726100480
1536791610
181572333
476040590
3306356683
39089406
3305764971
12133382
7212562
10933662
19110632
14363353
24016767
17219108
16031536
16365636
16211434
31360279
223892123
211554719
124455872
22536055
18309456
3231826785
13049362
25463212
1226031738
128990079
18278629
14939981
96829836
17169320
8320242
36743910
20068679
23561980
23831682
376358721
19669694
23995748
18029139
48890812
211958786
61830970
93963456
29417304
40684090
18367081
15084800
143812589
52245007
73716850
146875185
28886036
102375372
150907212
267364730
284161983
562254582
9629222
2890259419
608161678
41113773
23824321
155544257
352145373
958435057
17654886
1476339997
133835692
2147602035
247511278
14175375
17878322
16638685
1263494244
74646261
137460929
43713480
1336066850
759251
183301546
705895970
37110609
47500308
168681206
22023095
262084697
19185333
286391681
40980774
93318744
407371961
146895471
159939431
395296194
41239287
25541776
37522848
488730186
476385781
393833154
380945206
408032570
54304877
309653795
135243355
210724696
355604355
33966689
169591906
223371985
225878653
40789538
409724618
68818878
263325567
169333720
52217337
274798570
369510934
280062890
38927356
43716505
161668774
380628243
143863215
84667072
268144927
128970321
125471922
256608889
102378357
38943540
38459971
36485287
114354589
31584457
176576499
259595200
59189396
82256615
39546893
40719292
30160742
29893267
213162943
300294916
39610023
34136903
325826221
36486750
114975297
33735737
271787468
51301839
49235454
318860065
35783392
248671605
83292239
34540745
26108569
26949537
101782896
62560276
60917056
77036223
160411235
100635257
23012602
108038806
197411729
216451480
91791944
143687975
29584160
25539693
194082034
71494310
135970977
79785588
38621040
36853368
19317926
39682053
282116228
309311355
42752885
39633641
70823699
61570795
161097596
59501658
27681058
92751495
342441580
29395324
36464081
42766538
23537936
178834890
74628026
46843682
25066347
94255321
268737036
28203647
58052040
143963903
24490382
58397620
120641265
228252724
23459907
221604565
150106964
35666755
24571516
76539575
76331492
94861143
153247238
35961157
105589332
340096623
337705215
54780551
240213339
37932716
70872279
34740472
23867271
31591598
66145715
31713666
35884606
74385586
85821091
49782497
87714979
196672987
250970654
281789532
234935494
74032681
182203193
27462451
99368250
356596393
32725209
27590202
31638375
268932595
25072885
51597545
241114873
36697315
37823143
19519682
35770495
163684203
63298981
26916261
34048820
48809593
37250917
46794733
44289512
24674134
36867238
122540378
23357301
37610007
29171680
26641123
65169350
28640401
148950869
177321760
190212402
90026283
226791836
312314357
81152211
31813811
43562306
55357613
37974789
33585811
28165223
105056158
47146435
48910566
89855580
37146661
59533154
106819519
136621966
82936667
95803291
180160442
284354275
172019387
78967149
161137294
44238111
211539207
352268628
164179234
27695587
41855755
37523792
71477342
61933473
83311947
34530004
63314223
34078271
96049542
97801110
54784746
189619215
23709465
15991909
41235724
199358724
169019145
275993513
261400668
249360859
119390598
24244041
