748996450051174400
956153150611877888
939232711788523520
961736201366482944
3418002100
959134355506499585
949730131039391745
922445374081642496
926714027287379968
915931184336707584
920381227424780289
278098811
852188201343168512
101527054
869585430500577283
127807272
292929271
2509449269
808317440312668162
2343987871
22990670
810743642428043265
428662168
796393714293862401
24946533
401608813
2836851326
287977651
710203657720111106
27424905
1948468362
52237385
746721915931361280
747976685019074560
399193473
390409473
148991102
252178528
155072637
2469348990
4532564606
4440612057
2163483162
460474566
2350870711
2460845545
2641781176
22927935
107200053
534981998
3327488262
382903836
413365582
2936360491
2902523140
630437276
62371007
475271982
542876655
1637693251
58843958
278800624
2205536191
226588109
322822850
236649558
1140975884
439682813
33912971
26255885
189107456
442381256
