2243654107
72783659
915878402447388672
915215183039037440
1003281924377534464
418060999
85124669
3510436034
1651027262
3130866989
977567082425606145
856443312085106688
147605036
910503001
130258595
789955765666779136
924003595636355072
938047468780052480
962003731075264512
894684364625149952
963126875693436928
2324510357
95217106
29084747
2562333111
971482558935519232
226603314
472358924
749540265988354048
1003815175
3139512330
999639527437295618
707286812427993088
3253978786
884837907361443840
899396916882092034
504787964
930537180254162944
986218096582119425
988339534751465473
716988088
897197426422956032
450898870
901413282359250944
108958351
977505054084227073
2463089488
979506635629649920
489995654
55676741
248111082
3010552459
268293048
21358439
952324507926171648
3348996580
296647742
2859848610
864393269010104320
982419012544901120
982663406397227008
982583826869207040
982575992647573504
2225092939
1110712596
2372520262
971997002446684160
31009890
266094287
2721020333
949641050770980864
701643507342163968
712414995481493504
1459535551
893865796945952768
3274963387
19006148
1639933598
883628482126893056
969014333178073088
717126479868350466
27307548
910710625642393600
922496064221057026
968504121153159168
2418808274
962236019671228416
867386878126936064
101089877
907356627518586881
957172065731334144
2867097530
20132498
2818242018
956541476032348161
2971900551
2214620589
332680664
2560813218
387767802
883784579815010304
54961437
718719849158074369
2217624982
941672430132744194
276466859
19622458
816887625017622528
363332454
58248313
3302912409
902566975221760001
610841580
33345068
920942341447405568
929806971817091072
80032312
840927423055179777
178533201
631495725
248318956
213412177
4916784401
476215582
1550472188
569490127
584710383
759383150795579392
779153623947341825
2370627199
855611375128903680
733727550720053250
825235620
3099527987
711018813366652928
2592238828
23351387
3404873446
24711775
856510204086816768
877089973010411520
891146399152185344
851878169363795970
19991214
2338912157
149100981
4528696114
841799899712786432
1286389698
2291539680
2719520289
4078726096
2493862986
2203336505
631094836
11127272
3415393312
864485282900463617
2410335549
19238473
440340279
299870432
748768759490359297
710433071313625090
318066657
868058092713463808
576004334
2970072633
2430465663
883836541101125633
893507891239546880
3347008871
798847892
2863402252
887914846884442113
2524812222
889484837966548992
885894680487112704
2594902104
1348691166
609991829
766408604
2763939467
2722058043
886199212022665217
133787227
3428142447
848555805968347136
735094422614999040
1008612241
630213586
2168088625
872178510697201664
1077662822
34094623
2240796649
4152355331
210041478
873755266378027008
139183940
573161568
776166945351577601
1003623120
841948309879160832
2275883743
294898110
704403756
841017256125464576
1458319723
2380498973
765051498510286848
4901124689
220752103
3154788688
2870860025
3366159939
2998909614
858047348806754305
265621671
39800159
461686577
584131106
1114137182
108468246
800028747642601472
711321742321565697
958976618
334635978
851344067887845377
2281625809
2252646839
249066496
812390143189319681
14235151
1944190356
14813088
711549986
793919294312775680
23322858
827930283982909441
3806752275
22617605
82447390
1289738450
1410848528
407941641
1088254044
3884011637
120553544
3084950848
3592010423
235601143
799650517299367936
16821997
755084846783950848
137050253
792304846401597440
734324548288532480
787387380110065664
721764985916014593
2957342050
971013908
702934302900797440
789166536804081664
460868522
212866190
4876521208
733954698076692480
14131420
1225694418
587724304
327606602
391989572
4880652874
3860713822
448399077
177886931
2708274152
6380452
228136181
766880353256480768
946379743
193523204
283606657
166316359
435231817
3344588309
1866281762
754030997558136833
758365357283368961
752200391857668097
2950901829
600933253
2765926001
732715393102446592
19740651
700616133607444480
2264586743
1261073258
1273434642
44575392
4894015767
736736510972710912
736763638711779329
736769072017244160
736738674344353792
745996536253943808
4234326881
272175633
2360026100
1623145514
1666618308
737101812826660864
383419451
4864497489
4439934676
1643998038
54307107
206563211
2941676047
3662806880
426871605
54692870
2351825378
106823957
14579415
56058064
712360418136690690
39260028
4705372943
3415070254
328207317
21880523
1545561644
221901499
81645502
3881979081
702237250977931265
1571311998
2373442699
130841522
3313906461
313564388
2872998329
773462982
38244843
351105908
390411717
3089386573
4783915165
2789464834
2294872937
2281263114
4165280482
331246539
207215383
441240830
839575015
1901842123
500027288
2983891749
4758959363
118800696
18225578
171871118
65069313
225479464
438935367
3184420996
216125955
400935932
2282590975
1616213748
429230420
3057656343
4529989396
3384787731
488782001
1877270449
2641659063
231136185
304407549
179050496
3133127805
1470698532
561358334
281078098
130874318
19625983
57923876
46900014
3862648762
4026370993
405022806
40526468
2320679806
4038535281
37733139
2305779485
2967787504
422663411
3301742488
3783323956
344238606
1712033042
619241015
3835593255
3795244047
3611340436
1022995014
218551001
3436226872
3061464728
3433324379
3257167079
2184931012
574736340
325058071
21201707
1621337209
1664115324
2981361016
3286830907
527768327
349771073
295768797
2974622463
1130402533
27952062
2681887873
774504660
19439783
3071859179
253733372
1201971086
3346442956
311709404
1310191136
1516706480
459101524
3340162415
3170307304
448068698
50437061
20599216
951952537
3259963245
19853420
3150726282
3099834994
285061636
1871611782
2885999097
3077607447
893530711
475175523
2891026013
3145791243
2963881727
295620079
305178340
415510632
708386848
340374977
3005962947
3044263699
292454271
3007844229
57386596
532135503
3044761834
3077816080
709908655
1735741555
196642577
3123844833
221546126
2809316943
27634291
20248891
2971929593
464493072
287163004
546171543
3069559487
22618469
2730734152
221138225
198696765
902267162
313559732
287126048
279035264
634837543
357102288
2419463926
3006517581
102703425
404004539
590348060
3030599134
2802255087
2937246766
61997602
1764917688
1359854862
2748240700
3064823493
2319529807
826672340
3073180011
216136066
2209151465
3015318946
25614085
3052517565
2779215654
3063869625
2276343756
2261897304
1045817172
59887490
3032669085
2949582964
789720908
86057770
2259433356
470191356
874199474
964881768
2954996043
2275297716
1140360913
246961797
632302669
68959778
2332135842
2243880693
2821779061
292362525
26660626
462629830
20187474
41224024
1126811414
2519252075
2189126235
81856710
2863785583
1944101754
2253891286
290500428
1868299261
2856964701
2429423091
408683212
173781786
1564016660
2859624835
2767447305
377444465
2662540891
2544553500
1587535874
136221011
34964421
2711155282
279101421
2155630191
17666959
2212943983
189173225
2741949363
535683985
342428964
966698396
2305768821
165760670
1158344996
1625574306
54193038
158788294
107933448
17920735
2779362469
249270304
154253458
2365552187
2365681555
2316898189
2439126968
20685469
2278909457
2341457222
923629801
1425639540
481569290
213322810
57857491
2420630561
1499328624
18971503
249307376
114417191
271490805
52095134
1348788000
809070769
1365478135
917378982
249136107
71634268
1405752114
2286783797
2354806619
2226408296
290500580
451149186
66161278
551620478
818129604
1155276494
332810274
704696040
425718911
33475599
903891032
465314885
627026019
2339038103
868694784
791642174
228838614
2294001165
2297944104
2299197776
134804469
22067663
1734080894
26720163
484683797
311059449
906918020
46716398
495450248
759992616
606612516
612642770
31214970
611988180
605541598
55570242
589137810
411901090
389747314
277347811
166157966
287874398
216748604
