170517111
372720609
1968200005
860634384117846016
166044542
2574155052
754007480
282800806
3258978506
29889608
328337975
50860303
438610246
1135953494
60611079
27796499
2797037312
2569579128
3260756930
517181332
165128833
266852278
123749721
522897007
18363356
290802699
1258484468
1131739027
3183140197
567698109
250383844
839940661189083136
349236053
2936470242
2446386348
989701685806280704
381870205
4308533609
2752077088
235032029
1220420366
550426217
231771567
1520824009
714674839
3269311291
42468577
61144713
959875773271289858
726246047270445060
244727125
973780259832287233
291976145
725897344357519360
905957528432979968
848631515193987075
1244020940
25829221
1469816414
258526889
311633735
4562310434
403926823
969065133791002624
96127458
920528581184376833
987150812802637824
194991112
35231640
768939345654980608
284534560
103082998
893624946878009349
142062213
2319658416
350592548
2966520862
14803917
4914589414
422835900
2528916018
600835213
813535383321358336
959878126506459136
78381071
68206630
37489008
794361780256522249
541670824
106642098
959286302494531585
121850777
861719965266739202
46204428
335197590
2697249020
19752597
137599009
786425904310419456
16166397
341160053
737280898396086273
978060948
1224333524
4676338879
19725644
2271789025
63786286
2443462003
284049694
46469082
55677008
781683825302573056
66758174
352043133
2855480347
3324356706
196932429
4590622841
779111390627766272
3265828318
27785451
86263672
261808608
228294906
979417061087526912
211002550
2393946919
476634454
76085267
3409831509
47395667
106456932
486768486
2165802540
220208635
79733332
897954940433420289
162783211
84138760
2726854313
24742040
4902108044
726113677649137664
948782372710838272
918985730818560002
2236346090
44845813
2343929136
4478702358
52181976
813880209350897665
2472576397
704326854
277546050
1956923100
19173816
622959311
634188535
2995207581
2465020472
2986471820
777274499850829824
1020218550
2302015447
867045162274349057
132264119
95369136
8875312
837019298975608834
27698202
839988334155853824
292641837
2820699254
2493397169
2423124623
1497898532
2638613943
252297070
586129925
2821678335
2343750054
2669379510
2764467221
2858031649
2468121689
2861584110
2807735213
2515437133
610962136
1959833450
2720231796
2801917583
169160408
2544383041
1436322446
441382828
105123084
67948555
1099387814
757173062
2803862497
636680567
1257368311
2763429703
999588744
2433569168
726240991
2823799840
2820592241
1315296074
2825121601
2384303292
2867846336
2633424131
287288974
1932517170
398453682
431969107
2798823095
1421329268
2841687960
2807413200
2841561758
325815689
1687172808
2375646426
562330507
1150038342
2786541358
2834523552
274923276
1909716242
1314166940
1590980724
2725914210
2751124041
2621599499
1102699038
973051610
1877834882
385201584
325270556
433103947
316770267
17344200
1006926997
214762415
1355496710
2837446277
1469606540
425528043
811977014
2855709301
985400317
13709152
190741463
1457387971
73323926
78683943
439956519
16168121
2565227768
2660054960
80131438
1593350862
1553144700
990481483
2690546191
2228096574
1045249693
134292677
1719643969
1140341359
2658500658
38015711
2808165874
979725386
979725650
979716114
979715592
979725458
979716288
979732963
979732921
740115985
492975488
2216011385
1569837337
712462231
545960393
243333479
2348448723
783214
43403778
388472830
106246985
39922782
18655359
253765345
219616175
243259646
96554753
